  -4.671825621833e-02
  -4.671825621833e-02
   4.911676876807e-02
   4.911676876807e-02
  -4.665975110470e-02
  -4.665975110470e-02
   4.902487022134e-02
   4.902487022134e-02
  -4.661791653180e-02
  -4.661791653180e-02
   4.905227298893e-02
   4.905227298893e-02
  -4.679697793200e-02
  -4.679697793200e-02
   4.904916052260e-02
   4.904916052260e-02
  -4.673893178152e-02
  -4.673893178152e-02
   4.905753820074e-02
   4.905753820074e-02
  -4.677038992402e-02
  -4.677038992402e-02
   4.910595801335e-02
   4.910595801335e-02
  -4.678086369222e-02
  -4.678086369222e-02
   4.904739395424e-02
   4.904739395424e-02
  -4.668716801228e-02
  -4.668716801228e-02
   4.913197736702e-02
   4.913197736702e-02
  -4.676331735132e-02
  -4.676331735132e-02
   4.905491238664e-02
   4.905491238664e-02
  -4.669696384764e-02
  -4.669696384764e-02
   4.911549998409e-02
   4.911549998409e-02
  -4.678622391319e-02
  -4.678622391319e-02
   4.904944735657e-02
   4.904944735657e-02
  -4.684306542740e-02
  -4.684306542740e-02
   4.912711689585e-02
   4.912711689585e-02
  -4.677749345131e-02
  -4.677749345131e-02
   4.907334065083e-02
   4.907334065083e-02
  -4.669695764882e-02
  -4.669695764882e-02
   4.909014072733e-02
   4.909014072733e-02
  -4.670528300699e-02
  -4.670528300699e-02
   4.900527317475e-02
   4.900527317475e-02
  -4.670468066453e-02
  -4.670468066453e-02
   4.902653620477e-02
   4.902653620477e-02
  -4.690667825547e-02
  -4.690667825547e-02
   4.907376061534e-02
   4.907376061534e-02
  -4.677500068772e-02
  -4.677500068772e-02
   4.908243194014e-02
   4.908243194014e-02
