  -4.675194326725e-02
  -4.675194326725e-02
   4.911676876807e-02
   4.911676876807e-02
  -4.679185583359e-02
  -4.679185583359e-02
   4.902487022134e-02
   4.902487022134e-02
  -4.675437000287e-02
  -4.675437000287e-02
   4.914495128148e-02
   4.914495128148e-02
  -4.679697793200e-02
  -4.679697793200e-02
   4.900877912076e-02
   4.900877912076e-02
  -4.673893178152e-02
  -4.673893178152e-02
   4.905753820074e-02
   4.905753820074e-02
  -4.681515211528e-02
  -4.681515211528e-02
   4.906470787633e-02
   4.906470787633e-02
  -4.678086369222e-02
  -4.678086369222e-02
   4.903370968076e-02
   4.903370968076e-02
  -4.684474693314e-02
  -4.684474693314e-02
   4.917062117713e-02
   4.917062117713e-02
  -4.676331735132e-02
  -4.676331735132e-02
   4.905491238664e-02
   4.905491238664e-02
  -4.676487309166e-02
  -4.676487309166e-02
   4.911549998409e-02
   4.911549998409e-02
  -4.674322841238e-02
  -4.674322841238e-02
   4.904944735657e-02
   4.904944735657e-02
  -4.677126880606e-02
  -4.677126880606e-02
   4.905045810489e-02
   4.905045810489e-02
  -4.677749345131e-02
  -4.677749345131e-02
   4.909325155877e-02
   4.909325155877e-02
  -4.673015159289e-02
  -4.673015159289e-02
   4.909014072733e-02
   4.909014072733e-02
  -4.669367513430e-02
  -4.669367513430e-02
   4.911644343546e-02
   4.911644343546e-02
  -4.670468066453e-02
  -4.670468066453e-02
   4.913713882969e-02
   4.913713882969e-02
  -4.672004065882e-02
  -4.672004065882e-02
   4.910385490451e-02
   4.910385490451e-02
  -4.677500068772e-02
  -4.677500068772e-02
   4.908243194014e-02
   4.908243194014e-02
