  -4.674151850894e-02
  -4.674151850894e-02
   4.911676876807e-02
   4.911676876807e-02
  -4.682650187842e-02
  -4.682650187842e-02
   4.902487022134e-02
   4.902487022134e-02
  -4.675437000287e-02
  -4.675437000287e-02
   4.905227172431e-02
   4.905227172431e-02
  -4.679697793200e-02
  -4.679697793200e-02
   4.905379893846e-02
   4.905379893846e-02
  -4.673893178152e-02
  -4.673893178152e-02
   4.905753820074e-02
   4.905753820074e-02
  -4.676463126414e-02
  -4.676463126414e-02
   4.906470787633e-02
   4.906470787633e-02
  -4.678086369222e-02
  -4.678086369222e-02
   4.905818360782e-02
   4.905818360782e-02
  -4.684474693314e-02
  -4.684474693314e-02
   4.907420578562e-02
   4.907420578562e-02
  -4.676331735132e-02
  -4.676331735132e-02
   4.905491238664e-02
   4.905491238664e-02
  -4.678629939689e-02
  -4.678629939689e-02
   4.911549998409e-02
   4.911549998409e-02
  -4.667839890694e-02
  -4.667839890694e-02
   4.904944735657e-02
   4.904944735657e-02
  -4.677126880606e-02
  -4.677126880606e-02
   4.916744165646e-02
   4.916744165646e-02
  -4.677749345131e-02
  -4.677749345131e-02
   4.909325155877e-02
   4.909325155877e-02
  -4.674366499711e-02
  -4.674366499711e-02
   4.909014072733e-02
   4.909014072733e-02
  -4.674580314445e-02
  -4.674580314445e-02
   4.911644343546e-02
   4.911644343546e-02
  -4.670468066453e-02
  -4.670468066453e-02
   4.905902848577e-02
   4.905902848577e-02
  -4.672004065882e-02
  -4.672004065882e-02
   4.917070096132e-02
   4.917070096132e-02
  -4.677500068772e-02
  -4.677500068772e-02
   4.908243194014e-02
   4.908243194014e-02
