  -4.676078677027e-02
  -4.676078677027e-02
   4.911676876807e-02
   4.911676876807e-02
  -4.678515555506e-02
  -4.678515555506e-02
   4.902487022134e-02
   4.902487022134e-02
  -4.675437000287e-02
  -4.675437000287e-02
   4.913829068022e-02
   4.913829068022e-02
  -4.679697793200e-02
  -4.679697793200e-02
   4.898989733448e-02
   4.898989733448e-02
  -4.673893178152e-02
  -4.673893178152e-02
   4.905753820074e-02
   4.905753820074e-02
  -4.683132464639e-02
  -4.683132464639e-02
   4.906470787633e-02
   4.906470787633e-02
  -4.678086369222e-02
  -4.678086369222e-02
   4.904582689975e-02
   4.904582689975e-02
  -4.684474693314e-02
  -4.684474693314e-02
   4.918436107126e-02
   4.918436107126e-02
  -4.676331735132e-02
  -4.676331735132e-02
   4.905491238664e-02
   4.905491238664e-02
  -4.674855854363e-02
  -4.674855854363e-02
   4.911549998409e-02
   4.911549998409e-02
  -4.675082314694e-02
  -4.675082314694e-02
   4.904944735657e-02
   4.904944735657e-02
  -4.677126880606e-02
  -4.677126880606e-02
   4.904766174069e-02
   4.904766174069e-02
  -4.677749345131e-02
  -4.677749345131e-02
   4.909325155877e-02
   4.909325155877e-02
  -4.673014356114e-02
  -4.673014356114e-02
   4.909014072733e-02
   4.909014072733e-02
  -4.667907840308e-02
  -4.667907840308e-02
   4.911644343546e-02
   4.911644343546e-02
  -4.670468066453e-02
  -4.670468066453e-02
   4.913577413991e-02
   4.913577413991e-02
  -4.672004065882e-02
  -4.672004065882e-02
   4.910098230516e-02
   4.910098230516e-02
  -4.677500068772e-02
  -4.677500068772e-02
   4.908243194014e-02
   4.908243194014e-02
