  -4.683942105350e-02
  -4.683942105350e-02
   4.911676876807e-02
   4.911676876807e-02
  -4.675786882143e-02
  -4.675786882143e-02
   4.902487022134e-02
   4.902487022134e-02
  -4.675437000287e-02
  -4.675437000287e-02
   4.906561992152e-02
   4.906561992152e-02
  -4.679697793200e-02
  -4.679697793200e-02
   4.904195835569e-02
   4.904195835569e-02
  -4.673893178152e-02
  -4.673893178152e-02
   4.905753820074e-02
   4.905753820074e-02
  -4.688061482348e-02
  -4.688061482348e-02
   4.906470787633e-02
   4.906470787633e-02
  -4.678086369222e-02
  -4.678086369222e-02
   4.905610029132e-02
   4.905610029132e-02
  -4.684474693314e-02
  -4.684474693314e-02
   4.909626686204e-02
   4.909626686204e-02
  -4.676331735132e-02
  -4.676331735132e-02
   4.905491238664e-02
   4.905491238664e-02
  -4.669763027734e-02
  -4.669763027734e-02
   4.911549998409e-02
   4.911549998409e-02
  -4.673498744891e-02
  -4.673498744891e-02
   4.904944735657e-02
   4.904944735657e-02
  -4.677126880606e-02
  -4.677126880606e-02
   4.914925267211e-02
   4.914925267211e-02
  -4.677749345131e-02
  -4.677749345131e-02
   4.909325155877e-02
   4.909325155877e-02
  -4.677119142335e-02
  -4.677119142335e-02
   4.909014072733e-02
   4.909014072733e-02
  -4.664445367933e-02
  -4.664445367933e-02
   4.911644343546e-02
   4.911644343546e-02
  -4.670468066453e-02
  -4.670468066453e-02
   4.906418687951e-02
   4.906418687951e-02
  -4.672004065882e-02
  -4.672004065882e-02
   4.915503643725e-02
   4.915503643725e-02
  -4.677500068772e-02
  -4.677500068772e-02
   4.908243194014e-02
   4.908243194014e-02
