  -4.669317501016e-02
  -4.669317501016e-02
   4.911676876807e-02
   4.911676876807e-02
  -4.665975110470e-02
  -4.665975110470e-02
   4.902487022134e-02
   4.902487022134e-02
  -4.668916224180e-02
  -4.668916224180e-02
   4.905227298893e-02
   4.905227298893e-02
  -4.679697793200e-02
  -4.679697793200e-02
   4.904736159840e-02
   4.904736159840e-02
  -4.673893178152e-02
  -4.673893178152e-02
   4.905753820074e-02
   4.905753820074e-02
  -4.677038992402e-02
  -4.677038992402e-02
   4.915115669139e-02
   4.915115669139e-02
  -4.678086369222e-02
  -4.678086369222e-02
   4.904739395424e-02
   4.904739395424e-02
  -4.659261649150e-02
  -4.659261649150e-02
   4.913197736702e-02
   4.913197736702e-02
  -4.676331735132e-02
  -4.676331735132e-02
   4.905491238664e-02
   4.905491238664e-02
  -4.686748071061e-02
  -4.686748071061e-02
   4.911549998409e-02
   4.911549998409e-02
  -4.678622391319e-02
  -4.678622391319e-02
   4.904944735657e-02
   4.904944735657e-02
  -4.696836784909e-02
  -4.696836784909e-02
   4.912711689585e-02
   4.912711689585e-02
  -4.677749345131e-02
  -4.677749345131e-02
   4.902091743573e-02
   4.902091743573e-02
  -4.669695764882e-02
  -4.669695764882e-02
   4.909014072733e-02
   4.909014072733e-02
  -4.670528300699e-02
  -4.670528300699e-02
   4.900048850878e-02
   4.900048850878e-02
  -4.670468066453e-02
  -4.670468066453e-02
   4.902653620477e-02
   4.902653620477e-02
  -4.665706625627e-02
  -4.665706625627e-02
   4.907376061534e-02
   4.907376061534e-02
  -4.677500068772e-02
  -4.677500068772e-02
   4.908243194014e-02
   4.908243194014e-02
