  -4.640986920264e-02
  -4.640986920264e-02
   4.929813404223e-02
   4.929813404223e-02
  -4.631490713318e-02
  -4.631490713318e-02
   4.883864130860e-02
   4.883864130860e-02
  -4.600121166957e-02
  -4.600121166957e-02
   4.897565514653e-02
   4.897565514653e-02
  -4.700104126969e-02
  -4.700104126969e-02
   4.896425788345e-02
   4.896425788345e-02
  -4.671081051732e-02
  -4.671081051732e-02
   4.900198120561e-02
   4.900198120561e-02
  -4.686810122982e-02
  -4.686810122982e-02
   4.923540100485e-02
   4.923540100485e-02
  -4.692047007080e-02
  -4.692047007080e-02
   4.895125997307e-02
   4.895125997307e-02
  -4.658459619340e-02
  -4.658459619340e-02
   4.937417703697e-02
   4.937417703697e-02
  -4.683273836632e-02
  -4.683273836632e-02
   4.898885213509e-02
   4.898885213509e-02
  -4.670116748466e-02
  -4.670116748466e-02
   4.929179012234e-02
   4.929179012234e-02
  -4.694727117565e-02
  -4.694727117565e-02
   4.896152698474e-02
   4.896152698474e-02
  -4.732232202934e-02
  -4.732232202934e-02
   4.934987468115e-02
   4.934987468115e-02
  -4.690361886627e-02
  -4.690361886627e-02
   4.909714296997e-02
   4.909714296997e-02
  -4.650093985380e-02
  -4.650093985380e-02
   4.916499383854e-02
   4.916499383854e-02
  -4.654256664465e-02
  -4.654256664465e-02
   4.874272174127e-02
   4.874272174127e-02
  -4.653955493237e-02
  -4.653955493237e-02
   4.884697122572e-02
   4.884697122572e-02
  -4.745010227423e-02
  -4.745010227423e-02
   4.908309327860e-02
   4.908309327860e-02
  -4.689115504828e-02
  -4.689115504828e-02
   4.912644990257e-02
   4.912644990257e-02
