  -4.668784138687e-02
  -4.668784138687e-02
   4.929813404223e-02
   4.929813404223e-02
  -4.701368565482e-02
  -4.701368565482e-02
   4.883864130860e-02
   4.883864130860e-02
  -4.678800162405e-02
  -4.678800162405e-02
   4.927087093551e-02
   4.927087093551e-02
  -4.700104126969e-02
  -4.700104126969e-02
   4.861472067294e-02
   4.861472067294e-02
  -4.671081051732e-02
  -4.671081051732e-02
   4.900198120561e-02
   4.900198120561e-02
  -4.704454445419e-02
  -4.704454445419e-02
   4.903782958353e-02
   4.903782958353e-02
  -4.692047007080e-02
  -4.692047007080e-02
   4.907521111760e-02
   4.907521111760e-02
  -4.723988627538e-02
  -4.723988627538e-02
   4.954781813398e-02
   4.954781813398e-02
  -4.683273836632e-02
  -4.683273836632e-02
   4.898885213509e-02
   4.898885213509e-02
  -4.688969421055e-02
  -4.688969421055e-02
   4.929179012234e-02
   4.929179012234e-02
  -4.678257392358e-02
  -4.678257392358e-02
   4.896152698474e-02
   4.896152698474e-02
  -4.687249564001e-02
  -4.687249564001e-02
   4.910572730007e-02
   4.910572730007e-02
  -4.690361886627e-02
  -4.690361886627e-02
   4.918054799575e-02
   4.918054799575e-02
  -4.655391586966e-02
  -4.655391586966e-02
   4.916499383854e-02
   4.916499383854e-02
  -4.654193153648e-02
  -4.654193153648e-02
   4.929650737919e-02
   4.929650737919e-02
  -4.653955493237e-02
  -4.653955493237e-02
   4.929046114662e-02
   4.929046114662e-02
  -4.661635490380e-02
  -4.661635490380e-02
   4.927788447633e-02
   4.927788447633e-02
  -4.689115504828e-02
  -4.689115504828e-02
   4.912644990257e-02
   4.912644990257e-02
