  -4.404107608653e-02
  -4.404107608653e-02
   4.929813404223e-02
   4.929813404223e-02
  -4.892789419325e-02
  -4.892789419325e-02
   4.883864130860e-02
   4.883864130860e-02
  -4.678800162405e-02
  -4.678800162405e-02
   4.554940889084e-02
   4.554940889084e-02
  -4.700104126969e-02
  -4.700104126969e-02
   4.813601887472e-02
   4.813601887472e-02
  -4.671081051732e-02
  -4.671081051732e-02
   4.900198120561e-02
   4.900198120561e-02
  -4.369864068113e-02
  -4.369864068113e-02
   4.903782958353e-02
   4.903782958353e-02
  -4.692047007080e-02
  -4.692047007080e-02
   5.191499952544e-02
   5.191499952544e-02
  -4.723988627538e-02
  -4.723988627538e-02
   4.716538946206e-02
   4.716538946206e-02
  -4.683273836632e-02
  -4.683273836632e-02
   4.898885213509e-02
   4.898885213509e-02
  -4.934768543318e-02
  -4.934768543318e-02
   4.929179012234e-02
   4.929179012234e-02
  -4.443211786809e-02
  -4.443211786809e-02
   4.896152698474e-02
   4.896152698474e-02
  -4.687249564001e-02
  -4.687249564001e-02
   5.340736381220e-02
   5.340736381220e-02
  -4.690361886627e-02
  -4.690361886627e-02
   4.918054799575e-02
   4.918054799575e-02
  -4.604679826950e-02
  -4.604679826950e-02
   4.916499383854e-02
   4.916499383854e-02
  -5.031021820262e-02
  -5.031021820262e-02
   4.929650737919e-02
   4.929650737919e-02
  -4.653955493237e-02
  -4.653955493237e-02
   4.633083106664e-02
   4.633083106664e-02
  -4.661635490380e-02
  -4.661635490380e-02
   5.171085416980e-02
   5.171085416980e-02
  -4.689115504828e-02
  -4.689115504828e-02
   4.912644990257e-02
   4.912644990257e-02
