  -4.691527133138e-02
  -4.691527133138e-02
   4.929813404223e-02
   4.929813404223e-02
  -4.678917154139e-02
  -4.678917154139e-02
   4.883864130860e-02
   4.883864130860e-02
  -4.678800162405e-02
  -4.678800162405e-02
   4.910836984561e-02
   4.910836984561e-02
  -4.700104126969e-02
  -4.700104126969e-02
   4.860686026595e-02
   4.860686026595e-02
  -4.671081051732e-02
  -4.671081051732e-02
   4.900198120561e-02
   4.900198120561e-02
  -4.739089359470e-02
  -4.739089359470e-02
   4.903782958353e-02
   4.903782958353e-02
  -4.692047007080e-02
  -4.692047007080e-02
   4.920019292243e-02
   4.920019292243e-02
  -4.723988627538e-02
  -4.723988627538e-02
   4.944735174624e-02
   4.944735174624e-02
  -4.683273836632e-02
  -4.683273836632e-02
   4.898885213509e-02
   4.898885213509e-02
  -4.668368148470e-02
  -4.668368148470e-02
   4.929179012234e-02
   4.929179012234e-02
  -4.706888131288e-02
  -4.706888131288e-02
   4.896152698474e-02
   4.896152698474e-02
  -4.687249564001e-02
  -4.687249564001e-02
   4.925649205381e-02
   4.925649205381e-02
  -4.690361886627e-02
  -4.690361886627e-02
   4.918054799575e-02
   4.918054799575e-02
  -4.650600280934e-02
  -4.650600280934e-02
   4.916499383854e-02
   4.916499383854e-02
  -4.616646675685e-02
  -4.616646675685e-02
   4.929650737919e-02
   4.929650737919e-02
  -4.653955493237e-02
  -4.653955493237e-02
   4.920021450094e-02
   4.920021450094e-02
  -4.661635490380e-02
  -4.661635490380e-02
   4.936730485113e-02
   4.936730485113e-02
  -4.689115504828e-02
  -4.689115504828e-02
   4.912644990257e-02
   4.912644990257e-02
