  -4.686361877903e-02
  -4.686361877903e-02
   4.929813404223e-02
   4.929813404223e-02
  -4.685887844180e-02
  -4.685887844180e-02
   4.883864130860e-02
   4.883864130860e-02
  -4.678800162405e-02
  -4.678800162405e-02
   4.907132000179e-02
   4.907132000179e-02
  -4.700104126969e-02
  -4.700104126969e-02
   4.863915685105e-02
   4.863915685105e-02
  -4.671081051732e-02
  -4.671081051732e-02
   4.900198120561e-02
   4.900198120561e-02
  -4.727768776169e-02
  -4.727768776169e-02
   4.903782958353e-02
   4.903782958353e-02
  -4.692047007080e-02
  -4.692047007080e-02
   4.919887252255e-02
   4.919887252255e-02
  -4.723988627538e-02
  -4.723988627538e-02
   4.940805972908e-02
   4.940805972908e-02
  -4.683273836632e-02
  -4.683273836632e-02
   4.898885213509e-02
   4.898885213509e-02
  -4.673293624834e-02
  -4.673293624834e-02
   4.929179012234e-02
   4.929179012234e-02
  -4.693882940923e-02
  -4.693882940923e-02
   4.896152698474e-02
   4.896152698474e-02
  -4.687249564001e-02
  -4.687249564001e-02
   4.929842816271e-02
   4.929842816271e-02
  -4.690361886627e-02
  -4.690361886627e-02
   4.918054799575e-02
   4.918054799575e-02
  -4.656843132650e-02
  -4.656843132650e-02
   4.916499383854e-02
   4.916499383854e-02
  -4.628685457594e-02
  -4.628685457594e-02
   4.929650737919e-02
   4.929650737919e-02
  -4.653955493237e-02
  -4.653955493237e-02
   4.917045793190e-02
   4.917045793190e-02
  -4.661635490380e-02
  -4.661635490380e-02
   4.941123034412e-02
   4.941123034412e-02
  -4.689115504828e-02
  -4.689115504828e-02
   4.912644990257e-02
   4.912644990257e-02
