  -4.692158926865e-02
  -4.692158926865e-02
   4.929813404223e-02
   4.929813404223e-02
  -4.631490713318e-02
  -4.631490713318e-02
   4.883864130860e-02
   4.883864130860e-02
  -4.653621402341e-02
  -4.653621402341e-02
   4.897565514653e-02
   4.897565514653e-02
  -4.700104126969e-02
  -4.700104126969e-02
   4.878871769889e-02
   4.878871769889e-02
  -4.671081051732e-02
  -4.671081051732e-02
   4.900198120561e-02
   4.900198120561e-02
  -4.686810122982e-02
  -4.686810122982e-02
   4.931494862763e-02
   4.931494862763e-02
  -4.692047007080e-02
  -4.692047007080e-02
   4.895125997307e-02
   4.895125997307e-02
  -4.555242354892e-02
  -4.555242354892e-02
   4.937417703697e-02
   4.937417703697e-02
  -4.683273836632e-02
  -4.683273836632e-02
   4.898885213509e-02
   4.898885213509e-02
  -4.685896809003e-02
  -4.685896809003e-02
   4.929179012234e-02
   4.929179012234e-02
  -4.694727117565e-02
  -4.694727117565e-02
   4.896152698474e-02
   4.896152698474e-02
  -4.763467064045e-02
  -4.763467064045e-02
   4.934987468115e-02
   4.934987468115e-02
  -4.690361886627e-02
  -4.690361886627e-02
   4.885663541003e-02
   4.885663541003e-02
  -4.650093985380e-02
  -4.650093985380e-02
   4.916499383854e-02
   4.916499383854e-02
  -4.654256664465e-02
  -4.654256664465e-02
   4.875531573048e-02
   4.875531573048e-02
  -4.653955493237e-02
  -4.653955493237e-02
   4.884697122572e-02
   4.884697122572e-02
  -4.658580158513e-02
  -4.658580158513e-02
   4.908309327860e-02
   4.908309327860e-02
  -4.689115504828e-02
  -4.689115504828e-02
   4.912644990257e-02
   4.912644990257e-02
