  -4.693062485987e-02
  -4.693062485987e-02
   4.929813404223e-02
   4.929813404223e-02
  -4.631490713318e-02
  -4.631490713318e-02
   4.883864130860e-02
   4.883864130860e-02
  -4.663431148200e-02
  -4.663431148200e-02
   4.897565514653e-02
   4.897565514653e-02
  -4.700104126969e-02
  -4.700104126969e-02
   4.876456546917e-02
   4.876456546917e-02
  -4.671081051732e-02
  -4.671081051732e-02
   4.900198120561e-02
   4.900198120561e-02
  -4.686810122982e-02
  -4.686810122982e-02
   4.933075833379e-02
   4.933075833379e-02
  -4.692047007080e-02
  -4.692047007080e-02
   4.895125997307e-02
   4.895125997307e-02
  -4.543519652914e-02
  -4.543519652914e-02
   4.937417703697e-02
   4.937417703697e-02
  -4.683273836632e-02
  -4.683273836632e-02
   4.898885213509e-02
   4.898885213509e-02
  -4.684052078810e-02
  -4.684052078810e-02
   4.929179012234e-02
   4.929179012234e-02
  -4.694727117565e-02
  -4.694727117565e-02
   4.896152698474e-02
   4.896152698474e-02
  -4.772937195369e-02
  -4.772937195369e-02
   4.934987468115e-02
   4.934987468115e-02
  -4.690361886627e-02
  -4.690361886627e-02
   4.883474839809e-02
   4.883474839809e-02
  -4.650093985380e-02
  -4.650093985380e-02
   4.916499383854e-02
   4.916499383854e-02
  -4.654256664465e-02
  -4.654256664465e-02
   4.877639056624e-02
   4.877639056624e-02
  -4.653955493237e-02
  -4.653955493237e-02
   4.884697122572e-02
   4.884697122572e-02
  -4.648885842506e-02
  -4.648885842506e-02
   4.908309327860e-02
   4.908309327860e-02
  -4.689115504828e-02
  -4.689115504828e-02
   4.912644990257e-02
   4.912644990257e-02
