  -4.742848874753e-02
  -4.742848874753e-02
   4.929813404223e-02
   4.929813404223e-02
  -4.631490713318e-02
  -4.631490713318e-02
   4.883864130860e-02
   4.883864130860e-02
  -4.678498459305e-02
  -4.678498459305e-02
   4.897565514653e-02
   4.897565514653e-02
  -4.700104126969e-02
  -4.700104126969e-02
   4.870462470816e-02
   4.870462470816e-02
  -4.671081051732e-02
  -4.671081051732e-02
   4.900198120561e-02
   4.900198120561e-02
  -4.686810122982e-02
  -4.686810122982e-02
   4.925296319508e-02
   4.925296319508e-02
  -4.692047007080e-02
  -4.692047007080e-02
   4.895125997307e-02
   4.895125997307e-02
  -4.516252420471e-02
  -4.516252420471e-02
   4.937417703697e-02
   4.937417703697e-02
  -4.683273836632e-02
  -4.683273836632e-02
   4.898885213509e-02
   4.898885213509e-02
  -4.634083347373e-02
  -4.634083347373e-02
   4.929179012234e-02
   4.929179012234e-02
  -4.694727117565e-02
  -4.694727117565e-02
   4.896152698474e-02
   4.896152698474e-02
  -4.745093594489e-02
  -4.745093594489e-02
   4.934987468115e-02
   4.934987468115e-02
  -4.690361886627e-02
  -4.690361886627e-02
   4.892396595863e-02
   4.892396595863e-02
  -4.650093985380e-02
  -4.650093985380e-02
   4.916499383854e-02
   4.916499383854e-02
  -4.654256664465e-02
  -4.654256664465e-02
   4.882277816926e-02
   4.882277816926e-02
  -4.653955493237e-02
  -4.653955493237e-02
   4.884697122572e-02
   4.884697122572e-02
  -4.689085275645e-02
  -4.689085275645e-02
   4.908309327860e-02
   4.908309327860e-02
  -4.689115504828e-02
  -4.689115504828e-02
   4.912644990257e-02
   4.912644990257e-02
