  -4.578739193953e-02
  -4.578739193953e-02
   4.929813404223e-02
   4.929813404223e-02
  -4.601911807800e-02
  -4.601911807800e-02
   4.883864130860e-02
   4.883864130860e-02
  -4.678800162405e-02
  -4.678800162405e-02
   5.053594311440e-02
   5.053594311440e-02
  -4.700104126969e-02
  -4.700104126969e-02
   4.882864983288e-02
   4.882864983288e-02
  -4.671081051732e-02
  -4.671081051732e-02
   4.900198120561e-02
   4.900198120561e-02
  -4.816902834439e-02
  -4.816902834439e-02
   4.903782958353e-02
   4.903782958353e-02
  -4.692047007080e-02
  -4.692047007080e-02
   4.827190826338e-02
   4.827190826338e-02
  -4.723988627538e-02
  -4.723988627538e-02
   4.833338629669e-02
   4.833338629669e-02
  -4.683273836632e-02
  -4.683273836632e-02
   4.898885213509e-02
   4.898885213509e-02
  -4.650435961864e-02
  -4.650435961864e-02
   4.929179012234e-02
   4.929179012234e-02
  -4.585727219786e-02
  -4.585727219786e-02
   4.896152698474e-02
   4.896152698474e-02
  -4.687249564001e-02
  -4.687249564001e-02
   5.058219299562e-02
   5.058219299562e-02
  -4.690361886627e-02
  -4.690361886627e-02
   4.918054799575e-02
   4.918054799575e-02
  -4.619600826533e-02
  -4.619600826533e-02
   4.916499383854e-02
   4.916499383854e-02
  -4.796553378540e-02
  -4.796553378540e-02
   4.929650737919e-02
   4.929650737919e-02
  -4.653955493237e-02
  -4.653955493237e-02
   4.849388615925e-02
   4.849388615925e-02
  -4.661635490380e-02
  -4.661635490380e-02
   4.844747180139e-02
   4.844747180139e-02
  -4.689115504828e-02
  -4.689115504828e-02
   4.912644990257e-02
   4.912644990257e-02
