  -4.633649902676e-02
  -4.633649902676e-02
   4.929813404223e-02
   4.929813404223e-02
  -4.643954948027e-02
  -4.643954948027e-02
   4.883864130860e-02
   4.883864130860e-02
  -4.678800162405e-02
  -4.678800162405e-02
   4.964389065113e-02
   4.964389065113e-02
  -4.700104126969e-02
  -4.700104126969e-02
   4.881577710561e-02
   4.881577710561e-02
  -4.671081051732e-02
  -4.671081051732e-02
   4.900198120561e-02
   4.900198120561e-02
  -4.748049443791e-02
  -4.748049443791e-02
   4.903782958353e-02
   4.903782958353e-02
  -4.692047007080e-02
  -4.692047007080e-02
   4.873658339542e-02
   4.873658339542e-02
  -4.723988627538e-02
  -4.723988627538e-02
   4.903855766695e-02
   4.903855766695e-02
  -4.683273836632e-02
  -4.683273836632e-02
   4.898885213509e-02
   4.898885213509e-02
  -4.703911735176e-02
  -4.703911735176e-02
   4.929179012234e-02
   4.929179012234e-02
  -4.616602664964e-02
  -4.616602664964e-02
   4.896152698474e-02
   4.896152698474e-02
  -4.687249564001e-02
  -4.687249564001e-02
   4.964374904507e-02
   4.964374904507e-02
  -4.690361886627e-02
  -4.690361886627e-02
   4.918054799575e-02
   4.918054799575e-02
  -4.621399236892e-02
  -4.621399236892e-02
   4.916499383854e-02
   4.916499383854e-02
  -4.735498896275e-02
  -4.735498896275e-02
   4.929650737919e-02
   4.929650737919e-02
  -4.653955493237e-02
  -4.653955493237e-02
   4.897464495410e-02
   4.897464495410e-02
  -4.661635490380e-02
  -4.661635490380e-02
   4.904263294616e-02
   4.904263294616e-02
  -4.689115504828e-02
  -4.689115504828e-02
   4.912644990257e-02
   4.912644990257e-02
