  -4.580722744810e-02
  -4.580722744810e-02
   4.929813404223e-02
   4.929813404223e-02
  -4.602485816765e-02
  -4.602485816765e-02
   4.883864130860e-02
   4.883864130860e-02
  -4.678800162405e-02
  -4.678800162405e-02
   5.056768189180e-02
   5.056768189180e-02
  -4.700104126969e-02
  -4.700104126969e-02
   4.883516142513e-02
   4.883516142513e-02
  -4.671081051732e-02
  -4.671081051732e-02
   4.900198120561e-02
   4.900198120561e-02
  -4.814493098372e-02
  -4.814493098372e-02
   4.903782958353e-02
   4.903782958353e-02
  -4.692047007080e-02
  -4.692047007080e-02
   4.824951667011e-02
   4.824951667011e-02
  -4.723988627538e-02
  -4.723988627538e-02
   4.830872001794e-02
   4.830872001794e-02
  -4.683273836632e-02
  -4.683273836632e-02
   4.898885213509e-02
   4.898885213509e-02
  -4.653640580807e-02
  -4.653640580807e-02
   4.929179012234e-02
   4.929179012234e-02
  -4.586770352539e-02
  -4.586770352539e-02
   4.896152698474e-02
   4.896152698474e-02
  -4.687249564001e-02
  -4.687249564001e-02
   5.061337475192e-02
   5.061337475192e-02
  -4.690361886627e-02
  -4.690361886627e-02
   4.918054799575e-02
   4.918054799575e-02
  -4.617879302354e-02
  -4.617879302354e-02
   4.916499383854e-02
   4.916499383854e-02
  -4.794235104264e-02
  -4.794235104264e-02
   4.929650737919e-02
   4.929650737919e-02
  -4.653955493237e-02
  -4.653955493237e-02
   4.847935831164e-02
   4.847935831164e-02
  -4.661635490380e-02
  -4.661635490380e-02
   4.842803151548e-02
   4.842803151548e-02
  -4.689115504828e-02
  -4.689115504828e-02
   4.912644990257e-02
   4.912644990257e-02
