  -4.645890607790e-02
  -4.645890607790e-02
   4.929813404223e-02
   4.929813404223e-02
  -4.648520653151e-02
  -4.648520653151e-02
   4.883864130860e-02
   4.883864130860e-02
  -4.678800162405e-02
  -4.678800162405e-02
   4.979671941384e-02
   4.979671941384e-02
  -4.700104126969e-02
  -4.700104126969e-02
   4.888382293001e-02
   4.888382293001e-02
  -4.671081051732e-02
  -4.671081051732e-02
   4.900198120561e-02
   4.900198120561e-02
  -4.734298210582e-02
  -4.734298210582e-02
   4.903782958353e-02
   4.903782958353e-02
  -4.692047007080e-02
  -4.692047007080e-02
   4.864033165393e-02
   4.864033165393e-02
  -4.723988627538e-02
  -4.723988627538e-02
   4.885717542106e-02
   4.885717542106e-02
  -4.683273836632e-02
  -4.683273836632e-02
   4.898885213509e-02
   4.898885213509e-02
  -4.719409086670e-02
  -4.719409086670e-02
   4.929179012234e-02
   4.929179012234e-02
  -4.628286597124e-02
  -4.628286597124e-02
   4.896152698474e-02
   4.896152698474e-02
  -4.687249564001e-02
  -4.687249564001e-02
   4.983563978817e-02
   4.983563978817e-02
  -4.690361886627e-02
  -4.690361886627e-02
   4.918054799575e-02
   4.918054799575e-02
  -4.612759818492e-02
  -4.612759818492e-02
   4.916499383854e-02
   4.916499383854e-02
  -4.716712744581e-02
  -4.716712744581e-02
   4.929650737919e-02
   4.929650737919e-02
  -4.653955493237e-02
  -4.653955493237e-02
   4.890539809502e-02
   4.890539809502e-02
  -4.661635490380e-02
  -4.661635490380e-02
   4.894988836647e-02
   4.894988836647e-02
  -4.689115504828e-02
  -4.689115504828e-02
   4.912644990257e-02
   4.912644990257e-02
