  -4.663399398765e-02
  -4.663399398765e-02
   4.929813404223e-02
   4.929813404223e-02
  -4.667744422589e-02
  -4.667744422589e-02
   4.883864130860e-02
   4.883864130860e-02
  -4.678800162405e-02
  -4.678800162405e-02
   4.953381671386e-02
   4.953381671386e-02
  -4.700104126969e-02
  -4.700104126969e-02
   4.886418269672e-02
   4.886418269672e-02
  -4.671081051732e-02
  -4.671081051732e-02
   4.900198120561e-02
   4.900198120561e-02
  -4.705527450038e-02
  -4.705527450038e-02
   4.903782958353e-02
   4.903782958353e-02
  -4.692047007080e-02
  -4.692047007080e-02
   4.880352042839e-02
   4.880352042839e-02
  -4.723988627538e-02
  -4.723988627538e-02
   4.907469043456e-02
   4.907469043456e-02
  -4.683273836632e-02
  -4.683273836632e-02
   4.898885213509e-02
   4.898885213509e-02
  -4.736309161727e-02
  -4.736309161727e-02
   4.929179012234e-02
   4.929179012234e-02
  -4.643008556376e-02
  -4.643008556376e-02
   4.896152698474e-02
   4.896152698474e-02
  -4.687249564001e-02
  -4.687249564001e-02
   4.955218990899e-02
   4.955218990899e-02
  -4.690361886627e-02
  -4.690361886627e-02
   4.918054799575e-02
   4.918054799575e-02
  -4.614518879290e-02
  -4.614518879290e-02
   4.916499383854e-02
   4.916499383854e-02
  -4.691454650189e-02
  -4.691454650189e-02
   4.929650737919e-02
   4.929650737919e-02
  -4.653955493237e-02
  -4.653955493237e-02
   4.906571074270e-02
   4.906571074270e-02
  -4.661635490380e-02
  -4.661635490380e-02
   4.911854047348e-02
   4.911854047348e-02
  -4.689115504828e-02
  -4.689115504828e-02
   4.912644990257e-02
   4.912644990257e-02
