#case epsx epsz N0 N_particle N_TURN N_INJTURN APx APz Q0 Q1 TBT_OUT RAW_OUT SBL_OUT EBE_OUT DNU_OUT ENV_OUT 
k1_1 1e-6 1e-6 1.0e+8 5000 2000 30 0.05 0.05 Q0.in Q1.in  1 0 0 0 1 1 
k2_1 1e-6 1e-6 6.0e+8 5000 2000 30 0.05 0.05 Q0.in Q1.in  1 0 0 0 1 1 
k3_1 1e-6 1e-6 1.0e+9 5000 2000 30 0.05 0.05 Q0.in Q1.in  1 0 0 0 1 1 
k4_1 1e-6 1e-6 2.0e+9 5000 2000 30 0.05 0.05 Q0.in Q1.in  1 0 0 0 1 1 
k1_5 1e-6 1e-6 1.0e+8 5000 2000 30 0.05 0.05 Q0.in Q5.in  1 0 0 0 1 1 
k2_5 1e-6 1e-6 6.0e+8 5000 2000 30 0.05 0.05 Q0.in Q5.in  1 0 0 0 1 1 
k3_5 1e-6 1e-6 1.0e+9 5000 2000 30 0.05 0.05 Q0.in Q5.in  1 0 0 0 1 1 
k4_5 1e-6 1e-6 2.0e+9 5000 2000 30 0.05 0.05 Q0.in Q5.in  1 0 0 0 1 1 
k1_a1 1e-6 1e-6 1.0e+8 5000 2000 30 0.05 0.05 Q0.in data/Q2_a1.dat 1 0 0 0 1 1 
k1_a2 1e-6 1e-6 1.0e+8 5000 2000 30 0.05 0.05 Q0.in data/Q2_a2.dat 1 0 0 0 1 1 
k1_a3 1e-6 1e-6 1.0e+8 5000 2000 30 0.05 0.05 Q0.in data/Q2_a3.dat 1 0 0 0 1 1 
k1_a4 1e-6 1e-6 1.0e+8 5000 2000 30 0.05 0.05 Q0.in data/Q2_a4.dat 1 0 0 0 1 1 
k1_a5 1e-6 1e-6 1.0e+8 5000 2000 30 0.05 0.05 Q0.in data/Q2_a5.dat 1 0 0 0 1 1 
k1_a6 1e-6 1e-6 1.0e+8 5000 2000 30 0.05 0.05 Q0.in data/Q2_a6.dat 1 0 0 0 1 1 
k1_a6 1e-6 1e-6 1.0e+8 5000 2000 30 0.05 0.05 Q0.in data/Q2_a6.dat 1 0 0 0 1 1 
k1_b1 1e-6 1e-6 1.0e+8 5000 2000 30 0.05 0.05 Q0.in data/Q2_b1.dat 1 0 0 0 1 1 
k1_b2 1e-6 1e-6 1.0e+8 5000 2000 30 0.05 0.05 Q0.in data/Q2_b2.dat 1 0 0 0 1 1 
k1_b3 1e-6 1e-6 1.0e+8 5000 2000 30 0.05 0.05 Q0.in data/Q2_b3.dat 1 0 0 0 1 1 
k1_b4 1e-6 1e-6 1.0e+8 5000 2000 30 0.05 0.05 Q0.in data/Q2_b4.dat 1 0 0 0 1 1 
k1_b5 1e-6 1e-6 1.0e+8 5000 2000 30 0.05 0.05 Q0.in data/Q2_b5.dat 1 0 0 0 1 1 
k1_b6 1e-6 1e-6 1.0e+8 5000 2000 30 0.05 0.05 Q0.in data/Q2_b6.dat 1 0 0 0 1 1 
k1_c1 1e-6 1e-6 1.0e+8 5000 2000 30 0.05 0.05 Q0.in data/Q2_c1.dat 1 0 0 0 1 1 
k1_c2 1e-6 1e-6 1.0e+8 5000 2000 30 0.05 0.05 Q0.in data/Q2_c2.dat 1 0 0 0 1 1 
k1_c3 1e-6 1e-6 1.0e+8 5000 2000 30 0.05 0.05 Q0.in data/Q2_c3.dat 1 0 0 0 1 1 
k1_c4 1e-6 1e-6 1.0e+8 5000 2000 30 0.05 0.05 Q0.in data/Q2_c4.dat 1 0 0 0 1 1 
k1_c5 1e-6 1e-6 1.0e+8 5000 2000 30 0.05 0.05 Q0.in data/Q2_c5.dat 1 0 0 0 1 1 
k1_c6 1e-6 1e-6 1.0e+8 5000 2000 30 0.05 0.05 Q0.in data/Q2_c6.dat 1 0 0 0 1 1 
k1_d1 1e-6 1e-6 1.0e+8 5000 2000 30 0.05 0.05 Q0.in data/Q2_d1.dat 1 0 0 0 1 1 
k1_d2 1e-6 1e-6 1.0e+8 5000 2000 30 0.05 0.05 Q0.in data/Q2_d2.dat 1 0 0 0 1 1 
k1_d3 1e-6 1e-6 1.0e+8 5000 2000 30 0.05 0.05 Q0.in data/Q2_d3.dat 1 0 0 0 1 1 
k1_d4 1e-6 1e-6 1.0e+8 5000 2000 30 0.05 0.05 Q0.in data/Q2_d4.dat 1 0 0 0 1 1 
k1_d5 1e-6 1e-6 1.0e+8 5000 2000 30 0.05 0.05 Q0.in data/Q2_d5.dat 1 0 0 0 1 1 
k1_d6 1e-6 1e-6 1.0e+8 5000 2000 30 0.05 0.05 Q0.in data/Q2_d6.dat 1 0 0 0 1 1 
k1_e1 1e-6 1e-6 1.0e+8 5000 2000 30 0.05 0.05 Q0.in data/Q2_e1.dat 1 0 0 0 1 1 
k1_e2 1e-6 1e-6 1.0e+8 5000 2000 30 0.05 0.05 Q0.in data/Q2_e2.dat 1 0 0 0 1 1 
k1_e3 1e-6 1e-6 1.0e+8 5000 2000 30 0.05 0.05 Q0.in data/Q2_e3.dat 1 0 0 0 1 1 
k1_e4 1e-6 1e-6 1.0e+8 5000 2000 30 0.05 0.05 Q0.in data/Q2_e4.dat 1 0 0 0 1 1 
k1_e5 1e-6 1e-6 1.0e+8 5000 2000 30 0.05 0.05 Q0.in data/Q2_e5.dat 1 0 0 0 1 1 
k1_e6 1e-6 1e-6 1.0e+8 5000 2000 30 0.05 0.05 Q0.in data/Q2_e6.dat 1 0 0 0 1 1 
k1_f1 1e-6 1e-6 1.0e+8 5000 2000 30 0.05 0.05 Q0.in data/Q2_f1.dat 1 0 0 0 1 1 
k1_f2 1e-6 1e-6 1.0e+8 5000 2000 30 0.05 0.05 Q0.in data/Q2_f2.dat 1 0 0 0 1 1 
k1_f3 1e-6 1e-6 1.0e+8 5000 2000 30 0.05 0.05 Q0.in data/Q2_f3.dat 1 0 0 0 1 1 
k1_f4 1e-6 1e-6 1.0e+8 5000 2000 30 0.05 0.05 Q0.in data/Q2_f4.dat 1 0 0 0 1 1 
k1_f5 1e-6 1e-6 1.0e+8 5000 2000 30 0.05 0.05 Q0.in data/Q2_f5.dat 1 0 0 0 1 1 
k1_f6 1e-6 1e-6 1.0e+8 5000 2000 30 0.05 0.05 Q0.in data/Q2_f6.dat 1 0 0 0 1 1 
k1_g1 1e-6 1e-6 1.0e+8 5000 2000 30 0.05 0.05 Q0.in data/Q2_g1.dat 1 0 0 0 1 1 
k1_g2 1e-6 1e-6 1.0e+8 5000 2000 30 0.05 0.05 Q0.in data/Q2_g2.dat 1 0 0 0 1 1 
k1_g3 1e-6 1e-6 1.0e+8 5000 2000 30 0.05 0.05 Q0.in data/Q2_g3.dat 1 0 0 0 1 1 
k1_g4 1e-6 1e-6 1.0e+8 5000 2000 30 0.05 0.05 Q0.in data/Q2_g4.dat 1 0 0 0 1 1 
k1_g5 1e-6 1e-6 1.0e+8 5000 2000 30 0.05 0.05 Q0.in data/Q2_g5.dat 1 0 0 0 1 1 
k1_g6 1e-6 1e-6 1.0e+8 5000 2000 30 0.05 0.05 Q0.in data/Q2_g6.dat 1 0 0 0 1 1 
k1_h1 1e-6 1e-6 1.0e+8 5000 2000 30 0.05 0.05 Q0.in data/Q2_h1.dat 1 0 0 0 1 1 
k1_h2 1e-6 1e-6 1.0e+8 5000 2000 30 0.05 0.05 Q0.in data/Q2_h2.dat 1 0 0 0 1 1 
k1_h3 1e-6 1e-6 1.0e+8 5000 2000 30 0.05 0.05 Q0.in data/Q2_h3.dat 1 0 0 0 1 1 
k1_h4 1e-6 1e-6 1.0e+8 5000 2000 30 0.05 0.05 Q0.in data/Q2_h4.dat 1 0 0 0 1 1 
k1_h5 1e-6 1e-6 1.0e+8 5000 2000 30 0.05 0.05 Q0.in data/Q2_h5.dat 1 0 0 0 1 1 
k1_h6 1e-6 1e-6 1.0e+8 5000 2000 30 0.05 0.05 Q0.in data/Q2_h6.dat 1 0 0 0 1 1 
k2_a1 1e-6 1e-6 6.0e+8 5000 2000 30 0.05 0.05 Q0.in data/Q2_a1.dat 1 0 0 0 1 1 
k2_a2 1e-6 1e-6 6.0e+8 5000 2000 30 0.05 0.05 Q0.in data/Q2_a2.dat 1 0 0 0 1 1 
k2_a3 1e-6 1e-6 6.0e+8 5000 2000 30 0.05 0.05 Q0.in data/Q2_a3.dat 1 0 0 0 1 1 
k2_a4 1e-6 1e-6 6.0e+8 5000 2000 30 0.05 0.05 Q0.in data/Q2_a4.dat 1 0 0 0 1 1 
k2_a5 1e-6 1e-6 6.0e+8 5000 2000 30 0.05 0.05 Q0.in data/Q2_a5.dat 1 0 0 0 1 1 
k2_a6 1e-6 1e-6 6.0e+8 5000 2000 30 0.05 0.05 Q0.in data/Q2_a6.dat 1 0 0 0 1 1 
k2_b1 1e-6 1e-6 6.0e+8 5000 2000 30 0.05 0.05 Q0.in data/Q2_b1.dat 1 0 0 0 1 1 
k2_b2 1e-6 1e-6 6.0e+8 5000 2000 30 0.05 0.05 Q0.in data/Q2_b2.dat 1 0 0 0 1 1 
k2_b3 1e-6 1e-6 6.0e+8 5000 2000 30 0.05 0.05 Q0.in data/Q2_b3.dat 1 0 0 0 1 1 
k2_b4 1e-6 1e-6 6.0e+8 5000 2000 30 0.05 0.05 Q0.in data/Q2_b4.dat 1 0 0 0 1 1 
k2_b5 1e-6 1e-6 6.0e+8 5000 2000 30 0.05 0.05 Q0.in data/Q2_b5.dat 1 0 0 0 1 1 
k2_b6 1e-6 1e-6 6.0e+8 5000 2000 30 0.05 0.05 Q0.in data/Q2_b6.dat 1 0 0 0 1 1 
k2_c1 1e-6 1e-6 6.0e+8 5000 2000 30 0.05 0.05 Q0.in data/Q2_c1.dat 1 0 0 0 1 1 
k2_c2 1e-6 1e-6 6.0e+8 5000 2000 30 0.05 0.05 Q0.in data/Q2_c2.dat 1 0 0 0 1 1 
k2_c3 1e-6 1e-6 6.0e+8 5000 2000 30 0.05 0.05 Q0.in data/Q2_c3.dat 1 0 0 0 1 1 
k2_c4 1e-6 1e-6 6.0e+8 5000 2000 30 0.05 0.05 Q0.in data/Q2_c4.dat 1 0 0 0 1 1 
k2_c5 1e-6 1e-6 6.0e+8 5000 2000 30 0.05 0.05 Q0.in data/Q2_c5.dat 1 0 0 0 1 1 
k2_c6 1e-6 1e-6 6.0e+8 5000 2000 30 0.05 0.05 Q0.in data/Q2_c6.dat 1 0 0 0 1 1 
k2_d1 1e-6 1e-6 6.0e+8 5000 2000 30 0.05 0.05 Q0.in data/Q2_d1.dat 1 0 0 0 1 1 
k2_d2 1e-6 1e-6 6.0e+8 5000 2000 30 0.05 0.05 Q0.in data/Q2_d2.dat 1 0 0 0 1 1 
k2_d3 1e-6 1e-6 6.0e+8 5000 2000 30 0.05 0.05 Q0.in data/Q2_d3.dat 1 0 0 0 1 1 
k2_d4 1e-6 1e-6 6.0e+8 5000 2000 30 0.05 0.05 Q0.in data/Q2_d4.dat 1 0 0 0 1 1 
k2_d5 1e-6 1e-6 6.0e+8 5000 2000 30 0.05 0.05 Q0.in data/Q2_d5.dat 1 0 0 0 1 1 
k2_d6 1e-6 1e-6 6.0e+8 5000 2000 30 0.05 0.05 Q0.in data/Q2_d6.dat 1 0 0 0 1 1 
k2_e1 1e-6 1e-6 6.0e+8 5000 2000 30 0.05 0.05 Q0.in data/Q2_e1.dat 1 0 0 0 1 1 
k2_e2 1e-6 1e-6 6.0e+8 5000 2000 30 0.05 0.05 Q0.in data/Q2_e2.dat 1 0 0 0 1 1 
k2_e3 1e-6 1e-6 6.0e+8 5000 2000 30 0.05 0.05 Q0.in data/Q2_e3.dat 1 0 0 0 1 1 
k2_e4 1e-6 1e-6 6.0e+8 5000 2000 30 0.05 0.05 Q0.in data/Q2_e4.dat 1 0 0 0 1 1 
k2_e5 1e-6 1e-6 6.0e+8 5000 2000 30 0.05 0.05 Q0.in data/Q2_e5.dat 1 0 0 0 1 1 
k2_e6 1e-6 1e-6 6.0e+8 5000 2000 30 0.05 0.05 Q0.in data/Q2_e6.dat 1 0 0 0 1 1 
k2_f1 1e-6 1e-6 6.0e+8 5000 2000 30 0.05 0.05 Q0.in data/Q2_f1.dat 1 0 0 0 1 1 
k2_f2 1e-6 1e-6 6.0e+8 5000 2000 30 0.05 0.05 Q0.in data/Q2_f2.dat 1 0 0 0 1 1 
k2_f3 1e-6 1e-6 6.0e+8 5000 2000 30 0.05 0.05 Q0.in data/Q2_f3.dat 1 0 0 0 1 1 
k2_f4 1e-6 1e-6 6.0e+8 5000 2000 30 0.05 0.05 Q0.in data/Q2_f4.dat 1 0 0 0 1 1 
k2_f5 1e-6 1e-6 6.0e+8 5000 2000 30 0.05 0.05 Q0.in data/Q2_f5.dat 1 0 0 0 1 1 
k2_f6 1e-6 1e-6 6.0e+8 5000 2000 30 0.05 0.05 Q0.in data/Q2_f6.dat 1 0 0 0 1 1 
k2_g1 1e-6 1e-6 6.0e+8 5000 2000 30 0.05 0.05 Q0.in data/Q2_g1.dat 1 0 0 0 1 1 
k2_g2 1e-6 1e-6 6.0e+8 5000 2000 30 0.05 0.05 Q0.in data/Q2_g2.dat 1 0 0 0 1 1 
k2_g3 1e-6 1e-6 6.0e+8 5000 2000 30 0.05 0.05 Q0.in data/Q2_g3.dat 1 0 0 0 1 1 
k2_g4 1e-6 1e-6 6.0e+8 5000 2000 30 0.05 0.05 Q0.in data/Q2_g4.dat 1 0 0 0 1 1 
k2_g5 1e-6 1e-6 6.0e+8 5000 2000 30 0.05 0.05 Q0.in data/Q2_g5.dat 1 0 0 0 1 1 
k2_g6 1e-6 1e-6 6.0e+8 5000 2000 30 0.05 0.05 Q0.in data/Q2_g6.dat 1 0 0 0 1 1 
k2_h1 1e-6 1e-6 6.0e+8 5000 2000 30 0.05 0.05 Q0.in data/Q2_h1.dat 1 0 0 0 1 1 
k2_h2 1e-6 1e-6 6.0e+8 5000 2000 30 0.05 0.05 Q0.in data/Q2_h2.dat 1 0 0 0 1 1 
k2_h3 1e-6 1e-6 6.0e+8 5000 2000 30 0.05 0.05 Q0.in data/Q2_h3.dat 1 0 0 0 1 1 
k2_h4 1e-6 1e-6 6.0e+8 5000 2000 30 0.05 0.05 Q0.in data/Q2_h4.dat 1 0 0 0 1 1 
k2_h5 1e-6 1e-6 6.0e+8 5000 2000 30 0.05 0.05 Q0.in data/Q2_h5.dat 1 0 0 0 1 1 
k2_h6 1e-6 1e-6 6.0e+8 5000 2000 30 0.05 0.05 Q0.in data/Q2_h6.dat 1 0 0 0 1 1 
k3_a1 1e-6 1e-6 1.0e+9 5000 2000 30 0.05 0.05 Q0.in data/Q2_a1.dat 1 0 0 0 1 1 
k3_a2 1e-6 1e-6 1.0e+9 5000 2000 30 0.05 0.05 Q0.in data/Q2_a2.dat 1 0 0 0 1 1 
k3_a3 1e-6 1e-6 1.0e+9 5000 2000 30 0.05 0.05 Q0.in data/Q2_a3.dat 1 0 0 0 1 1 
k3_a4 1e-6 1e-6 1.0e+9 5000 2000 30 0.05 0.05 Q0.in data/Q2_a4.dat 1 0 0 0 1 1 
k3_a5 1e-6 1e-6 1.0e+9 5000 2000 30 0.05 0.05 Q0.in data/Q2_a5.dat 1 0 0 0 1 1 
k3_a6 1e-6 1e-6 1.0e+9 5000 2000 30 0.05 0.05 Q0.in data/Q2_a6.dat 1 0 0 0 1 1 
k3_b1 1e-6 1e-6 1.0e+9 5000 2000 30 0.05 0.05 Q0.in data/Q2_b1.dat 1 0 0 0 1 1 
k3_b2 1e-6 1e-6 1.0e+9 5000 2000 30 0.05 0.05 Q0.in data/Q2_b2.dat 1 0 0 0 1 1 
k3_b3 1e-6 1e-6 1.0e+9 5000 2000 30 0.05 0.05 Q0.in data/Q2_b3.dat 1 0 0 0 1 1 
k3_b4 1e-6 1e-6 1.0e+9 5000 2000 30 0.05 0.05 Q0.in data/Q2_b4.dat 1 0 0 0 1 1 
k3_b5 1e-6 1e-6 1.0e+9 5000 2000 30 0.05 0.05 Q0.in data/Q2_b5.dat 1 0 0 0 1 1 
k3_b6 1e-6 1e-6 1.0e+9 5000 2000 30 0.05 0.05 Q0.in data/Q2_b6.dat 1 0 0 0 1 1 
k3_c1 1e-6 1e-6 1.0e+9 5000 2000 30 0.05 0.05 Q0.in data/Q2_c1.dat 1 0 0 0 1 1 
k3_c2 1e-6 1e-6 1.0e+9 5000 2000 30 0.05 0.05 Q0.in data/Q2_c2.dat 1 0 0 0 1 1 
k3_c3 1e-6 1e-6 1.0e+9 5000 2000 30 0.05 0.05 Q0.in data/Q2_c3.dat 1 0 0 0 1 1 
k3_c4 1e-6 1e-6 1.0e+9 5000 2000 30 0.05 0.05 Q0.in data/Q2_c4.dat 1 0 0 0 1 1 
k3_c5 1e-6 1e-6 1.0e+9 5000 2000 30 0.05 0.05 Q0.in data/Q2_c5.dat 1 0 0 0 1 1 
k3_c6 1e-6 1e-6 1.0e+9 5000 2000 30 0.05 0.05 Q0.in data/Q2_c6.dat 1 0 0 0 1 1 
k3_d1 1e-6 1e-6 1.0e+9 5000 2000 30 0.05 0.05 Q0.in data/Q2_d1.dat 1 0 0 0 1 1 
k3_d2 1e-6 1e-6 1.0e+9 5000 2000 30 0.05 0.05 Q0.in data/Q2_d2.dat 1 0 0 0 1 1 
k3_d3 1e-6 1e-6 1.0e+9 5000 2000 30 0.05 0.05 Q0.in data/Q2_d3.dat 1 0 0 0 1 1 
k3_d4 1e-6 1e-6 1.0e+9 5000 2000 30 0.05 0.05 Q0.in data/Q2_d4.dat 1 0 0 0 1 1 
k3_d5 1e-6 1e-6 1.0e+9 5000 2000 30 0.05 0.05 Q0.in data/Q2_d5.dat 1 0 0 0 1 1 
k3_d6 1e-6 1e-6 1.0e+9 5000 2000 30 0.05 0.05 Q0.in data/Q2_d6.dat 1 0 0 0 1 1 
k3_e1 1e-6 1e-6 1.0e+9 5000 2000 30 0.05 0.05 Q0.in data/Q2_e1.dat 1 0 0 0 1 1 
k3_e2 1e-6 1e-6 1.0e+9 5000 2000 30 0.05 0.05 Q0.in data/Q2_e2.dat 1 0 0 0 1 1 
k3_e3 1e-6 1e-6 1.0e+9 5000 2000 30 0.05 0.05 Q0.in data/Q2_e3.dat 1 0 0 0 1 1 
k3_e4 1e-6 1e-6 1.0e+9 5000 2000 30 0.05 0.05 Q0.in data/Q2_e4.dat 1 0 0 0 1 1 
k3_e5 1e-6 1e-6 1.0e+9 5000 2000 30 0.05 0.05 Q0.in data/Q2_e5.dat 1 0 0 0 1 1 
k3_e6 1e-6 1e-6 1.0e+9 5000 2000 30 0.05 0.05 Q0.in data/Q2_e6.dat 1 0 0 0 1 1 
k3_f1 1e-6 1e-6 1.0e+9 5000 2000 30 0.05 0.05 Q0.in data/Q2_f1.dat 1 0 0 0 1 1 
k3_f2 1e-6 1e-6 1.0e+9 5000 2000 30 0.05 0.05 Q0.in data/Q2_f2.dat 1 0 0 0 1 1 
k3_f3 1e-6 1e-6 1.0e+9 5000 2000 30 0.05 0.05 Q0.in data/Q2_f3.dat 1 0 0 0 1 1 
k3_f4 1e-6 1e-6 1.0e+9 5000 2000 30 0.05 0.05 Q0.in data/Q2_f4.dat 1 0 0 0 1 1 
k3_f5 1e-6 1e-6 1.0e+9 5000 2000 30 0.05 0.05 Q0.in data/Q2_f5.dat 1 0 0 0 1 1 
k3_f6 1e-6 1e-6 1.0e+9 5000 2000 30 0.05 0.05 Q0.in data/Q2_f6.dat 1 0 0 0 1 1 
k3_g1 1e-6 1e-6 1.0e+9 5000 2000 30 0.05 0.05 Q0.in data/Q2_g1.dat 1 0 0 0 1 1 
k3_g2 1e-6 1e-6 1.0e+9 5000 2000 30 0.05 0.05 Q0.in data/Q2_g2.dat 1 0 0 0 1 1 
k3_g3 1e-6 1e-6 1.0e+9 5000 2000 30 0.05 0.05 Q0.in data/Q2_g3.dat 1 0 0 0 1 1 
k3_g4 1e-6 1e-6 1.0e+9 5000 2000 30 0.05 0.05 Q0.in data/Q2_g4.dat 1 0 0 0 1 1 
k3_g5 1e-6 1e-6 1.0e+9 5000 2000 30 0.05 0.05 Q0.in data/Q2_g5.dat 1 0 0 0 1 1 
k3_g6 1e-6 1e-6 1.0e+9 5000 2000 30 0.05 0.05 Q0.in data/Q2_g6.dat 1 0 0 0 1 1 
k3_h1 1e-6 1e-6 1.0e+9 5000 2000 30 0.05 0.05 Q0.in data/Q2_h1.dat 1 0 0 0 1 1 
k3_h2 1e-6 1e-6 1.0e+9 5000 2000 30 0.05 0.05 Q0.in data/Q2_h2.dat 1 0 0 0 1 1 
k3_h3 1e-6 1e-6 1.0e+9 5000 2000 30 0.05 0.05 Q0.in data/Q2_h3.dat 1 0 0 0 1 1 
k3_h4 1e-6 1e-6 1.0e+9 5000 2000 30 0.05 0.05 Q0.in data/Q2_h4.dat 1 0 0 0 1 1 
k3_h5 1e-6 1e-6 1.0e+9 5000 2000 30 0.05 0.05 Q0.in data/Q2_h5.dat 1 0 0 0 1 1 
k3_h6 1e-6 1e-6 1.0e+9 5000 2000 30 0.05 0.05 Q0.in data/Q2_h6.dat 1 0 0 0 1 1 
k4_a1 1e-6 1e-6 2.0e+9 5000 2000 30 0.05 0.05 Q0.in data/Q2_a1.dat 1 0 0 0 1 1 
k4_a2 1e-6 1e-6 2.0e+9 5000 2000 30 0.05 0.05 Q0.in data/Q2_a2.dat 1 0 0 0 1 1 
k4_a3 1e-6 1e-6 2.0e+9 5000 2000 30 0.05 0.05 Q0.in data/Q2_a3.dat 1 0 0 0 1 1 
k4_a4 1e-6 1e-6 2.0e+9 5000 2000 30 0.05 0.05 Q0.in data/Q2_a4.dat 1 0 0 0 1 1 
k4_a5 1e-6 1e-6 2.0e+9 5000 2000 30 0.05 0.05 Q0.in data/Q2_a5.dat 1 0 0 0 1 1 
k4_a6 1e-6 1e-6 2.0e+9 5000 2000 30 0.05 0.05 Q0.in data/Q2_a6.dat 1 0 0 0 1 1 
k4_a6 1e-6 1e-6 2.0e+9 5000 2000 30 0.05 0.05 Q0.in data/Q2_a6.dat 1 0 0 0 1 1 
k4_b1 1e-6 1e-6 2.0e+9 5000 2000 30 0.05 0.05 Q0.in data/Q2_b1.dat 1 0 0 0 1 1 
k4_b2 1e-6 1e-6 2.0e+9 5000 2000 30 0.05 0.05 Q0.in data/Q2_b2.dat 1 0 0 0 1 1 
k4_b3 1e-6 1e-6 2.0e+9 5000 2000 30 0.05 0.05 Q0.in data/Q2_b3.dat 1 0 0 0 1 1 
k4_b4 1e-6 1e-6 2.0e+9 5000 2000 30 0.05 0.05 Q0.in data/Q2_b4.dat 1 0 0 0 1 1 
k4_b5 1e-6 1e-6 2.0e+9 5000 2000 30 0.05 0.05 Q0.in data/Q2_b5.dat 1 0 0 0 1 1 
k4_b6 1e-6 1e-6 2.0e+9 5000 2000 30 0.05 0.05 Q0.in data/Q2_b6.dat 1 0 0 0 1 1 
k4_c1 1e-6 1e-6 2.0e+9 5000 2000 30 0.05 0.05 Q0.in data/Q2_c1.dat 1 0 0 0 1 1 
k4_c2 1e-6 1e-6 2.0e+9 5000 2000 30 0.05 0.05 Q0.in data/Q2_c2.dat 1 0 0 0 1 1 
k4_c3 1e-6 1e-6 2.0e+9 5000 2000 30 0.05 0.05 Q0.in data/Q2_c3.dat 1 0 0 0 1 1 
k4_c4 1e-6 1e-6 2.0e+9 5000 2000 30 0.05 0.05 Q0.in data/Q2_c4.dat 1 0 0 0 1 1 
k4_c5 1e-6 1e-6 2.0e+9 5000 2000 30 0.05 0.05 Q0.in data/Q2_c5.dat 1 0 0 0 1 1 
k4_c6 1e-6 1e-6 2.0e+9 5000 2000 30 0.05 0.05 Q0.in data/Q2_c6.dat 1 0 0 0 1 1 
k4_d1 1e-6 1e-6 2.0e+9 5000 2000 30 0.05 0.05 Q0.in data/Q2_d1.dat 1 0 0 0 1 1 
k4_d2 1e-6 1e-6 2.0e+9 5000 2000 30 0.05 0.05 Q0.in data/Q2_d2.dat 1 0 0 0 1 1 
k4_d3 1e-6 1e-6 2.0e+9 5000 2000 30 0.05 0.05 Q0.in data/Q2_d3.dat 1 0 0 0 1 1 
k4_d4 1e-6 1e-6 2.0e+9 5000 2000 30 0.05 0.05 Q0.in data/Q2_d4.dat 1 0 0 0 1 1 
k4_d5 1e-6 1e-6 2.0e+9 5000 2000 30 0.05 0.05 Q0.in data/Q2_d5.dat 1 0 0 0 1 1 
k4_d6 1e-6 1e-6 2.0e+9 5000 2000 30 0.05 0.05 Q0.in data/Q2_d6.dat 1 0 0 0 1 1 
k4_e1 1e-6 1e-6 2.0e+9 5000 2000 30 0.05 0.05 Q0.in data/Q2_e1.dat 1 0 0 0 1 1 
k4_e2 1e-6 1e-6 2.0e+9 5000 2000 30 0.05 0.05 Q0.in data/Q2_e2.dat 1 0 0 0 1 1 
k4_e3 1e-6 1e-6 2.0e+9 5000 2000 30 0.05 0.05 Q0.in data/Q2_e3.dat 1 0 0 0 1 1 
k4_e4 1e-6 1e-6 2.0e+9 5000 2000 30 0.05 0.05 Q0.in data/Q2_e4.dat 1 0 0 0 1 1 
k4_e5 1e-6 1e-6 2.0e+9 5000 2000 30 0.05 0.05 Q0.in data/Q2_e5.dat 1 0 0 0 1 1 
k4_e6 1e-6 1e-6 2.0e+9 5000 2000 30 0.05 0.05 Q0.in data/Q2_e6.dat 1 0 0 0 1 1 
k4_f1 1e-6 1e-6 2.0e+9 5000 2000 30 0.05 0.05 Q0.in data/Q2_f1.dat 1 0 0 0 1 1 
k4_f2 1e-6 1e-6 2.0e+9 5000 2000 30 0.05 0.05 Q0.in data/Q2_f2.dat 1 0 0 0 1 1 
k4_f3 1e-6 1e-6 2.0e+9 5000 2000 30 0.05 0.05 Q0.in data/Q2_f3.dat 1 0 0 0 1 1 
k4_f4 1e-6 1e-6 2.0e+9 5000 2000 30 0.05 0.05 Q0.in data/Q2_f4.dat 1 0 0 0 1 1 
k4_f5 1e-6 1e-6 2.0e+9 5000 2000 30 0.05 0.05 Q0.in data/Q2_f5.dat 1 0 0 0 1 1 
k4_f6 1e-6 1e-6 2.0e+9 5000 2000 30 0.05 0.05 Q0.in data/Q2_f6.dat 1 0 0 0 1 1 
k4_g1 1e-6 1e-6 2.0e+9 5000 2000 30 0.05 0.05 Q0.in data/Q2_g1.dat 1 0 0 0 1 1 
k4_g2 1e-6 1e-6 2.0e+9 5000 2000 30 0.05 0.05 Q0.in data/Q2_g2.dat 1 0 0 0 1 1 
k4_g3 1e-6 1e-6 2.0e+9 5000 2000 30 0.05 0.05 Q0.in data/Q2_g3.dat 1 0 0 0 1 1 
k4_g4 1e-6 1e-6 2.0e+9 5000 2000 30 0.05 0.05 Q0.in data/Q2_g4.dat 1 0 0 0 1 1 
k4_g5 1e-6 1e-6 2.0e+9 5000 2000 30 0.05 0.05 Q0.in data/Q2_g5.dat 1 0 0 0 1 1 
k4_g6 1e-6 1e-6 2.0e+9 5000 2000 30 0.05 0.05 Q0.in data/Q2_g6.dat 1 0 0 0 1 1 
k4_h1 1e-6 1e-6 2.0e+9 5000 2000 30 0.05 0.05 Q0.in data/Q2_h1.dat 1 0 0 0 1 1 
k4_h2 1e-6 1e-6 2.0e+9 5000 2000 30 0.05 0.05 Q0.in data/Q2_h2.dat 1 0 0 0 1 1 
k4_h3 1e-6 1e-6 2.0e+9 5000 2000 30 0.05 0.05 Q0.in data/Q2_h3.dat 1 0 0 0 1 1 
k4_h4 1e-6 1e-6 2.0e+9 5000 2000 30 0.05 0.05 Q0.in data/Q2_h4.dat 1 0 0 0 1 1 
k4_h5 1e-6 1e-6 2.0e+9 5000 2000 30 0.05 0.05 Q0.in data/Q2_h5.dat 1 0 0 0 1 1 
k4_h6 1e-6 1e-6 2.0e+9 5000 2000 30 0.05 0.05 Q0.in data/Q2_h6.dat 1 0 0 0 1 1 
k3_c11 1e-6 1e-6 6.0e+8 5000 2000 30 0.05 0.05 Q0.in data/Q2_c11.dat 1 0 0 0 1 1 
k3_c12 1e-6 1e-6 6.0e+8 5000 2000 30 0.05 0.05 Q0.in data/Q2_c12.dat 1 0 0 0 1 1 
k3_c13 1e-6 1e-6 6.0e+8 5000 2000 30 0.05 0.05 Q0.in data/Q2_c13.dat 1 0 0 0 1 1 
k3_c14 1e-6 1e-6 6.0e+8 5000 2000 30 0.05 0.05 Q0.in data/Q2_c14.dat 1 0 0 0 1 1 
k3_c15 1e-6 1e-6 6.0e+8 5000 2000 30 0.05 0.05 Q0.in data/Q2_c15.dat 1 0 0 0 1 1 
k3_c16 1e-6 1e-6 6.0e+8 5000 2000 30 0.05 0.05 Q0.in data/Q2_c16.dat 1 0 0 0 1 1 
k4_c11 1e-6 1e-6 2.0e+9 5000 2000 30 0.05 0.05 Q0.in data/Q2_c11.dat 1 0 0 0 1 1 
k4_c12 1e-6 1e-6 2.0e+9 5000 2000 30 0.05 0.05 Q0.in data/Q2_c12.dat 1 0 0 0 1 1 
k4_c13 1e-6 1e-6 2.0e+9 5000 2000 30 0.05 0.05 Q0.in data/Q2_c13.dat 1 0 0 0 1 1 
k4_c14 1e-6 1e-6 2.0e+9 5000 2000 30 0.05 0.05 Q0.in data/Q2_c14.dat 1 0 0 0 1 1 
k4_c15 1e-6 1e-6 2.0e+9 5000 2000 30 0.05 0.05 Q0.in data/Q2_c15.dat 1 0 0 0 1 1 
k4_c16 1e-6 1e-6 2.0e+9 5000 2000 30 0.05 0.05 Q0.in data/Q2_c16.dat 1 0 0 0 1 1 
