0  -0.12 -0.08
1   0.08  0.12
2  -0.12 -0.08
3   0.08  0.12
4  -0.12 -0.08
5   0.08  0.12
6  -0.12 -0.08
7   0.08  0.12
8  -0.12 -0.08
9   0.08  0.12
10 -0.12 -0.08
11  0.08  0.12
12 -0.12 -0.08
13  0.08  0.12
14 -0.12 -0.08
15  0.08  0.12
16 -0.12 -0.08
17  0.08  0.12
18 -0.12 -0.08
19  0.08  0.12
20 -0.12 -0.08
21  0.08  0.12
22 -0.12 -0.08
23  0.08  0.12
24 -0.12 -0.08
25  0.08  0.12
26 -0.12 -0.08
27  0.08  0.12
28 -0.12 -0.08
29  0.08  0.12
30 -0.12 -0.08
31  0.08  0.12
32 -0.12 -0.08
33  0.08  0.12
34 -0.12 -0.08
35  0.08  0.12
