0 0
-0.0526318 -0.0495199
-0.104277 -0.098221
-0.154838 -0.145891
-0.204428 -0.192741
-0.25296 -0.238761
-0.300292 -0.283811
-0.346566 -0.327589
-0.391987 -0.371238
-0.436302 -0.413273
-0.479379 -0.454919
-0.521384 -0.495042
-0.562492 -0.534757
-0.602355 -0.573353
-0.640767 -0.610746
-0.679166 -0.648353
-0.715645 -0.683119
-0.750667 -0.717717
-0.784973 -0.752255
-0.818904 -0.784056
-0.849403 -0.817402
-0.88195 -0.847029
-0.910731 -0.87753
-0.939262 -0.907695
-0.967502 -0.934408
-0.992922 -0.962609
-1.01951 -0.986633
-1.04047 -1.01337
-1.06572 -1.03791
-1.08591 -1.0604
-1.10503 -1.08381
-1.10629 -1.08313
-1.1069 -1.08324
-1.10636 -1.08441
-1.10522 -1.08381
-1.10623 -1.08255
-1.1074 -1.08449
-1.10524 -1.08194
-1.10595 -1.082
-1.10274 -1.08612
-1.10668 -1.08343
-1.10497 -1.08227
-1.10522 -1.0833
-1.10624 -1.08442
-1.10583 -1.08119
-1.10483 -1.0835
-1.10467 -1.08302
-1.10461 -1.08242
-1.10733 -1.08106
-1.10377 -1.08332
-1.10613 -1.08452
-1.1059 -1.08003
-1.10487 -1.08375
-1.10451 -1.08371
-1.10636 -1.08271
-1.10325 -1.08305
-1.10674 -1.08214
-1.10446 -1.08356
-1.10433 -1.08337
-1.10491 -1.08298
-1.10344 -1.08341
-1.10471 -1.08047
-1.10378 -1.08521
-1.10535 -1.08023
-1.10253 -1.08575
-1.10496 -1.08118
-1.10288 -1.08327
-1.10531 -1.08313
-1.10371 -1.08371
-1.10548 -1.08203
-1.10373 -1.08309
-1.10111 -1.08251
-1.10768 -1.0815
-1.10199 -1.08346
-1.10529 -1.08308
-1.10262 -1.08295
-1.10474 -1.08144
-1.10387 -1.08098
-1.10261 -1.08517
-1.10631 -1.07995
-1.10292 -1.08378
-1.10475 -1.08213
-1.10249 -1.08236
-1.10374 -1.08219
-1.10565 -1.08262
-1.10223 -1.082
-1.10598 -1.0796
-1.10109 -1.08437
-1.10581 -1.08135
-1.10113 -1.08274
-1.10413 -1.08125
-1.1035 -1.0822
-1.10375 -1.08173
-1.10348 -1.08229
-1.1037 -1.08349
-1.10232 -1.08158
-1.10386 -1.08194
-1.10307 -1.08043
-1.1019 -1.08326
-1.10192 -1.08068
-1.1031 -1.08268
-1.10142 -1.08237
-1.10231 -1.08294
-1.10143 -1.08114
-1.10382 -1.08041
-1.10098 -1.08372
-1.102 -1.07931
-1.10072 -1.08183
-1.10161 -1.08258
-1.10303 -1.08092
-1.10114 -1.08178
-1.10183 -1.07985
-1.10041 -1.08423
-1.10189 -1.07994
-1.10242 -1.08288
-1.1003 -1.08044
-1.10152 -1.08228
-1.103 -1.07946
-1.09871 -1.08455
-1.10207 -1.07859
-1.10036 -1.08346
-1.10019 -1.07967
-1.10087 -1.08251
-1.09982 -1.08169
-1.10256 -1.0813
-1.10002 -1.08069
-1.10025 -1.08144
-1.10131 -1.08379
-1.10081 -1.07995
-1.0984 -1.08427
-1.10394 -1.07901
-1.09927 -1.08327
-1.10244 -1.07889
-1.09922 -1.08434
-1.10299 -1.0807
-1.10073 -1.08038
-1.09997 -1.08349
-1.10075 -1.08024
-1.1011 -1.08167
-1.10034 -1.08227
-1.10041 -1.08011
-1.10078 -1.08173
-1.1015 -1.08107
-1.10185 -1.08211
-1.09982 -1.07922
-1.09964 -1.08229
-1.10229 -1.08077
-1.09999 -1.08102
-1.10019 -1.08307
-1.10379 -1.0781
-1.09881 -1.08387
-1.10186 -1.08163
-1.10111 -1.07927
-1.10001 -1.0819
-1.09987 -1.08115
-1.10207 -1.07956
-1.09889 -1.08353
-1.10211 -1.07826
-1.09973 -1.08374
-1.10141 -1.07771
-1.10175 -1.08385
-1.1025 -1.07887
-1.10026 -1.08151
-1.09745 -1.08291
-1.1033 -1.08037
-1.09985 -1.08049
-1.10091 -1.08186
-1.1001 -1.08083
-1.10044 -1.08272
-1.10147 -1.07834
-1.09895 -1.08514
-1.10008 -1.07824
-1.10049 -1.08279
-1.09889 -1.07995
-1.09993 -1.0799
-1.10102 -1.08125
-1.09878 -1.08015
-1.10051 -1.08181
-1.09933 -1.08076
-1.10002 -1.07926
-1.1004 -1.08057
-1.09916 -1.08136
-1.10106 -1.07931
-1.09945 -1.08017
-1.10167 -1.08096
-1.09842 -1.08238
-1.10082 -1.07862
-1.09849 -1.08243
-1.09977 -1.08082
-1.09933 -1.07914
-1.09917 -1.08132
-1.10033 -1.08077
-1.09976 -1.0804
-1.09844 -1.08098
-1.09977 -1.07894
-1.09864 -1.08202
-1.1014 -1.07984
-1.09895 -1.08048
-1.10057 -1.07932
-1.09862 -1.08139
-1.09807 -1.07801
-1.09967 -1.08042
-1.10028 -1.07789
-1.09907 -1.08176
-1.10058 -1.07888
-1.09912 -1.07984
-1.10215 -1.07859
-1.09895 -1.08013
-1.09981 -1.0824
-1.10046 -1.07632
-1.10098 -1.08088
-1.09925 -1.07908
-1.10006 -1.07811
-1.09905 -1.07757
-1.09937 -1.08142
-1.10174 -1.07701
-1.09763 -1.08056
-1.10164 -1.07707
-1.09893 -1.07877
-1.09853 -1.08085
-1.09993 -1.07839
-1.09983 -1.07791
-1.09915 -1.07961
-1.0993 -1.07867
-1.10011 -1.07847
-1.09853 -1.0798
-1.09906 -1.07982
-1.09936 -1.07737
-1.09825 -1.08005
-1.09887 -1.07852
-1.10045 -1.07841
-1.09706 -1.07897
-1.09953 -1.07768
-1.09936 -1.08015
-1.09802 -1.07748
-1.09918 -1.07974
-1.09935 -1.07761
-1.09728 -1.07965
-1.10039 -1.07844
-1.09883 -1.07757
-1.09834 -1.07932
-1.09947 -1.07912
-1.09762 -1.07712
-1.09849 -1.07935
-1.09948 -1.07757
-1.09747 -1.08099
-1.10006 -1.07687
-1.09697 -1.07918
-1.09794 -1.07808
-1.10011 -1.0784
-1.09716 -1.07915
-1.09826 -1.0789
-1.09846 -1.07801
-1.09784 -1.07897
-1.09766 -1.07838
-1.09921 -1.0763
-1.09778 -1.08004
-1.09855 -1.07777
-1.09784 -1.07924
-1.09731 -1.07791
-1.09766 -1.07932
-1.09874 -1.07732
-1.09588 -1.07804
-1.09843 -1.07851
-1.09707 -1.07733
-1.09676 -1.0782
-1.09735 -1.0804
-1.10036 -1.07452
-1.09534 -1.07957
-1.09749 -1.07886
-1.0982 -1.07485
-1.09651 -1.07886
-1.09787 -1.07656
-1.09805 -1.07664
-1.09637 -1.0767
-1.09712 -1.07828
-1.09839 -1.07666
-1.09623 -1.0764
-1.0976 -1.07648
-1.09673 -1.07752
-1.09724 -1.07705
-1.09553 -1.07765
-1.09808 -1.07554
-1.09664 -1.07846
-1.09728 -1.07729
-1.09688 -1.07595
-1.09513 -1.07837
-1.09727 -1.07366
-1.09708 -1.07722
-1.09493 -1.07873
-1.09853 -1.07496
-1.09617 -1.07572
-1.09634 -1.07568
-1.09565 -1.07723
-1.09679 -1.07574
-1.09681 -1.07359
-1.09553 -1.0772
-1.09614 -1.07653
-1.09681 -1.07615
-1.09635 -1.07683
-1.09614 -1.07435
-1.09478 -1.07867
-1.09844 -1.07354
-1.09681 -1.0767
-1.0946 -1.07663
-1.0985 -1.07505
-1.09605 -1.07488
-1.09464 -1.07835
-1.09995 -1.07311
-1.09601 -1.07585
-1.09801 -1.07743
-1.09567 -1.07544
-1.09693 -1.07468
-1.09634 -1.07743
-1.09608 -1.07586
-1.09614 -1.0744
-1.09604 -1.07778
-1.09752 -1.07504
-1.0965 -1.07651
-1.09701 -1.0751
-1.09753 -1.07679
-1.09711 -1.0746
-1.0952 -1.07624
-1.09612 -1.07575
-1.09699 -1.07479
-1.09591 -1.07764
-1.09675 -1.07522
-1.0948 -1.07616
-1.09693 -1.07543
-1.09568 -1.07593
-1.09577 -1.07756
-1.09609 -1.07493
-1.09717 -1.07502
-1.0963 -1.07623
-1.09543 -1.07425
-1.09546 -1.07427
-1.09754 -1.0775
-1.0961 -1.07321
-1.09736 -1.07693
-1.09406 -1.07414
-1.09893 -1.07689
-1.09645 -1.07366
-1.09495 -1.07609
-1.09562 -1.07442
-1.09949 -1.07383
-1.09264 -1.07505
-1.09841 -1.07575
-1.09564 -1.07459
-1.09435 -1.07583
-1.0958 -1.07317
-1.09668 -1.07467
-1.09528 -1.07559
-1.09654 -1.07358
-1.09465 -1.07515
-1.09662 -1.07443
-1.09404 -1.07418
-1.09633 -1.07416
-1.09582 -1.07359
-1.0951 -1.07398
-1.09472 -1.07544
-1.09735 -1.07187
-1.09345 -1.07635
-1.09602 -1.07262
-1.09467 -1.07544
-1.09637 -1.07266
-1.09379 -1.07501
-1.09673 -1.07331
-1.09419 -1.0738
-1.09364 -1.07531
-1.09613 -1.07263
-1.09513 -1.07574
-1.09443 -1.07182
-1.09418 -1.0756
-1.09641 -1.07427
-1.09441 -1.07456
-1.09304 -1.07248
-1.09681 -1.07463
-1.09106 -1.07471
-1.09578 -1.07356
-1.09363 -1.07401
-1.09411 -1.07385
-1.09364 -1.0717
-1.09407 -1.07515
-1.09298 -1.07453
-1.09505 -1.07112
-1.09217 -1.07637
-1.09567 -1.07096
-1.09162 -1.07707
-1.0961 -1.07139
-1.09355 -1.07497
-1.09525 -1.07353
-1.09317 -1.07198
-1.09417 -1.07564
-1.09514 -1.07161
-1.09495 -1.07476
-1.09363 -1.07331
-1.09519 -1.0737
-1.09414 -1.07371
-1.09364 -1.07347
-1.09493 -1.07176
-1.0945 -1.0751
-1.09289 -1.07154
-1.0957 -1.07373
-1.09382 -1.0711
-1.09345 -1.07473
-1.09297 -1.07172
-1.09461 -1.07294
-1.09242 -1.07278
-1.09513 -1.07157
-1.09233 -1.07353
-1.095 -1.07278
-1.09427 -1.07317
-1.09372 -1.07292
-1.09424 -1.07185
-1.09268 -1.07473
-1.09469 -1.07304
-1.0935 -1.07278
-1.09454 -1.07239
-1.09369 -1.07332
-1.09314 -1.0738
-1.09513 -1.07239
-1.09406 -1.07379
-1.09244 -1.0737
-1.09516 -1.07289
-1.0928 -1.07412
-1.09421 -1.0722
-1.09557 -1.07259
-1.09214 -1.07587
-1.09531 -1.0704
-1.09255 -1.07472
-1.09293 -1.07491
-1.09364 -1.07068
-1.0938 -1.07561
-1.09236 -1.07327
-1.09517 -1.07134
-1.09149 -1.07605
-1.09363 -1.07218
-1.09334 -1.0717
-1.09286 -1.07623
-1.09536 -1.07152
-1.09307 -1.07365
-1.09322 -1.07238
-1.09453 -1.07271
-1.09279 -1.07172
-1.0921 -1.07434
-1.09406 -1.07237
-1.09378 -1.07276
-1.09229 -1.07464
-1.09535 -1.07166
-1.09095 -1.07427
-1.09468 -1.07101
-1.09301 -1.07285
-1.09455 -1.07114
-1.09218 -1.07371
-1.09394 -1.07218
-1.09351 -1.0735
-1.09321 -1.07139
-1.09223 -1.07446
-1.09531 -1.06922
-1.09246 -1.07479
-1.09479 -1.07053
-1.09129 -1.07582
-1.09544 -1.07097
-1.09212 -1.07297
-1.09359 -1.07259
-1.09213 -1.07373
-1.09393 -1.07033
-1.09105 -1.07389
-1.09453 -1.0712
-1.09248 -1.07069
-1.09141 -1.07362
-1.09395 -1.07242
-1.09317 -1.07106
-1.09169 -1.07337
-1.09356 -1.07273
-1.09444 -1.07286
-1.0918 -1.07224
-1.09414 -1.07148
-1.09311 -1.07159
-1.09491 -1.07024
-1.09161 -1.07383
-1.09407 -1.07156
-1.09526 -1.07129
-1.0906 -1.07366
-1.09714 -1.06877
-1.09054 -1.07327
-1.09428 -1.07068
-1.09272 -1.07188
-1.09272 -1.0726
-1.09417 -1.07093
-1.0916 -1.07299
-1.0946 -1.0712
-1.09215 -1.0706
-1.09196 -1.07387
-1.09404 -1.0697
-1.09417 -1.0732
-1.09124 -1.07269
-1.09443 -1.07113
-1.08992 -1.07267
-1.09487 -1.07008
-1.09146 -1.07072
-1.09264 -1.07302
-1.09331 -1.06987
-1.09233 -1.07236
-1.09243 -1.06862
-1.0913 -1.07378
-1.09293 -1.07031
-1.09218 -1.07071
-1.09412 -1.07005
-1.09236 -1.07088
-1.09093 -1.07168
-1.09213 -1.07076
-1.09309 -1.07032
-1.09194 -1.07097
-1.0895 -1.07132
-1.09422 -1.07136
-1.09273 -1.06901
-1.09001 -1.07408
-1.09472 -1.06751
-1.08954 -1.07362
-1.09304 -1.07026
-1.08984 -1.07289
-1.09389 -1.0679
-1.0904 -1.07189
-1.09148 -1.07241
-1.09291 -1.07001
-1.09237 -1.07102
-1.09154 -1.0722
-1.09113 -1.07089
-1.09253 -1.07066
-1.09293 -1.0719
-1.09284 -1.0716
-1.09184 -1.06781
-1.091 -1.07549
-1.09438 -1.06913
-1.0911 -1.07209
-1.09278 -1.06993
-1.09048 -1.0722
-1.09278 -1.06852
-1.09032 -1.07438
-1.09277 -1.06928
-1.09047 -1.07192
-1.09236 -1.07115
-1.09163 -1.06901
-1.09122 -1.07273
-1.09213 -1.07059
-1.09299 -1.06783
-1.09227 -1.07233
-1.09081 -1.0697
-1.09063 -1.06983
-1.0917 -1.0694
-1.09086 -1.0714
-1.0932 -1.06827
-1.09035 -1.07171
-1.09318 -1.06923
-1.08987 -1.07063
-1.09226 -1.06927
-1.08974 -1.0691
-1.09132 -1.06955
-1.09106 -1.07077
-1.09184 -1.06926
-1.09122 -1.06964
-1.09078 -1.07032
-1.0939 -1.06901
-1.09056 -1.06993
-1.09062 -1.07065
-1.09214 -1.07204
-1.09351 -1.06731
-1.08948 -1.07168
-1.09118 -1.0723
-1.09449 -1.06753
-1.08917 -1.07124
-1.09186 -1.07028
-1.09259 -1.06719
-1.08856 -1.07552
-1.09298 -1.06768
-1.09084 -1.07107
-1.09173 -1.06946
-1.09015 -1.07191
-1.09144 -1.06986
-1.09041 -1.07093
-1.092 -1.06835
-1.08889 -1.07197
-1.09247 -1.07013
-1.09171 -1.0703
-1.09089 -1.06993
-1.09209 -1.0712
-1.0924 -1.06914
-1.09047 -1.07042
-1.09278 -1.07074
-1.09002 -1.07082
-1.09185 -1.06908
-1.0911 -1.07005
-1.09234 -1.06883
-1.09077 -1.07165
-1.09189 -1.06877
-1.08998 -1.07128
-1.09153 -1.07018
-1.09162 -1.0713
-1.08993 -1.07029
-1.09192 -1.06968
-1.08975 -1.0718
-1.09175 -1.06873
-1.09104 -1.07147
-1.09196 -1.06809
-1.09233 -1.07223
-1.09273 -1.06959
-1.08975 -1.0711
-1.09173 -1.06769
-1.09217 -1.07
-1.09056 -1.06984
-1.09037 -1.07018
-1.09154 -1.07087
-1.09252 -1.06946
-1.09184 -1.07096
-1.09126 -1.06718
-1.09015 -1.0711
-1.09115 -1.06884
-1.09363 -1.06842
-1.09177 -1.07079
-1.089 -1.07037
-1.09394 -1.06619
-1.08898 -1.07061
-1.09012 -1.07139
-1.09294 -1.06634
-1.08995 -1.0704
-1.09166 -1.06946
-1.09084 -1.06974
-1.09194 -1.06825
-1.09015 -1.07077
-1.0903 -1.06786
-1.09069 -1.07012
-1.08913 -1.06999
-1.09293 -1.06832
-1.09049 -1.06934
-1.08931 -1.06948
-1.09231 -1.06858
-1.09063 -1.06749
-1.09071 -1.07018
-1.09138 -1.06717
-1.08984 -1.07107
-1.09154 -1.06869
-1.09164 -1.06821
-1.09281 -1.06728
-1.08842 -1.07396
-1.0932 -1.06522
-1.0912 -1.06931
-1.09186 -1.06941
-1.08875 -1.0699
-1.09203 -1.06746
-1.09055 -1.06991
-1.09201 -1.06793
-1.08914 -1.07055
-1.09251 -1.06813
-1.09008 -1.06883
-1.0914 -1.0674
-1.08993 -1.07011
-1.09071 -1.0691
-1.09122 -1.07066
-1.0898 -1.06825
-1.09095 -1.06993
-1.09016 -1.06858
-1.09047 -1.06825
-1.08899 -1.06855
-1.08948 -1.06915
-1.09217 -1.06712
-1.08872 -1.07073
-1.08872 -1.06867
-1.09133 -1.0659
-1.08845 -1.07054
-1.09042 -1.06531
-1.08905 -1.07008
-1.09045 -1.0665
-1.08952 -1.07101
-1.09069 -1.06823
-1.08926 -1.06819
-1.08817 -1.06979
-1.09033 -1.06527
-1.0906 -1.06838
-1.08792 -1.0704
-1.08976 -1.0664
-1.08935 -1.06959
-1.08933 -1.06682
-1.09045 -1.06891
-1.0864 -1.06944
-1.09155 -1.06616
-1.08842 -1.07018
-1.091 -1.06694
-1.08879 -1.07016
-1.09049 -1.06449
-1.08815 -1.06929
-1.08982 -1.06906
-1.08993 -1.06633
-1.0881 -1.0678
-1.08997 -1.06789
-1.08958 -1.06711
-1.0897 -1.06897
-1.08898 -1.06791
-1.08886 -1.06687
-1.09022 -1.06622
-1.08936 -1.06911
-1.0906 -1.06837
-1.08939 -1.06614
-1.09185 -1.06834
-1.08828 -1.06808
-1.0923 -1.06619
-1.08853 -1.06882
-1.09205 -1.06719
-1.09155 -1.06486
-1.08895 -1.07016
-1.0921 -1.06409
-1.0896 -1.06677
-1.08959 -1.06772
-1.09139 -1.06477
-1.0891 -1.0675
-1.09094 -1.06657
-1.09086 -1.06579
-1.09271 -1.06565
-1.08969 -1.06619
-1.091 -1.06656
-1.09106 -1.06605
-1.09175 -1.06763
-1.09024 -1.06643
-1.09109 -1.06452
-1.0895 -1.06865
-1.09236 -1.06461
-1.08714 -1.06735
-1.09333 -1.06478
-1.08974 -1.06813
-1.09026 -1.06269
-1.09017 -1.06663
-1.09038 -1.06699
-1.09061 -1.066
-1.08944 -1.06555
-1.08913 -1.06609
-1.09119 -1.06616
-1.09141 -1.06407
-1.08937 -1.0662
-1.09064 -1.0671
-1.09042 -1.06434
-1.08924 -1.06669
-1.09159 -1.06405
-1.08945 -1.06455
-1.09019 -1.06459
-1.08757 -1.06624
-1.09127 -1.06427
-1.09004 -1.06499
-1.09013 -1.06472
-1.09005 -1.06483
-1.09054 -1.06328
-1.08829 -1.0663
-1.09061 -1.06309
-1.09033 -1.06481
-1.08722 -1.06702
-1.09107 -1.0622
-1.0889 -1.06382
-1.0882 -1.06618
-1.09128 -1.06238
-1.0902 -1.06596
-1.09022 -1.06314
-1.08744 -1.06659
-1.0899 -1.0643
-1.08851 -1.06361
-1.09073 -1.06187
-1.08729 -1.06786
-1.09184 -1.06252
-1.08843 -1.06608
-1.08889 -1.06429
-1.09098 -1.06234
-1.08874 -1.06448
-1.09057 -1.06509
-1.08953 -1.06407
-1.09086 -1.06438
-1.09046 -1.06366
-1.08871 -1.06513
-1.09044 -1.0619
-1.08875 -1.06624
-1.09074 -1.06179
-1.08898 -1.06556
-1.08959 -1.06458
-1.08928 -1.06272
-1.08898 -1.06427
-1.09084 -1.06315
-1.08847 -1.06473
-1.09125 -1.06346
-1.08877 -1.06422
-1.08886 -1.06398
-1.09131 -1.06408
-1.08963 -1.06344
-1.09012 -1.06429
-1.08962 -1.06452
-1.08941 -1.0635
-1.08881 -1.06453
-1.09303 -1.06247
-1.08871 -1.0648
-1.09018 -1.06439
-1.0913 -1.0643
-1.09091 -1.06235
-1.08935 -1.0652
-1.08991 -1.06361
-1.09168 -1.06339
-1.08999 -1.06535
-1.08981 -1.06407
-1.09013 -1.06444
-1.09158 -1.06201
-1.08883 -1.06515
-1.09068 -1.06308
-1.09004 -1.06366
-1.09123 -1.06485
-1.09223 -1.06318
-1.0881 -1.06532
-1.0908 -1.06353
-1.09199 -1.06405
-1.08935 -1.06366
-1.08912 -1.06611
-1.09252 -1.06158
-1.08885 -1.065
-1.09061 -1.06423
-1.09079 -1.06409
-1.08835 -1.06567
-1.09144 -1.06397
-1.08848 -1.06482
-1.09047 -1.06126
-1.08857 -1.06508
-1.09134 -1.06388
-1.08885 -1.06345
-1.0904 -1.06494
-1.08746 -1.06326
-1.09027 -1.06453
-1.08822 -1.06445
-1.08876 -1.06434
-1.09016 -1.06307
-1.08841 -1.06489
-1.08918 -1.06412
-1.08932 -1.06461
-1.08915 -1.06427
-1.08835 -1.06405
-1.08779 -1.06335
-1.08873 -1.06428
-1.08868 -1.06596
-1.08936 -1.06305
-1.08827 -1.06322
-1.08802 -1.06635
-1.08968 -1.06194
-1.08929 -1.06448
-1.08773 -1.06337
-1.08924 -1.06405
-1.08965 -1.06414
-1.08906 -1.0648
-1.0896 -1.06344
-1.08798 -1.065
-1.09133 -1.06204
-1.08513 -1.06753
-1.09163 -1.06132
-1.08704 -1.06398
-1.08916 -1.06356
-1.08826 -1.06469
-1.08951 -1.0654
-1.08847 -1.06187
-1.08775 -1.06608
-1.08793 -1.06369
-1.09057 -1.06185
-1.08465 -1.0675
-1.08873 -1.06371
-1.08697 -1.06345
-1.08776 -1.06365
-1.08813 -1.06465
-1.08746 -1.06269
-1.08719 -1.06448
-1.09024 -1.06377
-1.08761 -1.06559
-1.08756 -1.06363
-1.08768 -1.06264
-1.08655 -1.06472
-1.08639 -1.06525
-1.09001 -1.0619
-1.08668 -1.06686
-1.08717 -1.06383
-1.08739 -1.062
-1.08792 -1.06711
-1.08752 -1.0633
-1.08625 -1.0656
-1.08715 -1.06297
-1.08708 -1.0646
-1.08592 -1.06514
-1.08626 -1.06292
-1.08589 -1.06535
-1.08815 -1.06412
-1.08569 -1.06462
-1.08716 -1.06361
-1.0861 -1.06367
-1.0868 -1.06435
-1.08885 -1.06236
-1.08451 -1.0647
-1.08739 -1.06438
-1.08727 -1.06331
-1.0867 -1.06333
-1.08712 -1.06345
-1.08739 -1.06514
-1.08829 -1.0622
-1.08669 -1.0612
-1.08618 -1.06598
-1.08905 -1.06122
-1.08621 -1.06337
-1.08693 -1.06404
-1.08711 -1.06271
-1.08553 -1.06412
-1.08842 -1.06194
-1.08572 -1.06378
-1.0869 -1.06129
-1.08623 -1.06284
-1.08716 -1.06144
-1.08547 -1.06405
-1.08832 -1.06238
-1.08577 -1.0609
-1.08689 -1.06651
-1.09006 -1.05908
-1.08433 -1.06357
-1.0884 -1.06311
-1.0855 -1.06275
-1.08626 -1.06233
-1.08665 -1.06169
-1.08664 -1.06499
-1.08614 -1.06148
-1.08632 -1.06388
-1.08633 -1.06329
-1.08614 -1.06057
-1.08532 -1.06582
-1.08638 -1.06189
-1.08496 -1.06377
-1.08675 -1.06091
-1.08607 -1.0643
-1.08397 -1.06291
-1.08736 -1.06217
-1.08312 -1.06368
-1.0871 -1.06147
-1.08697 -1.06239
-1.08314 -1.06446
-1.08811 -1.06194
-1.08396 -1.06417
-1.08637 -1.06214
-1.08592 -1.06429
-1.08464 -1.0633
-1.08676 -1.06148
-1.08585 -1.0643
-1.08611 -1.0631
-1.08594 -1.06204
-1.08691 -1.06344
-1.08428 -1.06307
-1.08675 -1.06047
-1.08613 -1.06372
-1.08564 -1.06319
-1.08627 -1.06322
-1.0866 -1.06162
-1.08749 -1.06223
-1.08409 -1.06251
-1.08599 -1.0641
-1.08591 -1.06317
-1.08713 -1.06012
-1.0855 -1.06631
-1.08853 -1.06144
-1.08449 -1.06456
-1.08687 -1.06259
-1.08605 -1.06266
-1.08451 -1.0632
-1.08702 -1.06368
-1.08585 -1.06294
-1.08459 -1.06338
-1.08781 -1.0646
-1.08379 -1.06315
-1.08619 -1.05986
-1.08587 -1.06599
-1.08641 -1.06188
-1.08485 -1.06187
-1.08629 -1.06299
-1.08568 -1.06312
-1.08575 -1.06192
-1.08519 -1.06114
-1.08499 -1.06435
-1.08649 -1.06073
-1.08667 -1.06144
-1.08474 -1.06437
-1.08567 -1.0624
-1.08572 -1.06084
-1.08682 -1.06463
-1.08527 -1.06067
-1.08452 -1.06369
-1.08682 -1.06011
-1.08468 -1.06308
-1.08294 -1.06387
-1.08834 -1.06104
-1.08376 -1.06284
-1.08593 -1.0636
-1.08687 -1.05927
-1.08458 -1.0657
-1.08707 -1.05907
-1.08587 -1.06335
-1.0855 -1.06296
-1.08659 -1.06142
-1.08564 -1.06195
-1.08463 -1.06261
-1.08694 -1.06031
-1.08391 -1.0628
-1.08545 -1.06096
-1.08574 -1.06382
-1.0842 -1.06338
-1.08486 -1.06161
-1.0874 -1.05942
-1.08351 -1.06452
-1.08639 -1.06166
-1.0851 -1.06161
-1.08471 -1.06241
-1.08604 -1.06095
-1.08447 -1.06139
-1.08341 -1.06294
-1.0865 -1.0611
-1.08338 -1.06209
-1.08438 -1.06245
-1.08485 -1.06037
-1.08297 -1.06386
-1.08679 -1.06162
-1.08208 -1.06125
-1.08563 -1.06186
-1.08419 -1.06181
-1.086 -1.06153
-1.08438 -1.06215
-1.08348 -1.0616
-1.08596 -1.06212
-1.08446 -1.0614
-1.08521 -1.06199
-1.08331 -1.06179
-1.08412 -1.06116
-1.08504 -1.05996
-1.08377 -1.06343
-1.08466 -1.06013
-1.08359 -1.06117
-1.0851 -1.06171
-1.08187 -1.06188
-1.08608 -1.05907
-1.08207 -1.06302
-1.08343 -1.06131
-1.084 -1.06209
-1.08374 -1.06007
-1.08392 -1.06247
-1.08266 -1.06316
-1.08485 -1.06114
-1.08315 -1.06191
-1.08278 -1.06269
-1.08215 -1.06174
-1.08434 -1.05937
-1.08228 -1.06365
-1.08297 -1.06291
-1.08437 -1.05916
-1.08147 -1.06294
-1.08373 -1.06192
-1.08284 -1.06272
-1.08533 -1.05951
-1.07995 -1.06562
-1.08661 -1.05927
-1.08168 -1.06315
-1.08456 -1.063
-1.08283 -1.0625
-1.08359 -1.06239
-1.08431 -1.0607
-1.08197 -1.06182
-1.08315 -1.06187
-1.08515 -1.06297
-1.0813 -1.06287
-1.0829 -1.06081
-1.0821 -1.06325
-1.0832 -1.06115
-1.08351 -1.06192
-1.0824 -1.06195
-1.08204 -1.06289
-1.08277 -1.06092
-1.0823 -1.06388
-1.08385 -1.06013
-1.08198 -1.06273
-1.0835 -1.06155
-1.08301 -1.06147
-1.08198 -1.06232
-1.08102 -1.06185
-1.08401 -1.06163
-1.08071 -1.06565
-1.08334 -1.05847
-1.08071 -1.06245
-1.08362 -1.06169
-1.08085 -1.06136
-1.08381 -1.05899
-1.07949 -1.06366
-1.08304 -1.06043
-1.08172 -1.06347
-1.08276 -1.0603
-1.08293 -1.0608
-1.08249 -1.06269
-1.08199 -1.06044
-1.08071 -1.06062
-1.08315 -1.06205
-1.0827 -1.0602
-1.07976 -1.06326
-1.08405 -1.05913
-1.08012 -1.06393
-1.08053 -1.0599
-1.08281 -1.0605
-1.07981 -1.06238
-1.08035 -1.06196
-1.08186 -1.05918
-1.08113 -1.0635
-1.08093 -1.0599
-1.08112 -1.06326
-1.08266 -1.06092
-1.07967 -1.06184
-1.08287 -1.06229
-1.08066 -1.06012
-1.08049 -1.06226
-1.08114 -1.06193
-1.08204 -1.05939
-1.07905 -1.0621
-1.08108 -1.06216
-1.08061 -1.06019
-1.08135 -1.06095
-1.08132 -1.0617
-1.08023 -1.06132
-1.08154 -1.06038
-1.08126 -1.06066
-1.08122 -1.06037
-1.08005 -1.06104
-1.08278 -1.0606
-1.08267 -1.06138
-1.0797 -1.06035
-1.08257 -1.05929
-1.08104 -1.0601
-1.0799 -1.06164
-1.08238 -1.06027
-1.08002 -1.06039
-1.08098 -1.06055
-1.0807 -1.06062
-1.08118 -1.06056
-1.08147 -1.05957
-1.08021 -1.06155
-1.08163 -1.05903
-1.08035 -1.06244
-1.08112 -1.05864
-1.08179 -1.06064
-1.08102 -1.0613
-1.08026 -1.06074
-1.08202 -1.05863
-1.08135 -1.06133
-1.07941 -1.06227
-1.0813 -1.05847
-1.08079 -1.06149
-1.08064 -1.05698
-1.07849 -1.06341
-1.08309 -1.05675
-1.07922 -1.06102
-1.08131 -1.05977
-1.08083 -1.05951
-1.07991 -1.05921
-1.08064 -1.06126
-1.08092 -1.05896
-1.07942 -1.05975
-1.08212 -1.05983
-1.0789 -1.06048
-1.08089 -1.05923
-1.08052 -1.06107
-1.08104 -1.05847
-1.07973 -1.06118
-1.08033 -1.05942
-1.08061 -1.0601
-1.08093 -1.06049
-1.08042 -1.05921
-1.07918 -1.0618
-1.08178 -1.05869
-1.07962 -1.05984
-1.08117 -1.05776
-1.08063 -1.06042
-1.08017 -1.05934
-1.08074 -1.05902
-1.07898 -1.06105
-1.0817 -1.05916
-1.08076 -1.05766
-1.07913 -1.06146
-1.08395 -1.05838
-1.07896 -1.06074
-1.07939 -1.06181
-1.08197 -1.05732
-1.08025 -1.05937
-1.07854 -1.0629
-1.08093 -1.05762
-1.07908 -1.06024
-1.0802 -1.06058
-1.07961 -1.05967
-1.0802 -1.05978
-1.07804 -1.06013
-1.08089 -1.05973
-1.07926 -1.05871
-1.07861 -1.06011
-1.07755 -1.0602
-1.08024 -1.05867
-1.07901 -1.06141
-1.07827 -1.05939
-1.08196 -1.05797
-1.0766 -1.06182
-1.07882 -1.05743
-1.07804 -1.06294
-1.08068 -1.0586
-1.07721 -1.06127
-1.07869 -1.05842
-1.07874 -1.06015
-1.07726 -1.05911
-1.07926 -1.05904
-1.07834 -1.06133
-1.07812 -1.05907
-1.07879 -1.05955
-1.07959 -1.05869
-1.07694 -1.06158
-1.07904 -1.06004
-1.07878 -1.05803
-1.07882 -1.06104
-1.07901 -1.05757
-1.07979 -1.06141
-1.07908 -1.05922
-1.07723 -1.05988
-1.08009 -1.06068
-1.07874 -1.05919
-1.07877 -1.06007
-1.07821 -1.06048
-1.07936 -1.05887
-1.07946 -1.05936
-1.07823 -1.05962
-1.07879 -1.06063
-1.0795 -1.05952
-1.07898 -1.05955
-1.07836 -1.05996
-1.07983 -1.05762
-1.07914 -1.06091
-1.07781 -1.06085
-1.07885 -1.05812
-1.07989 -1.05798
-1.07798 -1.06144
-1.08037 -1.05929
-1.07859 -1.05907
-1.07762 -1.05998
-1.08059 -1.05886
-1.07668 -1.06103
-1.08131 -1.05665
-1.07811 -1.05975
-1.07747 -1.06134
-1.07936 -1.05868
-1.07984 -1.05809
-1.07765 -1.06104
-1.07936 -1.05864
-1.07886 -1.05996
-1.07809 -1.05914
-1.08061 -1.05955
-1.07886 -1.05968
-1.07862 -1.05929
-1.08053 -1.05894
-1.07839 -1.06073
-1.07881 -1.05834
-1.08017 -1.05898
-1.07743 -1.0606
-1.07988 -1.05812
-1.07881 -1.05831
-1.0782 -1.06037
-1.07765 -1.06014
-1.08063 -1.05692
-1.07649 -1.06075
-1.07925 -1.05949
-1.07869 -1.05853
-1.07761 -1.05963
-1.07763 -1.05935
-1.08043 -1.05766
-1.07704 -1.0621
-1.07826 -1.05954
-1.07984 -1.05685
-1.07687 -1.05946
-1.08036 -1.06018
-1.07759 -1.05816
-1.07745 -1.05958
-1.07988 -1.05737
-1.07716 -1.0598
-1.07687 -1.05875
-1.08016 -1.05856
-1.07779 -1.05964
-1.07693 -1.06014
-1.07908 -1.05657
-1.07568 -1.05969
-1.07925 -1.05848
-1.07595 -1.05977
-1.08172 -1.05748
-1.07649 -1.05919
-1.07642 -1.06103
-1.08013 -1.05693
-1.07678 -1.0584
-1.07975 -1.06028
-1.07646 -1.05926
-1.07843 -1.05648
-1.07835 -1.05998
-1.07735 -1.05737
-1.08005 -1.05742
-1.07723 -1.06187
-1.0799 -1.05571
-1.07813 -1.05944
-1.07685 -1.05896
-1.07901 -1.05814
-1.07792 -1.05626
-1.07762 -1.05923
-1.07761 -1.05915
-1.07905 -1.05656
-1.07731 -1.06061
-1.07809 -1.05589
-1.07688 -1.06033
-1.07805 -1.05552
-1.07731 -1.0597
-1.07732 -1.05846
-1.07789 -1.05745
-1.07774 -1.05713
-1.07802 -1.05675
-1.07842 -1.0569
-1.07812 -1.05717
-1.07582 -1.05898
-1.08009 -1.05493
-1.07449 -1.06139
-1.0803 -1.05351
-1.0762 -1.05818
-1.07818 -1.05872
-1.07926 -1.05473
-1.07495 -1.05855
-1.07999 -1.05692
-1.07849 -1.05732
-1.07731 -1.05731
-1.07768 -1.05824
-1.07944 -1.05527
-1.0763 -1.0593
-1.08019 -1.05537
-1.07537 -1.05877
-1.07822 -1.05589
-1.07785 -1.05589
-1.07681 -1.05787
-1.0784 -1.05607
-1.07632 -1.0583
-1.07961 -1.05349
-1.07703 -1.0584
-1.07784 -1.05634
-1.08054 -1.05567
-1.0773 -1.05691
-1.07644 -1.05508
-1.08015 -1.05652
-1.07819 -1.0555
-1.07592 -1.0567
-1.0796 -1.05461
-1.07749 -1.05726
-1.07691 -1.05654
-1.07766 -1.05476
-1.07847 -1.05565
-1.07679 -1.0579
-1.07944 -1.05303
-1.07619 -1.05726
-1.07897 -1.05489
-1.07977 -1.05435
-1.07748 -1.05814
-1.07827 -1.05481
-1.07729 -1.057
-1.08031 -1.05396
-1.07711 -1.05638
-1.07919 -1.0572
-1.078 -1.05469
-1.07854 -1.05664
-1.07787 -1.05656
-1.07774 -1.05587
-1.07912 -1.05468
-1.07654 -1.0562
-1.07757 -1.05528
-1.0773 -1.05777
-1.07851 -1.05334
-1.07654 -1.05674
-1.07783 -1.0561
-1.07899 -1.05319
-1.0768 -1.0572
-1.07858 -1.05501
-1.07717 -1.05479
-1.07763 -1.05599
-1.07841 -1.05361
-1.0771 -1.05725
-1.07831 -1.05503
-1.07948 -1.05458
-1.07715 -1.05714
-1.07872 -1.05393
-1.0789 -1.05883
-1.07891 -1.05276
-1.07931 -1.05608
-1.07685 -1.05665
-1.07862 -1.05477
-1.0787 -1.05593
-1.07683 -1.05663
-1.08029 -1.05542
-1.07871 -1.05399
-1.0778 -1.05736
-1.0804 -1.05402
-1.0773 -1.05472
-1.08043 -1.0531
-1.07732 -1.05435
-1.07849 -1.05505
-1.07871 -1.05436
-1.07925 -1.05395
-1.07895 -1.05415
-1.07753 -1.05457
-1.07907 -1.05372
-1.0787 -1.05335
-1.0787 -1.05393
-1.07839 -1.05417
-1.07772 -1.05272
-1.07958 -1.05459
-1.07751 -1.05387
-1.07924 -1.05267
-1.077 -1.05385
-1.0793 -1.05265
-1.07917 -1.05386
-1.07939 -1.05122
-1.07866 -1.05467
-1.0775 -1.05341
-1.07729 -1.05256
-1.07921 -1.05348
-1.07745 -1.05184
-1.07742 -1.05355
-1.0767 -1.0539
-1.07873 -1.05239
-1.07832 -1.0525
-1.07751 -1.05195
-1.07746 -1.05384
-1.07703 -1.05387
-1.0803 -1.05163
-1.07564 -1.05486
-1.07853 -1.05104
-1.0785 -1.05271
-1.07723 -1.05275
-1.08025 -1.05248
-1.07525 -1.05431
-1.07937 -1.05194
-1.07803 -1.0521
-1.07675 -1.05485
-1.07833 -1.05076
-1.07675 -1.0534
-1.07787 -1.05396
-1.07745 -1.05238
-1.07694 -1.05419
-1.07734 -1.0519
-1.07684 -1.05376
-1.07954 -1.05362
-1.07751 -1.05369
-1.07689 -1.05329
-1.07934 -1.05118
-1.0752 -1.05557
-1.08032 -1.05047
-1.07726 -1.05448
-1.07766 -1.0536
-1.07886 -1.05277
-1.07806 -1.05508
-1.07898 -1.0511
-1.07735 -1.05311
-1.07754 -1.05465
-1.07687 -1.05281
-1.07965 -1.05209
-1.07802 -1.05461
-1.07787 -1.05324
-1.07754 -1.05195
-1.0774 -1.05397
-1.07784 -1.05224
-1.07645 -1.05462
-1.07838 -1.05233
-1.07539 -1.05522
-1.0783 -1.05205
-1.07885 -1.05469
-1.07503 -1.05221
-1.07879 -1.05329
-1.07699 -1.05559
-1.07732 -1.05393
-1.07708 -1.05171
-1.07722 -1.05452
-1.07962 -1.05256
-1.07601 -1.05417
-1.0776 -1.05358
-1.08066 -1.0524
-1.07617 -1.05349
-1.07824 -1.05296
-1.07825 -1.0523
-1.07795 -1.0522
-1.07662 -1.05347
-1.07971 -1.05312
-1.07666 -1.05224
-1.07815 -1.05266
-1.07769 -1.05136
-1.07764 -1.05316
-1.07674 -1.05335
-1.07932 -1.04991
-1.07459 -1.05404
-1.0792 -1.05164
-1.0762 -1.05417
-1.07765 -1.04979
-1.07684 -1.05423
-1.07812 -1.05078
-1.07708 -1.05266
-1.07728 -1.05171
-1.07664 -1.05183
-1.07717 -1.05061
-1.0751 -1.05294
-1.07834 -1.05092
-1.0758 -1.05226
-1.07669 -1.05112
-1.07742 -1.05184
-1.07605 -1.05301
-1.07752 -1.05002
-1.0785 -1.05155
-1.07474 -1.05492
-1.07652 -1.04935
-1.0771 -1.05105
-1.0763 -1.05254
-1.0764 -1.05173
-1.0778 -1.04961
-1.07535 -1.05179
-1.07463 -1.05361
-1.07858 -1.05087
-1.07692 -1.0521
-1.0762 -1.05149
-1.07729 -1.05182
-1.07738 -1.05138
-1.07718 -1.05097
-1.07585 -1.05291
-1.07803 -1.04993
-1.07503 -1.05305
-1.07673 -1.04997
-1.07695 -1.05225
-1.07679 -1.05135
-1.07611 -1.05252
-1.07803 -1.04963
-1.07632 -1.05087
-1.076 -1.05257
-1.07669 -1.05064
-1.07572 -1.05252
-1.07598 -1.04918
-1.0766 -1.05451
-1.07543 -1.05035
-1.0774 -1.04906
-1.07315 -1.05463
-1.07723 -1.04937
-1.07543 -1.05189
-1.07519 -1.04978
-1.07541 -1.05328
-1.07582 -1.04997
-1.07543 -1.05247
-1.07576 -1.05021
-1.07459 -1.05348
-1.07589 -1.05027
-1.07498 -1.0524
-1.07508 -1.0515
-1.07713 -1.0496
-1.0753 -1.05312
-1.07413 -1.05209
-1.07759 -1.048
-1.07321 -1.05439
-1.07751 -1.05156
-1.07504 -1.05123
-1.0778 -1.05079
-1.0748 -1.05274
-1.0765 -1.05163
-1.07626 -1.04977
-1.07595 -1.05262
-1.07546 -1.05026
-1.07614 -1.05279
-1.07565 -1.05212
-1.077 -1.05078
-1.07585 -1.05094
-1.07586 -1.05373
-1.07639 -1.05023
-1.07653 -1.05274
-1.07529 -1.05115
-1.07652 -1.05225
-1.07617 -1.05021
-1.07425 -1.0526
-1.0777 -1.05036
-1.0758 -1.05096
-1.07556 -1.0523
-1.0783 -1.04999
-1.07462 -1.05244
-1.07846 -1.05129
-1.07525 -1.05251
-1.07695 -1.04976
-1.07588 -1.05113
-1.07494 -1.04989
-1.07613 -1.05218
-1.07685 -1.05003
-1.07569 -1.04991
-1.07629 -1.0507
-1.07503 -1.0512
-1.07746 -1.05093
-1.07432 -1.04859
-1.0765 -1.05189
-1.07663 -1.04966
-1.07537 -1.05024
-1.0753 -1.05093
-1.07654 -1.0496
-1.07673 -1.04902
-1.07479 -1.05067
-1.07703 -1.05101
-1.07765 -1.04982
-1.07609 -1.049
-1.0783 -1.05049
-1.07579 -1.05035
-1.07695 -1.0491
-1.07693 -1.05041
-1.07646 -1.04841
-1.07508 -1.05131
-1.07631 -1.04883
-1.07662 -1.05092
-1.07378 -1.05125
-1.07791 -1.04816
-1.07644 -1.04904
-1.0745 -1.05135
-1.07704 -1.04844
-1.0762 -1.04938
-1.0777 -1.0501
-1.07502 -1.05131
-1.07652 -1.04868
-1.07562 -1.0501
-1.07731 -1.0487
-1.07581 -1.05114
-1.07639 -1.04764
-1.07662 -1.0502
-1.07534 -1.04877
-1.07672 -1.04866
-1.07584 -1.05087
-1.07628 -1.04686
-1.07497 -1.04914
-1.07684 -1.0514
-1.07495 -1.04779
-1.07633 -1.05024
-1.07566 -1.04897
-1.07403 -1.04855
-1.07579 -1.05025
-1.0781 -1.04831
-1.07224 -1.05211
-1.07724 -1.04651
-1.07557 -1.04971
-1.07562 -1.0489
-1.07514 -1.04872
-1.07693 -1.04673
-1.07491 -1.05366
-1.07805 -1.04631
-1.07429 -1.04926
-1.07793 -1.04922
-1.07493 -1.04923
-1.07473 -1.04903
-1.07784 -1.04646
-1.07552 -1.05116
-1.07591 -1.04744
-1.07478 -1.05017
-1.07696 -1.04758
-1.07407 -1.04956
-1.07699 -1.04909
-1.07496 -1.04666
-1.074 -1.05129
-1.07693 -1.04709
-1.07419 -1.05032
-1.0754 -1.04837
-1.07477 -1.04777
-1.07593 -1.0496
-1.07438 -1.04826
-1.07402 -1.04908
-1.07482 -1.04693
-1.07497 -1.05008
-1.07574 -1.04635
-1.07534 -1.04812
-1.07398 -1.04808
-1.07498 -1.05116
-1.07666 -1.04552
-1.07233 -1.04932
-1.07597 -1.04725
-1.07323 -1.05094
-1.07628 -1.04762
-1.07489 -1.04837
-1.07408 -1.0483
-1.07626 -1.04992
-1.07536 -1.04764
-1.07565 -1.04901
-1.07379 -1.04913
-1.07586 -1.0484
-1.07513 -1.04686
-1.07362 -1.05125
-1.07706 -1.04533
-1.07144 -1.05196
-1.0761 -1.04692
-1.07472 -1.04723
-1.07322 -1.05
-1.07619 -1.04662
-1.07302 -1.05
-1.07404 -1.04905
-1.07587 -1.04753
-1.07295 -1.04876
-1.07409 -1.04853
-1.07537 -1.04767
-1.07404 -1.04932
-1.07368 -1.04985
-1.07515 -1.04617
-1.07406 -1.05003
-1.07433 -1.04785
-1.07364 -1.04824
-1.07461 -1.04852
-1.07296 -1.04779
-1.0737 -1.04898
-1.07308 -1.04881
-1.07494 -1.04719
-1.07434 -1.04894
-1.07269 -1.04765
-1.07439 -1.04779
-1.07368 -1.04824
-1.07176 -1.04936
-1.07535 -1.04611
-1.0739 -1.04794
-1.0733 -1.04887
-1.07313 -1.04661
-1.07557 -1.04919
-1.07318 -1.04779
-1.0736 -1.04767
-1.07406 -1.04925
-1.07455 -1.04558
-1.07315 -1.04888
-1.07243 -1.05007
-1.07743 -1.04546
-1.07238 -1.04855
-1.07457 -1.04906
-1.0733 -1.04698
-1.07488 -1.04818
-1.0743 -1.04827
-1.07233 -1.04766
-1.07467 -1.04871
-1.07493 -1.04695
-1.07251 -1.04908
-1.07407 -1.047
-1.07517 -1.04839
-1.07267 -1.04822
-1.07574 -1.04672
-1.07285 -1.04946
-1.07383 -1.04718
-1.07395 -1.04677
-1.07339 -1.0481
-1.07576 -1.04808
-1.07178 -1.04528
-1.07243 -1.05004
-1.07488 -1.04514
-1.0712 -1.04901
-1.07655 -1.04759
-1.07295 -1.04642
-1.07154 -1.04996
-1.07607 -1.0445
-1.07134 -1.04942
-1.07439 -1.04461
-1.07294 -1.04814
-1.07372 -1.0473
-1.07282 -1.04807
-1.07251 -1.04731
-1.07423 -1.04616
-1.07278 -1.04657
-1.07343 -1.04912
-1.07297 -1.04573
-1.07283 -1.04757
-1.07245 -1.04749
-1.07379 -1.04635
-1.07293 -1.0487
-1.07357 -1.04535
-1.07205 -1.04875
-1.07386 -1.04703
-1.07216 -1.04752
-1.07314 -1.04636
-1.07335 -1.04831
-1.07226 -1.04609
-1.07374 -1.04857
-1.07324 -1.0451
-1.07199 -1.04772
-1.0744 -1.04705
-1.07178 -1.04738
-1.07474 -1.04683
-1.07227 -1.04978
-1.07238 -1.04756
-1.07519 -1.04571
-1.07363 -1.0496
-1.07345 -1.04737
-1.07508 -1.04633
-1.07071 -1.0489
-1.07389 -1.04718
-1.07432 -1.04624
-1.07326 -1.04813
-1.07366 -1.04786
-1.07354 -1.04691
-1.07396 -1.04755
-1.07404 -1.04706
-1.07337 -1.04754
-1.07548 -1.04766
-1.07244 -1.04802
-1.07492 -1.04764
-1.07381 -1.04605
-1.07533 -1.04755
-1.07329 -1.04751
-1.07476 -1.04822
-1.07356 -1.04784
-1.07234 -1.04785
-1.07552 -1.04633
-1.07401 -1.04533
-1.07237 -1.04973
-1.075 -1.04428
-1.07399 -1.04704
-1.0723 -1.04774
-1.07528 -1.04658
-1.07428 -1.04746
-1.07449 -1.04712
-1.07311 -1.04855
-1.07498 -1.04665
-1.07271 -1.04909
-1.07594 -1.04638
-1.07245 -1.04965
-1.07443 -1.04638
-1.07365 -1.04703
-1.07328 -1.04907
-1.07452 -1.047
-1.07486 -1.0463
-1.0743 -1.04737
-1.07452 -1.04865
-1.07318 -1.04604
-1.07533 -1.04755
-1.07463 -1.04561
-1.07197 -1.04981
-1.07568 -1.04535
-1.07336 -1.04832
-1.07507 -1.04484
-1.07314 -1.04866
-1.07379 -1.04688
-1.07389 -1.04726
-1.07447 -1.04695
-1.0747 -1.04644
-1.07345 -1.04759
-1.07521 -1.04675
-1.07277 -1.0473
-1.07644 -1.04704
-1.07309 -1.04869
-1.07624 -1.0454
-1.07224 -1.04819
-1.07355 -1.04656
-1.07531 -1.04622
-1.07337 -1.04676
-1.07381 -1.04621
-1.07303 -1.04789
-1.07423 -1.04543
-1.07214 -1.04756
-1.07453 -1.04762
-1.07347 -1.04662
-1.07416 -1.04562
-1.07094 -1.04966
-1.07578 -1.04456
-1.07046 -1.05026
-1.07636 -1.04531
-1.07144 -1.04819
-1.07382 -1.04667
-1.07405 -1.04504
-1.07124 -1.04774
-1.0723 -1.04646
-1.07337 -1.04767
-1.07364 -1.04572
-1.07129 -1.04765
-1.07315 -1.04828
-1.07327 -1.0453
-1.07229 -1.0464
-1.07238 -1.04692
-1.07115 -1.0476
-1.07494 -1.04434
-1.07079 -1.04891
-1.07161 -1.04498
-1.07355 -1.04659
-1.07146 -1.0481
-1.07203 -1.04525
-1.07067 -1.04625
-1.07348 -1.04675
-1.07055 -1.04606
-1.07266 -1.04649
-1.07131 -1.04764
-1.07277 -1.04568
-1.07107 -1.04566
-1.07285 -1.04516
-1.07148 -1.04714
-1.07213 -1.04561
-1.07153 -1.04566
-1.07321 -1.04668
-1.07193 -1.04579
-1.07347 -1.04759
-1.07231 -1.04526
-1.07292 -1.04602
-1.07133 -1.04725
-1.07264 -1.04599
-1.0732 -1.04609
-1.07007 -1.04581
-1.07326 -1.04766
-1.07145 -1.04552
-1.07296 -1.04561
-1.07096 -1.04622
-1.07347 -1.04578
-1.07156 -1.04664
-1.07208 -1.04542
-1.07293 -1.04488
-1.07089 -1.04795
-1.07096 -1.04575
-1.07275 -1.04475
-1.07399 -1.04682
-1.07054 -1.04505
-1.07443 -1.04324
-1.07226 -1.04818
-1.0724 -1.04477
-1.07275 -1.04605
-1.07403 -1.04455
-1.06978 -1.04679
-1.07569 -1.04543
-1.07207 -1.04589
-1.07284 -1.04518
-1.07249 -1.04479
-1.07363 -1.04522
-1.07255 -1.04426
-1.07252 -1.0459
-1.07235 -1.04593
-1.07293 -1.04385
-1.07278 -1.04477
-1.07257 -1.04597
-1.07155 -1.04512
-1.07301 -1.04441
-1.07226 -1.04397
-1.07205 -1.04589
-1.07354 -1.04589
-1.07286 -1.04474
-1.06963 -1.04651
-1.0737 -1.04325
-1.07311 -1.04451
-1.07124 -1.04771
-1.07252 -1.04276
-1.07127 -1.04733
-1.07422 -1.04295
-1.07258 -1.04486
-1.07366 -1.0465
-1.0738 -1.04407
-1.07133 -1.04569
-1.07252 -1.04489
-1.07359 -1.04416
-1.07227 -1.04474
-1.07252 -1.0437
-1.07377 -1.04309
-1.07166 -1.04641
-1.07335 -1.04345
-1.07486 -1.04331
-1.06993 -1.04528
-1.07355 -1.04433
-1.07075 -1.04506
-1.07309 -1.0431
-1.0735 -1.04456
-1.07204 -1.04318
-1.07093 -1.04579
-1.0732 -1.04324
-1.07123 -1.04478
-1.07249 -1.0442
-1.07202 -1.04259
-1.06924 -1.04782
-1.07389 -1.04155
-1.06896 -1.04601
-1.07385 -1.04403
-1.07139 -1.04488
-1.07093 -1.04302
-1.07115 -1.04587
-1.07357 -1.04201
-1.06924 -1.04713
-1.07321 -1.04169
-1.0719 -1.04438
-1.07174 -1.04408
-1.07279 -1.0435
-1.072 -1.04494
-1.07133 -1.04459
-1.07263 -1.04396
-1.07176 -1.04136
-1.06963 -1.04656
-1.07457 -1.04106
-1.07163 -1.04374
-1.07264 -1.04385
-1.07252 -1.04296
-1.07107 -1.04338
-1.07233 -1.04422
-1.07243 -1.04362
-1.07096 -1.04334
-1.07318 -1.04244
-1.07153 -1.04391
-1.07146 -1.04326
-1.07257 -1.04172
-1.07331 -1.04321
-1.07082 -1.0443
-1.07232 -1.04331
-1.07467 -1.04203
-1.07077 -1.0437
-1.07393 -1.04248
