0 0
-0.087158 -0.0820019
-0.17152 -0.161657
-0.252885 -0.238674
-0.331199 -0.313083
-0.406632 -0.385206
-0.478938 -0.454478
-0.548527 -0.520989
-0.615269 -0.585855
-0.678338 -0.645998
-0.737507 -0.706703
-0.795816 -0.76235
-0.849289 -0.815826
-0.900619 -0.865737
-0.94736 -0.914121
-0.991935 -0.960553
-1.0334 -1.00363
-1.07059 -1.04269
-1.10625 -1.08074
-1.13462 -1.11664
-1.16199 -1.15045
-1.18421 -1.17974
-1.20694 -1.20996
-1.22282 -1.23306
-1.23637 -1.25862
-1.25086 -1.27876
-1.25954 -1.29988
-1.26685 -1.31815
-1.27843 -1.333
-1.27485 -1.35105
-1.28578 -1.36218
-1.28475 -1.3626
-1.28513 -1.36574
-1.28552 -1.3616
-1.28716 -1.36084
-1.28555 -1.36256
-1.28359 -1.36579
-1.28666 -1.36031
-1.28369 -1.3634
-1.28799 -1.35999
-1.28414 -1.36272
-1.28594 -1.36023
-1.28393 -1.36251
-1.28704 -1.35914
-1.28331 -1.36165
-1.28413 -1.36054
-1.28588 -1.36095
-1.28862 -1.35908
-1.28285 -1.35772
-1.28263 -1.36215
-1.28748 -1.35549
-1.28604 -1.36055
-1.28688 -1.35542
-1.28669 -1.36075
-1.28389 -1.35974
-1.28565 -1.35822
-1.28601 -1.3571
-1.28652 -1.35883
-1.28433 -1.35876
-1.28447 -1.36112
-1.28431 -1.3595
-1.28666 -1.35907
-1.28542 -1.35962
-1.28625 -1.36002
-1.28412 -1.35939
-1.28559 -1.35672
-1.28573 -1.3607
-1.28476 -1.35806
-1.28606 -1.36075
-1.28755 -1.3571
-1.28632 -1.35767
-1.28309 -1.35881
-1.28533 -1.35696
-1.28661 -1.35816
-1.28576 -1.35783
-1.28706 -1.35852
-1.28405 -1.35814
-1.28574 -1.35835
-1.28344 -1.35901
-1.28811 -1.35379
-1.28596 -1.35952
-1.28464 -1.35488
-1.28634 -1.35557
-1.28574 -1.35726
-1.28753 -1.35407
-1.28546 -1.35635
-1.2852 -1.35797
-1.28782 -1.35526
-1.28577 -1.35641
-1.2868 -1.35629
-1.28661 -1.35472
-1.2843 -1.35759
-1.28448 -1.3523
-1.28529 -1.3585
-1.28756 -1.35561
-1.28631 -1.35398
-1.28652 -1.35613
-1.28398 -1.35516
-1.28687 -1.35798
-1.28485 -1.35672
-1.28761 -1.35418
-1.28542 -1.35882
-1.28868 -1.35425
-1.28401 -1.35356
-1.28487 -1.35742
-1.28749 -1.35275
-1.28797 -1.3571
-1.28656 -1.35156
-1.28316 -1.35625
-1.28793 -1.3524
-1.28476 -1.35576
-1.28698 -1.35846
-1.28667 -1.35481
-1.28474 -1.35517
-1.28821 -1.35165
-1.28315 -1.36049
-1.28773 -1.35779
-1.28429 -1.3539
-1.2858 -1.35649
-1.28334 -1.35799
-1.28624 -1.3545
-1.28543 -1.35677
-1.28722 -1.3548
-1.2823 -1.35639
-1.28565 -1.35233
-1.28799 -1.35429
-1.28508 -1.35709
-1.28425 -1.3549
-1.28598 -1.35363
-1.28655 -1.35503
-1.28579 -1.35622
-1.28708 -1.35176
-1.28499 -1.35593
-1.28481 -1.3538
-1.28446 -1.35615
-1.28471 -1.35566
-1.28472 -1.35746
-1.28398 -1.35079
-1.28565 -1.35657
-1.2809 -1.35665
-1.28524 -1.35396
-1.28355 -1.35622
-1.28336 -1.35056
-1.28458 -1.35691
-1.28309 -1.35474
-1.28194 -1.35208
-1.28496 -1.35356
-1.28437 -1.35297
-1.28329 -1.35318
-1.28511 -1.35655
-1.28295 -1.34982
-1.28532 -1.35633
-1.28524 -1.35414
-1.28147 -1.35142
-1.28536 -1.35155
-1.28418 -1.35376
-1.28372 -1.35463
-1.28463 -1.34937
-1.2862 -1.3502
-1.28413 -1.35382
-1.28582 -1.35316
-1.28588 -1.35235
-1.28405 -1.35369
-1.28237 -1.35209
-1.28146 -1.35414
-1.28373 -1.35072
-1.28199 -1.35591
-1.28409 -1.35222
-1.28145 -1.3531
-1.28302 -1.3528
-1.28241 -1.35442
-1.28729 -1.34865
-1.28098 -1.35673
-1.28381 -1.35138
-1.28383 -1.35384
-1.28321 -1.35077
-1.28353 -1.35326
-1.2819 -1.3501
-1.28434 -1.35533
-1.27899 -1.35426
-1.28044 -1.35235
-1.28332 -1.35123
-1.28092 -1.35486
-1.27921 -1.35378
-1.28062 -1.35529
-1.28232 -1.35315
-1.281 -1.35492
-1.2777 -1.35428
-1.28393 -1.35262
-1.28119 -1.35318
-1.28457 -1.35383
-1.28172 -1.35051
-1.28389 -1.35391
-1.27728 -1.35256
-1.282 -1.35177
-1.28097 -1.35163
-1.28149 -1.35215
-1.28295 -1.35182
-1.2794 -1.35222
-1.28314 -1.3507
-1.28215 -1.35275
-1.28122 -1.35253
-1.2816 -1.35302
-1.28156 -1.35002
-1.28168 -1.34997
-1.27997 -1.35541
-1.28208 -1.35199
-1.28227 -1.35293
-1.28151 -1.35363
-1.27933 -1.35359
-1.28343 -1.34936
-1.28167 -1.35095
-1.28249 -1.35437
-1.28306 -1.3494
-1.28056 -1.35385
-1.28198 -1.35236
-1.28153 -1.34882
-1.28046 -1.35275
-1.28304 -1.34985
-1.28421 -1.34636
-1.28408 -1.35123
-1.28068 -1.35239
-1.28121 -1.3504
-1.28344 -1.35053
-1.28453 -1.34982
-1.28542 -1.34922
-1.28433 -1.34792
-1.27839 -1.3482
-1.2819 -1.35335
-1.28488 -1.34681
-1.2825 -1.34921
-1.28271 -1.34927
-1.28336 -1.34724
-1.28375 -1.35158
-1.28258 -1.34719
-1.28136 -1.34986
-1.28485 -1.34731
-1.28266 -1.35086
-1.28114 -1.34809
-1.28356 -1.34732
-1.2838 -1.35207
-1.28154 -1.34854
-1.28152 -1.3487
-1.28321 -1.34779
-1.28055 -1.34758
-1.27969 -1.35193
-1.2835 -1.3479
-1.27964 -1.34828
-1.28093 -1.35185
-1.27891 -1.34905
-1.28162 -1.34853
-1.27902 -1.3502
-1.28074 -1.34951
-1.27817 -1.35408
-1.2822 -1.34963
-1.27877 -1.35038
-1.28254 -1.35073
-1.27977 -1.34841
-1.28214 -1.35026
-1.28083 -1.35034
-1.28012 -1.34984
-1.28198 -1.34711
-1.28203 -1.34993
-1.27998 -1.34897
-1.28036 -1.34904
-1.28263 -1.34806
-1.27974 -1.34819
-1.28114 -1.34883
-1.27999 -1.35038
-1.28026 -1.3476
-1.28059 -1.34879
-1.27845 -1.34806
-1.28256 -1.34571
-1.28091 -1.35066
-1.27958 -1.34873
-1.28195 -1.34869
-1.28069 -1.34612
-1.27968 -1.35129
-1.2825 -1.34875
-1.2814 -1.34965
-1.27965 -1.34696
-1.28123 -1.35038
-1.28053 -1.34954
-1.28151 -1.34562
-1.2774 -1.34975
-1.28166 -1.34943
-1.27995 -1.34655
-1.27825 -1.34756
-1.28088 -1.34994
-1.27698 -1.34617
-1.28092 -1.34794
-1.27982 -1.34924
-1.28019 -1.34452
-1.27939 -1.35198
-1.28274 -1.34502
-1.2791 -1.34648
-1.28046 -1.34997
-1.28065 -1.34647
-1.28009 -1.3497
-1.28334 -1.34478
-1.28293 -1.34575
-1.28 -1.3493
-1.27987 -1.34589
-1.28285 -1.34604
-1.28122 -1.34419
-1.28025 -1.34829
-1.27906 -1.3467
-1.28095 -1.34675
-1.27779 -1.34768
-1.27937 -1.34882
-1.28047 -1.34681
-1.27561 -1.3487
-1.2797 -1.34728
-1.27962 -1.34768
-1.27896 -1.34962
-1.27603 -1.34944
-1.28267 -1.34884
-1.27638 -1.35116
-1.27739 -1.34883
-1.28144 -1.34622
-1.2769 -1.34601
-1.27924 -1.35019
-1.27581 -1.34907
-1.28018 -1.34512
-1.27556 -1.35011
-1.27802 -1.34693
-1.27924 -1.34771
-1.27462 -1.35094
-1.2778 -1.34977
-1.2777 -1.34939
-1.2757 -1.34843
-1.27927 -1.34752
-1.27725 -1.34786
-1.27637 -1.35269
-1.27988 -1.34665
-1.27814 -1.34781
-1.27521 -1.34886
-1.28205 -1.34881
-1.2761 -1.35057
-1.27452 -1.34648
-1.27949 -1.34756
-1.27612 -1.35121
-1.27856 -1.34744
-1.27862 -1.3474
-1.27657 -1.34995
-1.2784 -1.34619
-1.27719 -1.34852
-1.28077 -1.34882
-1.27584 -1.34859
-1.279 -1.3489
-1.27855 -1.34637
-1.27619 -1.35169
-1.27836 -1.3468
-1.27759 -1.35107
-1.27607 -1.34814
-1.27635 -1.34654
-1.27851 -1.34648
-1.27675 -1.34621
-1.27986 -1.34771
-1.27367 -1.34897
-1.277 -1.34849
-1.27583 -1.34877
-1.27909 -1.34687
-1.27623 -1.34789
-1.27781 -1.34825
-1.2764 -1.34567
-1.2782 -1.34755
-1.27606 -1.34983
-1.27591 -1.34468
-1.27692 -1.35013
-1.2788 -1.34488
-1.27735 -1.34712
-1.27827 -1.3462
-1.27802 -1.34401
-1.27666 -1.34653
-1.27761 -1.34905
-1.27292 -1.34764
-1.27715 -1.3473
-1.27401 -1.34813
-1.27664 -1.34638
-1.27738 -1.3466
-1.27528 -1.34711
-1.27685 -1.34648
-1.27671 -1.34821
-1.27693 -1.34615
-1.27703 -1.34523
-1.27566 -1.3464
-1.27779 -1.34638
-1.2763 -1.34605
-1.28017 -1.34419
-1.27708 -1.34871
-1.27594 -1.34395
-1.27554 -1.34477
-1.2781 -1.34422
-1.27622 -1.34553
-1.27739 -1.34413
-1.27699 -1.34517
-1.27704 -1.34364
-1.27822 -1.34353
-1.27771 -1.34279
-1.27845 -1.34233
-1.27567 -1.34317
-1.27757 -1.34286
-1.27478 -1.34338
-1.2764 -1.34484
-1.27682 -1.34185
-1.2762 -1.34151
-1.27727 -1.34476
-1.27647 -1.34524
-1.27667 -1.34302
-1.27945 -1.34144
-1.27474 -1.34053
-1.27798 -1.34168
-1.2771 -1.34067
-1.27541 -1.3429
-1.27687 -1.34326
-1.27512 -1.34456
-1.27615 -1.34241
-1.27816 -1.3404
-1.27745 -1.34275
-1.27531 -1.3455
-1.278 -1.3411
-1.27642 -1.34358
-1.27452 -1.34673
-1.27896 -1.33858
-1.27755 -1.34385
-1.27799 -1.34014
-1.27488 -1.3424
-1.2804 -1.33875
-1.27837 -1.34112
-1.27507 -1.34262
-1.27971 -1.34403
-1.27594 -1.3412
-1.27739 -1.33843
-1.27687 -1.34204
-1.27665 -1.34127
-1.27626 -1.34278
-1.2757 -1.33989
-1.2762 -1.34472
-1.2755 -1.33982
-1.27707 -1.34295
-1.27695 -1.33921
-1.27669 -1.34229
-1.27854 -1.33712
-1.27682 -1.34123
-1.27753 -1.34009
-1.27591 -1.34143
-1.27867 -1.34001
-1.27724 -1.33989
-1.2779 -1.33887
-1.27591 -1.33902
-1.27767 -1.33934
-1.27934 -1.34061
-1.27566 -1.33778
-1.27765 -1.34087
-1.28052 -1.33724
-1.27688 -1.33729
-1.27914 -1.34068
-1.27765 -1.33912
-1.278 -1.33678
-1.27677 -1.33826
-1.27711 -1.33853
-1.27619 -1.34021
-1.27798 -1.33806
-1.2766 -1.3405
-1.27803 -1.33798
-1.27767 -1.33983
-1.27761 -1.34031
-1.27729 -1.3382
-1.279 -1.33833
-1.27525 -1.33979
-1.28034 -1.33768
-1.27503 -1.34251
-1.27667 -1.33804
-1.27831 -1.33882
-1.27648 -1.34
-1.27621 -1.34126
-1.2762 -1.34204
-1.27778 -1.34148
-1.27758 -1.33819
-1.27554 -1.33927
-1.27654 -1.33885
-1.27687 -1.33857
-1.27289 -1.34016
-1.27636 -1.34151
-1.27787 -1.33818
-1.27651 -1.33824
-1.27628 -1.33767
-1.2773 -1.33871
-1.27783 -1.33995
-1.27549 -1.33624
-1.27559 -1.33816
-1.27888 -1.33457
-1.27842 -1.33741
-1.27595 -1.33751
-1.27844 -1.33593
-1.27807 -1.33758
-1.28097 -1.33505
-1.27729 -1.33608
-1.27992 -1.33574
-1.27899 -1.33524
-1.27746 -1.33862
-1.27879 -1.33761
-1.2787 -1.33874
-1.27648 -1.33426
-1.2772 -1.34074
-1.27613 -1.338
-1.27921 -1.34132
-1.27703 -1.33494
-1.2758 -1.33827
-1.27677 -1.33937
-1.27567 -1.33492
-1.27892 -1.33763
-1.2749 -1.33789
-1.27602 -1.33656
-1.27853 -1.33763
-1.27435 -1.33809
-1.27837 -1.33968
-1.27904 -1.33433
-1.27486 -1.33715
-1.27775 -1.33728
-1.27386 -1.33951
-1.27737 -1.33446
-1.27284 -1.33752
-1.27906 -1.33768
-1.27488 -1.33926
-1.2748 -1.33508
-1.27528 -1.33711
-1.27664 -1.33564
-1.27781 -1.33912
-1.27447 -1.33715
-1.28029 -1.33449
-1.27266 -1.33795
-1.27596 -1.33462
-1.27713 -1.33774
-1.27406 -1.33568
-1.2755 -1.33796
-1.2753 -1.33828
-1.27548 -1.33813
-1.27669 -1.33319
-1.27696 -1.33843
-1.27444 -1.33669
-1.27688 -1.33674
-1.27638 -1.33608
-1.27675 -1.3357
-1.27137 -1.33825
-1.27679 -1.33663
-1.27302 -1.33636
-1.27365 -1.33767
-1.27178 -1.33623
-1.27482 -1.33945
-1.2747 -1.33321
-1.27356 -1.33617
-1.27361 -1.33632
-1.27613 -1.33667
-1.27429 -1.33675
-1.27534 -1.33359
-1.27308 -1.33915
-1.27763 -1.33295
-1.27295 -1.33758
-1.27836 -1.33284
-1.27504 -1.33446
-1.27481 -1.33613
-1.27783 -1.3337
-1.27744 -1.33514
-1.27631 -1.33342
-1.27769 -1.33508
-1.27519 -1.33483
-1.27443 -1.33715
-1.27596 -1.33529
-1.27526 -1.3348
-1.27421 -1.33495
-1.2749 -1.3344
-1.27622 -1.33532
-1.27592 -1.3322
-1.27625 -1.33513
-1.2737 -1.33595
-1.27838 -1.33337
-1.27239 -1.33821
-1.27808 -1.33098
-1.27411 -1.33342
-1.27713 -1.33449
-1.27466 -1.33592
-1.27308 -1.33354
-1.27666 -1.33235
-1.27379 -1.33668
-1.27598 -1.33267
-1.27316 -1.33438
-1.27522 -1.33616
-1.27322 -1.33445
-1.27653 -1.33299
-1.27686 -1.33252
-1.27499 -1.33534
-1.2764 -1.33488
-1.27425 -1.33033
-1.27454 -1.33293
-1.27564 -1.33247
-1.27368 -1.33481
-1.27771 -1.33035
-1.27845 -1.3352
-1.27417 -1.33111
-1.27711 -1.33053
-1.27674 -1.33151
-1.27772 -1.33023
-1.27581 -1.33176
-1.27607 -1.33321
-1.27499 -1.33558
-1.27769 -1.33136
-1.2785 -1.32955
-1.27604 -1.33403
-1.27517 -1.33343
-1.27575 -1.33423
-1.27767 -1.33359
-1.2765 -1.33125
-1.27539 -1.33434
-1.27564 -1.33479
-1.27762 -1.33085
-1.27568 -1.33391
-1.27785 -1.33294
-1.27317 -1.33443
-1.2776 -1.3305
-1.27503 -1.33426
-1.27632 -1.33175
-1.2747 -1.3346
-1.2747 -1.3317
-1.27374 -1.33314
-1.27765 -1.33037
-1.27239 -1.33722
-1.27614 -1.33237
-1.27463 -1.33408
-1.27518 -1.33013
-1.27364 -1.33219
-1.27804 -1.33372
-1.27519 -1.33411
-1.27547 -1.33366
-1.27756 -1.3318
-1.27348 -1.33415
-1.27772 -1.33035
-1.27532 -1.33311
-1.27777 -1.3319
-1.27642 -1.33469
-1.27885 -1.33262
-1.27305 -1.33382
-1.2771 -1.32986
-1.27655 -1.33285
-1.27482 -1.33312
-1.27577 -1.33167
-1.27446 -1.33336
-1.27315 -1.33442
-1.27629 -1.33177
-1.27821 -1.33069
-1.2735 -1.33297
-1.27415 -1.33503
-1.27592 -1.33072
-1.27195 -1.33436
-1.27537 -1.33376
-1.27346 -1.3332
-1.27177 -1.3328
-1.27354 -1.33423
-1.27615 -1.33157
-1.2736 -1.33465
-1.27448 -1.3301
-1.27529 -1.33182
-1.27321 -1.33333
-1.27464 -1.33163
-1.27492 -1.33159
-1.27544 -1.33212
-1.27161 -1.3346
-1.27591 -1.33345
-1.27073 -1.33656
-1.27458 -1.33059
-1.27491 -1.33374
-1.2751 -1.33219
-1.27047 -1.33102
-1.27401 -1.33767
-1.27266 -1.32886
-1.27034 -1.33797
-1.27196 -1.33287
-1.27316 -1.33328
-1.27214 -1.33635
-1.27544 -1.33003
-1.27283 -1.33432
-1.27379 -1.33363
-1.27328 -1.33052
-1.27668 -1.32786
-1.27233 -1.33383
-1.2762 -1.33011
-1.27666 -1.32979
-1.27338 -1.3308
-1.27911 -1.32966
-1.27373 -1.3282
-1.27405 -1.32868
-1.27809 -1.33052
-1.27438 -1.33104
-1.27651 -1.33066
-1.27559 -1.32993
-1.2758 -1.33209
-1.27374 -1.32838
-1.27643 -1.33113
-1.27353 -1.33209
-1.27594 -1.32916
-1.2748 -1.3278
-1.27535 -1.33066
-1.27631 -1.32781
-1.27585 -1.32864
-1.27465 -1.3295
-1.27328 -1.33172
-1.27307 -1.32828
-1.27723 -1.32802
-1.27559 -1.33289
-1.272 -1.33209
-1.27622 -1.32986
-1.27445 -1.3302
-1.27222 -1.33124
-1.2763 -1.32976
-1.27287 -1.33164
-1.27408 -1.32652
-1.2753 -1.33214
-1.27299 -1.32957
-1.27546 -1.33124
-1.27333 -1.32871
-1.2759 -1.32856
-1.27214 -1.33028
-1.27601 -1.32889
-1.2753 -1.32988
-1.27168 -1.32971
-1.27376 -1.33089
-1.27341 -1.33427
-1.27085 -1.33114
-1.27483 -1.3296
-1.27593 -1.32892
-1.27121 -1.33245
-1.27344 -1.33015
-1.27257 -1.329
-1.2719 -1.33067
-1.27388 -1.33098
-1.27366 -1.32882
-1.27371 -1.32624
-1.27446 -1.33387
-1.27491 -1.32732
-1.27168 -1.33061
-1.27523 -1.32777
-1.27144 -1.33047
-1.27148 -1.32964
-1.2739 -1.3287
-1.27176 -1.33134
-1.27394 -1.32438
-1.27355 -1.32993
-1.27205 -1.33013
-1.27267 -1.32917
-1.27507 -1.32821
-1.27044 -1.32879
-1.27383 -1.33031
-1.27385 -1.33016
-1.27096 -1.32802
-1.27287 -1.32964
-1.27338 -1.33143
-1.27441 -1.32686
-1.27385 -1.32838
-1.27335 -1.3293
-1.27328 -1.32982
-1.2718 -1.3282
-1.27103 -1.32897
-1.27357 -1.32859
-1.27256 -1.32938
-1.27331 -1.32796
-1.27045 -1.33518
-1.27223 -1.33037
-1.27447 -1.32945
-1.27135 -1.33411
-1.27225 -1.32859
-1.27356 -1.33025
-1.27269 -1.33153
-1.27165 -1.33218
-1.27482 -1.32716
-1.26922 -1.33112
-1.27191 -1.33073
-1.27436 -1.32616
-1.27342 -1.32895
-1.27227 -1.32571
-1.27238 -1.32878
-1.27227 -1.32969
-1.27298 -1.32795
-1.27332 -1.33041
-1.27325 -1.32613
-1.27051 -1.33133
-1.27226 -1.32548
-1.27108 -1.33318
-1.27491 -1.32598
-1.26924 -1.33005
-1.27216 -1.32927
-1.27219 -1.32723
-1.27113 -1.33136
-1.27276 -1.3254
-1.26965 -1.32973
-1.27314 -1.32803
-1.27266 -1.32956
-1.27068 -1.32756
-1.27019 -1.32868
-1.27592 -1.32628
-1.27216 -1.32953
-1.27395 -1.32638
-1.272 -1.32423
-1.27344 -1.32998
-1.27228 -1.32722
-1.27224 -1.32574
-1.27164 -1.32846
-1.2732 -1.32633
-1.27321 -1.32855
-1.27338 -1.32545
-1.26931 -1.32973
-1.27163 -1.32664
-1.27188 -1.3265
-1.27241 -1.32743
-1.27093 -1.32543
-1.2728 -1.32726
-1.27 -1.32857
-1.26996 -1.3257
-1.27329 -1.32876
-1.26984 -1.32594
-1.27044 -1.32723
-1.27144 -1.32754
-1.27208 -1.32814
-1.27289 -1.32525
-1.26954 -1.32889
-1.27269 -1.32444
-1.27003 -1.329
-1.2717 -1.32604
-1.27171 -1.32661
-1.27293 -1.32722
-1.27119 -1.3271
-1.27325 -1.32655
-1.27083 -1.32959
-1.26902 -1.32853
-1.2743 -1.32391
-1.26932 -1.32806
-1.27253 -1.3272
-1.27178 -1.32751
-1.27343 -1.32606
-1.27115 -1.32673
-1.27051 -1.32855
-1.27149 -1.32735
-1.27208 -1.32907
-1.27196 -1.32571
-1.27327 -1.33037
-1.27338 -1.3256
-1.27114 -1.32613
-1.2735 -1.32495
-1.27371 -1.32652
-1.26994 -1.32671
-1.27175 -1.32628
-1.27224 -1.32659
-1.27168 -1.32859
-1.27176 -1.32489
-1.27277 -1.32774
-1.27585 -1.32401
-1.27078 -1.32769
-1.27213 -1.3282
-1.27247 -1.32154
-1.27166 -1.32665
-1.27237 -1.3264
-1.27341 -1.32596
-1.26978 -1.32672
-1.27546 -1.32283
-1.26839 -1.32804
-1.27488 -1.32329
-1.27156 -1.32638
-1.2728 -1.3232
-1.27287 -1.32559
-1.27134 -1.32298
-1.2706 -1.32556
-1.27093 -1.32202
-1.27268 -1.32633
-1.27222 -1.3241
-1.27079 -1.3238
-1.27241 -1.32172
-1.26863 -1.32559
-1.27132 -1.32311
-1.27202 -1.3244
-1.27223 -1.32306
-1.2686 -1.32532
-1.27054 -1.32272
-1.26987 -1.32643
-1.2728 -1.32248
-1.26934 -1.32744
-1.27142 -1.32315
-1.26881 -1.32293
-1.27082 -1.32499
-1.26711 -1.32656
-1.27031 -1.32667
-1.27077 -1.32449
-1.26824 -1.32622
-1.2696 -1.32433
-1.27165 -1.32196
-1.26624 -1.32787
-1.27105 -1.32277
-1.26892 -1.32359
-1.26748 -1.32524
-1.27112 -1.32511
-1.27164 -1.32076
-1.26742 -1.32457
-1.27042 -1.32428
-1.27077 -1.32328
-1.26776 -1.32535
-1.27049 -1.32363
-1.27121 -1.32307
-1.2696 -1.32331
-1.26866 -1.32202
-1.2684 -1.32444
-1.27024 -1.32046
-1.26979 -1.32572
-1.27022 -1.31833
-1.26983 -1.32457
-1.26626 -1.323
-1.2694 -1.3222
-1.26779 -1.32264
-1.26783 -1.32223
-1.26885 -1.32341
-1.2674 -1.32137
-1.2692 -1.32309
-1.26568 -1.32333
-1.26708 -1.32436
-1.26969 -1.32044
-1.26878 -1.31993
-1.26987 -1.32352
-1.26553 -1.32508
-1.26877 -1.32081
-1.26856 -1.32075
-1.26733 -1.32141
-1.26656 -1.32299
-1.26816 -1.32086
-1.26952 -1.32452
-1.26812 -1.32193
-1.26961 -1.32335
-1.2643 -1.32303
-1.27045 -1.32179
-1.26966 -1.32146
-1.26832 -1.3234
-1.26757 -1.32361
-1.26726 -1.32371
-1.26931 -1.31929
-1.26604 -1.32452
-1.2676 -1.32188
-1.26499 -1.32655
-1.27005 -1.32258
-1.26846 -1.32018
-1.26776 -1.32294
-1.26851 -1.32275
-1.26754 -1.32238
-1.26952 -1.31972
-1.26751 -1.32485
-1.26953 -1.32014
-1.26713 -1.32581
-1.26855 -1.32124
-1.26627 -1.32263
-1.26705 -1.32079
-1.26616 -1.32236
-1.26547 -1.32214
-1.27036 -1.32065
-1.26323 -1.32143
-1.26718 -1.32156
-1.26503 -1.325
-1.26666 -1.32236
-1.26514 -1.326
-1.2647 -1.3249
-1.26545 -1.32168
-1.26426 -1.3237
-1.26555 -1.31975
-1.26421 -1.32642
-1.26652 -1.32384
-1.26303 -1.3262
-1.26631 -1.32126
-1.26221 -1.32667
-1.26662 -1.32282
-1.26491 -1.32176
-1.26425 -1.32498
-1.26259 -1.32283
-1.2651 -1.32594
-1.26401 -1.32437
-1.26514 -1.32452
-1.26492 -1.32307
-1.26646 -1.32211
-1.26269 -1.32659
-1.26547 -1.3223
-1.26289 -1.32452
-1.26423 -1.32384
-1.26245 -1.3254
-1.2683 -1.32245
-1.26466 -1.32149
-1.26481 -1.32266
-1.26213 -1.32367
-1.26654 -1.32122
-1.26389 -1.3238
-1.26297 -1.32312
-1.2644 -1.32342
-1.26431 -1.32076
-1.26484 -1.32411
-1.2617 -1.32261
-1.26513 -1.32042
-1.26234 -1.32518
-1.26531 -1.32068
-1.26497 -1.3236
-1.2632 -1.32251
-1.26568 -1.32089
-1.26416 -1.3218
-1.26633 -1.31838
-1.26355 -1.32327
-1.26568 -1.3204
-1.2636 -1.3196
-1.26675 -1.32098
-1.26328 -1.32325
-1.26565 -1.3191
-1.26397 -1.32155
-1.26308 -1.3214
-1.26626 -1.31969
-1.2628 -1.32212
-1.26315 -1.31896
-1.26265 -1.32085
-1.26295 -1.32035
-1.26183 -1.32059
-1.26643 -1.31682
-1.2627 -1.32486
-1.26199 -1.31989
-1.26625 -1.31735
-1.25972 -1.32366
-1.2651 -1.31793
-1.26186 -1.32049
-1.26284 -1.31866
-1.26554 -1.31895
-1.26132 -1.32027
-1.26272 -1.32037
-1.26373 -1.31958
-1.2634 -1.32114
-1.26585 -1.31702
-1.26291 -1.31937
-1.26422 -1.31982
-1.26077 -1.32201
-1.26333 -1.3197
-1.26312 -1.32076
-1.26289 -1.3205
-1.2623 -1.31952
-1.26232 -1.32117
-1.26413 -1.31844
-1.26255 -1.3238
-1.26348 -1.31807
-1.26197 -1.32101
-1.26522 -1.31799
-1.26407 -1.319
-1.26217 -1.31954
-1.26484 -1.31728
-1.26145 -1.31948
-1.26533 -1.32054
-1.26085 -1.31711
-1.26281 -1.31904
-1.26283 -1.31921
-1.26353 -1.31878
-1.26468 -1.31796
-1.26122 -1.31709
-1.2637 -1.31432
-1.26257 -1.31673
-1.26524 -1.31836
-1.26275 -1.31871
-1.26317 -1.31458
-1.26643 -1.31448
-1.2653 -1.3181
-1.26313 -1.31682
-1.2647 -1.31381
-1.26258 -1.3174
-1.26694 -1.3153
-1.26046 -1.31724
-1.265 -1.31649
-1.26515 -1.31376
-1.26588 -1.31453
-1.26324 -1.31399
-1.2661 -1.3149
-1.26251 -1.31644
-1.2637 -1.31536
-1.2652 -1.31653
-1.26435 -1.31653
-1.26296 -1.31738
-1.26532 -1.31423
-1.26495 -1.31719
-1.26339 -1.31686
-1.26436 -1.31645
-1.26756 -1.31378
-1.26227 -1.31779
-1.26808 -1.31321
-1.26481 -1.31663
-1.26679 -1.31495
-1.26333 -1.31539
-1.26691 -1.31233
-1.26345 -1.31833
-1.26692 -1.31471
-1.26332 -1.31486
-1.2663 -1.31236
-1.26489 -1.31305
-1.26375 -1.314
-1.2671 -1.313
-1.26346 -1.31712
-1.26252 -1.31262
-1.26609 -1.31699
-1.2633 -1.31628
-1.26588 -1.31065
-1.26375 -1.31285
-1.26276 -1.31556
-1.26503 -1.31402
-1.26153 -1.32017
-1.26459 -1.31303
-1.26504 -1.3121
-1.26333 -1.31695
-1.26361 -1.31315
-1.26298 -1.3138
-1.26411 -1.31505
-1.2677 -1.31063
-1.26419 -1.31481
-1.26506 -1.31524
-1.26309 -1.31284
-1.26495 -1.31175
-1.26579 -1.31218
-1.26459 -1.31241
-1.26254 -1.31495
-1.26374 -1.31292
-1.26614 -1.31092
-1.26335 -1.31517
-1.26653 -1.3135
-1.26545 -1.31221
-1.26682 -1.31121
-1.26258 -1.31209
-1.26415 -1.31172
-1.26394 -1.31468
-1.26653 -1.3103
-1.2667 -1.31289
-1.26407 -1.31295
-1.2666 -1.31181
-1.26744 -1.31035
-1.26243 -1.31417
-1.26776 -1.31031
-1.26373 -1.31299
-1.26354 -1.31295
-1.26484 -1.31339
-1.26513 -1.31107
-1.26397 -1.31357
-1.26223 -1.31375
-1.26617 -1.31084
-1.26059 -1.31404
-1.26523 -1.31289
-1.26457 -1.31355
-1.26549 -1.31211
-1.26362 -1.31024
-1.26581 -1.31316
-1.26365 -1.31005
-1.26706 -1.31181
-1.26164 -1.31263
-1.26613 -1.31215
-1.26388 -1.31015
-1.26556 -1.31228
-1.26422 -1.31041
-1.26442 -1.31056
-1.26298 -1.31322
-1.26351 -1.3125
-1.26077 -1.31259
-1.26176 -1.31054
-1.26433 -1.31158
-1.26016 -1.31211
-1.26092 -1.3127
-1.26111 -1.30966
-1.26322 -1.30979
-1.26043 -1.31178
-1.25911 -1.31499
-1.26406 -1.3054
-1.25854 -1.31355
-1.2605 -1.31056
-1.25896 -1.312
-1.26199 -1.30878
-1.26007 -1.3144
-1.26025 -1.31174
-1.25986 -1.31141
-1.25986 -1.31117
-1.26262 -1.31037
-1.25957 -1.30986
-1.2602 -1.31364
-1.2625 -1.30875
-1.26158 -1.3094
-1.26015 -1.31271
-1.25983 -1.31017
-1.26213 -1.31052
-1.26084 -1.30825
-1.25918 -1.31145
-1.26003 -1.31234
-1.26005 -1.30933
-1.25806 -1.31266
-1.26255 -1.30859
-1.26097 -1.31083
-1.2621 -1.3104
-1.26035 -1.31126
-1.25826 -1.30836
-1.26143 -1.31033
-1.25909 -1.31024
-1.26057 -1.31002
-1.25685 -1.31158
-1.25848 -1.30762
-1.25824 -1.31098
-1.2603 -1.30906
-1.25751 -1.31224
-1.26197 -1.30855
-1.25791 -1.31146
-1.25986 -1.30948
-1.25836 -1.30874
-1.25728 -1.31244
-1.25969 -1.30996
-1.25904 -1.31143
-1.25905 -1.31082
-1.25692 -1.31007
-1.25911 -1.30976
-1.25875 -1.31169
-1.25932 -1.30916
-1.25971 -1.30846
-1.25862 -1.30967
-1.25645 -1.31044
-1.25829 -1.30937
-1.25996 -1.31021
-1.25485 -1.31081
-1.26022 -1.30758
-1.26129 -1.31008
-1.25844 -1.30797
-1.25937 -1.31221
-1.25912 -1.30582
-1.25725 -1.31198
-1.25995 -1.30716
-1.26004 -1.30991
-1.25899 -1.30917
-1.25863 -1.30816
-1.26111 -1.30614
-1.25479 -1.31303
-1.26166 -1.30702
-1.25818 -1.30939
-1.25881 -1.30792
-1.25578 -1.3098
-1.25597 -1.30854
-1.25862 -1.30859
-1.25741 -1.31025
-1.25917 -1.30933
-1.25743 -1.30862
-1.25791 -1.3064
-1.25743 -1.31013
-1.2582 -1.31102
-1.25868 -1.30724
-1.25844 -1.31139
-1.25762 -1.3086
-1.25612 -1.30795
-1.25964 -1.30674
-1.25551 -1.31224
-1.25806 -1.30623
-1.25484 -1.31096
-1.25944 -1.30509
-1.25623 -1.30995
-1.25878 -1.30699
-1.25768 -1.3102
-1.25575 -1.30838
-1.25832 -1.30485
-1.25654 -1.31074
-1.25552 -1.31026
-1.25806 -1.30646
-1.2557 -1.30818
-1.25619 -1.30717
-1.25605 -1.307
-1.25314 -1.30798
-1.25759 -1.30663
-1.25443 -1.30779
-1.25476 -1.30645
-1.25894 -1.30698
-1.25527 -1.30724
-1.25706 -1.3061
-1.25797 -1.30727
-1.25757 -1.30561
-1.25883 -1.30645
-1.25607 -1.30603
-1.25818 -1.30698
-1.25797 -1.30772
-1.2592 -1.30382
-1.25577 -1.30779
-1.26083 -1.30475
-1.25601 -1.30454
-1.25783 -1.30541
-1.25827 -1.30533
-1.25974 -1.30454
-1.25458 -1.30707
-1.25705 -1.30391
-1.25881 -1.30947
-1.25563 -1.30719
-1.25558 -1.30577
-1.25753 -1.30538
-1.25647 -1.30749
-1.25563 -1.30682
-1.25672 -1.30745
-1.2561 -1.30585
-1.25524 -1.30538
-1.25827 -1.30408
-1.25583 -1.30577
-1.25674 -1.3047
-1.25757 -1.30508
-1.25568 -1.3061
-1.25606 -1.30482
-1.25763 -1.30495
-1.2544 -1.30688
-1.26036 -1.30157
-1.25441 -1.3073
-1.2575 -1.30338
-1.25652 -1.30804
-1.25483 -1.30766
-1.25674 -1.30791
-1.25743 -1.3057
-1.25793 -1.30444
-1.25559 -1.3058
-1.25364 -1.30649
-1.25754 -1.30384
-1.25547 -1.30678
-1.2547 -1.30727
-1.25671 -1.30201
-1.25537 -1.30694
-1.25718 -1.30383
-1.25738 -1.30907
-1.25805 -1.30113
-1.25546 -1.30408
-1.25772 -1.30685
-1.25561 -1.30529
-1.25515 -1.30236
-1.25416 -1.30848
-1.25617 -1.30759
-1.25591 -1.30505
-1.25496 -1.30371
-1.25615 -1.30516
-1.25462 -1.30565
-1.25479 -1.30445
-1.25545 -1.30552
-1.25374 -1.30602
-1.25274 -1.30573
-1.25529 -1.30301
-1.25566 -1.30459
-1.25358 -1.3083
-1.25418 -1.30369
-1.25417 -1.3053
-1.2532 -1.30595
-1.25351 -1.30593
-1.25451 -1.30109
-1.25475 -1.30574
-1.25572 -1.30167
-1.25099 -1.30773
-1.25544 -1.30189
-1.25311 -1.30655
-1.25205 -1.30831
-1.25535 -1.30171
-1.25436 -1.30373
-1.25352 -1.30644
-1.25559 -1.30293
-1.25323 -1.30541
-1.25265 -1.3051
-1.25391 -1.30385
-1.25666 -1.30613
-1.25327 -1.30351
-1.25266 -1.30428
-1.25513 -1.30392
-1.25532 -1.30152
-1.25542 -1.30518
-1.25285 -1.30201
-1.25555 -1.3043
-1.25423 -1.30476
-1.25478 -1.30142
-1.25501 -1.30499
-1.25482 -1.30385
-1.25647 -1.30263
-1.25446 -1.30301
-1.25289 -1.3064
-1.25536 -1.30198
-1.25484 -1.30283
-1.25215 -1.30498
-1.25417 -1.30408
-1.25651 -1.2999
-1.25386 -1.30685
-1.25383 -1.30439
-1.25508 -1.29965
-1.25457 -1.30542
-1.25465 -1.30326
-1.25817 -1.3023
-1.25656 -1.30139
-1.25408 -1.30194
-1.25564 -1.30482
-1.25643 -1.30019
-1.25316 -1.30647
-1.2552 -1.3031
-1.25541 -1.30492
-1.25554 -1.30299
-1.25668 -1.30081
-1.25545 -1.30549
-1.25363 -1.30314
-1.25481 -1.30257
-1.25577 -1.30346
-1.25334 -1.30507
-1.25358 -1.30132
-1.25792 -1.30316
-1.25251 -1.30545
-1.25449 -1.30329
-1.25423 -1.30399
-1.25371 -1.30325
-1.25378 -1.30349
-1.25745 -1.30164
-1.25301 -1.30584
-1.25396 -1.30277
-1.2557 -1.30344
-1.25499 -1.30431
-1.25092 -1.30714
-1.25422 -1.29984
-1.25403 -1.30498
-1.25358 -1.30511
-1.25657 -1.30305
-1.25275 -1.30561
-1.25428 -1.30244
-1.25313 -1.30278
-1.25285 -1.30548
-1.25413 -1.30358
-1.25202 -1.30527
-1.25457 -1.30019
-1.25101 -1.30381
-1.2548 -1.30356
-1.25143 -1.30197
-1.25278 -1.3028
-1.25338 -1.30363
-1.25075 -1.30302
-1.2532 -1.30403
-1.25364 -1.30213
-1.25267 -1.30323
-1.25429 -1.29976
-1.25303 -1.30414
-1.2531 -1.30288
-1.25311 -1.30027
-1.25353 -1.30157
-1.25293 -1.30491
-1.25316 -1.30072
-1.25621 -1.30093
-1.25517 -1.30182
-1.253 -1.30373
-1.25637 -1.29818
-1.25333 -1.30287
-1.25019 -1.30553
-1.25607 -1.30148
-1.25315 -1.30169
-1.25121 -1.30298
-1.2543 -1.30115
-1.25226 -1.30265
-1.25108 -1.30318
-1.25258 -1.3012
-1.25548 -1.30241
-1.25151 -1.30049
-1.25423 -1.30277
-1.25452 -1.29948
-1.25039 -1.30248
-1.25507 -1.30211
-1.25277 -1.30043
-1.25628 -1.30122
-1.25173 -1.30187
-1.25394 -1.30241
-1.25231 -1.30075
-1.25484 -1.29857
-1.25263 -1.30311
-1.25353 -1.30271
-1.25382 -1.30426
-1.25351 -1.29811
-1.25412 -1.30274
-1.25154 -1.30389
-1.25223 -1.30165
-1.25109 -1.30036
-1.2521 -1.30262
-1.25442 -1.29973
-1.2512 -1.30111
-1.25247 -1.30357
-1.25151 -1.29892
-1.25314 -1.30011
-1.25202 -1.30168
-1.25238 -1.30106
-1.25043 -1.30145
-1.25214 -1.29782
-1.24833 -1.30431
-1.25204 -1.29963
-1.24623 -1.30452
-1.25159 -1.29912
-1.25086 -1.30149
-1.24853 -1.30301
-1.24908 -1.30205
-1.25394 -1.29991
-1.24921 -1.30159
-1.25227 -1.30041
-1.25063 -1.30025
-1.2491 -1.30222
-1.2524 -1.29786
-1.25186 -1.30216
-1.2489 -1.29819
-1.24998 -1.30148
-1.24829 -1.29949
-1.25043 -1.30238
-1.25028 -1.30065
-1.24992 -1.30015
-1.25059 -1.30304
-1.24876 -1.29971
-1.25007 -1.30085
-1.2513 -1.30229
-1.24871 -1.30059
-1.24849 -1.30107
-1.25028 -1.29946
-1.24872 -1.30259
-1.25189 -1.29989
-1.2479 -1.3039
-1.25119 -1.29584
-1.24945 -1.30109
-1.24894 -1.30083
-1.25002 -1.30048
-1.24918 -1.30124
-1.2501 -1.30193
-1.24906 -1.301
-1.24875 -1.30443
-1.25089 -1.2985
-1.24886 -1.30316
-1.24779 -1.3022
-1.25134 -1.29892
-1.24875 -1.30357
-1.24983 -1.3016
-1.24933 -1.30106
-1.25013 -1.30296
-1.2489 -1.2957
-1.24765 -1.30471
-1.24994 -1.29934
-1.24931 -1.3012
-1.25088 -1.29939
-1.24972 -1.29685
-1.25059 -1.29858
-1.25086 -1.29757
-1.25038 -1.29718
-1.24763 -1.29921
-1.24865 -1.29944
-1.24726 -1.29728
-1.25254 -1.30054
-1.24789 -1.30035
-1.25158 -1.29369
-1.24795 -1.30379
-1.24937 -1.29675
-1.24833 -1.30144
-1.25162 -1.29827
-1.24969 -1.29742
-1.24732 -1.30064
-1.25076 -1.29938
-1.24829 -1.30148
-1.24957 -1.29857
-1.2477 -1.29974
-1.246 -1.29956
-1.25144 -1.29692
-1.24648 -1.30124
-1.24772 -1.29775
-1.24835 -1.29936
-1.24754 -1.29789
-1.24973 -1.29851
-1.24675 -1.30155
-1.24921 -1.29916
-1.24586 -1.29996
-1.2459 -1.29711
-1.24989 -1.30025
-1.24803 -1.29734
-1.24721 -1.30014
-1.24855 -1.29833
-1.24725 -1.30095
-1.24788 -1.29682
-1.24838 -1.29948
-1.24911 -1.29519
-1.24683 -1.29766
-1.24885 -1.29934
-1.2461 -1.29925
-1.24844 -1.29552
-1.24849 -1.29657
-1.24703 -1.29625
-1.24987 -1.2966
-1.24786 -1.29727
-1.25031 -1.29706
-1.24806 -1.29503
-1.24719 -1.29791
-1.24624 -1.30026
-1.24718 -1.29629
-1.24862 -1.29404
-1.24701 -1.29961
-1.24888 -1.29498
-1.24567 -1.29769
-1.2483 -1.29806
-1.25011 -1.29437
-1.24754 -1.2984
-1.24774 -1.29709
-1.24642 -1.29699
-1.25042 -1.29374
-1.24814 -1.29686
-1.2485 -1.29568
-1.24718 -1.29538
-1.24798 -1.29958
-1.24715 -1.2933
-1.24921 -1.29474
-1.2464 -1.29643
-1.24447 -1.2972
-1.24773 -1.29673
-1.24626 -1.29719
-1.24632 -1.29609
-1.24707 -1.29956
-1.24608 -1.2966
-1.24478 -1.29535
-1.24783 -1.29876
-1.24595 -1.29752
-1.24854 -1.2961
-1.24779 -1.2944
-1.24675 -1.29841
-1.24612 -1.29379
-1.24828 -1.29667
-1.24627 -1.29484
-1.24617 -1.29688
-1.24909 -1.2969
-1.24473 -1.29754
-1.24734 -1.29758
-1.24747 -1.29492
-1.24723 -1.29639
-1.2445 -1.29898
-1.24671 -1.29545
-1.24604 -1.29937
-1.24737 -1.29369
-1.24716 -1.29735
-1.24775 -1.29545
-1.24661 -1.29742
-1.24507 -1.29617
-1.24691 -1.29742
-1.24828 -1.29365
-1.24567 -1.29474
-1.24523 -1.2976
-1.2467 -1.29581
-1.24558 -1.29209
-1.24501 -1.30142
-1.24809 -1.29362
-1.24711 -1.29492
-1.2434 -1.29589
-1.24783 -1.29317
-1.24763 -1.29416
-1.24653 -1.29428
-1.24851 -1.29521
-1.24725 -1.29116
-1.24796 -1.2938
-1.2469 -1.29445
-1.24719 -1.29061
-1.24811 -1.29153
-1.24993 -1.29091
-1.24853 -1.29461
-1.24638 -1.2908
-1.25007 -1.29247
-1.24684 -1.29189
-1.24876 -1.28926
-1.2473 -1.29172
-1.24903 -1.29003
-1.24876 -1.29282
-1.24921 -1.28944
-1.24767 -1.29138
-1.24717 -1.29207
-1.24812 -1.28898
-1.24844 -1.29335
-1.24597 -1.28942
-1.24736 -1.29343
-1.24602 -1.29146
-1.24908 -1.28955
-1.24511 -1.29594
-1.24622 -1.29275
-1.2489 -1.29031
-1.24799 -1.29232
-1.24697 -1.29099
-1.24839 -1.29413
-1.24855 -1.29011
-1.24579 -1.29457
-1.25107 -1.28964
-1.24689 -1.29317
-1.24813 -1.29033
-1.24753 -1.29129
-1.24876 -1.29049
-1.24709 -1.29401
-1.25034 -1.28996
-1.24606 -1.29279
-1.24981 -1.29028
-1.24907 -1.28737
-1.24556 -1.29556
-1.24856 -1.29056
-1.24839 -1.29199
-1.24671 -1.29055
-1.2488 -1.29085
-1.24392 -1.29288
-1.24746 -1.29235
-1.2486 -1.29012
-1.24719 -1.29197
-1.24608 -1.29029
-1.24823 -1.29075
-1.24832 -1.29091
-1.2474 -1.28912
-1.24696 -1.28933
-1.24821 -1.29272
-1.24842 -1.28827
-1.24786 -1.28912
-1.2449 -1.29076
-1.24841 -1.29147
-1.24741 -1.28865
-1.25068 -1.2893
-1.24552 -1.29274
-1.24654 -1.2872
-1.24904 -1.2894
-1.24524 -1.29097
-1.24949 -1.28746
-1.24522 -1.28945
-1.24729 -1.28931
-1.24749 -1.28752
-1.24719 -1.28963
-1.24782 -1.28803
-1.24642 -1.29137
-1.24791 -1.29043
-1.2466 -1.28741
-1.24771 -1.28847
-1.24422 -1.28691
-1.24721 -1.29122
-1.24536 -1.28971
-1.25 -1.28585
-1.24765 -1.28916
-1.24651 -1.28907
-1.24915 -1.29034
-1.24597 -1.28561
-1.24604 -1.29125
-1.24646 -1.28761
-1.24637 -1.28962
-1.24513 -1.28778
-1.24615 -1.28716
-1.24702 -1.29019
-1.2478 -1.28858
-1.24396 -1.29124
-1.245 -1.28944
-1.24441 -1.28961
-1.24539 -1.28861
-1.24601 -1.29054
-1.24342 -1.28945
-1.24727 -1.28655
-1.24555 -1.28997
-1.2448 -1.28959
-1.24694 -1.29326
-1.24466 -1.28895
-1.24636 -1.28806
-1.24607 -1.2897
-1.24382 -1.29004
-1.24525 -1.28976
-1.24483 -1.29035
-1.24338 -1.29123
-1.24887 -1.28547
-1.2436 -1.29234
-1.24572 -1.28513
-1.24662 -1.28958
-1.24728 -1.28861
-1.24446 -1.28963
-1.24792 -1.28777
-1.24628 -1.28731
-1.24564 -1.29005
-1.24541 -1.28699
-1.24883 -1.28547
-1.24423 -1.29309
-1.24852 -1.28363
-1.24664 -1.28961
-1.24745 -1.28446
-1.24596 -1.28852
-1.24765 -1.28941
-1.2464 -1.28762
-1.24686 -1.28569
-1.24567 -1.28893
-1.24856 -1.28571
-1.24648 -1.28756
-1.24665 -1.2875
-1.24783 -1.28691
-1.24582 -1.29012
-1.24547 -1.2856
-1.24523 -1.29133
-1.2494 -1.28475
-1.24615 -1.28893
-1.24499 -1.28578
-1.24648 -1.289
-1.24631 -1.28738
-1.24476 -1.2869
-1.24511 -1.28692
-1.24571 -1.2859
-1.24368 -1.28978
-1.2457 -1.2847
-1.2456 -1.28739
-1.24834 -1.28529
-1.24561 -1.28699
-1.24621 -1.28742
-1.24327 -1.28601
-1.24649 -1.28593
-1.24501 -1.28638
-1.24636 -1.28731
-1.24702 -1.28388
-1.24534 -1.28719
-1.24507 -1.28486
-1.24636 -1.28846
-1.24637 -1.28467
-1.24675 -1.28676
-1.24403 -1.28583
-1.24809 -1.28547
-1.24695 -1.28615
-1.24822 -1.28392
-1.24553 -1.28563
-1.24688 -1.28481
-1.24558 -1.2848
-1.2444 -1.28618
-1.24464 -1.28792
-1.24967 -1.28456
-1.24553 -1.28513
-1.24566 -1.28541
-1.24393 -1.28748
-1.24806 -1.2819
-1.24577 -1.28338
-1.24668 -1.28825
-1.24538 -1.28312
-1.24583 -1.2843
-1.24758 -1.28388
-1.24775 -1.28359
-1.24531 -1.28538
-1.24738 -1.28525
-1.24629 -1.28425
-1.24792 -1.28501
-1.24789 -1.2818
-1.24289 -1.28884
-1.2472 -1.28419
-1.24465 -1.28527
-1.24664 -1.28541
-1.24504 -1.28404
-1.24704 -1.28271
-1.247 -1.28768
-1.24526 -1.28076
-1.24494 -1.28565
-1.24867 -1.28418
-1.24488 -1.28264
-1.24629 -1.28598
-1.24623 -1.28228
-1.24378 -1.28587
-1.24604 -1.28212
-1.24613 -1.28373
-1.24578 -1.28625
-1.24815 -1.27836
-1.24413 -1.28472
-1.24937 -1.27926
-1.24453 -1.28449
-1.24879 -1.28262
-1.24436 -1.28295
-1.24554 -1.28363
-1.24631 -1.28292
-1.24444 -1.28288
-1.24304 -1.28302
-1.24507 -1.28276
-1.24385 -1.28544
-1.24571 -1.28395
-1.24629 -1.28209
-1.24321 -1.28398
-1.24559 -1.28311
-1.24247 -1.28547
-1.24308 -1.28257
-1.24248 -1.28289
-1.24279 -1.28614
-1.24206 -1.2849
-1.24416 -1.28357
-1.24026 -1.28659
-1.24531 -1.28114
-1.23794 -1.28694
-1.23962 -1.28584
-1.24475 -1.28193
-1.24197 -1.2867
-1.24044 -1.28301
-1.24503 -1.28213
-1.24171 -1.28443
-1.24189 -1.28318
-1.24138 -1.28451
-1.24272 -1.28044
-1.2423 -1.28332
-1.24301 -1.28026
-1.24151 -1.28611
-1.24374 -1.28205
-1.2424 -1.2844
-1.24134 -1.28247
-1.24151 -1.28413
-1.24529 -1.28204
-1.2414 -1.28379
-1.2431 -1.28322
-1.24162 -1.28536
-1.24465 -1.28373
-1.24482 -1.28298
-1.24256 -1.28175
-1.24248 -1.28263
-1.24414 -1.28129
-1.24214 -1.28519
-1.24315 -1.28138
-1.24041 -1.28311
-1.24636 -1.28245
-1.24395 -1.28057
-1.24325 -1.28263
-1.24244 -1.28051
-1.24494 -1.28147
-1.24289 -1.28125
-1.24369 -1.28212
-1.24393 -1.279
-1.24396 -1.28132
-1.24318 -1.28168
-1.24066 -1.28727
-1.24304 -1.27767
-1.24397 -1.28175
-1.24192 -1.28524
-1.24361 -1.2781
-1.2416 -1.28208
-1.2425 -1.28047
-1.24196 -1.28396
-1.24328 -1.27927
-1.24215 -1.28293
-1.24181 -1.28291
-1.24205 -1.28063
-1.2406 -1.28343
-1.2461 -1.2794
-1.24088 -1.28168
-1.2403 -1.28335
-1.24457 -1.27886
-1.24292 -1.28128
-1.24099 -1.2811
-1.24309 -1.2817
-1.24398 -1.27936
-1.24126 -1.28015
-1.24212 -1.27987
-1.24259 -1.28446
-1.24626 -1.27636
-1.23905 -1.28293
-1.24459 -1.27747
-1.2413 -1.28347
-1.24421 -1.2807
-1.24378 -1.28062
-1.24149 -1.28104
-1.24133 -1.2818
-1.24673 -1.27676
-1.23903 -1.28366
-1.24261 -1.2792
-1.24155 -1.27923
-1.24111 -1.28377
-1.23886 -1.27957
-1.24409 -1.28294
-1.2385 -1.28034
-1.24257 -1.27801
-1.2403 -1.27968
-1.24013 -1.28087
-1.24315 -1.27938
-1.23782 -1.28243
-1.2429 -1.27857
-1.23884 -1.28103
-1.24133 -1.27977
-1.24075 -1.27889
-1.23954 -1.28082
-1.23867 -1.28437
-1.24342 -1.27842
-1.23925 -1.28179
-1.23892 -1.28066
-1.23814 -1.28268
-1.23894 -1.28115
-1.23863 -1.28113
-1.23826 -1.2822
-1.23898 -1.28316
-1.2388 -1.28017
-1.23673 -1.28219
-1.23784 -1.28358
-1.23953 -1.28084
-1.24104 -1.28276
-1.2391 -1.28086
-1.2381 -1.28446
-1.23826 -1.28202
-1.23968 -1.2814
-1.23845 -1.28295
-1.24055 -1.2825
-1.23785 -1.28311
-1.2412 -1.28057
-1.23931 -1.28269
-1.23851 -1.27988
-1.23891 -1.28273
-1.23965 -1.27968
-1.24161 -1.28085
-1.23913 -1.28143
-1.23992 -1.28047
-1.23952 -1.28175
-1.2393 -1.27994
-1.2383 -1.28158
-1.24218 -1.27991
-1.23833 -1.28163
-1.24252 -1.28002
-1.23974 -1.28095
-1.24113 -1.28314
-1.241 -1.27997
-1.2393 -1.28191
-1.24042 -1.2802
-1.23884 -1.28145
-1.24048 -1.28141
-1.23939 -1.28086
