0 0
-0.00884005 -0.00831497
-0.0176579 -0.0166092
-0.0264616 -0.024882
-0.0352326 -0.0331226
-0.0439537 -0.0413399
-0.0526356 -0.0495339
-0.0612945 -0.0576961
-0.0699382 -0.0658271
-0.0785797 -0.0739601
-0.087185 -0.0820877
-0.0957233 -0.0901121
-0.104246 -0.0981516
-0.112753 -0.106246
-0.121209 -0.114146
-0.129657 -0.122147
-0.138093 -0.130175
-0.14644 -0.137938
-0.154799 -0.145971
-0.163147 -0.153762
-0.17145 -0.161629
-0.179729 -0.169455
-0.188019 -0.177249
-0.196184 -0.185036
-0.204405 -0.19276
-0.212538 -0.200527
-0.220607 -0.208107
-0.228732 -0.21594
-0.236776 -0.223487
-0.244893 -0.231066
-0.25287 -0.238839
-0.252878 -0.238649
-0.252718 -0.238661
-0.252759 -0.238723
-0.252688 -0.238757
-0.252513 -0.238476
-0.252709 -0.23895
-0.252528 -0.238574
-0.25251 -0.238613
-0.252566 -0.238951
-0.252416 -0.23833
-0.252495 -0.238898
-0.252342 -0.238513
-0.252237 -0.238509
-0.252315 -0.238625
-0.252076 -0.238389
-0.252123 -0.238596
-0.251895 -0.238334
-0.251959 -0.23851
-0.251922 -0.238339
-0.251848 -0.23849
-0.251854 -0.23826
-0.251845 -0.238496
-0.251708 -0.238422
-0.251389 -0.238122
-0.251402 -0.238562
-0.251182 -0.237976
-0.25137 -0.23849
-0.251106 -0.238052
-0.251137 -0.238308
-0.25094 -0.23803
-0.25095 -0.238256
-0.250929 -0.238057
-0.250848 -0.238136
-0.250927 -0.238076
-0.250823 -0.238181
-0.250675 -0.237909
-0.250723 -0.238213
-0.250543 -0.237983
-0.250734 -0.238022
-0.250588 -0.238088
-0.250633 -0.237973
-0.250459 -0.237969
-0.250481 -0.23806
-0.250437 -0.237894
-0.250419 -0.238029
-0.250553 -0.238054
-0.250367 -0.23793
-0.25048 -0.237943
-0.250567 -0.238253
-0.250494 -0.237796
-0.250739 -0.238278
-0.250632 -0.237994
-0.250664 -0.238021
-0.250756 -0.238057
-0.250793 -0.23829
-0.250748 -0.23784
-0.250889 -0.238409
-0.250775 -0.238096
-0.250824 -0.237903
-0.250874 -0.238494
-0.250811 -0.238072
-0.250822 -0.238105
-0.250822 -0.238384
-0.250846 -0.237948
-0.250917 -0.238119
-0.251114 -0.238366
-0.251091 -0.237997
-0.251246 -0.238435
-0.251299 -0.238073
-0.25146 -0.23854
-0.251235 -0.238019
-0.251553 -0.238625
-0.251299 -0.238184
-0.251553 -0.238378
-0.251505 -0.238374
-0.251531 -0.238274
-0.251636 -0.238334
-0.251643 -0.238408
-0.251664 -0.238299
-0.251695 -0.238439
-0.251625 -0.238298
-0.251655 -0.238375
-0.251595 -0.238324
-0.251792 -0.238551
-0.251697 -0.23819
-0.251805 -0.23867
-0.251762 -0.238321
-0.251718 -0.238372
-0.251982 -0.238696
-0.25166 -0.238214
-0.25187 -0.23862
-0.251652 -0.238276
-0.251621 -0.238374
-0.251665 -0.238346
-0.251629 -0.238398
-0.25156 -0.23825
-0.251564 -0.238402
-0.251357 -0.238295
-0.251365 -0.238289
-0.251468 -0.23836
-0.251424 -0.238257
-0.251507 -0.238298
-0.251615 -0.238379
-0.251548 -0.238278
-0.25154 -0.238341
-0.251624 -0.238336
-0.251482 -0.238343
-0.251388 -0.238221
-0.251582 -0.238449
-0.251458 -0.238222
-0.251446 -0.238297
-0.251304 -0.238252
-0.251057 -0.23815
-0.251239 -0.238239
-0.251046 -0.238178
-0.250991 -0.238108
-0.250899 -0.238234
-0.250857 -0.237974
-0.2508 -0.238181
-0.250765 -0.238044
-0.250682 -0.238013
-0.250664 -0.238182
-0.250649 -0.237838
-0.250563 -0.238276
-0.250536 -0.237826
-0.250514 -0.238097
-0.250574 -0.238014
-0.250623 -0.237966
-0.250564 -0.238119
-0.250472 -0.23787
-0.250463 -0.238175
-0.250288 -0.237795
-0.250412 -0.238161
-0.250259 -0.237785
-0.2503 -0.238022
-0.250292 -0.237949
-0.250313 -0.23781
-0.250344 -0.238218
-0.250211 -0.237648
-0.250378 -0.238279
-0.250295 -0.237867
-0.250481 -0.238013
-0.250488 -0.238177
-0.250447 -0.237831
-0.25066 -0.238162
-0.250447 -0.237949
-0.250639 -0.238029
-0.250595 -0.238017
-0.250602 -0.238064
-0.250606 -0.237937
-0.250697 -0.23813
-0.25066 -0.238077
-0.250772 -0.237922
-0.250862 -0.238312
-0.25097 -0.238259
-0.250892 -0.237941
-0.251044 -0.238506
-0.251079 -0.238149
-0.250856 -0.238077
-0.25124 -0.238659
-0.250868 -0.237932
-0.251035 -0.238418
-0.25095 -0.238075
-0.250932 -0.238143
-0.250895 -0.238108
-0.251019 -0.238197
-0.250908 -0.238073
-0.250895 -0.238223
-0.251067 -0.238031
-0.250837 -0.238279
-0.251129 -0.238035
-0.250902 -0.238283
-0.25093 -0.238011
-0.25101 -0.238356
-0.250822 -0.238075
-0.251012 -0.238273
-0.250843 -0.238486
-0.250815 -0.23784
-0.251024 -0.238749
-0.250812 -0.237758
-0.25107 -0.238604
-0.25086 -0.237958
-0.25096 -0.238162
-0.250841 -0.238199
-0.250962 -0.23802
-0.250775 -0.238141
-0.250946 -0.238218
-0.250805 -0.23797
-0.250862 -0.238184
-0.25094 -0.238162
-0.250857 -0.237992
-0.250918 -0.238235
-0.250763 -0.238134
-0.25071 -0.237914
-0.250891 -0.238349
-0.250817 -0.238012
-0.250872 -0.238036
-0.250885 -0.238214
-0.250876 -0.238153
-0.250875 -0.237973
-0.250908 -0.238357
-0.25094 -0.237955
-0.25092 -0.238178
-0.25099 -0.238172
-0.251002 -0.238071
-0.250928 -0.238193
-0.251016 -0.238064
-0.251028 -0.23826
-0.250984 -0.238058
-0.251034 -0.238167
-0.250974 -0.238176
-0.250887 -0.238046
-0.250911 -0.238135
-0.250955 -0.238079
-0.250936 -0.238234
-0.250751 -0.237884
-0.250816 -0.238332
-0.250703 -0.237991
-0.250735 -0.238005
-0.250748 -0.238253
-0.250698 -0.237901
-0.250704 -0.238187
-0.250758 -0.238142
-0.250704 -0.237921
-0.250774 -0.238198
-0.250726 -0.238023
-0.250786 -0.238092
-0.250694 -0.237999
-0.250746 -0.238242
-0.250697 -0.237924
-0.250661 -0.238198
-0.250755 -0.238014
-0.250667 -0.238036
-0.250721 -0.238011
-0.250779 -0.238155
-0.250687 -0.237879
-0.250871 -0.238368
-0.250738 -0.237841
-0.250821 -0.238277
-0.250749 -0.238028
-0.25077 -0.237961
-0.250692 -0.238238
-0.250901 -0.237878
-0.250708 -0.238191
-0.250716 -0.237982
-0.250681 -0.238014
-0.250611 -0.238045
-0.250734 -0.237973
-0.250613 -0.238132
-0.250696 -0.237884
-0.250658 -0.238131
-0.250705 -0.23803
-0.250625 -0.237942
-0.250541 -0.238044
-0.250596 -0.237986
-0.250494 -0.237971
-0.250598 -0.238012
-0.25064 -0.238069
-0.250557 -0.237946
-0.250538 -0.238032
-0.250535 -0.237972
-0.250451 -0.237894
-0.250377 -0.238046
-0.250421 -0.237821
-0.250377 -0.23805
-0.250434 -0.237861
-0.250519 -0.238037
-0.250372 -0.237963
-0.250581 -0.237895
-0.250594 -0.238076
-0.250678 -0.238014
-0.250768 -0.237889
-0.25075 -0.238232
-0.250791 -0.237911
-0.250661 -0.238067
-0.250749 -0.238218
-0.250559 -0.237781
-0.25077 -0.238442
-0.250646 -0.237772
-0.250808 -0.2383
-0.250659 -0.237896
-0.250652 -0.238045
-0.250612 -0.238003
-0.250738 -0.238037
-0.250699 -0.237984
-0.250763 -0.238144
-0.250807 -0.238033
-0.250625 -0.238002
-0.250989 -0.238264
-0.25072 -0.237947
-0.250845 -0.2382
-0.250813 -0.2379
-0.250737 -0.238305
-0.250759 -0.237764
-0.250885 -0.238463
-0.250775 -0.237849
-0.250835 -0.238236
-0.250684 -0.237986
-0.250824 -0.238109
-0.250731 -0.237925
-0.250878 -0.238321
-0.250734 -0.237876
-0.25078 -0.238142
-0.250762 -0.238056
-0.250767 -0.238041
-0.250672 -0.23796
-0.250895 -0.238283
-0.250784 -0.237877
-0.250902 -0.2383
-0.250766 -0.237931
-0.250838 -0.238134
-0.25075 -0.238053
-0.250814 -0.238052
-0.250758 -0.238015
-0.250731 -0.238125
-0.250875 -0.237963
-0.25082 -0.238196
-0.250847 -0.237956
-0.251092 -0.238286
-0.250907 -0.238046
-0.251096 -0.238233
-0.250892 -0.238105
-0.25094 -0.238104
-0.25096 -0.23808
-0.25111 -0.238275
-0.250977 -0.237961
-0.250978 -0.238284
-0.251008 -0.238073
-0.250931 -0.238052
-0.25107 -0.238241
-0.251097 -0.238109
-0.250979 -0.238154
-0.251033 -0.238068
-0.251016 -0.238189
-0.25091 -0.238128
-0.250945 -0.238014
-0.250979 -0.238306
-0.25091 -0.237945
-0.25103 -0.238224
-0.250824 -0.238004
-0.250871 -0.238127
-0.250754 -0.237972
-0.250678 -0.238153
-0.250727 -0.237882
-0.250637 -0.238154
-0.250636 -0.237939
-0.250677 -0.238051
-0.250472 -0.237968
-0.250643 -0.238037
-0.250511 -0.238054
-0.250622 -0.237941
-0.250627 -0.238138
-0.250584 -0.237978
-0.25056 -0.237873
-0.250559 -0.23825
-0.250505 -0.237859
-0.250554 -0.238051
-0.25065 -0.23827
-0.250482 -0.237801
-0.250639 -0.238084
-0.2506 -0.238148
-0.250589 -0.23784
-0.250672 -0.238144
-0.25061 -0.237957
-0.250784 -0.238116
-0.250761 -0.237954
-0.250917 -0.238171
-0.250807 -0.238086
-0.250886 -0.238022
-0.25081 -0.238095
-0.250786 -0.238169
-0.250737 -0.237912
-0.250763 -0.238345
-0.250719 -0.237827
-0.250795 -0.238375
-0.250615 -0.237851
-0.250649 -0.238092
-0.250697 -0.238095
-0.250649 -0.237905
-0.250573 -0.238135
-0.25058 -0.237907
-0.250577 -0.238082
-0.25052 -0.237937
-0.250616 -0.23804
-0.250596 -0.238132
-0.25063 -0.237838
-0.250686 -0.238226
-0.250736 -0.238107
-0.250652 -0.237828
-0.250829 -0.238453
-0.250757 -0.237966
-0.250738 -0.238015
-0.250838 -0.238328
-0.250799 -0.237915
-0.250815 -0.238137
-0.250785 -0.238268
-0.250725 -0.237831
-0.250745 -0.238219
-0.250911 -0.238286
-0.250721 -0.237847
-0.250979 -0.23846
-0.250928 -0.237984
-0.250878 -0.238095
-0.251 -0.238131
-0.251014 -0.238264
-0.250889 -0.23794
-0.25102 -0.238299
-0.25096 -0.238211
-0.250911 -0.237893
-0.250982 -0.238541
-0.250832 -0.237869
-0.250894 -0.238226
-0.250852 -0.238027
-0.250939 -0.238242
-0.250745 -0.23791
-0.250947 -0.238382
-0.250784 -0.238107
-0.250866 -0.238082
-0.250814 -0.238203
-0.250817 -0.238
-0.250884 -0.238163
-0.250752 -0.238035
-0.250887 -0.238093
-0.250716 -0.238075
-0.250707 -0.237998
-0.250708 -0.238095
-0.250667 -0.238003
-0.25071 -0.238011
-0.250678 -0.238072
-0.250615 -0.238058
-0.250498 -0.237899
-0.250489 -0.238178
-0.250417 -0.237826
-0.250468 -0.238009
-0.250535 -0.238113
-0.250485 -0.237803
-0.250608 -0.238288
-0.250449 -0.237802
-0.250663 -0.238202
-0.25047 -0.238018
-0.250467 -0.237912
-0.250605 -0.238058
-0.250547 -0.238043
-0.250541 -0.237938
-0.250503 -0.237973
-0.250502 -0.238072
-0.25052 -0.237898
-0.25045 -0.238074
-0.250579 -0.237955
-0.250504 -0.238023
-0.250496 -0.237956
-0.250587 -0.238035
-0.250322 -0.237954
-0.250487 -0.237906
-0.250477 -0.238046
-0.250413 -0.237976
-0.250508 -0.237846
-0.250455 -0.238148
-0.250481 -0.237909
-0.250497 -0.237938
-0.250454 -0.238097
-0.250609 -0.237906
-0.250504 -0.238044
-0.250567 -0.237985
-0.250561 -0.238053
-0.250331 -0.237872
-0.250452 -0.238065
-0.250149 -0.237825
-0.250263 -0.237942
-0.250237 -0.23785
-0.250248 -0.238011
-0.250221 -0.237736
-0.250165 -0.238023
-0.250203 -0.237984
-0.250121 -0.237722
-0.250334 -0.238126
-0.250275 -0.237936
-0.25016 -0.237763
-0.250305 -0.23812
-0.250219 -0.237843
-0.250295 -0.2379
-0.250426 -0.237962
-0.250316 -0.238074
-0.250259 -0.237774
-0.250479 -0.238119
-0.250269 -0.237938
-0.250477 -0.237868
-0.250427 -0.23801
-0.25049 -0.238086
-0.250496 -0.237823
-0.250565 -0.238141
-0.250416 -0.237908
-0.250544 -0.238035
-0.250362 -0.237868
-0.250364 -0.238095
-0.250509 -0.238007
-0.250391 -0.237891
-0.250518 -0.238133
-0.250374 -0.237915
-0.250275 -0.237891
-0.250413 -0.238121
-0.250244 -0.237785
-0.250335 -0.238017
-0.250314 -0.237938
-0.250237 -0.237904
-0.250205 -0.237842
-0.250083 -0.237962
-0.250153 -0.237789
-0.250242 -0.23796
-0.250189 -0.237899
-0.250279 -0.237893
-0.250174 -0.23798
-0.250114 -0.237772
-0.250231 -0.238009
-0.250112 -0.237804
-0.250176 -0.237893
-0.250091 -0.237864
-0.250106 -0.237837
-0.250093 -0.237846
-0.25009 -0.237888
-0.250084 -0.237757
-0.250154 -0.237963
-0.250067 -0.237786
-0.250186 -0.237893
-0.250082 -0.23782
-0.250171 -0.237902
-0.250166 -0.237838
-0.250038 -0.237753
-0.250129 -0.238057
-0.249958 -0.237691
-0.250063 -0.23798
-0.250043 -0.237989
-0.24996 -0.237678
-0.250036 -0.237999
-0.249909 -0.237714
-0.24997 -0.237793
-0.249945 -0.237823
-0.249952 -0.237749
-0.249931 -0.237897
-0.249805 -0.237566
-0.249848 -0.237999
-0.249781 -0.237749
-0.249864 -0.237657
-0.249804 -0.238038
-0.249802 -0.237582
-0.249788 -0.237761
-0.249818 -0.2379
-0.249811 -0.237592
-0.2499 -0.23796
-0.249754 -0.237556
-0.249719 -0.237954
-0.249737 -0.237563
-0.249812 -0.237854
-0.249882 -0.2378
-0.24987 -0.237654
-0.249712 -0.237817
-0.249747 -0.237721
-0.249626 -0.237602
-0.249739 -0.237887
-0.249695 -0.237633
-0.249682 -0.237721
-0.249677 -0.237814
-0.249646 -0.237559
-0.249757 -0.237917
-0.249758 -0.23766
-0.249791 -0.237776
-0.249851 -0.23782
-0.249752 -0.237722
-0.249752 -0.23776
-0.249907 -0.237941
-0.249613 -0.237654
-0.249901 -0.237827
-0.249582 -0.23778
-0.249582 -0.237547
-0.2498 -0.238056
-0.249579 -0.237541
-0.24967 -0.237755
-0.249701 -0.237828
-0.249611 -0.237551
-0.24964 -0.23785
-0.24965 -0.237624
-0.249536 -0.237681
-0.249608 -0.237775
-0.249452 -0.237494
-0.249538 -0.237991
-0.249392 -0.237406
-0.249574 -0.237909
-0.249395 -0.237599
-0.249401 -0.237548
-0.24935 -0.237815
-0.249274 -0.23746
-0.249401 -0.2377
-0.249398 -0.237706
-0.249464 -0.237584
-0.249367 -0.23769
-0.249355 -0.237569
-0.249396 -0.237683
-0.249373 -0.237597
-0.249443 -0.237634
-0.249408 -0.237671
-0.249374 -0.237565
-0.24934 -0.23771
-0.249306 -0.237478
-0.249412 -0.237802
-0.24931 -0.237504
-0.249319 -0.237649
-0.249279 -0.237643
-0.249236 -0.237454
-0.249346 -0.237884
-0.249201 -0.237346
-0.249311 -0.23784
-0.249267 -0.237486
-0.24919 -0.237595
-0.249209 -0.237621
-0.249267 -0.237524
-0.249205 -0.237615
-0.249346 -0.237589
-0.249241 -0.237559
-0.249303 -0.237637
-0.24934 -0.237572
-0.249274 -0.237585
-0.249252 -0.23761
-0.249154 -0.237485
-0.249214 -0.237705
-0.249116 -0.237463
-0.24918 -0.237595
-0.249205 -0.23763
-0.248998 -0.237448
-0.249077 -0.237582
-0.24908 -0.237543
-0.248951 -0.237424
-0.249049 -0.237715
-0.248894 -0.237338
-0.248942 -0.237661
-0.249044 -0.237633
-0.248933 -0.237352
-0.248959 -0.237743
-0.248831 -0.237337
-0.248898 -0.237473
-0.248957 -0.237559
-0.248951 -0.237413
-0.248787 -0.237395
-0.248667 -0.237598
-0.24868 -0.237173
-0.24867 -0.237587
-0.248687 -0.237484
-0.248598 -0.237172
-0.248663 -0.23784
-0.24854 -0.23713
-0.248639 -0.237624
-0.24854 -0.237442
-0.248546 -0.237301
-0.248613 -0.237428
-0.248668 -0.237478
-0.248673 -0.237253
-0.248915 -0.237661
-0.248884 -0.237334
-0.249052 -0.237623
-0.249003 -0.237454
-0.249087 -0.23752
-0.249024 -0.237571
-0.249125 -0.237529
-0.249051 -0.237443
-0.24916 -0.237718
-0.249102 -0.237478
-0.249083 -0.237508
-0.249276 -0.237825
-0.249171 -0.237346
-0.249439 -0.237893
-0.249319 -0.237557
-0.249424 -0.237599
-0.249439 -0.237842
-0.249343 -0.237448
-0.249462 -0.237858
-0.249259 -0.237469
-0.249437 -0.237769
-0.249312 -0.237625
-0.249412 -0.237561
-0.249402 -0.237819
-0.249283 -0.237468
-0.249413 -0.237741
-0.249174 -0.237537
-0.249334 -0.237657
-0.249292 -0.237534
-0.24923 -0.237697
-0.249313 -0.237483
-0.249332 -0.237686
-0.249318 -0.237598
-0.249455 -0.237651
-0.249293 -0.237564
-0.249319 -0.237688
-0.249197 -0.237552
-0.249086 -0.237525
-0.249107 -0.237593
-0.249203 -0.237572
-0.249127 -0.237548
-0.249258 -0.237739
-0.249156 -0.237462
-0.249316 -0.237842
-0.249197 -0.237432
-0.2493 -0.23773
-0.249186 -0.237461
-0.249235 -0.237809
-0.249068 -0.237302
-0.249255 -0.237937
-0.249111 -0.237549
-0.249187 -0.237422
-0.249387 -0.23814
-0.249131 -0.237319
-0.249378 -0.237859
-0.249186 -0.237673
-0.249181 -0.237397
-0.249233 -0.237788
-0.249124 -0.237423
-0.249161 -0.237635
-0.249036 -0.237462
-0.248981 -0.237479
-0.248983 -0.237606
-0.249105 -0.237416
-0.249112 -0.237597
-0.249126 -0.237605
-0.249036 -0.237451
-0.248946 -0.237477
-0.249075 -0.237621
-0.248942 -0.237462
-0.249048 -0.237464
-0.249054 -0.237689
-0.249035 -0.23738
-0.249238 -0.237642
-0.2491 -0.237581
-0.249256 -0.237477
-0.249214 -0.23763
-0.249286 -0.237609
-0.24932 -0.237487
-0.249423 -0.237774
-0.249411 -0.237513
-0.249464 -0.237732
-0.249421 -0.237554
-0.249392 -0.237691
-0.249465 -0.237573
-0.249469 -0.237736
-0.249365 -0.237522
-0.249442 -0.237678
-0.249471 -0.237656
-0.249435 -0.237553
-0.249256 -0.237613
-0.249211 -0.237549
-0.249194 -0.237619
-0.249133 -0.237424
-0.249363 -0.237925
-0.249128 -0.237364
-0.249307 -0.237865
-0.249166 -0.237607
-0.249116 -0.237475
-0.249084 -0.237722
-0.249043 -0.237415
-0.249074 -0.237481
-0.249159 -0.23774
-0.248961 -0.237334
-0.249077 -0.23768
-0.249001 -0.23747
-0.248995 -0.237497
-0.249122 -0.23749
-0.249142 -0.237725
-0.249019 -0.237314
-0.249219 -0.237849
-0.248996 -0.237407
-0.249079 -0.237625
-0.249062 -0.237506
-0.24893 -0.237526
-0.249112 -0.237587
-0.248971 -0.237373
-0.248992 -0.237641
-0.249088 -0.237523
-0.248919 -0.237366
-0.249036 -0.23777
-0.249118 -0.237339
-0.249019 -0.237556
-0.249225 -0.237647
-0.249194 -0.237349
-0.249156 -0.237844
-0.249258 -0.237279
-0.249143 -0.237862
-0.249116 -0.237332
-0.249278 -0.237742
-0.249062 -0.237508
-0.249281 -0.237531
-0.249056 -0.237569
-0.249166 -0.237548
-0.249143 -0.237474
-0.249057 -0.237591
-0.249286 -0.237546
-0.249119 -0.2376
-0.249193 -0.237563
-0.249371 -0.237888
-0.24912 -0.237411
-0.249604 -0.238152
-0.249187 -0.237385
-0.249559 -0.237853
-0.249382 -0.237585
-0.249443 -0.237702
-0.249436 -0.237474
-0.249561 -0.237914
-0.249491 -0.237556
-0.249517 -0.237631
-0.249526 -0.237781
-0.249444 -0.237642
-0.249505 -0.237571
-0.249528 -0.237929
-0.249405 -0.237438
-0.249566 -0.23789
-0.249391 -0.237618
-0.249555 -0.237709
-0.249462 -0.237617
-0.249582 -0.237769
-0.24953 -0.237598
-0.249503 -0.237687
-0.249634 -0.237759
-0.24945 -0.237553
-0.249635 -0.237944
-0.249373 -0.237431
-0.249597 -0.238044
-0.249488 -0.237584
-0.24945 -0.237656
-0.249517 -0.237884
-0.24921 -0.237417
-0.249403 -0.237846
-0.249175 -0.237456
-0.249235 -0.237672
-0.249174 -0.237485
-0.249161 -0.237624
-0.249223 -0.237467
-0.249394 -0.237737
-0.249264 -0.237444
-0.249279 -0.237701
-0.249148 -0.237458
-0.249122 -0.237574
-0.249178 -0.237533
-0.24916 -0.237574
-0.249174 -0.237462
-0.249217 -0.237723
-0.249115 -0.237404
-0.249267 -0.237715
-0.249167 -0.237458
-0.24926 -0.237689
-0.249119 -0.237437
-0.249169 -0.23763
-0.249091 -0.237534
-0.249074 -0.237413
-0.249218 -0.23791
-0.249015 -0.237278
-0.249328 -0.238059
-0.249248 -0.237779
-0.249222 -0.237484
-0.24948 -0.238102
-0.249294 -0.237356
-0.249513 -0.237841
-0.24936 -0.237547
-0.249543 -0.237754
-0.249281 -0.237515
-0.249511 -0.237857
-0.249356 -0.23741
-0.249286 -0.237877
-0.249397 -0.237453
-0.249254 -0.237601
-0.249456 -0.237907
-0.249317 -0.237276
-0.249415 -0.238221
-0.24944 -0.23749
-0.2494 -0.237813
-0.249482 -0.237943
-0.249323 -0.237367
-0.249482 -0.238001
-0.249357 -0.237479
-0.249416 -0.237716
-0.249392 -0.23775
-0.2493 -0.237483
-0.249415 -0.237679
-0.249381 -0.237793
-0.249406 -0.237385
-0.249511 -0.237939
-0.249564 -0.237617
-0.249492 -0.237598
-0.249522 -0.237835
-0.24954 -0.23748
-0.249372 -0.237808
-0.249541 -0.237554
-0.249459 -0.237662
-0.249495 -0.237786
-0.249431 -0.237439
-0.24954 -0.237988
-0.249457 -0.237429
-0.249492 -0.237847
-0.249512 -0.237618
-0.249398 -0.23765
-0.249445 -0.237596
-0.249456 -0.237692
-0.249509 -0.23764
-0.249583 -0.237601
-0.249367 -0.237728
-0.249316 -0.237477
-0.249212 -0.237596
-0.249087 -0.237574
-0.249133 -0.237411
-0.24903 -0.237661
-0.249124 -0.237421
-0.24924 -0.237634
-0.249047 -0.237526
-0.249125 -0.2375
-0.249088 -0.237696
-0.248906 -0.23732
-0.249229 -0.237909
-0.248915 -0.237387
-0.249103 -0.23759
-0.249164 -0.237758
-0.248936 -0.237317
-0.24921 -0.237793
-0.249034 -0.237487
-0.24914 -0.23754
-0.249077 -0.237563
-0.249018 -0.237499
-0.249118 -0.237482
-0.24915 -0.237552
-0.249338 -0.237653
-0.249235 -0.237476
-0.24933 -0.237704
-0.249288 -0.237519
-0.249339 -0.237643
-0.249327 -0.237565
-0.249243 -0.237572
-0.249226 -0.237624
-0.249291 -0.237549
-0.249327 -0.237665
-0.249273 -0.237519
-0.249444 -0.237766
-0.24927 -0.237433
-0.249425 -0.237882
-0.249265 -0.237431
-0.249242 -0.237683
-0.249283 -0.23761
-0.249288 -0.237495
-0.249273 -0.237688
-0.249184 -0.237495
-0.249171 -0.237544
-0.249227 -0.237603
-0.249292 -0.237557
-0.249264 -0.237536
-0.249287 -0.237683
-0.249304 -0.237455
-0.249368 -0.237707
-0.249322 -0.237626
-0.249368 -0.237442
-0.249344 -0.237854
-0.2493 -0.23744
-0.249321 -0.237656
-0.249287 -0.237642
-0.249326 -0.237507
-0.249281 -0.237629
-0.249289 -0.237617
-0.249211 -0.237438
-0.249278 -0.237925
-0.249072 -0.237291
-0.249308 -0.237958
-0.24902 -0.237342
-0.249283 -0.237748
-0.249156 -0.237718
-0.249092 -0.237489
-0.249206 -0.238016
-0.2489 -0.237295
-0.24917 -0.237695
-0.248864 -0.237403
-0.24884 -0.237474
-0.248711 -0.237321
-0.248716 -0.237447
-0.248847 -0.237481
-0.248696 -0.237241
-0.248683 -0.237599
-0.248541 -0.237287
-0.248456 -0.237289
-0.248467 -0.237394
-0.248509 -0.237345
-0.248548 -0.237237
-0.248402 -0.237409
-0.248542 -0.237311
-0.248419 -0.237285
-0.248447 -0.237346
-0.24869 -0.237429
-0.248415 -0.237309
-0.248689 -0.237422
-0.248642 -0.237335
-0.248636 -0.237484
-0.248749 -0.237267
-0.248782 -0.237514
-0.248856 -0.237402
-0.248912 -0.237443
-0.248914 -0.237458
-0.249021 -0.23743
-0.249033 -0.237591
-0.249095 -0.237408
-0.249111 -0.237532
-0.249193 -0.237715
-0.249155 -0.237301
-0.249239 -0.237839
-0.249216 -0.237563
-0.249165 -0.237406
-0.249328 -0.237874
-0.249273 -0.23745
-0.249246 -0.237534
-0.249356 -0.237745
-0.249326 -0.237486
-0.249338 -0.237591
-0.249461 -0.237655
-0.249388 -0.237654
-0.249246 -0.237541
-0.249264 -0.237713
-0.249053 -0.237421
-0.249208 -0.237588
-0.249266 -0.237625
-0.24914 -0.237455
-0.24918 -0.237605
-0.249164 -0.237525
-0.249172 -0.237518
-0.249218 -0.23756
-0.249294 -0.237639
-0.249194 -0.237502
-0.249316 -0.237622
-0.249163 -0.23755
-0.249164 -0.237449
-0.24925 -0.237665
-0.249202 -0.237562
-0.249225 -0.237411
-0.249101 -0.237777
-0.248935 -0.237349
-0.249136 -0.237489
-0.249019 -0.237626
-0.248991 -0.237357
-0.248923 -0.237457
-0.248847 -0.237534
-0.248914 -0.237294
-0.248841 -0.237625
-0.248773 -0.237263
-0.248859 -0.237548
-0.248886 -0.237399
-0.248939 -0.237455
-0.248718 -0.237376
-0.24876 -0.237497
-0.248649 -0.237266
-0.248872 -0.237486
-0.248818 -0.23752
-0.248731 -0.237235
-0.248826 -0.237609
-0.248681 -0.237363
-0.248751 -0.23727
-0.248743 -0.237576
-0.248753 -0.237321
-0.248828 -0.237423
-0.248789 -0.237422
-0.248786 -0.237449
-0.248697 -0.237292
-0.248738 -0.237525
-0.248815 -0.237345
-0.248762 -0.237435
-0.248793 -0.237542
-0.248769 -0.237245
-0.248811 -0.237564
-0.248915 -0.23742
-0.248851 -0.237371
-0.248984 -0.237578
-0.248904 -0.237376
-0.248956 -0.237508
-0.249003 -0.237514
-0.248959 -0.237409
-0.249139 -0.237567
-0.248949 -0.23751
-0.249044 -0.237403
-0.249243 -0.237671
-0.24907 -0.237501
-0.249345 -0.23751
-0.24921 -0.237656
-0.249254 -0.237474
-0.249189 -0.237563
-0.249206 -0.23757
-0.249236 -0.237513
-0.249271 -0.237622
-0.249205 -0.237393
-0.249062 -0.23779
-0.249057 -0.237229
-0.249154 -0.237777
-0.249095 -0.237401
-0.249069 -0.237515
-0.248976 -0.237444
-0.248986 -0.237528
-0.248839 -0.237376
-0.248987 -0.237547
-0.248838 -0.237358
-0.249046 -0.237628
-0.248951 -0.237359
-0.248976 -0.237492
-0.249086 -0.237533
-0.249039 -0.23744
-0.249081 -0.237499
-0.249076 -0.237524
-0.248911 -0.237387
-0.24897 -0.237555
-0.248791 -0.237329
-0.24891 -0.237562
-0.248935 -0.237365
-0.248771 -0.23749
-0.248807 -0.237322
-0.248751 -0.23745
-0.248761 -0.237435
-0.248729 -0.237265
-0.248659 -0.23754
-0.248693 -0.237285
-0.248693 -0.237338
-0.248693 -0.237658
-0.248539 -0.237076
-0.248625 -0.237619
-0.248578 -0.237222
-0.248705 -0.237445
-0.248622 -0.237268
-0.248686 -0.237486
-0.24871 -0.237362
-0.248747 -0.237308
-0.248814 -0.237569
-0.248844 -0.2373
-0.248824 -0.237484
-0.248839 -0.237475
-0.248885 -0.23734
-0.248881 -0.23759
-0.248722 -0.237286
-0.248864 -0.237487
-0.248777 -0.237414
-0.248884 -0.237418
-0.248861 -0.237434
-0.2488 -0.2374
-0.248906 -0.237468
-0.248765 -0.237393
-0.248881 -0.237492
-0.248707 -0.237485
-0.248659 -0.23738
-0.248881 -0.237603
-0.24858 -0.237295
-0.248832 -0.237418
-0.248767 -0.237486
-0.248623 -0.237292
-0.248787 -0.237424
-0.248634 -0.237535
-0.248646 -0.237204
-0.248743 -0.237602
-0.248569 -0.237221
-0.248761 -0.237537
-0.248642 -0.237229
-0.248659 -0.237532
-0.248559 -0.237195
-0.248603 -0.237425
-0.248584 -0.237357
-0.248706 -0.237331
-0.248562 -0.237312
-0.24875 -0.237529
-0.248621 -0.23725
-0.248717 -0.237495
-0.24876 -0.237372
-0.24881 -0.237442
-0.248837 -0.23731
-0.248935 -0.237544
-0.24896 -0.237423
-0.248862 -0.237337
-0.248973 -0.237679
-0.248776 -0.237231
-0.248903 -0.237607
-0.248906 -0.237423
-0.248921 -0.237414
-0.248926 -0.237451
-0.248972 -0.237485
-0.248893 -0.237373
-0.248844 -0.237497
-0.248914 -0.23733
-0.248832 -0.237569
-0.248842 -0.237289
-0.248854 -0.237419
-0.248896 -0.237662
-0.24882 -0.237156
-0.248933 -0.237785
-0.248797 -0.237382
-0.248762 -0.237397
-0.248875 -0.237555
-0.248801 -0.237332
-0.248795 -0.237459
-0.248831 -0.23737
-0.248725 -0.237428
-0.248724 -0.237392
-0.248819 -0.237334
-0.248698 -0.237452
-0.248805 -0.237429
-0.248682 -0.237205
-0.248644 -0.237596
-0.248592 -0.23725
-0.248434 -0.23727
-0.248423 -0.237398
-0.248482 -0.237257
-0.248408 -0.237282
-0.248407 -0.237299
-0.248456 -0.237349
-0.248289 -0.237185
-0.248523 -0.237422
-0.24833 -0.237218
-0.248408 -0.237326
-0.248417 -0.237199
-0.24849 -0.23753
-0.248456 -0.237048
-0.248537 -0.23767
-0.248444 -0.237169
-0.248566 -0.237381
-0.248601 -0.237375
-0.248523 -0.237252
-0.248471 -0.237382
-0.248424 -0.237177
-0.248445 -0.237423
-0.248538 -0.23736
-0.248406 -0.237177
-0.248549 -0.237574
-0.248463 -0.23716
-0.248373 -0.237386
-0.248403 -0.237291
-0.248444 -0.237297
-0.248498 -0.237306
-0.248481 -0.237347
-0.248526 -0.237434
-0.248317 -0.237184
-0.248624 -0.237467
-0.248424 -0.237387
-0.248503 -0.237259
-0.248641 -0.23751
-0.248332 -0.237228
-0.248629 -0.23745
-0.248381 -0.23713
-0.248667 -0.237697
-0.248561 -0.237207
-0.248618 -0.237403
-0.248649 -0.237533
-0.248642 -0.237214
-0.248582 -0.237339
-0.248594 -0.237582
-0.248484 -0.23707
-0.248503 -0.237543
-0.248623 -0.237299
-0.248426 -0.237355
-0.248517 -0.237125
-0.248618 -0.237752
-0.248464 -0.237111
-0.24868 -0.237599
-0.248533 -0.237556
-0.248529 -0.237079
-0.248608 -0.237751
-0.248504 -0.23709
-0.248531 -0.237499
-0.248638 -0.237357
-0.24853 -0.237261
-0.248617 -0.237444
-0.24849 -0.237237
-0.248569 -0.237388
-0.248532 -0.237276
-0.248531 -0.237358
-0.24859 -0.23732
-0.24844 -0.237331
-0.24855 -0.237262
-0.248496 -0.237396
-0.248459 -0.237227
-0.24862 -0.237456
-0.248556 -0.237269
-0.248591 -0.237467
-0.24858 -0.237336
-0.248301 -0.23725
-0.248487 -0.237398
-0.248382 -0.237277
-0.2483 -0.237224
-0.24849 -0.23762
-0.248185 -0.237022
-0.24841 -0.237455
-0.248384 -0.237265
-0.248284 -0.237121
-0.24827 -0.237394
-0.248197 -0.237065
-0.248171 -0.237349
-0.248146 -0.237078
-0.248201 -0.237266
-0.248235 -0.237297
-0.248185 -0.237109
-0.248319 -0.237295
-0.248259 -0.237294
-0.248352 -0.23725
-0.248284 -0.237115
-0.248481 -0.237755
-0.248329 -0.23698
-0.248465 -0.237582
-0.24844 -0.237226
-0.248399 -0.237373
-0.248318 -0.237046
-0.248501 -0.237797
-0.248316 -0.237042
-0.248499 -0.237645
-0.248383 -0.237466
-0.24817 -0.237067
-0.24821 -0.23748
-0.248115 -0.237069
-0.2482 -0.237253
-0.248236 -0.237216
-0.248078 -0.237155
-0.248166 -0.237214
-0.248162 -0.237165
-0.24811 -0.237249
-0.248121 -0.237051
-0.24822 -0.237387
-0.248087 -0.237084
-0.248226 -0.237265
-0.248187 -0.237291
-0.248091 -0.237105
-0.248252 -0.237263
-0.248129 -0.237141
-0.248161 -0.237256
-0.248075 -0.237071
-0.24816 -0.237316
-0.248041 -0.237106
-0.248138 -0.237307
-0.248111 -0.237207
-0.248006 -0.237205
-0.248176 -0.237192
-0.24804 -0.237175
-0.248142 -0.237213
-0.248214 -0.237101
-0.24824 -0.237389
-0.248335 -0.237056
-0.248466 -0.237466
-0.248548 -0.237121
-0.248806 -0.237586
-0.248741 -0.237216
-0.248959 -0.237478
-0.24875 -0.237349
-0.248941 -0.237472
-0.248792 -0.237324
-0.248859 -0.237498
-0.248855 -0.237467
-0.248811 -0.237301
-0.248935 -0.237595
-0.248851 -0.237323
-0.248784 -0.237398
-0.248809 -0.237411
-0.248875 -0.237438
-0.248712 -0.237297
-0.248767 -0.237485
-0.248648 -0.237375
-0.248555 -0.237271
-0.248607 -0.23743
-0.248427 -0.23721
-0.248658 -0.237489
-0.248451 -0.237139
-0.248847 -0.237721
-0.248588 -0.237142
-0.248756 -0.237657
-0.24869 -0.237156
-0.248691 -0.237591
-0.24864 -0.237223
-0.248683 -0.237436
-0.248662 -0.23742
-0.248628 -0.237249
-0.248646 -0.237451
-0.248492 -0.237253
-0.248508 -0.237295
-0.248684 -0.237466
-0.248531 -0.237249
-0.248624 -0.237322
-0.248627 -0.237402
-0.248439 -0.237269
-0.248507 -0.237242
-0.24858 -0.237409
-0.248606 -0.237307
-0.24853 -0.237247
-0.248681 -0.237481
-0.248383 -0.237232
-0.248373 -0.237223
-0.248427 -0.237466
-0.248193 -0.237129
-0.248425 -0.237239
-0.248384 -0.237437
-0.248367 -0.23713
-0.248384 -0.237311
-0.248351 -0.237465
-0.248246 -0.237003
-0.248374 -0.237538
-0.248334 -0.23712
-0.248356 -0.237264
-0.248367 -0.237339
-0.248279 -0.237128
-0.248263 -0.237256
-0.248241 -0.237216
-0.248357 -0.237246
-0.248372 -0.237231
-0.248297 -0.237245
-0.248575 -0.237438
-0.248385 -0.237128
-0.248468 -0.237424
-0.248498 -0.23728
-0.248285 -0.237258
-0.248422 -0.237251
-0.248468 -0.237321
-0.248462 -0.237218
-0.248787 -0.237451
-0.248745 -0.237294
-0.2489 -0.237473
-0.248885 -0.237387
-0.248881 -0.23736
-0.248915 -0.23753
-0.248887 -0.237318
-0.248946 -0.237433
-0.248857 -0.237599
-0.248864 -0.237164
-0.248934 -0.237738
-0.24893 -0.237275
-0.248945 -0.237448
-0.248798 -0.237443
-0.248841 -0.237313
-0.248886 -0.237466
-0.248837 -0.237391
-0.248975 -0.237372
-0.248972 -0.237499
-0.24896 -0.237423
-0.248963 -0.237398
-0.248936 -0.237509
-0.249101 -0.23737
-0.24897 -0.237561
-0.248894 -0.237247
-0.248803 -0.237532
-0.248871 -0.237461
-0.24878 -0.237293
-0.248873 -0.237631
-0.248765 -0.237238
-0.248871 -0.237493
-0.248775 -0.237332
-0.248761 -0.237369
-0.248808 -0.2374
-0.24866 -0.237335
-0.248765 -0.237329
-0.248651 -0.237355
-0.248714 -0.237331
-0.248688 -0.237281
-0.248609 -0.237423
-0.248606 -0.237226
-0.248541 -0.237282
-0.248494 -0.237427
-0.248374 -0.237069
-0.248334 -0.237391
-0.248313 -0.237301
-0.248303 -0.237086
-0.248306 -0.237443
-0.248277 -0.237096
-0.248293 -0.237213
-0.248257 -0.237349
-0.248133 -0.236964
-0.248081 -0.23743
-0.248038 -0.237027
-0.248095 -0.237195
-0.248134 -0.237284
-0.248082 -0.237055
-0.248098 -0.237234
-0.248085 -0.237132
-0.248077 -0.237186
-0.247959 -0.237075
-0.248008 -0.237248
-0.247857 -0.236958
-0.248029 -0.237372
-0.247845 -0.236968
-0.247844 -0.237187
-0.247901 -0.237113
-0.247894 -0.23705
-0.247889 -0.237161
-0.247944 -0.237077
-0.24787 -0.237075
-0.247956 -0.23728
-0.247915 -0.236912
-0.247972 -0.237386
-0.247976 -0.236985
-0.247966 -0.237153
-0.247951 -0.237227
-0.247926 -0.236959
-0.247977 -0.237297
-0.248069 -0.237054
-0.248061 -0.237245
-0.247953 -0.237027
-0.248047 -0.237279
-0.247946 -0.237058
-0.248001 -0.237136
-0.247956 -0.237152
-0.247938 -0.237057
-0.247846 -0.237171
-0.24781 -0.236996
-0.247866 -0.237262
-0.247604 -0.236954
-0.247693 -0.23701
-0.247531 -0.237108
-0.247529 -0.236941
-0.247543 -0.236929
-0.247462 -0.23715
-0.247459 -0.236849
-0.24732 -0.237073
-0.24749 -0.237251
-0.247204 -0.236738
-0.247486 -0.237313
-0.247289 -0.2368
-0.247213 -0.236965
-0.247349 -0.23693
-0.247121 -0.236862
-0.247148 -0.236931
-0.247147 -0.236741
-0.247215 -0.237171
-0.247038 -0.236619
-0.247123 -0.237138
-0.246939 -0.236749
-0.247047 -0.236852
-0.247158 -0.236956
-0.247123 -0.236823
-0.247098 -0.236805
-0.247087 -0.23704
-0.246942 -0.23661
-0.247082 -0.237096
-0.247003 -0.236699
-0.247099 -0.236971
-0.247041 -0.23683
-0.247031 -0.236862
-0.247062 -0.23675
-0.247205 -0.23705
-0.247122 -0.236781
-0.247328 -0.236959
-0.247195 -0.237019
-0.247215 -0.236744
-0.247261 -0.237064
-0.247181 -0.236902
-0.247241 -0.236852
-0.247259 -0.237276
-0.247172 -0.236684
-0.247302 -0.236997
-0.247229 -0.237117
-0.247091 -0.236603
-0.247231 -0.237243
-0.24702 -0.236819
-0.247078 -0.236759
-0.247044 -0.236983
-0.246952 -0.236736
-0.246923 -0.236767
-0.246843 -0.236798
-0.246893 -0.236813
-0.246809 -0.236717
-0.246854 -0.236751
-0.246865 -0.237089
-0.246649 -0.236509
-0.246848 -0.237019
-0.246618 -0.236747
-0.246667 -0.23665
-0.24671 -0.236891
-0.246611 -0.236645
-0.246764 -0.236812
-0.246567 -0.236676
-0.246814 -0.236789
-0.246702 -0.236715
-0.246754 -0.236741
-0.246849 -0.236748
-0.246695 -0.236766
-0.246753 -0.236623
-0.246695 -0.236928
-0.246487 -0.236534
-0.246665 -0.236857
-0.246583 -0.236717
-0.246566 -0.236633
-0.246675 -0.236787
-0.246602 -0.236637
-0.246673 -0.236738
-0.246549 -0.236741
-0.246619 -0.236587
-0.246555 -0.236778
-0.246606 -0.236682
-0.246623 -0.236675
-0.246548 -0.23674
-0.246626 -0.236672
-0.246515 -0.23665
-0.24658 -0.236744
-0.246567 -0.236614
-0.246625 -0.23674
-0.246655 -0.236715
-0.24659 -0.236695
-0.246668 -0.236641
-0.246533 -0.236805
-0.246602 -0.236563
-0.246438 -0.236654
-0.246518 -0.236805
-0.246479 -0.236436
-0.246505 -0.236901
-0.24647 -0.236543
-0.246293 -0.236619
-0.246375 -0.236636
-0.246279 -0.23661
-0.24624 -0.236533
-0.246252 -0.236565
-0.246188 -0.236786
-0.246142 -0.236311
-0.246192 -0.236784
-0.246151 -0.236627
-0.246163 -0.236373
-0.246166 -0.236755
-0.246212 -0.236589
-0.246093 -0.236422
-0.246272 -0.236879
-0.246175 -0.236374
-0.24626 -0.236671
-0.246143 -0.236566
-0.246283 -0.236587
-0.246207 -0.236527
-0.246322 -0.236725
-0.246423 -0.236594
-0.246293 -0.236629
-0.246519 -0.236623
-0.246507 -0.23672
-0.246466 -0.236544
-0.246599 -0.236763
-0.246392 -0.236612
-0.246558 -0.236663
-0.246498 -0.236746
-0.246485 -0.236563
-0.246411 -0.236695
-0.246381 -0.23662
-0.246388 -0.236576
-0.246403 -0.236705
-0.246572 -0.23657
-0.246491 -0.236783
-0.246395 -0.236492
-0.246341 -0.2368
-0.246208 -0.236407
-0.246329 -0.236791
-0.24618 -0.236447
-0.246192 -0.236637
-0.246018 -0.236472
-0.246112 -0.236621
-0.24605 -0.236377
-0.246107 -0.236734
-0.246137 -0.236407
-0.246156 -0.236576
-0.246176 -0.236695
-0.246171 -0.236317
-0.246204 -0.236942
-0.246134 -0.236269
-0.246244 -0.236882
-0.24613 -0.236501
-0.246176 -0.23656
-0.246107 -0.236685
-0.246034 -0.236363
-0.246155 -0.236722
-0.24613 -0.236556
-0.246024 -0.236448
-0.246024 -0.236625
-0.245972 -0.236474
-0.246077 -0.236493
-0.246116 -0.236644
-0.246081 -0.236473
-0.246135 -0.236535
-0.246055 -0.236599
-0.246041 -0.236391
-0.246163 -0.236743
-0.245993 -0.236414
-0.246143 -0.23655
-0.246097 -0.236664
-0.245961 -0.236346
-0.246141 -0.236786
-0.245912 -0.236362
-0.246007 -0.236602
-0.245934 -0.236538
-0.245789 -0.236328
-0.245896 -0.236632
-0.245841 -0.236377
-0.245813 -0.236434
-0.245892 -0.236554
-0.245896 -0.236418
-0.245861 -0.236367
-0.24613 -0.236808
-0.245869 -0.236332
-0.245946 -0.23653
-0.245909 -0.236573
-0.245764 -0.236403
-0.245829 -0.236368
-0.245821 -0.236587
-0.245735 -0.236522
-0.245707 -0.236317
-0.245777 -0.236687
-0.245696 -0.236339
-0.245778 -0.236314
-0.245602 -0.236573
-0.245687 -0.236269
-0.245573 -0.236392
-0.24561 -0.236478
-0.24574 -0.23638
-0.245567 -0.23638
-0.24557 -0.236478
-0.245481 -0.236219
-0.245563 -0.236475
-0.245522 -0.236289
-0.245571 -0.236369
-0.245598 -0.236402
-0.245636 -0.236348
-0.245719 -0.236406
-0.245815 -0.236471
-0.24579 -0.23641
-0.245937 -0.236538
-0.245844 -0.236377
-0.246054 -0.236787
-0.245886 -0.236276
-0.245998 -0.236631
-0.24605 -0.236617
-0.24588 -0.236359
-0.246039 -0.236587
-0.246131 -0.236603
-0.246002 -0.236435
-0.246359 -0.236664
-0.246213 -0.236538
-0.246391 -0.236638
-0.246366 -0.236517
-0.246324 -0.236686
-0.246314 -0.236523
-0.246362 -0.23668
-0.246356 -0.236512
-0.246415 -0.236779
-0.246484 -0.236463
-0.246551 -0.236822
-0.246543 -0.236546
-0.24651 -0.236702
-0.24645 -0.236537
-0.246526 -0.2368
-0.246413 -0.236545
-0.246518 -0.236626
-0.246353 -0.236735
-0.246459 -0.236563
-0.246301 -0.236629
-0.246468 -0.236768
-0.246402 -0.236508
-0.246456 -0.236695
-0.246438 -0.236664
-0.246465 -0.236625
-0.246453 -0.236529
-0.246597 -0.237057
-0.246516 -0.236422
-0.246582 -0.236956
-0.246714 -0.237125
-0.246489 -0.236392
-0.246706 -0.237095
-0.246637 -0.236623
-0.246669 -0.236671
-0.246604 -0.236745
-0.246669 -0.236718
-0.246576 -0.236649
-0.24664 -0.236725
-0.246508 -0.236607
-0.246418 -0.236778
-0.246437 -0.236438
-0.246471 -0.236877
-0.246509 -0.236588
-0.24635 -0.236582
-0.246438 -0.236763
-0.246448 -0.236547
-0.246425 -0.2367
-0.246487 -0.236546
-0.246471 -0.236872
-0.246431 -0.236458
-0.246381 -0.236698
-0.246413 -0.236739
-0.246375 -0.236531
-0.246384 -0.236614
-0.246622 -0.236875
-0.246358 -0.236505
-0.246367 -0.236681
-0.24641 -0.236687
-0.246198 -0.236573
-0.246345 -0.236588
-0.24638 -0.23686
-0.246212 -0.236424
-0.246325 -0.236714
-0.246295 -0.23669
-0.246312 -0.236483
-0.246388 -0.236693
-0.246472 -0.23663
-0.246284 -0.236621
-0.246411 -0.236542
-0.24634 -0.236676
-0.246384 -0.236569
-0.246471 -0.236675
-0.246377 -0.236551
-0.246527 -0.236759
-0.24647 -0.236648
-0.246501 -0.236549
-0.246687 -0.236984
-0.246622 -0.236471
-0.246768 -0.236903
-0.246815 -0.236763
-0.246775 -0.236641
-0.246876 -0.236884
-0.246839 -0.23669
-0.246897 -0.236851
-0.2469 -0.236731
-0.247035 -0.236884
-0.247107 -0.236927
-0.24699 -0.236696
-0.247119 -0.236923
-0.247126 -0.237024
-0.24705 -0.236637
-0.247284 -0.237191
-0.247116 -0.236917
-0.247028 -0.236678
-0.247129 -0.237249
-0.246897 -0.236666
-0.246987 -0.236857
-0.247184 -0.237085
-0.247009 -0.236682
-0.247008 -0.236877
-0.246923 -0.236847
-0.246748 -0.236706
-0.246822 -0.236712
-0.246612 -0.236731
-0.246694 -0.236736
-0.246787 -0.236728
-0.246689 -0.236736
-0.246898 -0.236921
-0.24648 -0.23659
-0.246551 -0.236677
-0.246506 -0.236939
-0.246204 -0.236401
-0.246516 -0.236922
-0.246167 -0.236609
-0.246234 -0.236467
-0.246168 -0.236684
-0.2459 -0.236396
-0.246101 -0.236599
-0.245893 -0.23639
-0.246043 -0.236605
-0.246104 -0.236621
-0.245856 -0.236326
-0.246129 -0.23679
-0.245886 -0.236465
-0.245848 -0.236349
-0.245988 -0.236841
-0.245712 -0.236212
-0.245941 -0.236655
-0.245849 -0.236402
-0.245898 -0.236455
-0.245928 -0.236468
-0.245946 -0.236484
-0.245898 -0.236431
-0.246012 -0.236508
-0.245932 -0.236465
-0.246009 -0.236595
-0.245921 -0.236342
-0.245991 -0.236745
-0.245852 -0.236263
-0.245871 -0.23657
-0.245778 -0.236494
-0.245737 -0.236239
-0.245854 -0.236771
-0.245731 -0.236219
-0.245921 -0.236576
-0.245787 -0.236466
-0.245822 -0.236381
-0.24577 -0.236431
-0.245909 -0.236644
-0.24577 -0.236277
-0.245967 -0.236664
-0.24581 -0.236381
-0.245815 -0.236506
-0.245832 -0.236494
-0.245632 -0.236359
-0.245681 -0.236422
-0.24558 -0.236354
-0.245587 -0.236322
-0.245657 -0.236532
-0.245508 -0.236151
-0.245644 -0.236684
-0.245488 -0.236248
-0.245572 -0.236363
-0.245531 -0.236437
-0.245527 -0.236317
-0.245475 -0.236248
-0.245452 -0.236455
-0.245405 -0.236242
-0.245394 -0.236319
-0.245337 -0.236249
-0.245397 -0.236504
-0.245225 -0.236017
-0.245309 -0.236649
-0.245293 -0.236314
-0.24519 -0.236123
-0.24527 -0.236568
-0.245209 -0.23613
-0.245084 -0.236224
-0.245175 -0.236213
-0.245144 -0.236488
-0.244929 -0.23596
-0.245052 -0.236392
-0.244989 -0.236214
-0.245028 -0.236074
-0.245089 -0.236223
-0.245251 -0.236388
-0.244982 -0.236056
-0.245123 -0.236414
-0.245068 -0.236352
-0.244954 -0.236058
-0.245096 -0.236252
-0.245088 -0.236439
-0.245009 -0.235931
-0.245172 -0.236712
-0.244961 -0.235899
-0.245148 -0.236494
-0.245006 -0.236076
-0.245225 -0.236245
-0.245222 -0.236441
-0.245192 -0.235982
-0.245346 -0.236566
-0.245205 -0.236212
-0.245303 -0.236145
-0.24531 -0.23665
-0.245243 -0.23594
-0.245372 -0.236589
-0.245303 -0.236156
-0.2454 -0.236339
-0.245251 -0.236212
-0.245377 -0.236327
-0.24544 -0.236312
-0.2455 -0.236268
-0.245517 -0.23638
-0.245691 -0.236383
-0.245568 -0.236325
-0.245701 -0.236386
-0.245667 -0.23639
-0.245634 -0.236397
-0.245643 -0.23631
-0.245644 -0.236456
-0.24568 -0.236405
-0.245635 -0.236331
-0.245783 -0.236451
-0.245755 -0.236564
-0.245757 -0.236223
-0.245874 -0.23679
-0.245668 -0.236289
-0.245719 -0.236437
-0.245757 -0.236765
-0.245728 -0.236195
-0.245803 -0.236537
-0.245822 -0.236501
-0.245553 -0.236267
-0.245629 -0.236478
-0.245643 -0.236449
-0.245487 -0.236261
-0.24568 -0.236509
-0.245487 -0.236372
-0.245448 -0.236244
-0.245608 -0.23653
-0.245427 -0.236271
-0.245655 -0.236385
-0.245666 -0.236384
-0.245584 -0.236399
-0.245575 -0.236304
-0.245575 -0.236381
-0.245571 -0.236341
-0.245754 -0.236468
-0.245567 -0.23627
-0.245608 -0.236517
-0.245521 -0.236233
