0 0
-0.0871584 -0.0820103
-0.171521 -0.161658
-0.252885 -0.238674
-0.331217 -0.313105
-0.406655 -0.385217
-0.478934 -0.454479
-0.548524 -0.520979
-0.615319 -0.585845
-0.678311 -0.645939
-0.737614 -0.706652
-0.795761 -0.762343
-0.849352 -0.815714
-0.900829 -0.865466
-0.947385 -0.913894
-0.991582 -0.960624
-1.03411 -1.00272
-1.06998 -1.04203
-1.10484 -1.08011
-1.13572 -1.11525
-1.16055 -1.1501
-1.18568 -1.17618
-1.20706 -1.20726
-1.22403 -1.2304
-1.23904 -1.25614
-1.25334 -1.27412
-1.26263 -1.29628
-1.27149 -1.31155
-1.27917 -1.32994
-1.28094 -1.34549
-1.28706 -1.36203
-1.28858 -1.35961
-1.28964 -1.35913
-1.28943 -1.36
-1.2873 -1.3578
-1.28716 -1.36405
-1.28994 -1.35222
-1.28509 -1.35998
-1.28797 -1.35972
-1.28832 -1.35701
-1.28618 -1.35775
-1.28938 -1.35523
-1.28908 -1.35692
-1.28411 -1.35941
-1.28924 -1.3569
-1.28832 -1.35935
-1.28726 -1.35759
-1.28641 -1.35733
-1.28783 -1.35427
-1.28949 -1.35636
-1.285 -1.35523
-1.28685 -1.35573
-1.28624 -1.35671
-1.28646 -1.35672
-1.28914 -1.35618
-1.28701 -1.35769
-1.28713 -1.35473
-1.28532 -1.35571
-1.29125 -1.35576
-1.28511 -1.35526
-1.28872 -1.3545
-1.29012 -1.35248
-1.28639 -1.35632
-1.28734 -1.35476
-1.28844 -1.35284
-1.28861 -1.35219
-1.28736 -1.35383
-1.29137 -1.35261
-1.28897 -1.35252
-1.28676 -1.35536
-1.2876 -1.35352
-1.2888 -1.35298
-1.28627 -1.3541
-1.28797 -1.35435
-1.28769 -1.35449
-1.28561 -1.35296
-1.28869 -1.35485
-1.28699 -1.35269
-1.28566 -1.35264
-1.2886 -1.35383
-1.28558 -1.35451
-1.28731 -1.35154
-1.2876 -1.35238
-1.28814 -1.35169
-1.28558 -1.35302
-1.28695 -1.35062
-1.28751 -1.35068
-1.28725 -1.35352
-1.28559 -1.34995
-1.28606 -1.35568
-1.28704 -1.35227
-1.28777 -1.35394
-1.28658 -1.34851
-1.28915 -1.35336
-1.28705 -1.35317
-1.28609 -1.34945
-1.28913 -1.35116
-1.28776 -1.35305
-1.28836 -1.3497
-1.2854 -1.35484
-1.28512 -1.3529
-1.28751 -1.34948
-1.2844 -1.353
-1.28539 -1.35331
-1.28794 -1.35137
-1.28589 -1.35085
-1.28528 -1.35104
-1.29005 -1.35116
-1.28493 -1.3502
-1.28712 -1.35358
-1.28527 -1.34834
-1.28714 -1.3501
-1.2858 -1.34971
-1.287 -1.34959
-1.28507 -1.34923
-1.28605 -1.35108
-1.28758 -1.34806
-1.28832 -1.34899
-1.28487 -1.35129
-1.28554 -1.3491
-1.28693 -1.35099
-1.28592 -1.35101
-1.28514 -1.3518
-1.28858 -1.35074
-1.2848 -1.35303
-1.28593 -1.34811
-1.28824 -1.34693
-1.28662 -1.34972
-1.28513 -1.34925
-1.28832 -1.34832
-1.28701 -1.35054
-1.28656 -1.3511
-1.28499 -1.34615
-1.28997 -1.3498
-1.28447 -1.34908
-1.28595 -1.34805
-1.28668 -1.34986
-1.28576 -1.34727
-1.28388 -1.35074
-1.28749 -1.34707
-1.28407 -1.34934
-1.28631 -1.34675
-1.28499 -1.34949
-1.28569 -1.34993
-1.28252 -1.34942
-1.28464 -1.34883
-1.28447 -1.3477
-1.28454 -1.35074
-1.28394 -1.34845
-1.28637 -1.34556
-1.28501 -1.35149
-1.28421 -1.3459
-1.28394 -1.3474
-1.2824 -1.34818
-1.28513 -1.34747
-1.28424 -1.3476
-1.28195 -1.34942
-1.28305 -1.35135
-1.28273 -1.34764
-1.28516 -1.34688
-1.28415 -1.34698
-1.28373 -1.34748
-1.28681 -1.34601
-1.28374 -1.34892
-1.28454 -1.34738
-1.28386 -1.34862
-1.28764 -1.346
-1.28385 -1.3466
-1.28371 -1.34722
-1.2853 -1.34659
-1.28251 -1.34909
-1.28496 -1.3455
-1.28707 -1.34731
-1.28277 -1.34557
-1.28615 -1.34345
-1.28387 -1.34814
-1.28485 -1.34458
-1.28473 -1.34863
-1.28502 -1.34701
-1.28361 -1.34423
-1.28477 -1.34549
-1.28555 -1.34306
-1.28321 -1.34551
-1.28672 -1.34265
-1.28407 -1.34491
-1.284 -1.34662
-1.28301 -1.344
-1.28439 -1.34451
-1.28273 -1.34813
-1.2866 -1.34264
-1.28317 -1.34756
-1.28175 -1.35008
-1.28553 -1.34398
-1.28557 -1.34633
-1.28353 -1.34453
-1.28555 -1.34718
-1.28297 -1.34524
-1.28561 -1.34203
-1.28656 -1.34728
-1.28189 -1.34614
-1.28591 -1.34514
-1.28354 -1.34498
-1.28873 -1.34174
-1.28361 -1.34634
-1.28672 -1.34227
-1.28387 -1.34511
-1.28324 -1.34619
-1.28184 -1.34733
-1.28492 -1.34248
-1.28257 -1.34663
-1.28316 -1.34502
-1.28424 -1.34599
-1.28148 -1.34466
-1.28512 -1.34274
-1.28323 -1.34432
-1.28218 -1.34494
-1.28331 -1.34106
-1.28487 -1.34507
-1.28241 -1.34426
-1.28482 -1.34228
-1.28558 -1.34193
-1.27988 -1.34825
-1.28563 -1.34088
-1.28155 -1.34616
-1.28257 -1.34273
-1.28277 -1.34349
-1.28243 -1.34425
-1.2825 -1.34459
-1.28375 -1.34065
-1.28131 -1.34526
-1.2812 -1.34496
-1.28034 -1.34144
-1.28212 -1.34246
-1.28051 -1.34204
-1.28331 -1.34162
-1.28277 -1.34101
-1.28309 -1.34392
-1.28006 -1.3409
-1.2807 -1.3445
-1.28317 -1.34052
-1.27903 -1.34429
-1.28325 -1.33931
-1.28148 -1.34282
-1.28133 -1.34291
-1.28126 -1.34318
-1.28341 -1.3413
-1.28055 -1.34147
-1.28371 -1.34415
-1.28182 -1.33992
-1.27982 -1.34338
-1.28414 -1.33945
-1.27916 -1.34361
-1.28366 -1.34344
-1.28177 -1.33964
-1.28249 -1.34142
-1.28242 -1.33865
-1.28156 -1.34548
-1.28003 -1.34256
-1.28328 -1.33988
-1.28041 -1.34345
-1.28233 -1.33997
-1.28378 -1.33843
-1.27998 -1.34087
-1.28207 -1.34196
-1.28156 -1.34071
-1.28411 -1.3385
-1.27913 -1.33964
-1.28379 -1.33973
-1.28006 -1.34026
-1.28025 -1.34141
-1.28254 -1.33881
-1.27823 -1.34082
-1.28093 -1.33998
-1.28192 -1.34069
-1.2818 -1.33871
-1.28059 -1.34233
-1.27996 -1.34038
-1.28089 -1.3401
-1.2818 -1.33829
-1.28053 -1.34436
-1.2812 -1.33806
-1.28076 -1.33819
-1.2795 -1.33971
-1.28152 -1.34244
-1.27983 -1.33659
-1.28346 -1.34066
-1.2788 -1.33879
-1.28074 -1.33891
-1.2793 -1.33943
-1.28193 -1.33791
-1.28421 -1.33552
-1.28008 -1.33899
-1.28144 -1.33947
-1.28403 -1.33677
-1.28099 -1.33622
-1.27674 -1.33966
-1.28158 -1.33748
-1.27902 -1.34239
-1.27918 -1.33879
-1.28197 -1.33645
-1.27944 -1.33959
-1.27899 -1.33892
-1.28103 -1.33678
-1.28072 -1.33808
-1.27877 -1.33617
-1.28253 -1.3371
-1.27782 -1.33873
-1.28103 -1.33548
-1.27878 -1.33766
-1.28257 -1.33735
-1.27904 -1.3357
-1.28016 -1.34052
-1.28111 -1.33323
-1.27964 -1.33894
-1.2813 -1.33664
-1.28054 -1.33506
-1.28012 -1.33637
-1.2802 -1.33655
-1.28124 -1.33798
-1.27802 -1.33745
-1.28058 -1.33672
-1.27948 -1.33724
-1.27986 -1.33647
-1.28031 -1.33718
-1.27843 -1.33898
-1.27596 -1.33631
-1.28176 -1.335
-1.27948 -1.33931
-1.27817 -1.33567
-1.28184 -1.3333
-1.27917 -1.33938
-1.27722 -1.33561
-1.28034 -1.33392
-1.2779 -1.33981
-1.27778 -1.33551
-1.28015 -1.33309
-1.27819 -1.33613
-1.27585 -1.33915
-1.2803 -1.33537
-1.28016 -1.33596
-1.27846 -1.33395
-1.27896 -1.33635
-1.27923 -1.33516
-1.27963 -1.33828
-1.27851 -1.33853
-1.27881 -1.33532
-1.27905 -1.33843
-1.27864 -1.33518
-1.27988 -1.3358
-1.27762 -1.33744
-1.27953 -1.33874
-1.27778 -1.33675
-1.27797 -1.33689
-1.27916 -1.33453
-1.27936 -1.33594
-1.27862 -1.33626
-1.28147 -1.3341
-1.27983 -1.33503
-1.27983 -1.336
-1.27869 -1.33557
-1.28062 -1.33562
-1.28101 -1.33583
-1.27908 -1.3325
-1.27758 -1.33578
-1.28076 -1.33212
-1.27536 -1.33529
-1.28113 -1.33575
-1.2799 -1.33544
-1.27937 -1.33091
-1.27869 -1.33686
-1.27896 -1.33653
-1.27939 -1.33358
-1.27724 -1.33479
-1.27918 -1.3345
-1.27793 -1.33387
-1.27777 -1.33375
-1.27725 -1.3361
-1.27814 -1.33381
-1.2794 -1.33284
-1.27585 -1.33699
-1.27708 -1.33509
-1.27766 -1.33727
-1.27757 -1.33318
-1.27791 -1.33957
-1.27688 -1.33425
-1.27877 -1.33638
-1.27776 -1.33401
-1.27692 -1.33707
-1.27725 -1.33878
-1.27749 -1.33359
-1.2775 -1.33794
-1.2761 -1.33602
-1.27707 -1.33552
-1.2778 -1.33253
-1.27643 -1.33874
-1.27827 -1.33484
-1.27746 -1.33338
-1.27556 -1.33424
-1.27761 -1.33611
-1.27463 -1.33397
-1.27678 -1.33652
-1.27514 -1.33404
-1.27788 -1.33335
-1.27473 -1.33673
-1.27731 -1.33255
-1.27919 -1.33432
-1.27252 -1.33568
-1.28097 -1.32954
-1.27294 -1.33795
-1.27724 -1.33154
-1.274 -1.33353
-1.27419 -1.33568
-1.27458 -1.33522
-1.27505 -1.33353
-1.27396 -1.33282
-1.2748 -1.33617
-1.27448 -1.33144
-1.27368 -1.33272
-1.27419 -1.33739
-1.2766 -1.32802
-1.27457 -1.33514
-1.27786 -1.3297
-1.27292 -1.33518
-1.27574 -1.32881
-1.27699 -1.33186
-1.27533 -1.33332
-1.27743 -1.32808
-1.27633 -1.33104
-1.27438 -1.33303
-1.27502 -1.33311
-1.27526 -1.33086
-1.27741 -1.3306
-1.27483 -1.33376
-1.27831 -1.32819
-1.27576 -1.33239
-1.27615 -1.32885
-1.27707 -1.33203
-1.27498 -1.32761
-1.27617 -1.33121
-1.27726 -1.32779
-1.27827 -1.32947
-1.2793 -1.32789
-1.27288 -1.33007
-1.27713 -1.32934
-1.27477 -1.328
-1.27628 -1.33264
-1.27644 -1.32575
-1.27425 -1.33174
-1.2755 -1.32621
-1.27508 -1.32876
-1.2761 -1.33014
-1.27538 -1.32918
-1.27287 -1.33055
-1.27608 -1.32985
-1.27431 -1.32763
-1.27517 -1.33085
-1.27409 -1.33
-1.27519 -1.32808
-1.27316 -1.3298
-1.27537 -1.32705
-1.2728 -1.32781
-1.27515 -1.33068
-1.27574 -1.32653
-1.27287 -1.32839
-1.27549 -1.32775
-1.27297 -1.33026
-1.2771 -1.32822
-1.27567 -1.32895
-1.27731 -1.32574
-1.27291 -1.32837
-1.27876 -1.32572
-1.27353 -1.32834
-1.27538 -1.33073
-1.27633 -1.3237
-1.27406 -1.33161
-1.27524 -1.32822
-1.27557 -1.32659
-1.27464 -1.32763
-1.2739 -1.3308
-1.27656 -1.32753
-1.27516 -1.33014
-1.2758 -1.32767
-1.27408 -1.32738
-1.27351 -1.33021
-1.2744 -1.32752
-1.27538 -1.33234
-1.27457 -1.32535
-1.27447 -1.32858
-1.2769 -1.32823
-1.27223 -1.328
-1.27257 -1.32993
-1.27502 -1.32605
-1.27332 -1.33069
-1.27415 -1.32964
-1.27669 -1.32526
-1.2712 -1.32873
-1.27425 -1.32417
-1.27381 -1.33144
-1.27315 -1.32989
-1.27249 -1.32643
-1.27577 -1.32912
-1.27432 -1.32688
-1.27395 -1.32854
-1.27654 -1.32531
-1.27329 -1.33131
-1.27661 -1.32542
-1.27644 -1.32643
-1.27384 -1.32452
-1.274 -1.33101
-1.27378 -1.32592
-1.27261 -1.32821
-1.27517 -1.32983
-1.27458 -1.32515
-1.27453 -1.32882
-1.27463 -1.32866
-1.27647 -1.32447
-1.27597 -1.32787
-1.27559 -1.32639
-1.27483 -1.32643
-1.2749 -1.32807
-1.27445 -1.32652
-1.27505 -1.32605
-1.27443 -1.32808
-1.27449 -1.32735
-1.27176 -1.32692
-1.27755 -1.32633
-1.27226 -1.32784
-1.27527 -1.32927
-1.27567 -1.32632
-1.27302 -1.32799
-1.27581 -1.32559
-1.27435 -1.32938
-1.2746 -1.3247
-1.27588 -1.32498
-1.27303 -1.32725
-1.27696 -1.32564
-1.27159 -1.32817
-1.27446 -1.32501
-1.27434 -1.3254
-1.2746 -1.32431
-1.27428 -1.33013
-1.2754 -1.32141
-1.27041 -1.32531
-1.27453 -1.3263
-1.2733 -1.32428
-1.2754 -1.32439
-1.27053 -1.32642
-1.27565 -1.32538
-1.27139 -1.32703
-1.27371 -1.32684
-1.27315 -1.32339
-1.27391 -1.32637
-1.27278 -1.32592
-1.27373 -1.32666
-1.27317 -1.32558
-1.27487 -1.32395
-1.27356 -1.32382
-1.27364 -1.32548
-1.27389 -1.32381
-1.27369 -1.32706
-1.27305 -1.32437
-1.27606 -1.32298
-1.2725 -1.32748
-1.27558 -1.32159
-1.27369 -1.32619
-1.27859 -1.32382
-1.272 -1.32563
-1.27393 -1.32455
-1.27443 -1.32385
-1.27265 -1.32686
-1.274 -1.32286
-1.27307 -1.32747
-1.27169 -1.3236
-1.2751 -1.32447
-1.27356 -1.32337
-1.27221 -1.32634
-1.2752 -1.32258
-1.27266 -1.32638
-1.27518 -1.31804
-1.27054 -1.32466
-1.27328 -1.32604
-1.27237 -1.32504
-1.27224 -1.32175
-1.27341 -1.32396
-1.27096 -1.32513
-1.27256 -1.32407
-1.27163 -1.32226
-1.27497 -1.32243
-1.27094 -1.32326
-1.27279 -1.32412
-1.27118 -1.32427
-1.27379 -1.32109
-1.27091 -1.32338
-1.27246 -1.32289
-1.27212 -1.32429
-1.27351 -1.32088
-1.2743 -1.31945
-1.27295 -1.32447
-1.27154 -1.32281
-1.27155 -1.3226
-1.27232 -1.32033
-1.27068 -1.32389
-1.26934 -1.32547
-1.27307 -1.31787
-1.2704 -1.32461
-1.27289 -1.31994
-1.27069 -1.32265
-1.27176 -1.31882
-1.27199 -1.32173
-1.27394 -1.32249
-1.26924 -1.32261
-1.27382 -1.32005
-1.26948 -1.32139
-1.27404 -1.31889
-1.27152 -1.32196
-1.27206 -1.31993
-1.27065 -1.32062
-1.27348 -1.31844
-1.27081 -1.32263
-1.27244 -1.32062
-1.2732 -1.31947
-1.27299 -1.322
-1.27159 -1.32184
-1.27208 -1.31926
-1.27185 -1.32131
-1.27422 -1.31971
-1.26966 -1.32209
-1.27334 -1.31871
-1.27321 -1.3188
-1.2721 -1.32185
-1.27296 -1.32035
-1.26937 -1.32113
-1.27157 -1.32107
-1.27191 -1.32405
-1.27037 -1.31759
-1.27359 -1.32019
-1.27047 -1.31964
-1.27108 -1.32077
-1.26958 -1.32161
-1.27378 -1.31838
-1.27146 -1.31748
-1.27349 -1.31835
-1.27194 -1.32013
-1.27269 -1.31782
-1.27096 -1.31876
-1.2739 -1.31919
-1.27117 -1.31888
-1.27347 -1.3163
-1.26914 -1.3211
-1.27582 -1.31715
-1.26784 -1.3211
-1.27269 -1.31815
-1.27106 -1.32195
-1.27039 -1.31907
-1.27067 -1.31906
-1.27244 -1.32025
-1.26964 -1.31987
-1.27122 -1.31996
-1.26849 -1.3192
-1.27344 -1.31534
-1.2701 -1.31875
-1.2713 -1.31849
-1.27307 -1.31887
-1.26922 -1.32048
-1.27259 -1.3153
-1.26938 -1.32057
-1.27086 -1.31857
-1.27123 -1.3193
-1.26909 -1.31823
-1.27202 -1.3195
-1.26988 -1.31594
-1.26979 -1.3182
-1.26965 -1.31574
-1.27067 -1.31944
-1.26711 -1.3204
-1.26927 -1.31732
-1.27286 -1.31938
-1.26894 -1.31632
-1.26955 -1.31856
-1.27006 -1.31985
-1.26948 -1.31906
-1.27112 -1.31786
-1.26947 -1.31859
-1.26962 -1.31924
-1.26855 -1.31801
-1.27189 -1.31763
-1.26846 -1.31646
-1.2694 -1.32105
-1.26843 -1.31584
-1.27251 -1.31648
-1.27017 -1.31346
-1.26995 -1.31744
-1.26897 -1.31549
-1.26676 -1.31809
-1.27067 -1.31652
-1.27027 -1.31779
-1.26694 -1.31552
-1.27004 -1.31578
-1.26861 -1.3156
-1.26953 -1.31532
-1.27071 -1.31555
-1.26887 -1.31485
-1.2695 -1.31788
-1.26798 -1.31453
-1.27046 -1.3167
-1.26899 -1.31414
-1.27173 -1.3164
-1.2692 -1.31501
-1.2714 -1.31337
-1.2698 -1.31536
-1.26976 -1.31678
-1.26947 -1.31317
-1.26883 -1.31481
-1.27055 -1.3142
-1.26926 -1.31376
-1.27074 -1.31684
-1.27061 -1.31191
-1.26741 -1.31962
-1.2712 -1.31272
-1.26911 -1.31471
-1.27045 -1.31518
-1.27333 -1.31064
-1.26815 -1.31812
-1.26995 -1.31582
-1.2682 -1.31301
-1.26903 -1.31165
-1.26965 -1.31508
-1.26677 -1.31393
-1.27192 -1.31124
-1.27035 -1.3128
-1.26762 -1.31606
-1.26847 -1.31246
-1.26689 -1.31224
-1.26898 -1.31286
-1.26645 -1.31309
-1.26826 -1.31342
-1.2707 -1.31114
-1.26745 -1.31321
-1.26739 -1.31106
-1.26948 -1.31489
-1.26553 -1.31437
-1.26998 -1.31181
-1.26689 -1.31185
-1.26641 -1.31434
-1.26742 -1.31384
-1.26937 -1.31477
-1.26673 -1.31308
-1.26575 -1.31264
-1.2677 -1.3108
-1.26576 -1.31653
-1.26853 -1.31303
-1.2642 -1.31221
-1.26799 -1.31636
-1.26616 -1.31009
-1.26693 -1.31381
-1.26893 -1.31182
-1.2644 -1.31124
-1.26729 -1.31307
-1.26712 -1.31095
-1.26563 -1.31079
-1.26735 -1.31337
-1.26542 -1.31241
-1.26724 -1.31194
-1.26673 -1.31402
-1.26598 -1.31323
-1.26791 -1.31254
-1.26738 -1.31186
-1.26507 -1.31124
-1.26702 -1.31598
-1.26536 -1.31093
-1.26645 -1.31221
-1.26578 -1.31259
-1.26606 -1.31128
-1.26606 -1.31358
-1.26698 -1.30963
-1.26481 -1.31247
-1.26576 -1.31149
-1.26946 -1.31072
-1.2604 -1.3165
-1.26977 -1.30775
-1.26379 -1.31305
-1.26454 -1.31171
-1.26478 -1.31276
-1.266 -1.31004
-1.26418 -1.31412
-1.26526 -1.31228
-1.26403 -1.3084
-1.2664 -1.31042
-1.26429 -1.312
-1.26468 -1.30953
-1.26573 -1.30951
-1.26624 -1.31057
-1.26593 -1.30744
-1.2627 -1.31232
-1.26737 -1.30874
-1.26628 -1.3108
-1.26626 -1.30701
-1.26425 -1.30928
-1.2665 -1.30764
-1.26537 -1.30975
-1.26638 -1.30807
-1.26784 -1.30826
-1.26312 -1.30834
-1.26423 -1.30957
-1.26714 -1.3053
-1.26421 -1.31099
-1.2667 -1.30979
-1.26412 -1.31063
-1.26797 -1.30493
-1.26608 -1.31236
-1.26535 -1.30726
-1.26612 -1.30892
-1.2683 -1.30571
-1.26516 -1.30787
-1.26438 -1.30916
-1.2656 -1.30883
-1.26506 -1.30831
-1.26528 -1.30969
-1.2655 -1.30309
-1.26519 -1.30992
-1.26694 -1.30514
-1.26513 -1.30526
-1.26445 -1.30715
-1.2675 -1.30625
-1.26173 -1.30757
-1.26634 -1.30447
-1.26646 -1.30494
-1.26621 -1.30734
-1.2655 -1.3043
-1.26605 -1.30545
-1.26741 -1.3049
-1.26642 -1.30514
-1.26384 -1.3035
-1.26764 -1.30479
-1.26528 -1.30537
-1.26622 -1.30504
-1.26801 -1.30206
-1.26368 -1.30764
-1.26613 -1.30549
-1.26697 -1.30349
-1.26471 -1.30689
-1.26877 -1.30441
-1.26297 -1.30696
-1.2666 -1.30212
-1.26313 -1.31046
-1.26709 -1.30216
-1.26562 -1.30525
-1.2651 -1.30194
-1.26544 -1.30635
-1.26959 -1.30267
-1.26335 -1.30528
-1.2665 -1.30372
-1.26464 -1.30747
-1.26536 -1.30395
-1.26503 -1.30634
-1.2655 -1.30411
-1.26515 -1.30167
-1.2673 -1.30489
-1.26513 -1.30388
-1.2654 -1.30734
-1.26423 -1.30464
-1.26588 -1.30696
-1.265 -1.30715
-1.26556 -1.3061
-1.26398 -1.30535
-1.26523 -1.30615
-1.26311 -1.30745
-1.26674 -1.30349
-1.26304 -1.30749
-1.26709 -1.30603
-1.2614 -1.30599
-1.26707 -1.30373
-1.26286 -1.30708
-1.26479 -1.30333
-1.26619 -1.30462
-1.26386 -1.30792
-1.2627 -1.30275
-1.26469 -1.30633
-1.2628 -1.30394
-1.26388 -1.30305
-1.26339 -1.30688
-1.26443 -1.30225
-1.26591 -1.30426
-1.2645 -1.30618
-1.26368 -1.30284
-1.26281 -1.30709
-1.26297 -1.30238
-1.26302 -1.30718
-1.26247 -1.30368
-1.26428 -1.30417
-1.26423 -1.30417
-1.25957 -1.30724
-1.26342 -1.30213
-1.26295 -1.30633
-1.26 -1.30431
-1.26191 -1.30535
-1.26205 -1.30502
-1.26359 -1.30563
-1.26205 -1.30243
-1.26127 -1.3039
-1.26361 -1.30339
-1.26214 -1.30601
-1.26466 -1.30299
-1.26097 -1.30283
-1.26263 -1.30316
-1.26273 -1.30542
-1.26376 -1.30486
-1.26214 -1.30272
-1.26666 -1.30187
-1.25964 -1.30547
-1.26419 -1.30198
-1.26406 -1.30483
-1.26293 -1.30238
-1.26699 -1.30018
-1.26082 -1.30559
-1.26641 -1.30217
-1.2643 -1.30308
-1.26234 -1.30311
-1.26459 -1.30083
-1.26027 -1.30302
-1.26717 -1.29945
-1.26185 -1.3026
-1.26432 -1.30232
-1.26374 -1.29896
-1.26609 -1.30243
-1.26192 -1.29974
-1.26345 -1.30192
-1.26352 -1.30061
-1.26378 -1.30065
-1.26295 -1.30292
-1.2646 -1.30135
-1.26364 -1.29963
-1.26069 -1.30542
-1.26457 -1.29952
-1.26402 -1.30041
-1.26316 -1.30275
-1.26381 -1.30092
-1.26033 -1.30232
-1.26611 -1.30031
-1.26106 -1.30124
-1.26143 -1.30385
-1.26225 -1.30274
-1.26357 -1.30178
-1.26177 -1.30048
-1.26468 -1.30023
-1.26252 -1.30186
-1.26081 -1.30141
-1.26354 -1.30185
-1.26065 -1.30134
-1.26158 -1.30204
-1.26231 -1.30211
-1.26362 -1.29921
-1.25819 -1.30394
-1.2624 -1.30256
-1.26385 -1.30098
-1.26084 -1.30229
-1.26349 -1.29648
-1.26261 -1.30571
-1.26247 -1.29979
-1.26056 -1.30447
-1.26357 -1.29881
-1.26235 -1.30091
-1.25989 -1.29987
-1.26113 -1.30171
-1.26294 -1.30344
-1.25877 -1.29996
-1.26309 -1.30285
-1.2598 -1.30225
-1.2585 -1.3015
-1.25853 -1.30197
-1.26102 -1.3028
-1.25684 -1.30536
-1.26208 -1.30014
-1.25514 -1.30335
-1.26495 -1.29812
-1.25621 -1.30644
-1.25907 -1.29943
-1.25938 -1.30188
-1.26032 -1.2992
-1.26032 -1.30044
-1.25884 -1.30075
-1.2591 -1.30171
-1.26019 -1.30086
-1.25944 -1.29926
-1.25895 -1.30076
-1.25871 -1.30173
-1.25954 -1.30164
-1.25856 -1.30097
-1.26078 -1.30002
-1.26054 -1.29871
-1.25901 -1.30133
-1.26056 -1.29972
-1.25745 -1.30237
-1.25905 -1.30095
-1.2576 -1.30202
-1.26084 -1.30069
-1.25828 -1.29908
-1.2601 -1.30321
-1.2581 -1.30034
-1.25941 -1.30032
-1.25782 -1.30057
-1.25701 -1.3028
-1.26014 -1.29848
-1.25614 -1.30121
-1.25801 -1.29973
-1.25853 -1.30048
-1.25843 -1.30083
-1.2602 -1.2976
-1.2575 -1.30024
-1.25765 -1.30157
-1.25834 -1.30235
-1.25778 -1.30122
-1.2586 -1.29883
-1.25779 -1.30171
-1.25698 -1.30421
-1.26059 -1.29813
-1.25538 -1.30507
-1.25985 -1.29812
-1.25759 -1.29823
-1.257 -1.30237
-1.25643 -1.30175
-1.25685 -1.30087
-1.25552 -1.30421
-1.259 -1.29944
-1.25587 -1.30257
-1.25926 -1.30248
-1.25631 -1.29919
-1.25708 -1.30517
-1.25879 -1.3008
-1.25547 -1.30304
-1.25786 -1.3013
-1.25607 -1.30287
-1.25769 -1.30195
-1.25597 -1.30253
-1.25458 -1.30026
-1.25327 -1.30332
-1.25502 -1.30358
-1.25488 -1.30177
-1.25442 -1.30296
-1.25429 -1.30113
-1.25257 -1.30135
-1.25344 -1.30359
-1.25382 -1.30239
-1.25486 -1.30199
-1.25306 -1.3031
-1.25365 -1.3004
-1.25238 -1.2997
-1.25357 -1.30232
-1.25018 -1.30224
-1.25564 -1.30189
-1.2521 -1.30081
-1.25226 -1.30126
-1.25307 -1.30046
-1.25272 -1.30152
-1.25583 -1.29922
-1.25051 -1.30365
-1.253 -1.29936
-1.25478 -1.30119
-1.25106 -1.2997
-1.2529 -1.30085
-1.25296 -1.30218
-1.2535 -1.29709
-1.25085 -1.302
-1.25289 -1.29936
-1.25178 -1.30191
-1.25441 -1.2984
-1.25209 -1.30011
-1.2539 -1.29578
-1.25344 -1.30078
-1.25231 -1.29802
-1.25187 -1.29791
-1.25396 -1.30096
-1.25029 -1.30016
-1.25403 -1.29997
-1.25429 -1.29729
-1.25259 -1.2972
-1.25266 -1.30001
-1.25202 -1.29751
-1.25296 -1.30148
-1.25341 -1.298
-1.25056 -1.29768
-1.25418 -1.30143
-1.25111 -1.29947
-1.25336 -1.29816
-1.25314 -1.29816
-1.2534 -1.29858
-1.25245 -1.29602
-1.25118 -1.29978
-1.2549 -1.29422
-1.24994 -1.30153
-1.25627 -1.2929
-1.25104 -1.30065
-1.25289 -1.29871
-1.25429 -1.29359
-1.25306 -1.2985
-1.2551 -1.29851
-1.25283 -1.29624
-1.25235 -1.29541
-1.2559 -1.29629
-1.25404 -1.29684
-1.25464 -1.29561
-1.25322 -1.29478
-1.25113 -1.29886
-1.25358 -1.2956
-1.25118 -1.3005
-1.2557 -1.29292
-1.2533 -1.29773
-1.25426 -1.29921
-1.25235 -1.29596
-1.25582 -1.2969
-1.25223 -1.29667
-1.25415 -1.29603
-1.25568 -1.29512
-1.25326 -1.29793
-1.25555 -1.29335
-1.25571 -1.29557
-1.25327 -1.29735
-1.25467 -1.29212
-1.25485 -1.29539
-1.25438 -1.29521
-1.25431 -1.29393
-1.25571 -1.29467
-1.2536 -1.29404
-1.25279 -1.29676
-1.25336 -1.29827
-1.25337 -1.29479
-1.25713 -1.29278
-1.25204 -1.29742
-1.25286 -1.29268
-1.25159 -1.29569
-1.252 -1.29648
-1.25462 -1.2931
-1.25139 -1.29521
-1.25186 -1.29368
-1.2539 -1.29476
-1.25269 -1.29395
-1.2526 -1.29589
-1.25221 -1.29464
-1.25239 -1.29629
-1.2525 -1.29316
-1.25061 -1.29582
-1.25451 -1.29201
-1.25063 -1.29649
-1.25078 -1.29226
-1.25194 -1.29539
-1.25444 -1.29204
-1.25091 -1.29285
-1.25083 -1.29388
-1.25303 -1.29612
-1.24723 -1.29364
-1.25174 -1.2912
-1.25309 -1.29422
-1.24924 -1.29455
-1.25164 -1.29154
-1.2538 -1.29105
-1.24748 -1.29439
-1.25232 -1.29357
-1.24891 -1.29495
-1.25196 -1.29238
-1.25151 -1.29438
-1.24966 -1.29142
-1.25017 -1.29336
-1.25341 -1.29212
-1.2497 -1.29444
-1.25284 -1.29241
-1.25136 -1.29214
-1.25112 -1.29272
-1.25172 -1.2906
-1.25207 -1.292
-1.2508 -1.29217
-1.25368 -1.29009
-1.25272 -1.2931
-1.25059 -1.2914
-1.25332 -1.28894
-1.25124 -1.29116
-1.25117 -1.2942
-1.25183 -1.29208
-1.25254 -1.2914
-1.25126 -1.2923
-1.2516 -1.29012
-1.25336 -1.29161
-1.25032 -1.28982
-1.25244 -1.29222
-1.2507 -1.29021
-1.25422 -1.2896
-1.25176 -1.29055
-1.25223 -1.29166
-1.25191 -1.29022
-1.25259 -1.28917
-1.25056 -1.29047
-1.25282 -1.29008
-1.25378 -1.29153
-1.2511 -1.28845
-1.25027 -1.29297
-1.25176 -1.29044
-1.25074 -1.29072
-1.25096 -1.2908
-1.24977 -1.29301
-1.25136 -1.28797
-1.24869 -1.29379
-1.25275 -1.28931
-1.25224 -1.29344
-1.2482 -1.2923
-1.25125 -1.28935
-1.25239 -1.29077
-1.25102 -1.29079
-1.24883 -1.29052
-1.25026 -1.29413
-1.25126 -1.29145
-1.25083 -1.28971
-1.25345 -1.28853
-1.24905 -1.29037
-1.25136 -1.28879
-1.25301 -1.29188
-1.24861 -1.28858
-1.25261 -1.28865
-1.25075 -1.291
-1.25101 -1.28808
-1.25137 -1.28945
-1.2524 -1.28764
-1.25331 -1.28814
-1.24962 -1.29096
-1.25085 -1.28632
-1.25531 -1.28856
-1.24912 -1.2893
-1.2514 -1.28886
-1.2521 -1.28735
-1.24885 -1.28797
-1.25376 -1.28689
-1.25055 -1.28886
-1.25344 -1.28505
-1.25143 -1.28793
-1.25282 -1.28759
-1.25125 -1.2861
-1.24921 -1.29131
-1.25324 -1.28424
-1.25205 -1.28654
-1.25105 -1.28864
-1.25238 -1.28534
-1.25216 -1.28594
-1.24991 -1.29013
-1.25248 -1.28633
-1.25023 -1.28845
-1.25073 -1.28586
-1.25076 -1.28592
-1.2511 -1.28881
-1.24942 -1.28807
-1.25005 -1.28541
-1.25108 -1.28837
-1.24978 -1.28634
-1.24861 -1.28592
-1.24965 -1.2874
-1.25062 -1.2883
-1.25 -1.2865
-1.24747 -1.2862
-1.24825 -1.28765
-1.24775 -1.28939
-1.25036 -1.28544
-1.24872 -1.28726
-1.24739 -1.28667
-1.25187 -1.28494
-1.24969 -1.28819
-1.24957 -1.28628
-1.25105 -1.28517
-1.25051 -1.28384
-1.25073 -1.28806
-1.25094 -1.28456
-1.25052 -1.28545
-1.25183 -1.28353
-1.24715 -1.28555
-1.25196 -1.28535
-1.24774 -1.28459
-1.25176 -1.28698
-1.2485 -1.2856
-1.24757 -1.28633
-1.25048 -1.28423
-1.24765 -1.2888
-1.24747 -1.2863
-1.25068 -1.28618
-1.24968 -1.28485
-1.24967 -1.28499
-1.24802 -1.28856
-1.24943 -1.28055
-1.25034 -1.28643
-1.24636 -1.28577
-1.24987 -1.28395
-1.24755 -1.28718
-1.24741 -1.28645
-1.24782 -1.28638
-1.24686 -1.28779
-1.25027 -1.28655
-1.24864 -1.28357
-1.24688 -1.29051
-1.24868 -1.28469
-1.24669 -1.28358
-1.24683 -1.28824
-1.24861 -1.28227
-1.24561 -1.28832
-1.24715 -1.28362
-1.24701 -1.28456
-1.24765 -1.28529
-1.24778 -1.28297
-1.24738 -1.28558
-1.24747 -1.28589
-1.24723 -1.28555
-1.24553 -1.28423
-1.24699 -1.28401
-1.24612 -1.28604
-1.24541 -1.28485
-1.24689 -1.28566
-1.24644 -1.28655
-1.24713 -1.2823
-1.24713 -1.28369
-1.24636 -1.28635
-1.24668 -1.28292
-1.24273 -1.29021
-1.25164 -1.27699
-1.24581 -1.28383
-1.24649 -1.28219
-1.24733 -1.28183
-1.24673 -1.28555
-1.24687 -1.28417
-1.24415 -1.28269
-1.24821 -1.28356
-1.24727 -1.28034
-1.24642 -1.28441
-1.24506 -1.28454
-1.2473 -1.28006
-1.2477 -1.28026
-1.24661 -1.28275
-1.24481 -1.28233
-1.24556 -1.28257
-1.24586 -1.28338
-1.24726 -1.27982
-1.24572 -1.28236
-1.24419 -1.28418
-1.24402 -1.28133
-1.24735 -1.28047
-1.24741 -1.28247
-1.24474 -1.27866
-1.24513 -1.28701
-1.24532 -1.27991
-1.24763 -1.28166
-1.24281 -1.28244
-1.24394 -1.28297
-1.2434 -1.28043
-1.24535 -1.28292
-1.2422 -1.28066
-1.24592 -1.28299
-1.24098 -1.28077
-1.24472 -1.2798
-1.24363 -1.28075
-1.24023 -1.28364
-1.24539 -1.28009
-1.24367 -1.28009
-1.24275 -1.28056
-1.24265 -1.28295
-1.24677 -1.27765
-1.24321 -1.28269
-1.24605 -1.27878
-1.24426 -1.28081
-1.24438 -1.27931
-1.24487 -1.27615
-1.24393 -1.2797
-1.24409 -1.27975
-1.24384 -1.27907
-1.24521 -1.28163
-1.24596 -1.2737
-1.24338 -1.28219
-1.24643 -1.27874
-1.24336 -1.27935
-1.24581 -1.27962
-1.24411 -1.28136
-1.24396 -1.2787
-1.24319 -1.27945
-1.24539 -1.27903
-1.24274 -1.28003
-1.24813 -1.27937
-1.2424 -1.28062
-1.24718 -1.27605
-1.24256 -1.28236
-1.24504 -1.28047
-1.24345 -1.27877
-1.24451 -1.28132
-1.24469 -1.27931
-1.2411 -1.28073
-1.24572 -1.27906
-1.24249 -1.27958
-1.2454 -1.28013
-1.2442 -1.27764
-1.24565 -1.28153
-1.24428 -1.27691
-1.24329 -1.27772
-1.24507 -1.27996
-1.24337 -1.2813
-1.24853 -1.27747
-1.24233 -1.28097
-1.24395 -1.27896
-1.24696 -1.27837
-1.24543 -1.27777
-1.24375 -1.28287
-1.24416 -1.27738
-1.24507 -1.27655
-1.2403 -1.28264
-1.24677 -1.27805
-1.24246 -1.2811
-1.24485 -1.2769
-1.24572 -1.27877
-1.24685 -1.27595
-1.24394 -1.27844
-1.24461 -1.27679
-1.24554 -1.27495
-1.24395 -1.28012
-1.24439 -1.27889
-1.24475 -1.27716
-1.24366 -1.27942
-1.24481 -1.27742
-1.24376 -1.27621
-1.24663 -1.27763
-1.24337 -1.27607
-1.24484 -1.27552
-1.24409 -1.27727
-1.24324 -1.27614
-1.24299 -1.27691
-1.24298 -1.27864
-1.24537 -1.27425
-1.24245 -1.27782
-1.24417 -1.27546
-1.24405 -1.27728
-1.24253 -1.2728
-1.24657 -1.2769
-1.24342 -1.27446
-1.24282 -1.27808
-1.24358 -1.27649
-1.24251 -1.2774
-1.24324 -1.27469
-1.24361 -1.27645
-1.24383 -1.27794
-1.24195 -1.27457
-1.24383 -1.27645
-1.24201 -1.27785
-1.24166 -1.27769
-1.24425 -1.27403
-1.24274 -1.27486
-1.24221 -1.27775
-1.2421 -1.27383
-1.24135 -1.27673
-1.2428 -1.27302
-1.2412 -1.27583
-1.24512 -1.27394
-1.24289 -1.27543
-1.24055 -1.27695
-1.24154 -1.27482
-1.24293 -1.27191
-1.24159 -1.27988
-1.24329 -1.27217
-1.24249 -1.27434
-1.24165 -1.27532
-1.23968 -1.27626
-1.24317 -1.27368
-1.24333 -1.27385
-1.23655 -1.27748
-1.24258 -1.27347
-1.24195 -1.27351
-1.24055 -1.27334
-1.24071 -1.27713
-1.24222 -1.27122
-1.24064 -1.27653
-1.24115 -1.2746
-1.24225 -1.27383
-1.24073 -1.27489
-1.24283 -1.27493
-1.24043 -1.27208
-1.24307 -1.27698
-1.23806 -1.27223
-1.24115 -1.27493
-1.24086 -1.27826
-1.24239 -1.27265
-1.24039 -1.2756
-1.23769 -1.27557
-1.24038 -1.27391
-1.23794 -1.27431
-1.24083 -1.27279
-1.24017 -1.27502
-1.23866 -1.27195
-1.24203 -1.27245
-1.23809 -1.27408
-1.23988 -1.2715
-1.2439 -1.27087
-1.2397 -1.27218
-1.24023 -1.27168
-1.24055 -1.27304
-1.24284 -1.2682
-1.23975 -1.27333
-1.24227 -1.27131
-1.2381 -1.27587
-1.24315 -1.26968
-1.23893 -1.27205
-1.24061 -1.27301
-1.24147 -1.27123
-1.23855 -1.27285
-1.2421 -1.27083
-1.24109 -1.27062
-1.23994 -1.27144
-1.24151 -1.27585
-1.23885 -1.27189
-1.24242 -1.27092
-1.23925 -1.26816
-1.23809 -1.27381
-1.24135 -1.27033
-1.23958 -1.27269
-1.23844 -1.27247
-1.23785 -1.27187
-1.24048 -1.2724
-1.23941 -1.27089
-1.2406 -1.27247
-1.23899 -1.27013
-1.23862 -1.27118
-1.24081 -1.26784
-1.23718 -1.27351
-1.24098 -1.27032
-1.23718 -1.27076
-1.23918 -1.27058
-1.23952 -1.27035
-1.23885 -1.27315
-1.23813 -1.27004
-1.23849 -1.27092
-1.23735 -1.27068
-1.24116 -1.26996
-1.23843 -1.27036
-1.23921 -1.2673
-1.24032 -1.26926
-1.23797 -1.27192
-1.24305 -1.26642
-1.23741 -1.27134
-1.23717 -1.27004
-1.23813 -1.2706
-1.24084 -1.2697
-1.23754 -1.26972
-1.23692 -1.27014
-1.23815 -1.26982
-1.23837 -1.27094
-1.23847 -1.26828
-1.23895 -1.26864
-1.23807 -1.26871
-1.2368 -1.27086
-1.23895 -1.26497
-1.23858 -1.27057
-1.23719 -1.26895
-1.23905 -1.26795
-1.23822 -1.26922
-1.2365 -1.26847
-1.23892 -1.26788
-1.2378 -1.2674
-1.23802 -1.27106
-1.2399 -1.26568
-1.23864 -1.27059
-1.23872 -1.26704
-1.23867 -1.26842
-1.24025 -1.26632
-1.23835 -1.26499
-1.23656 -1.26911
-1.24091 -1.26718
-1.23842 -1.26521
-1.24121 -1.26703
-1.23818 -1.26641
-1.2389 -1.264
-1.24052 -1.26495
-1.24058 -1.26603
-1.2377 -1.26619
-1.23813 -1.26679
-1.23935 -1.26476
-1.2392 -1.26467
-1.24001 -1.26718
-1.23777 -1.26476
-1.23883 -1.26687
-1.2389 -1.26492
-1.23834 -1.26684
-1.23984 -1.26508
-1.23744 -1.26744
-1.23806 -1.26527
-1.24205 -1.2615
-1.23757 -1.26945
-1.23765 -1.26473
-1.23946 -1.26347
-1.23658 -1.2679
-1.23879 -1.26407
-1.23988 -1.2637
-1.23767 -1.26484
-1.23868 -1.26649
-1.23949 -1.2644
-1.2393 -1.266
-1.239 -1.26391
-1.24328 -1.26497
-1.23452 -1.26824
-1.23876 -1.26377
-1.23987 -1.26422
-1.23836 -1.26643
-1.24222 -1.26253
-1.23619 -1.26477
-1.24082 -1.2629
-1.24068 -1.26403
-1.24063 -1.26349
-1.23882 -1.26549
-1.24079 -1.2618
-1.23739 -1.26614
-1.24113 -1.26327
-1.2372 -1.26628
-1.23834 -1.26224
-1.23771 -1.2665
-1.23818 -1.26196
-1.2388 -1.26477
-1.2377 -1.26418
-1.23959 -1.26316
-1.23874 -1.2666
-1.2371 -1.26589
-1.2376 -1.26417
-1.23875 -1.26519
-1.23761 -1.26389
-1.23796 -1.26582
-1.2375 -1.26431
-1.24078 -1.26375
-1.23572 -1.26589
-1.24032 -1.26321
-1.23736 -1.26612
-1.23975 -1.26076
-1.23893 -1.26502
-1.23837 -1.26486
-1.24151 -1.26132
-1.23844 -1.26634
-1.24054 -1.26251
-1.23997 -1.26321
-1.23971 -1.26268
-1.2404 -1.26212
-1.23912 -1.26396
-1.24173 -1.26161
-1.2359 -1.26343
-1.24255 -1.2626
-1.24026 -1.26191
-1.23736 -1.26221
-1.24106 -1.26275
-1.24077 -1.26087
-1.23835 -1.26441
-1.2393 -1.26242
-1.23874 -1.26459
-1.23917 -1.26237
-1.2386 -1.26275
-1.2382 -1.26333
-1.23866 -1.26186
-1.23715 -1.2635
-1.23914 -1.2633
-1.24009 -1.26208
-1.2364 -1.26482
-1.23722 -1.2641
-1.24017 -1.25966
-1.23793 -1.26333
-1.23797 -1.263
-1.23832 -1.26208
-1.2401 -1.25929
-1.23762 -1.26428
-1.23741 -1.26301
-1.23769 -1.26054
-1.23716 -1.26402
-1.23758 -1.26251
-1.23753 -1.26316
-1.23638 -1.26284
-1.23782 -1.26313
-1.23662 -1.26285
-1.23849 -1.2625
-1.23611 -1.26307
-1.23677 -1.26107
-1.23665 -1.2613
-1.23752 -1.26226
-1.23676 -1.2648
-1.23624 -1.26074
-1.2366 -1.26462
-1.2386 -1.25925
-1.23573 -1.26189
-1.24002 -1.26235
-1.23568 -1.26305
-1.23613 -1.26012
-1.23494 -1.25805
-1.23602 -1.26191
-1.23786 -1.26012
-1.2364 -1.26204
-1.23913 -1.26093
-1.23531 -1.25807
-1.23565 -1.26286
-1.23635 -1.2595
-1.23628 -1.2589
-1.23665 -1.26001
-1.23702 -1.26114
-1.23513 -1.25787
-1.23934 -1.25945
-1.23542 -1.26141
-1.23609 -1.2584
-1.2367 -1.25928
-1.23701 -1.26139
-1.23517 -1.26077
-1.23548 -1.26125
-1.23446 -1.26235
-1.23686 -1.25896
-1.23356 -1.26215
-1.23734 -1.26078
-1.23577 -1.26179
-1.23762 -1.2586
-1.23616 -1.26098
-1.23494 -1.26022
-1.23544 -1.26052
-1.23478 -1.26026
-1.23639 -1.25679
-1.23248 -1.26254
-1.2362 -1.262
-1.23456 -1.25976
-1.23734 -1.25944
-1.23134 -1.26224
-1.23811 -1.25932
-1.23171 -1.26296
-1.23754 -1.25952
-1.23463 -1.26066
-1.23436 -1.25955
-1.23521 -1.26028
-1.23363 -1.26134
-1.23489 -1.2585
-1.2363 -1.26116
-1.23543 -1.25914
-1.23249 -1.25786
-1.23583 -1.26117
-1.23522 -1.25995
-1.23481 -1.25951
-1.23446 -1.25995
-1.23654 -1.26101
-1.23501 -1.25838
-1.23674 -1.25951
-1.23378 -1.26151
-1.23467 -1.2584
-1.23197 -1.26328
-1.23601 -1.25862
-1.2344 -1.2607
-1.2337 -1.25962
-1.23478 -1.25785
-1.232 -1.2613
-1.23552 -1.25915
-1.23677 -1.2583
-1.23186 -1.25852
-1.23572 -1.25735
-1.23441 -1.26005
-1.2334 -1.25988
-1.23539 -1.25924
-1.23524 -1.26067
-1.23465 -1.25582
-1.23338 -1.25856
-1.23562 -1.25717
-1.23318 -1.25895
-1.23536 -1.25669
-1.23346 -1.25777
-1.23695 -1.2585
-1.23456 -1.25701
-1.23743 -1.25662
-1.23589 -1.25983
-1.23244 -1.25505
-1.23525 -1.257
-1.23461 -1.25682
-1.23375 -1.26007
-1.2329 -1.2578
-1.23651 -1.25721
-1.23047 -1.25851
-1.23665 -1.25688
-1.2328 -1.25806
-1.23269 -1.25732
-1.23486 -1.2574
-1.23394 -1.25954
-1.23486 -1.25583
-1.23415 -1.25744
-1.23519 -1.25661
-1.23594 -1.25732
-1.23634 -1.25461
-1.23293 -1.25596
-1.23424 -1.25725
-1.23421 -1.25835
-1.23422 -1.25722
-1.23607 -1.25697
-1.23419 -1.2577
-1.23432 -1.25679
-1.23496 -1.25797
-1.23526 -1.25694
-1.23546 -1.25593
-1.23476 -1.25779
-1.23368 -1.25733
-1.2325 -1.26059
-1.23439 -1.25524
-1.23385 -1.25513
-1.23398 -1.25636
-1.23665 -1.2555
-1.23166 -1.25841
-1.23381 -1.25723
-1.23351 -1.25745
-1.22956 -1.25905
-1.23741 -1.25356
-1.2311 -1.25871
-1.23523 -1.25704
-1.23329 -1.25674
-1.23346 -1.25653
-1.23342 -1.25595
-1.23359 -1.25686
-1.23421 -1.25391
-1.23206 -1.2575
-1.23327 -1.25635
-1.23238 -1.25753
-1.23431 -1.2571
-1.23223 -1.25546
-1.23205 -1.25733
-1.23469 -1.25328
-1.23196 -1.25971
-1.2356 -1.25628
-1.23456 -1.25455
-1.23434 -1.25461
-1.23354 -1.25706
-1.23059 -1.25551
-1.23489 -1.25606
-1.23433 -1.25702
-1.23191 -1.25579
-1.23351 -1.257
-1.23329 -1.25414
-1.23424 -1.25536
-1.23243 -1.25729
-1.23479 -1.25167
-1.23136 -1.25863
-1.23254 -1.25541
-1.23221 -1.25791
-1.23506 -1.25182
-1.23267 -1.25745
-1.23196 -1.25577
-1.23057 -1.25312
-1.23424 -1.25693
-1.23219 -1.25362
-1.23275 -1.25381
-1.23419 -1.25784
-1.23221 -1.25548
-1.23263 -1.25455
-1.23252 -1.25311
-1.2328 -1.25632
-1.23159 -1.2557
-1.23342 -1.25538
-1.23332 -1.25403
-1.2313 -1.25537
-1.2319 -1.25696
-1.23177 -1.25187
-1.22914 -1.2591
-1.23553 -1.25177
-1.22981 -1.25504
-1.23274 -1.25356
-1.23179 -1.25675
-1.23406 -1.25132
-1.23518 -1.2526
-1.23141 -1.25736
-1.23316 -1.25243
-1.23149 -1.25518
-1.23423 -1.2519
-1.23274 -1.25104
-1.23189 -1.25416
-1.23088 -1.25515
-1.23309 -1.253
-1.23317 -1.2519
-1.23464 -1.25218
-1.23135 -1.2552
-1.23556 -1.24762
-1.23403 -1.25095
-1.233 -1.25316
-1.23502 -1.25083
-1.23174 -1.25415
-1.23628 -1.24986
-1.2343 -1.25446
-1.23381 -1.25079
-1.23422 -1.2548
-1.23512 -1.25186
-1.23303 -1.25307
-1.23398 -1.25295
-1.23461 -1.25217
-1.23106 -1.25567
-1.23274 -1.25179
-1.23328 -1.25171
-1.23191 -1.25459
-1.23295 -1.25322
-1.23491 -1.25205
-1.23154 -1.25544
-1.23516 -1.25027
-1.2321 -1.2554
-1.23509 -1.24968
-1.23413 -1.25322
-1.23365 -1.25063
-1.2344 -1.25516
-1.23578 -1.24894
-1.23237 -1.25489
-1.23419 -1.25011
-1.23285 -1.25665
-1.23324 -1.25053
-1.23403 -1.25156
-1.2319 -1.25245
-1.23362 -1.25343
-1.234 -1.24984
-1.23269 -1.25327
-1.2351 -1.25326
-1.23279 -1.25047
-1.23427 -1.25137
-1.23299 -1.25134
-1.23413 -1.25112
-1.23487 -1.24834
-1.23256 -1.25226
-1.23258 -1.25136
-1.23387 -1.25107
-1.23314 -1.25081
-1.23248 -1.25144
-1.23314 -1.24944
-1.23233 -1.25109
-1.23308 -1.25221
-1.23122 -1.25054
-1.23206 -1.25085
-1.23157 -1.2525
-1.23139 -1.24977
-1.23176 -1.25151
-1.23319 -1.24974
-1.2307 -1.25408
-1.23321 -1.25054
-1.23211 -1.24903
-1.23293 -1.24974
-1.23071 -1.2515
-1.23537 -1.25084
-1.22759 -1.24966
-1.23455 -1.24983
-1.23173 -1.25078
-1.23064 -1.25151
-1.23054 -1.25161
-1.23286 -1.25095
-1.23037 -1.25072
-1.23011 -1.25233
-1.23104 -1.25133
-1.22937 -1.25143
-1.23234 -1.24697
-1.22835 -1.25279
-1.23146 -1.25031
-1.22861 -1.25148
-1.22962 -1.25213
-1.23189 -1.24946
-1.22932 -1.25305
-1.22992 -1.25203
-1.22941 -1.25278
-1.2286 -1.25062
-1.23031 -1.25395
-1.23065 -1.249
-1.22869 -1.25422
-1.23131 -1.25212
-1.23116 -1.24971
-1.22947 -1.25246
-1.22817 -1.25181
-1.23241 -1.25216
-1.22886 -1.24954
-1.2296 -1.25179
-1.23078 -1.24948
-1.22915 -1.25151
-1.22946 -1.25355
-1.23019 -1.2511
-1.22886 -1.24703
-1.22729 -1.25342
-1.23027 -1.24878
-1.22718 -1.25243
-1.22893 -1.249
-1.22779 -1.25259
-1.22898 -1.2495
-1.22793 -1.25019
-1.22837 -1.25037
-1.23039 -1.25015
-1.22836 -1.25225
-1.22821 -1.24601
-1.22912 -1.25425
-1.23002 -1.24831
-1.2293 -1.24855
-1.22744 -1.25337
-1.22944 -1.24736
-1.22904 -1.25225
-1.22953 -1.25013
-1.22847 -1.24957
-1.2272 -1.25128
-1.22936 -1.24789
-1.23078 -1.25079
-1.22995 -1.24918
-1.22771 -1.24911
-1.23148 -1.24875
-1.22831 -1.25112
-1.22912 -1.24751
-1.22811 -1.24963
-1.2333 -1.2462
-1.22691 -1.24958
-1.22849 -1.24814
-1.22716 -1.25138
-1.22927 -1.24606
-1.22973 -1.24767
-1.22902 -1.24879
-1.22732 -1.25291
-1.22996 -1.24587
-1.22531 -1.25091
