0 0
-0.0525913 -0.0494288
-0.104217 -0.0981963
-0.154812 -0.146149
-0.204213 -0.192354
-0.252888 -0.238652
-0.300144 -0.283521
-0.346418 -0.327236
-0.39188 -0.37088
-0.436163 -0.412961
-0.479415 -0.454532
-0.520998 -0.494494
-0.56227 -0.534376
-0.602285 -0.57288
-0.640698 -0.610791
-0.678973 -0.647335
-0.715122 -0.682903
-0.75095 -0.717775
-0.784901 -0.751912
-0.817731 -0.784005
-0.85026 -0.817225
-0.881671 -0.848457
-0.911391 -0.87706
-0.939037 -0.908797
-0.967355 -0.933517
-0.994059 -0.963054
-1.01885 -0.986993
-1.04103 -1.01399
-1.0654 -1.0371
-1.08392 -1.06044
-1.10523 -1.08099
-1.10371 -1.0841
-1.10492 -1.08378
-1.10372 -1.08326
-1.10448 -1.08446
-1.10336 -1.08362
-1.10651 -1.08154
-1.10406 -1.08308
-1.10641 -1.08178
-1.10276 -1.08368
-1.105 -1.07995
-1.10296 -1.08326
-1.10637 -1.07984
-1.10452 -1.0829
-1.10457 -1.08073
-1.10378 -1.08107
-1.10369 -1.08126
-1.10237 -1.08529
-1.10443 -1.08197
-1.10221 -1.08283
-1.10138 -1.08414
-1.10146 -1.08317
-1.1031 -1.08289
-1.10076 -1.08489
-1.1032 -1.08245
-1.10278 -1.08368
-1.10148 -1.08258
-1.10177 -1.08413
-1.1008 -1.08415
-1.10346 -1.07951
-1.10239 -1.08489
-1.10019 -1.08256
-1.10286 -1.08262
-1.1032 -1.08198
-1.10359 -1.07804
-1.10381 -1.08235
-1.10159 -1.08013
-1.10207 -1.08262
-1.10093 -1.08415
-1.10011 -1.0817
-1.10145 -1.08263
-1.10073 -1.08118
-1.09848 -1.08447
-1.10122 -1.0816
-1.10287 -1.08011
-1.09976 -1.08364
-1.10134 -1.08109
-1.10214 -1.07901
-1.10237 -1.08221
-1.09939 -1.08044
-1.10493 -1.0805
-1.09874 -1.08065
-1.1024 -1.08264
-1.10031 -1.08101
-1.10066 -1.08268
-1.09963 -1.08363
-1.10087 -1.08069
-1.09962 -1.08414
-1.10093 -1.08324
-1.10115 -1.07897
-1.09974 -1.08344
-1.10056 -1.0808
-1.10126 -1.08007
-1.09892 -1.08403
-1.10025 -1.08086
-1.10097 -1.07956
-1.09856 -1.08211
-1.09828 -1.08228
-1.09891 -1.0826
-1.09764 -1.08442
-1.09772 -1.08161
-1.09916 -1.08155
-1.09849 -1.08385
-1.09788 -1.0811
-1.09948 -1.08195
-1.10094 -1.07941
-1.09929 -1.08243
-1.09853 -1.08113
-1.09784 -1.08272
-1.09707 -1.08356
-1.09924 -1.08164
-1.09785 -1.08317
-1.09937 -1.08065
-1.09797 -1.08343
-1.10114 -1.08181
-1.0975 -1.0834
-1.10134 -1.07797
-1.09686 -1.0834
-1.09909 -1.08213
-1.09973 -1.08268
-1.09853 -1.08182
-1.10043 -1.08175
-1.09953 -1.08219
-1.09852 -1.08159
-1.09991 -1.08199
-1.09595 -1.08343
-1.10059 -1.08035
-1.09882 -1.08019
-1.09794 -1.08268
-1.09669 -1.08258
-1.09679 -1.08286
-1.09631 -1.08218
-1.09709 -1.08133
-1.0979 -1.08229
-1.09909 -1.0815
-1.10082 -1.07935
-1.0993 -1.08211
-1.09888 -1.07939
-1.10422 -1.07709
-1.09494 -1.08321
-1.1008 -1.08027
-1.099 -1.08093
-1.09862 -1.08307
-1.09923 -1.0806
-1.09941 -1.08093
-1.09689 -1.08239
-1.1008 -1.08019
-1.09868 -1.07877
-1.09989 -1.08071
-1.09967 -1.07903
-1.09801 -1.08169
-1.09873 -1.0793
-1.1004 -1.07975
-1.09784 -1.08167
-1.09865 -1.07931
-1.09936 -1.07869
-1.10021 -1.07998
-1.10037 -1.07988
-1.09829 -1.07852
-1.09818 -1.08004
-1.09872 -1.07822
-1.09693 -1.08043
-1.09767 -1.0803
-1.09877 -1.07996
-1.0998 -1.07852
-1.09998 -1.07834
-1.0986 -1.07843
-1.09999 -1.08204
-1.09816 -1.07897
-1.10036 -1.0812
-1.10047 -1.07606
-1.09978 -1.08182
-1.09912 -1.07807
-1.09831 -1.0805
-1.099 -1.07844
-1.09936 -1.07861
-1.09903 -1.07807
-1.10096 -1.07827
-1.09721 -1.08024
-1.10017 -1.07748
-1.09698 -1.08084
-1.09752 -1.07864
-1.09824 -1.08054
-1.09768 -1.08068
-1.1005 -1.07838
-1.09956 -1.0788
-1.0995 -1.0783
-1.1003 -1.08001
-1.10159 -1.07528
-1.09794 -1.08027
-1.0991 -1.07954
-1.10001 -1.07591
-1.09514 -1.08157
-1.09818 -1.08112
-1.09823 -1.0775
-1.09607 -1.08226
-1.0994 -1.0772
-1.09665 -1.08011
-1.09845 -1.07813
-1.09883 -1.07823
-1.09833 -1.07925
-1.10259 -1.07421
-1.09983 -1.07923
-1.10124 -1.07349
-1.10066 -1.07617
-1.09861 -1.07921
-1.09944 -1.0764
-1.09914 -1.07778
-1.09914 -1.0789
-1.09829 -1.07722
-1.09726 -1.0802
-1.09837 -1.07582
-1.0976 -1.07764
-1.09934 -1.07836
-1.10071 -1.07744
-1.10071 -1.07612
-1.09772 -1.07823
-1.10191 -1.07466
-1.09996 -1.07644
-1.10054 -1.07558
-1.10183 -1.07445
-1.09732 -1.07951
-1.10084 -1.07649
-1.09841 -1.07836
-1.09843 -1.07851
-1.09988 -1.07376
-1.09505 -1.08086
-1.10036 -1.07663
-1.09618 -1.07757
-1.1002 -1.0768
-1.09991 -1.07594
-1.09852 -1.07771
-1.09739 -1.07698
-1.10039 -1.0756
-1.09729 -1.07647
-1.09956 -1.07601
-1.09754 -1.07646
-1.10002 -1.07381
-1.09918 -1.07753
-1.09896 -1.0766
-1.09856 -1.07672
-1.09742 -1.07547
-1.09733 -1.07909
-1.09913 -1.07583
-1.09767 -1.07536
-1.09836 -1.07613
-1.09775 -1.07507
-1.09817 -1.07817
-1.09821 -1.07513
-1.0973 -1.07543
-1.09934 -1.07558
-1.09839 -1.07627
-1.09941 -1.07369
-1.09761 -1.07486
-1.09783 -1.07352
-1.09869 -1.0739
-1.0962 -1.07668
-1.10139 -1.07214
-1.09674 -1.07536
-1.09655 -1.07657
-1.09756 -1.07346
-1.09787 -1.07657
-1.09616 -1.07554
-1.09563 -1.07661
-1.09612 -1.0751
-1.09786 -1.07591
-1.09615 -1.07338
-1.09589 -1.07616
-1.09725 -1.07452
-1.09681 -1.07622
-1.09625 -1.07502
-1.09867 -1.07456
-1.09593 -1.07506
-1.09577 -1.0749
-1.09779 -1.0743
-1.09676 -1.07497
-1.0968 -1.07397
-1.096 -1.07559
-1.09423 -1.07602
-1.09705 -1.07258
-1.09549 -1.07398
-1.09621 -1.07386
-1.09567 -1.07511
-1.09638 -1.07389
-1.09302 -1.07646
-1.09513 -1.07427
-1.09551 -1.07535
-1.09404 -1.07755
-1.09422 -1.07422
-1.0945 -1.07586
-1.09461 -1.07675
-1.0948 -1.07308
-1.09811 -1.07252
-1.09446 -1.07423
-1.09567 -1.0747
-1.09739 -1.07038
-1.09364 -1.07635
-1.09604 -1.07225
-1.09565 -1.07338
-1.09557 -1.07474
-1.09587 -1.07348
-1.09558 -1.07542
-1.09352 -1.07494
-1.09655 -1.07037
-1.09345 -1.07825
-1.09795 -1.07128
-1.09421 -1.07438
-1.09481 -1.07399
-1.09652 -1.07241
-1.09332 -1.07447
-1.09897 -1.07091
-1.09295 -1.07398
-1.09558 -1.07297
-1.09599 -1.07078
-1.09629 -1.07103
-1.09566 -1.07137
-1.09609 -1.07338
-1.09558 -1.07077
-1.09691 -1.07008
-1.09442 -1.07365
-1.09516 -1.07256
-1.09552 -1.07086
-1.09437 -1.07242
-1.09658 -1.07122
-1.09445 -1.07193
-1.09459 -1.07176
-1.09817 -1.06941
-1.09307 -1.07264
-1.09555 -1.07137
-1.09527 -1.071
-1.09481 -1.07057
-1.09393 -1.07375
-1.09541 -1.07184
-1.09338 -1.0711
-1.0934 -1.07335
-1.09485 -1.0708
-1.09166 -1.07579
-1.09244 -1.07158
-1.09192 -1.07211
-1.09191 -1.07478
-1.09382 -1.07144
-1.09202 -1.07209
-1.09107 -1.07373
-1.09402 -1.06993
-1.09329 -1.07164
-1.09398 -1.07208
-1.093 -1.0725
-1.09217 -1.07131
-1.09463 -1.07003
-1.09312 -1.07298
-1.09635 -1.06982
-1.09217 -1.0699
-1.09277 -1.07253
-1.09509 -1.06851
-1.09138 -1.07351
-1.09366 -1.06908
-1.09063 -1.07257
-1.09354 -1.0714
-1.09244 -1.07178
-1.0928 -1.07105
-1.09248 -1.07078
-1.09481 -1.0688
-1.08942 -1.07363
-1.09389 -1.06891
-1.09143 -1.07244
-1.09365 -1.06894
-1.09097 -1.07108
-1.09258 -1.0718
-1.09244 -1.07054
-1.09006 -1.07329
-1.09108 -1.07072
-1.09209 -1.07186
-1.09085 -1.07251
-1.0923 -1.06868
-1.09203 -1.07177
-1.08999 -1.07024
-1.09022 -1.07086
-1.09222 -1.06925
-1.09147 -1.0726
-1.0906 -1.0704
-1.08922 -1.07029
-1.08916 -1.07325
-1.0882 -1.07194
-1.0898 -1.07189
-1.0905 -1.0728
-1.09187 -1.06901
-1.08893 -1.07118
-1.09171 -1.06851
-1.09054 -1.07211
-1.08941 -1.07229
-1.09248 -1.06826
-1.08696 -1.07426
-1.08887 -1.07144
-1.09004 -1.07125
-1.08817 -1.07189
-1.09005 -1.07088
-1.08987 -1.07225
-1.09089 -1.06701
-1.09155 -1.06934
-1.09235 -1.06798
-1.09104 -1.06792
-1.09218 -1.06859
-1.09103 -1.06718
-1.09084 -1.06989
-1.08991 -1.06922
-1.0902 -1.06811
-1.08967 -1.069
-1.09184 -1.06869
-1.08993 -1.06918
-1.08812 -1.07248
-1.09119 -1.06725
-1.08761 -1.07194
-1.0899 -1.06919
-1.08901 -1.06858
-1.08953 -1.07125
-1.09048 -1.06774
-1.08795 -1.06985
-1.09001 -1.06891
-1.09221 -1.06639
-1.08823 -1.07146
-1.09168 -1.06725
-1.0894 -1.06948
-1.09094 -1.06878
-1.08875 -1.07038
-1.0879 -1.06894
-1.09023 -1.06597
-1.08679 -1.07054
-1.09026 -1.06811
-1.08906 -1.06855
-1.08759 -1.06908
-1.09073 -1.06724
-1.08836 -1.06756
-1.08807 -1.07045
-1.08948 -1.06813
-1.08573 -1.07084
-1.08925 -1.06927
-1.08861 -1.06895
-1.08569 -1.07146
-1.08905 -1.0689
-1.0864 -1.06827
-1.08964 -1.06838
-1.0888 -1.06984
-1.08806 -1.07035
-1.08983 -1.06582
-1.08814 -1.07032
-1.08799 -1.06851
-1.08908 -1.06632
-1.08692 -1.07136
-1.08763 -1.0679
-1.08802 -1.06957
-1.08738 -1.06854
-1.08905 -1.06624
-1.08737 -1.07124
-1.08948 -1.06442
-1.08681 -1.06907
-1.08772 -1.06802
-1.08698 -1.06888
-1.0882 -1.06798
-1.08835 -1.06739
-1.0878 -1.06792
-1.08717 -1.06859
-1.08983 -1.06528
-1.08699 -1.06725
-1.08711 -1.07085
-1.08983 -1.06718
-1.08707 -1.06714
-1.08784 -1.07001
-1.08713 -1.06776
-1.08528 -1.06978
-1.08952 -1.06631
-1.08651 -1.06881
-1.0885 -1.06852
-1.08842 -1.06838
-1.08798 -1.06762
-1.08782 -1.06767
-1.08634 -1.06943
-1.08798 -1.06898
-1.08889 -1.06738
-1.08615 -1.06867
-1.08673 -1.06826
-1.08712 -1.06837
-1.08953 -1.06608
-1.08551 -1.07197
-1.08979 -1.06693
-1.08718 -1.06908
-1.09086 -1.06648
-1.0886 -1.0663
-1.08608 -1.06944
-1.08969 -1.06611
-1.08773 -1.06609
-1.08584 -1.06874
-1.08686 -1.06751
-1.08547 -1.06786
-1.08673 -1.06735
-1.08718 -1.06755
-1.08745 -1.06499
-1.08656 -1.06852
-1.08901 -1.06446
-1.08695 -1.06777
-1.0889 -1.06477
-1.08525 -1.06935
-1.08801 -1.06382
-1.08574 -1.06899
-1.08925 -1.065
-1.08685 -1.06677
-1.08994 -1.06398
-1.0848 -1.06882
-1.08953 -1.06272
-1.08603 -1.06895
-1.0913 -1.06237
-1.08706 -1.06648
-1.08733 -1.06501
-1.08727 -1.06516
-1.08438 -1.06712
-1.08692 -1.06532
-1.08747 -1.0664
-1.08627 -1.06702
-1.08751 -1.06489
-1.0882 -1.0654
-1.08515 -1.06709
-1.08703 -1.06423
-1.08795 -1.06343
-1.08505 -1.06758
-1.08937 -1.06163
-1.08571 -1.06657
-1.08815 -1.06552
-1.08722 -1.06372
-1.08937 -1.06317
-1.08649 -1.0647
-1.08589 -1.06382
-1.0888 -1.06562
-1.08574 -1.06566
-1.08803 -1.06393
-1.08776 -1.06411
-1.08825 -1.06601
-1.08738 -1.06311
-1.0863 -1.06605
-1.08727 -1.06223
-1.08516 -1.06679
-1.087 -1.0635
-1.08821 -1.06406
-1.08479 -1.06709
-1.08943 -1.05995
-1.08769 -1.06318
-1.08644 -1.06531
-1.09018 -1.06177
-1.08949 -1.06418
-1.08597 -1.06349
-1.08789 -1.06485
-1.0878 -1.06335
-1.08548 -1.06696
-1.08682 -1.06302
-1.08658 -1.06473
-1.08616 -1.06785
-1.08886 -1.06176
-1.08789 -1.06397
-1.08859 -1.06469
-1.08713 -1.06365
-1.08577 -1.06592
-1.0879 -1.06209
-1.08799 -1.06265
-1.08543 -1.06598
-1.08896 -1.06189
-1.0842 -1.0665
-1.08475 -1.06408
-1.08798 -1.06355
-1.0828 -1.06618
-1.08608 -1.06471
-1.08666 -1.06244
-1.0875 -1.0626
-1.08707 -1.06407
-1.08766 -1.06107
-1.08705 -1.06372
-1.08689 -1.06322
-1.08727 -1.06107
-1.08516 -1.06452
-1.08918 -1.06172
-1.08819 -1.06282
-1.0871 -1.0644
-1.08849 -1.06109
-1.08591 -1.06263
-1.08707 -1.06299
-1.08844 -1.06053
-1.08627 -1.06508
-1.0875 -1.06122
-1.08611 -1.0623
-1.08623 -1.06352
-1.08533 -1.06366
-1.08579 -1.06462
-1.08421 -1.06404
-1.0852 -1.06479
-1.08646 -1.06207
-1.0853 -1.06222
-1.08497 -1.06298
-1.08679 -1.06284
-1.08342 -1.06327
-1.08623 -1.06151
-1.08379 -1.06397
-1.08667 -1.06307
-1.08373 -1.06385
-1.08691 -1.05973
-1.08706 -1.06097
-1.08426 -1.0629
-1.08455 -1.06139
-1.08453 -1.06068
-1.08359 -1.06346
-1.08612 -1.06031
-1.08062 -1.06347
-1.0878 -1.059
-1.08087 -1.06517
-1.08429 -1.06079
-1.08596 -1.06317
-1.08541 -1.06144
-1.08407 -1.06306
-1.08532 -1.05953
-1.08187 -1.06471
-1.08493 -1.06028
-1.08286 -1.06296
-1.08207 -1.06449
-1.08388 -1.06214
-1.08502 -1.05962
-1.08118 -1.06547
-1.08578 -1.06081
-1.08174 -1.06214
-1.08403 -1.0622
-1.08453 -1.05991
-1.08324 -1.06225
-1.08602 -1.06205
-1.08361 -1.06059
-1.08172 -1.06383
-1.08562 -1.05968
-1.08336 -1.06293
-1.08348 -1.06293
-1.08451 -1.06014
-1.08525 -1.0624
-1.08243 -1.06274
-1.08576 -1.05992
-1.08344 -1.06353
-1.08548 -1.06059
-1.0813 -1.06273
-1.08089 -1.06346
-1.08232 -1.06451
-1.0836 -1.06394
-1.08355 -1.06166
-1.08472 -1.0611
-1.08331 -1.06207
-1.08465 -1.06211
-1.08466 -1.06194
-1.0854 -1.06245
-1.08515 -1.06003
-1.08567 -1.06186
-1.08554 -1.05992
-1.08379 -1.06213
-1.08579 -1.06131
-1.08221 -1.06305
-1.08479 -1.06361
-1.0847 -1.06242
-1.08462 -1.06183
-1.08259 -1.06445
-1.08633 -1.06208
-1.08275 -1.0652
-1.08675 -1.06115
-1.08401 -1.06156
-1.08496 -1.06032
-1.08646 -1.06118
-1.08445 -1.06176
-1.08402 -1.06306
-1.08474 -1.06194
-1.08471 -1.06185
-1.08495 -1.06192
-1.08371 -1.06415
-1.08787 -1.06041
-1.08414 -1.06136
-1.08688 -1.05962
-1.08636 -1.06258
-1.08538 -1.05936
-1.08501 -1.06323
-1.08847 -1.05876
-1.08597 -1.06295
-1.08542 -1.05927
-1.08736 -1.06196
-1.08303 -1.06061
-1.08595 -1.06335
-1.08288 -1.06146
-1.08505 -1.06295
-1.08362 -1.06032
-1.08562 -1.06277
-1.08459 -1.06183
-1.0859 -1.0602
-1.0849 -1.06133
-1.08567 -1.06168
-1.08445 -1.06091
-1.08619 -1.05883
-1.08538 -1.06131
-1.08412 -1.06228
-1.08346 -1.06275
-1.08579 -1.06061
-1.08509 -1.06247
-1.08406 -1.06129
-1.08445 -1.05987
-1.08568 -1.06085
-1.08261 -1.0612
-1.08671 -1.05942
-1.08358 -1.05953
-1.08315 -1.06219
-1.0831 -1.06156
-1.08576 -1.05904
-1.07964 -1.06477
-1.08675 -1.05955
-1.08154 -1.06217
-1.08252 -1.06073
-1.08554 -1.05985
-1.08217 -1.06425
-1.08248 -1.06073
-1.08524 -1.05929
-1.08366 -1.06276
-1.08499 -1.05879
-1.08107 -1.06174
-1.08306 -1.06178
-1.08275 -1.05933
-1.083 -1.06131
-1.0823 -1.06133
-1.0838 -1.05913
-1.08262 -1.06252
-1.08221 -1.06081
-1.08426 -1.06014
-1.08605 -1.0605
-1.08379 -1.05884
-1.084 -1.06024
-1.08215 -1.05978
-1.08425 -1.06025
-1.08172 -1.06094
-1.08173 -1.06114
-1.08345 -1.05858
-1.08056 -1.0611
-1.08141 -1.06329
-1.08202 -1.05915
-1.08078 -1.06276
-1.0827 -1.05928
-1.08269 -1.05654
-1.08214 -1.06245
-1.0842 -1.05576
-1.08227 -1.05787
-1.08334 -1.05942
-1.08126 -1.05699
-1.08258 -1.05874
-1.08262 -1.05863
-1.08258 -1.05953
-1.08103 -1.05939
-1.08159 -1.05888
-1.08173 -1.0598
-1.0817 -1.05908
-1.08138 -1.05848
-1.08199 -1.05985
-1.08298 -1.05754
-1.08274 -1.05805
-1.08127 -1.06003
-1.08331 -1.05777
-1.08166 -1.06047
-1.08145 -1.05838
-1.08254 -1.0577
-1.0799 -1.06082
-1.0824 -1.0608
-1.08111 -1.05866
-1.08295 -1.05914
-1.08098 -1.06206
-1.08169 -1.05802
-1.08076 -1.06004
-1.0821 -1.05922
-1.08291 -1.0592
-1.07934 -1.05906
-1.0828 -1.05699
-1.0826 -1.06062
-1.08328 -1.05596
-1.08134 -1.05838
-1.08174 -1.05815
-1.08347 -1.05817
-1.08183 -1.0576
-1.08043 -1.05729
-1.08131 -1.05893
-1.08223 -1.05844
-1.07878 -1.06035
-1.08144 -1.05859
-1.08146 -1.05841
-1.0774 -1.06081
-1.0807 -1.05834
-1.07982 -1.06017
-1.07933 -1.06035
-1.0798 -1.05968
-1.07867 -1.0607
-1.07838 -1.06119
-1.07995 -1.05783
-1.07837 -1.06189
-1.08051 -1.05866
-1.08008 -1.05871
-1.07872 -1.05961
-1.07815 -1.05806
-1.07837 -1.05822
-1.08061 -1.05857
-1.07911 -1.05813
-1.07826 -1.06156
-1.08092 -1.05721
-1.07747 -1.05885
-1.07959 -1.05817
-1.07923 -1.05873
-1.07931 -1.0586
-1.07872 -1.05707
-1.0811 -1.05864
-1.0797 -1.05833
-1.08087 -1.05636
-1.07851 -1.05777
-1.08065 -1.05863
-1.08019 -1.05667
-1.07937 -1.06
-1.08014 -1.05565
-1.07775 -1.06015
-1.08187 -1.05547
-1.07951 -1.05761
-1.08017 -1.05957
-1.08234 -1.0523
-1.07912 -1.05865
-1.07983 -1.05722
-1.08192 -1.05356
-1.08028 -1.05769
-1.08061 -1.05647
-1.07842 -1.05801
-1.08038 -1.05723
-1.07745 -1.0582
-1.0788 -1.05883
-1.0788 -1.05618
-1.07873 -1.05866
-1.08122 -1.05684
-1.08016 -1.05742
-1.08122 -1.05362
-1.07999 -1.05684
-1.08132 -1.05521
-1.08024 -1.05574
-1.07857 -1.05776
-1.07965 -1.05749
-1.07725 -1.05645
-1.07813 -1.05925
-1.07693 -1.05547
-1.07793 -1.05805
-1.07911 -1.05519
-1.07801 -1.05708
-1.08071 -1.05427
-1.08184 -1.05434
-1.08 -1.05589
-1.08141 -1.05521
-1.07934 -1.05543
-1.07852 -1.05723
-1.07775 -1.05804
-1.07882 -1.05631
-1.07801 -1.05624
-1.07629 -1.05954
-1.08063 -1.05552
-1.07756 -1.05704
-1.07586 -1.05663
-1.07971 -1.05548
-1.07799 -1.05713
-1.07795 -1.05723
-1.07923 -1.05665
-1.07813 -1.05644
-1.07678 -1.05855
-1.07819 -1.05613
-1.07912 -1.05638
-1.0771 -1.05874
-1.07936 -1.05393
-1.07698 -1.05835
-1.08016 -1.05626
-1.07779 -1.05753
-1.07696 -1.05765
-1.07748 -1.05701
-1.0793 -1.05561
-1.07597 -1.05827
-1.07846 -1.056
-1.07645 -1.05827
-1.07649 -1.05812
-1.07708 -1.05654
-1.07728 -1.05728
-1.07789 -1.05824
-1.08038 -1.05374
-1.07878 -1.0563
-1.07787 -1.05538
-1.07833 -1.05607
-1.07797 -1.05507
-1.07564 -1.05848
-1.07733 -1.05512
-1.07508 -1.05703
-1.07862 -1.0569
-1.07465 -1.05728
-1.07825 -1.05504
-1.0768 -1.05708
-1.07955 -1.05471
-1.07965 -1.05569
-1.07963 -1.05495
-1.07834 -1.05442
-1.07891 -1.05531
-1.0787 -1.0542
-1.07971 -1.05456
-1.0768 -1.05496
-1.07795 -1.05528
-1.0776 -1.05619
-1.07589 -1.05604
-1.07641 -1.05584
-1.07686 -1.05586
-1.07831 -1.05581
-1.07654 -1.05599
-1.07827 -1.05725
-1.08079 -1.05185
-1.07696 -1.05686
-1.07662 -1.05608
-1.07931 -1.05635
-1.07866 -1.05528
-1.07517 -1.05691
-1.0796 -1.05502
-1.07577 -1.05666
-1.0778 -1.05506
-1.07547 -1.05863
-1.07646 -1.05444
-1.07461 -1.05932
-1.07789 -1.0559
-1.07478 -1.05788
-1.07772 -1.05675
-1.07359 -1.05682
-1.07905 -1.05442
-1.07595 -1.0584
-1.07788 -1.05492
-1.0757 -1.05713
-1.07648 -1.05632
-1.07554 -1.05797
-1.07875 -1.0542
-1.07465 -1.05717
-1.07438 -1.05711
-1.07698 -1.05502
-1.07425 -1.05723
-1.07594 -1.057
-1.07494 -1.05562
-1.07429 -1.05886
-1.07575 -1.05497
-1.07447 -1.05586
-1.07583 -1.05775
-1.0759 -1.05545
-1.07415 -1.05733
-1.07771 -1.05565
-1.07441 -1.05652
-1.07532 -1.05689
-1.07404 -1.05626
-1.0743 -1.05895
-1.07479 -1.05726
-1.07309 -1.05859
-1.07548 -1.05777
-1.07554 -1.05602
-1.07664 -1.05592
-1.07459 -1.05712
-1.0768 -1.05498
-1.07587 -1.056
-1.07601 -1.05568
-1.07631 -1.05618
-1.07544 -1.05421
-1.07603 -1.05516
-1.07416 -1.05703
-1.0757 -1.05517
-1.07403 -1.05713
-1.07578 -1.05558
-1.07479 -1.05756
-1.07724 -1.05674
-1.07714 -1.05387
-1.07461 -1.0585
-1.07407 -1.05725
-1.07306 -1.05837
-1.07543 -1.05608
-1.07343 -1.05963
-1.07479 -1.05592
-1.07277 -1.05704
-1.07282 -1.05786
-1.07575 -1.05658
-1.0734 -1.05812
-1.07588 -1.05386
-1.07601 -1.05633
-1.07507 -1.05418
-1.07359 -1.05809
-1.07658 -1.05517
-1.0744 -1.05708
-1.07331 -1.05865
-1.07603 -1.05374
-1.07212 -1.05871
-1.07371 -1.0549
-1.07529 -1.0555
-1.07429 -1.05703
-1.07399 -1.05572
-1.07316 -1.05563
-1.07664 -1.05443
-1.07433 -1.05411
-1.07336 -1.05856
-1.0766 -1.05393
-1.07159 -1.05829
-1.07426 -1.05497
-1.07371 -1.05628
-1.07258 -1.05643
-1.07517 -1.05555
-1.07334 -1.05707
-1.07156 -1.05561
-1.0753 -1.05617
-1.07235 -1.05602
-1.07477 -1.05236
-1.07328 -1.0553
-1.0741 -1.05314
-1.07461 -1.05519
-1.07406 -1.05304
-1.07398 -1.05471
-1.07196 -1.05489
-1.07651 -1.0524
-1.0724 -1.05421
-1.07431 -1.0526
-1.07636 -1.05307
-1.07402 -1.05401
-1.07395 -1.05271
-1.07573 -1.05409
-1.07647 -1.05194
-1.07364 -1.05395
-1.07503 -1.05236
-1.0751 -1.05219
-1.07563 -1.05123
-1.0726 -1.05403
-1.0743 -1.05461
-1.07456 -1.05288
-1.07375 -1.05195
-1.07458 -1.05234
-1.07569 -1.05313
-1.07735 -1.05022
-1.07481 -1.05248
-1.0768 -1.04948
-1.07548 -1.05307
-1.07696 -1.05039
-1.07651 -1.05298
-1.07514 -1.05154
-1.07633 -1.05119
-1.07586 -1.0525
-1.07624 -1.05238
-1.07674 -1.05245
-1.07591 -1.05098
-1.0751 -1.05163
-1.07656 -1.05097
-1.07579 -1.05084
-1.07704 -1.05071
-1.07547 -1.05133
-1.07663 -1.05134
-1.07499 -1.05156
-1.07632 -1.05089
-1.07433 -1.05272
-1.07698 -1.05065
-1.07441 -1.05304
-1.07716 -1.05022
-1.07279 -1.05365
-1.0745 -1.05061
-1.07768 -1.04975
-1.07581 -1.05129
-1.07568 -1.05162
-1.077 -1.04872
-1.07509 -1.05273
-1.0752 -1.05054
-1.0746 -1.05342
-1.07569 -1.05055
-1.07277 -1.05364
-1.07557 -1.04983
-1.07531 -1.04979
-1.07544 -1.05335
-1.0739 -1.05243
-1.07606 -1.04994
-1.07576 -1.05153
-1.07693 -1.04893
-1.07399 -1.05294
-1.07606 -1.04867
-1.07403 -1.05217
-1.07512 -1.05241
-1.07373 -1.0516
-1.07607 -1.05184
-1.07325 -1.05349
-1.07495 -1.04913
-1.07597 -1.05062
-1.07569 -1.04923
-1.07647 -1.05067
-1.0748 -1.05192
-1.0772 -1.0491
-1.07344 -1.05242
-1.07536 -1.04971
-1.0742 -1.0512
-1.07514 -1.05026
-1.07381 -1.05285
-1.07525 -1.05015
-1.07427 -1.05075
-1.07394 -1.05299
-1.07575 -1.05057
-1.07493 -1.05037
-1.07402 -1.05214
-1.07663 -1.04862
-1.07324 -1.05161
-1.07333 -1.04909
-1.07324 -1.05101
-1.07411 -1.05063
-1.07219 -1.0504
-1.0725 -1.05002
-1.07268 -1.05365
-1.07265 -1.05124
-1.07234 -1.05178
-1.07369 -1.05231
-1.07168 -1.0518
-1.07272 -1.05133
-1.07193 -1.05254
-1.07362 -1.04998
-1.07271 -1.05056
-1.07363 -1.05117
-1.07312 -1.05127
-1.07378 -1.05097
-1.07189 -1.05267
-1.07379 -1.04928
-1.07105 -1.05139
-1.07369 -1.05052
-1.07299 -1.05005
-1.07111 -1.0503
-1.07251 -1.05103
-1.06912 -1.05376
-1.07525 -1.04679
-1.07399 -1.04909
-1.07027 -1.05268
-1.07598 -1.04605
-1.07417 -1.0487
-1.07468 -1.04871
-1.07491 -1.04702
-1.07398 -1.04917
-1.0742 -1.04704
-1.07557 -1.04783
-1.07328 -1.04869
-1.07484 -1.04742
-1.0723 -1.04876
-1.07531 -1.04649
-1.07079 -1.04887
-1.07523 -1.04545
-1.07203 -1.05087
-1.07232 -1.04657
-1.0729 -1.04867
-1.07214 -1.04881
-1.07276 -1.04729
-1.07167 -1.04929
-1.07422 -1.04827
-1.07212 -1.04993
-1.07327 -1.04735
-1.07484 -1.04679
-1.07305 -1.04749
-1.07354 -1.04586
-1.07246 -1.0491
-1.07255 -1.04547
-1.07142 -1.0511
-1.07194 -1.04623
-1.07188 -1.05011
-1.07357 -1.04763
-1.07132 -1.04694
-1.07001 -1.05018
-1.0727 -1.04838
-1.07243 -1.04488
-1.07166 -1.04859
-1.07095 -1.04727
-1.07262 -1.04632
-1.07284 -1.04726
-1.07107 -1.04799
-1.0732 -1.04734
-1.07167 -1.0465
-1.07176 -1.04807
-1.07019 -1.04803
-1.06762 -1.05097
-1.06976 -1.04582
-1.0705 -1.0486
-1.07033 -1.04615
-1.07098 -1.04804
-1.0713 -1.04762
-1.07078 -1.04896
-1.07174 -1.04483
-1.07092 -1.04793
-1.07166 -1.04721
-1.06965 -1.04941
-1.07181 -1.04632
-1.06956 -1.0486
-1.07003 -1.04821
-1.06992 -1.04672
-1.0692 -1.04884
-1.06946 -1.04476
-1.07031 -1.04802
-1.07158 -1.04629
-1.07053 -1.04726
-1.07221 -1.04504
-1.07236 -1.04551
-1.07181 -1.04577
-1.07202 -1.04491
-1.07077 -1.04555
-1.06979 -1.04731
-1.07053 -1.0465
-1.06975 -1.04594
-1.06919 -1.04795
-1.07027 -1.04821
-1.07215 -1.0472
-1.0718 -1.04513
-1.07205 -1.04579
-1.06962 -1.04747
-1.07345 -1.0448
-1.06962 -1.04775
-1.07374 -1.0447
-1.06906 -1.0492
-1.07099 -1.04491
-1.07024 -1.04589
-1.06928 -1.04753
-1.06968 -1.04718
-1.06949 -1.04602
-1.0708 -1.04799
-1.07078 -1.0471
-1.07333 -1.04577
-1.07177 -1.04522
-1.07044 -1.04736
-1.07235 -1.04272
-1.06952 -1.04769
-1.07243 -1.04509
-1.06956 -1.04681
-1.0697 -1.04768
-1.07122 -1.04597
-1.06905 -1.04632
-1.07106 -1.04583
-1.07064 -1.04561
-1.07108 -1.0458
-1.07207 -1.0441
-1.07056 -1.0459
-1.07451 -1.042
-1.07025 -1.04526
-1.0729 -1.04451
-1.07108 -1.04632
-1.07192 -1.04504
-1.07093 -1.04236
-1.07289 -1.04641
-1.07093 -1.04498
-1.07099 -1.04517
-1.07155 -1.04506
-1.07117 -1.04558
-1.07129 -1.04408
-1.07175 -1.04561
-1.06872 -1.04673
-1.0727 -1.04527
-1.07058 -1.04368
-1.07044 -1.04543
-1.07169 -1.04506
-1.07133 -1.04349
-1.07116 -1.04544
-1.07076 -1.04222
-1.0708 -1.04636
-1.07109 -1.04326
-1.07066 -1.04458
-1.07137 -1.04456
-1.06893 -1.0444
-1.07081 -1.04526
-1.07131 -1.04456
-1.06859 -1.04465
-1.06947 -1.04539
-1.06966 -1.04662
-1.07003 -1.04415
-1.0695 -1.04625
-1.06869 -1.04514
-1.06948 -1.04589
-1.06802 -1.04678
-1.06935 -1.04384
-1.06773 -1.04655
-1.0686 -1.04615
-1.06935 -1.04618
-1.06932 -1.04529
-1.06952 -1.04422
-1.0687 -1.04569
-1.06964 -1.04478
-1.07073 -1.04256
-1.06777 -1.0456
-1.07086 -1.04676
-1.06948 -1.04372
-1.06737 -1.0468
-1.07024 -1.04268
-1.06861 -1.04339
-1.0681 -1.04637
-1.06865 -1.04355
-1.06859 -1.04496
-1.06748 -1.04674
-1.06885 -1.04437
-1.06954 -1.04377
-1.06819 -1.04422
-1.07087 -1.04366
-1.06805 -1.04417
-1.06913 -1.04359
-1.07057 -1.04022
-1.06882 -1.045
-1.07118 -1.04221
-1.06908 -1.04292
-1.07024 -1.04215
-1.07141 -1.04344
-1.06852 -1.04129
-1.07026 -1.04383
-1.07091 -1.04249
-1.0674 -1.04486
-1.07223 -1.04261
-1.06907 -1.04164
-1.06992 -1.04464
-1.06959 -1.04233
-1.06955 -1.04254
-1.0697 -1.04323
-1.06963 -1.04515
-1.07048 -1.04321
-1.07105 -1.04277
-1.06803 -1.04426
-1.06896 -1.04319
-1.06792 -1.04426
-1.07044 -1.0417
-1.06939 -1.04491
-1.07168 -1.04208
-1.06948 -1.04185
-1.06995 -1.04242
-1.06897 -1.04215
-1.07075 -1.04077
-1.07087 -1.04253
-1.06984 -1.04294
-1.06915 -1.04101
-1.06993 -1.04167
-1.07032 -1.04167
-1.0705 -1.0397
-1.07191 -1.03909
-1.07087 -1.0426
-1.06987 -1.041
-1.07148 -1.03987
-1.06825 -1.04094
-1.06943 -1.04204
-1.07019 -1.04099
-1.06974 -1.04134
-1.06745 -1.04293
-1.06926 -1.04005
-1.06803 -1.04273
-1.07276 -1.03669
-1.07296 -1.04056
-1.06995 -1.04173
-1.07291 -1.03888
-1.0681 -1.04134
-1.0704 -1.0404
-1.07035 -1.04097
-1.06757 -1.04207
-1.06834 -1.04319
-1.06797 -1.0406
-1.06729 -1.04335
-1.06864 -1.04108
-1.06958 -1.04159
-1.07034 -1.0394
-1.06969 -1.04086
-1.07174 -1.03989
-1.07131 -1.03953
-1.07151 -1.03996
-1.07083 -1.03986
-1.06899 -1.04141
-1.0711 -1.03921
-1.07011 -1.0394
-1.06599 -1.04257
-1.07102 -1.03896
-1.06793 -1.04109
-1.06895 -1.04078
-1.06891 -1.04051
-1.06925 -1.04183
-1.06771 -1.03962
-1.06924 -1.03976
-1.06858 -1.04131
-1.06986 -1.04046
-1.06789 -1.04098
-1.06872 -1.04124
-1.06818 -1.04161
-1.06913 -1.03889
-1.06768 -1.04312
-1.07172 -1.03895
-1.06844 -1.0403
-1.07023 -1.04
-1.06831 -1.04145
-1.06904 -1.04013
-1.07017 -1.03992
-1.06701 -1.04032
-1.07037 -1.03812
-1.06925 -1.03918
-1.06889 -1.04112
-1.06965 -1.03665
-1.06841 -1.04163
-1.06918 -1.0398
-1.06881 -1.03746
-1.07121 -1.03975
-1.06897 -1.03939
-1.06992 -1.03978
-1.06984 -1.0388
-1.06819 -1.04045
-1.06842 -1.03822
-1.06988 -1.04043
-1.07021 -1.03882
-1.06769 -1.0411
-1.06927 -1.04008
-1.06977 -1.03698
-1.06978 -1.03864
-1.07097 -1.037
-1.06766 -1.04104
-1.07151 -1.03707
-1.06675 -1.03985
-1.07017 -1.03792
-1.06731 -1.04045
-1.06903 -1.03745
-1.06868 -1.04075
-1.06799 -1.03939
-1.06839 -1.03898
-1.06628 -1.03992
-1.06973 -1.03686
-1.06771 -1.03808
-1.06814 -1.04166
-1.06812 -1.03685
-1.06781 -1.03816
-1.06606 -1.04087
-1.06913 -1.03642
-1.06521 -1.04254
-1.0654 -1.03899
-1.06539 -1.04074
-1.06459 -1.0427
-1.06685 -1.03961
-1.06562 -1.0401
-1.06803 -1.03974
-1.06605 -1.03994
-1.06689 -1.03904
-1.06726 -1.03987
-1.06893 -1.03707
-1.0645 -1.04107
-1.07034 -1.03869
-1.06631 -1.0374
-1.06651 -1.04092
-1.06836 -1.03627
-1.06579 -1.04243
-1.06592 -1.0381
-1.06729 -1.03963
-1.06616 -1.04014
-1.06728 -1.03762
-1.06863 -1.03948
-1.0666 -1.03842
-1.06712 -1.03893
-1.06901 -1.04025
-1.06666 -1.0386
-1.06632 -1.0388
-1.06854 -1.03795
-1.06577 -1.03841
-1.06636 -1.03753
-1.0697 -1.03667
-1.06522 -1.03994
-1.06561 -1.04026
-1.06742 -1.03722
-1.06672 -1.04077
-1.06659 -1.03679
-1.06777 -1.04005
-1.06788 -1.03652
-1.06575 -1.03684
-1.06621 -1.04029
-1.06703 -1.0382
-1.06558 -1.03909
-1.06576 -1.04031
-1.06733 -1.03662
-1.06455 -1.0379
-1.0661 -1.04085
-1.06568 -1.03796
-1.06565 -1.03756
-1.06691 -1.03843
-1.06634 -1.03794
-1.06516 -1.0396
-1.06781 -1.03966
-1.06531 -1.03858
-1.06679 -1.03859
-1.06601 -1.03742
-1.06432 -1.03849
-1.06466 -1.04039
-1.0658 -1.03744
-1.06289 -1.04006
-1.06476 -1.03856
-1.0656 -1.03781
-1.0645 -1.03907
-1.06598 -1.03642
-1.06623 -1.03736
-1.0637 -1.03961
-1.06828 -1.03567
-1.06498 -1.03748
-1.06629 -1.03831
-1.06615 -1.03738
-1.06518 -1.03836
-1.06523 -1.03833
-1.06566 -1.03967
-1.06571 -1.03893
-1.06335 -1.0413
-1.0661 -1.03836
-1.06444 -1.0379
-1.06242 -1.04159
-1.06781 -1.03609
-1.0621 -1.04214
-1.06623 -1.03851
-1.0644 -1.04139
-1.06609 -1.03885
-1.06565 -1.03651
-1.06418 -1.04123
-1.06709 -1.03676
-1.06356 -1.04019
-1.06533 -1.03771
-1.06425 -1.03972
-1.06328 -1.03983
-1.06324 -1.03833
-1.06337 -1.04137
-1.06328 -1.03823
-1.06572 -1.03786
-1.0649 -1.03674
-1.06733 -1.03782
-1.06594 -1.03707
-1.06655 -1.03702
-1.0657 -1.03669
-1.06736 -1.03639
-1.06511 -1.03764
-1.06613 -1.03737
-1.06636 -1.0357
-1.06428 -1.03944
-1.06484 -1.03729
-1.06454 -1.03823
-1.06369 -1.03835
-1.0667 -1.03581
-1.06587 -1.04041
-1.06485 -1.03757
-1.06545 -1.03563
-1.06753 -1.03809
-1.06574 -1.03576
-1.06486 -1.03695
-1.06765 -1.03642
-1.06471 -1.03959
-1.0647 -1.03605
-1.06656 -1.03908
-1.06338 -1.0382
-1.06638 -1.03644
-1.06388 -1.03821
-1.0665 -1.03777
-1.06489 -1.03754
-1.06647 -1.03699
-1.0643 -1.03824
-1.06655 -1.03525
-1.06544 -1.03864
-1.0652 -1.03731
-1.06768 -1.03472
-1.06376 -1.03885
-1.06478 -1.03611
-1.06589 -1.03481
-1.06375 -1.03855
-1.06607 -1.03556
-1.06316 -1.04057
-1.06634 -1.03323
-1.06526 -1.04161
-1.06477 -1.03587
-1.0665 -1.03473
-1.06327 -1.03854
-1.06597 -1.03574
-1.06498 -1.03881
-1.06438 -1.03511
-1.06688 -1.03679
-1.06261 -1.03649
-1.06563 -1.03637
-1.06684 -1.03512
-1.06493 -1.03626
-1.0657 -1.0347
-1.06597 -1.03461
-1.06366 -1.03594
-1.063 -1.03479
-1.06502 -1.03557
-1.06479 -1.03444
-1.06663 -1.03565
-1.06375 -1.03579
-1.06489 -1.03569
-1.06408 -1.03531
-1.06068 -1.03667
-1.06353 -1.03572
-1.06135 -1.03756
-1.06441 -1.03574
-1.06307 -1.03702
-1.06302 -1.03674
-1.06214 -1.03642
-1.06278 -1.0358
-1.06511 -1.0336
-1.06007 -1.03907
-1.06348 -1.03686
-1.06438 -1.03355
-1.06189 -1.03758
-1.06274 -1.0369
-1.06368 -1.03555
-1.06196 -1.03623
-1.06385 -1.03607
-1.06444 -1.03404
-1.06254 -1.03659
-1.06277 -1.03651
-1.06568 -1.03331
-1.06386 -1.03599
-1.06113 -1.03655
-1.06674 -1.03476
-1.0634 -1.03822
-1.06262 -1.03481
-1.06364 -1.03593
-1.0636 -1.03505
-1.06205 -1.03728
-1.06276 -1.03634
-1.06536 -1.03331
-1.06195 -1.03691
-1.06179 -1.03648
-1.06579 -1.036
-1.06523 -1.03443
-1.06362 -1.03405
-1.06398 -1.03668
-1.06573 -1.03473
-1.06369 -1.03495
-1.06586 -1.03438
-1.06439 -1.03619
-1.06432 -1.03282
-1.06546 -1.03433
-1.06449 -1.03439
-1.06256 -1.03578
-1.06407 -1.03296
-1.06558 -1.03536
-1.06213 -1.03607
-1.06323 -1.03358
-1.06077 -1.03798
-1.06465 -1.03582
-1.06352 -1.03411
-1.06131 -1.03675
-1.06569 -1.03352
-1.06235 -1.03575
-1.06638 -1.03305
-1.06614 -1.03469
-1.0628 -1.03354
-1.06614 -1.03382
-1.06599 -1.03288
-1.06288 -1.03598
-1.06494 -1.03196
-1.06202 -1.03535
-1.06503 -1.03234
-1.06377 -1.03327
-1.06482 -1.03391
-1.06415 -1.0335
-1.06383 -1.03421
-1.0637 -1.03435
-1.06648 -1.03078
-1.06332 -1.03624
-1.06696 -1.02938
-1.06162 -1.03623
-1.06354 -1.03544
-1.06498 -1.03193
-1.06015 -1.03649
-1.06394 -1.03393
-1.06293 -1.03477
-1.0591 -1.03622
-1.06118 -1.03559
-1.06399 -1.03242
-1.06075 -1.03489
-1.06415 -1.03337
-1.06183 -1.03353
-1.06386 -1.03399
-1.06617 -1.02992
-1.0621 -1.03513
-1.06318 -1.0338
-1.06407 -1.0321
-1.06155 -1.03452
-1.06111 -1.03622
-1.06208 -1.0326
-1.06169 -1.03514
-1.06327 -1.03386
-1.06356 -1.03355
-1.06347 -1.03189
-1.06153 -1.03612
-1.06574 -1.02824
-1.06397 -1.03346
-1.06366 -1.03152
-1.06529 -1.03132
-1.06344 -1.03304
-1.06311 -1.03197
-1.06112 -1.0363
-1.06438 -1.03047
-1.06334 -1.03403
-1.0631 -1.03187
-1.06457 -1.03206
-1.06272 -1.03309
-1.0635 -1.03185
-1.06346 -1.03177
-1.06394 -1.0303
-1.06379 -1.0318
-1.06318 -1.0325
-1.06356 -1.03156
-1.06322 -1.03031
-1.06287 -1.03205
-1.06496 -1.03108
-1.06018 -1.03365
-1.0626 -1.03194
-1.06298 -1.03272
-1.06118 -1.03242
-1.06406 -1.0333
-1.06167 -1.03295
-1.06186 -1.03285
-1.06089 -1.03242
-1.06276 -1.03155
-1.06173 -1.033
-1.06309 -1.03061
-1.0609 -1.03411
-1.06225 -1.03177
-1.06412 -1.03167
-1.05971 -1.03349
-1.06354 -1.03269
-1.06516 -1.02847
-1.06098 -1.03462
-1.06371 -1.02951
-1.06384 -1.03309
-1.06242 -1.02985
-1.06341 -1.03135
-1.06294 -1.02974
-1.06219 -1.03125
-1.06193 -1.03133
-1.062 -1.03
-1.06152 -1.03384
-1.06186 -1.02962
-1.06091 -1.0328
-1.06228 -1.02995
-1.05909 -1.03475
-1.06277 -1.03082
-1.06051 -1.03339
-1.05898 -1.03195
-1.06233 -1.03204
-1.06054 -1.03179
-1.06255 -1.0321
-1.06183 -1.03067
-1.06151 -1.03124
-1.06381 -1.02903
-1.06137 -1.03
-1.06172 -1.03248
-1.06173 -1.03012
-1.06109 -1.03265
-1.06075 -1.03118
-1.06239 -1.0316
-1.06155 -1.0303
-1.06344 -1.02796
-1.05841 -1.03473
-1.06196 -1.0303
-1.06225 -1.02862
-1.06189 -1.03156
-1.0583 -1.03169
-1.06148 -1.03069
-1.06045 -1.03063
-1.06176 -1.0294
-1.063 -1.02917
-1.06184 -1.02906
-1.0627 -1.02848
-1.06568 -1.0284
-1.06226 -1.03012
-1.06263 -1.0286
-1.06384 -1.02892
-1.06299 -1.02864
-1.06248 -1.02931
-1.06098 -1.0309
-1.06296 -1.02833
-1.06198 -1.02936
-1.05884 -1.03268
-1.06106 -1.03079
-1.06303 -1.02968
-1.06232 -1.0305
-1.06301 -1.02807
-1.06166 -1.03055
-1.06185 -1.02997
-1.06229 -1.03008
-1.0589 -1.03238
-1.06394 -1.03033
-1.06264 -1.02803
-1.06264 -1.03203
-1.0607 -1.03179
-1.06533 -1.02724
-1.06082 -1.03201
-1.06298 -1.02958
-1.06301 -1.0308
-1.06342 -1.02772
-1.0634 -1.02926
-1.06047 -1.03127
-1.06026 -1.03135
-1.0611 -1.02981
-1.06061 -1.03271
-1.06105 -1.03044
-1.06202 -1.02838
-1.06167 -1.03183
-1.06182 -1.02895
-1.06125 -1.03051
-1.06194 -1.03008
-1.06046 -1.03255
-1.06216 -1.02962
-1.06148 -1.02958
-1.0611 -1.031
-1.06194 -1.03041
-1.06113 -1.03042
-1.06127 -1.03109
-1.06355 -1.02836
-1.06244 -1.02943
-1.06 -1.03126
-1.06131 -1.02906
-1.0616 -1.03098
-1.06144 -1.02842
-1.06119 -1.02834
-1.06118 -1.03264
-1.06288 -1.02999
-1.06238 -1.03046
-1.06242 -1.02913
-1.06411 -1.02828
-1.06069 -1.03025
-1.06386 -1.02901
-1.06401 -1.02981
-1.06292 -1.02815
-1.06108 -1.03063
-1.06452 -1.027
-1.06192 -1.03069
-1.06048 -1.03152
-1.06457 -1.02848
-1.06163 -1.02975
-1.06291 -1.02993
-1.06147 -1.02746
-1.0645 -1.03006
-1.06184 -1.02888
-1.06205 -1.02941
-1.06105 -1.02934
-1.05984 -1.03186
-1.06253 -1.02829
-1.06195 -1.02953
-1.06112 -1.0273
-1.06114 -1.0301
-1.06355 -1.02827
-1.05943 -1.02961
-1.06525 -1.02721
-1.06097 -1.02957
-1.06208 -1.03122
-1.06584 -1.02482
-1.06047 -1.02993
-1.06207 -1.02981
-1.06369 -1.02783
-1.06012 -1.02985
-1.06097 -1.02778
-1.05993 -1.03131
-1.06074 -1.02965
-1.0597 -1.03099
-1.06066 -1.03084
-1.06059 -1.03009
-1.06139 -1.02975
-1.06138 -1.02972
-1.06262 -1.02862
-1.05903 -1.03115
-1.06382 -1.02665
-1.05899 -1.03012
-1.0624 -1.02648
-1.06133 -1.02953
-1.0611 -1.02736
-1.05929 -1.0302
-1.06228 -1.02904
-1.06134 -1.02901
-1.05851 -1.02846
-1.06074 -1.02823
-1.06141 -1.02847
-1.05958 -1.02854
-1.06048 -1.02843
-1.05959 -1.02847
-1.06051 -1.02933
-1.05969 -1.02949
-1.05977 -1.0287
-1.05971 -1.02936
-1.06006 -1.02943
-1.06116 -1.02998
-1.05931 -1.0291
-1.06013 -1.0287
-1.06281 -1.02672
-1.0579 -1.03023
-1.06086 -1.02811
-1.06043 -1.028
-1.05985 -1.02826
-1.0616 -1.03156
-1.05967 -1.02816
-1.06139 -1.0269
-1.05773 -1.02997
-1.06025 -1.02937
-1.0612 -1.02766
-1.05644 -1.0323
-1.06079 -1.03033
-1.0591 -1.02823
-1.05899 -1.0296
-1.06057 -1.02773
-1.0603 -1.02903
-1.06055 -1.02672
-1.06029 -1.02913
-1.05911 -1.02715
-1.05969 -1.02994
-1.06012 -1.02872
-1.06072 -1.02695
-1.05764 -1.03204
-1.06 -1.02721
-1.05958 -1.02927
-1.05979 -1.02925
-1.05865 -1.02959
-1.06005 -1.02907
-1.05863 -1.02892
-1.05974 -1.02828
-1.05779 -1.02934
-1.06211 -1.02775
-1.05752 -1.02852
-1.06046 -1.02696
-1.05875 -1.02944
-1.05903 -1.02807
-1.05659 -1.03016
-1.05917 -1.02775
-1.06088 -1.03018
-1.05737 -1.02798
-1.05823 -1.03064
-1.06081 -1.02649
-1.05731 -1.02887
-1.05983 -1.02649
-1.06087 -1.02783
-1.05819 -1.02663
-1.05789 -1.02705
-1.05998 -1.02783
-1.05993 -1.02607
-1.05565 -1.03085
-1.05884 -1.02658
-1.05793 -1.03026
-1.05747 -1.02783
-1.05933 -1.02717
-1.05737 -1.02956
-1.05873 -1.02751
-1.05964 -1.02696
-1.05911 -1.0263
-1.0579 -1.02881
-1.05711 -1.02899
-1.05883 -1.02789
-1.05626 -1.02966
-1.05768 -1.02692
-1.05766 -1.02897
-1.05675 -1.029
-1.05779 -1.02668
-1.06029 -1.0255
-1.05708 -1.02799
-1.05989 -1.02721
-1.059 -1.027
-1.0601 -1.02665
-1.06139 -1.02574
-1.05699 -1.02803
-1.05931 -1.02722
-1.0574 -1.02838
-1.06029 -1.02597
-1.05643 -1.02964
-1.05829 -1.02759
-1.0573 -1.02815
-1.05762 -1.02745
-1.05691 -1.02894
-1.05764 -1.02646
-1.05924 -1.02813
-1.06088 -1.02538
-1.05911 -1.02519
-1.05953 -1.02756
-1.06022 -1.02621
-1.05926 -1.0257
-1.05901 -1.02772
-1.05916 -1.02451
-1.05768 -1.02741
-1.05782 -1.02717
-1.05781 -1.02506
-1.05607 -1.03148
-1.05876 -1.02513
-1.05762 -1.02722
-1.05943 -1.02553
-1.05876 -1.02664
-1.05632 -1.02551
-1.06103 -1.02524
-1.05683 -1.02862
-1.06112 -1.02166
-1.05734 -1.02717
-1.05905 -1.02628
-1.05913 -1.02508
-1.0595 -1.02503
-1.05679 -1.02635
-1.06078 -1.0257
-1.05591 -1.02588
-1.05651 -1.02902
-1.05891 -1.02626
-1.05345 -1.02998
-1.05712 -1.02712
-1.05689 -1.02668
-1.05739 -1.02717
-1.05728 -1.02535
-1.05699 -1.02706
-1.05904 -1.02482
-1.05868 -1.02649
-1.0579 -1.0257
-1.05824 -1.02608
-1.06009 -1.02411
-1.05797 -1.02617
-1.0572 -1.02751
-1.05573 -1.02777
-1.05748 -1.02696
-1.05377 -1.02858
-1.05732 -1.02902
