0 0
-0.0871581 -0.0820036
-0.171522 -0.161661
-0.252885 -0.238673
-0.331205 -0.313091
-0.406634 -0.38521
-0.478944 -0.454484
-0.548529 -0.520998
-0.615273 -0.585859
-0.678333 -0.646008
-0.737521 -0.706716
-0.795835 -0.76237
-0.849302 -0.815841
-0.900608 -0.865734
-0.947371 -0.914141
-0.991854 -0.960603
-1.0335 -1.00354
-1.07061 -1.04278
-1.10538 -1.08083
-1.13479 -1.11635
-1.16147 -1.15077
-1.18322 -1.17833
-1.20716 -1.21008
-1.22241 -1.23403
-1.23778 -1.25738
-1.25008 -1.2785
-1.25983 -1.30015
-1.26684 -1.31728
-1.2803 -1.32871
-1.27865 -1.35025
-1.28594 -1.36157
-1.2879 -1.36034
-1.28393 -1.36406
-1.28948 -1.36102
-1.28465 -1.36053
-1.28644 -1.36094
-1.28621 -1.35985
-1.29019 -1.3605
-1.28332 -1.36246
-1.28714 -1.36248
-1.28627 -1.36024
-1.28474 -1.36175
-1.28606 -1.35979
-1.28584 -1.36272
-1.28635 -1.35873
-1.28545 -1.36091
-1.28395 -1.36565
-1.28216 -1.36168
-1.29149 -1.36103
-1.28199 -1.35943
-1.28687 -1.35939
-1.28621 -1.36367
-1.28414 -1.36003
-1.28724 -1.35977
-1.28719 -1.3582
-1.28529 -1.36443
-1.28537 -1.36077
-1.28645 -1.35842
-1.28364 -1.36236
-1.28797 -1.35742
-1.28603 -1.36255
-1.28602 -1.36001
-1.28558 -1.36426
-1.28491 -1.36084
-1.28604 -1.36017
-1.28608 -1.35907
-1.28699 -1.36347
-1.28343 -1.3605
-1.2874 -1.35728
-1.28616 -1.36192
-1.28658 -1.36
-1.28575 -1.3622
-1.28564 -1.35796
-1.28587 -1.35943
-1.28515 -1.36146
-1.28459 -1.35903
-1.28605 -1.36064
-1.28806 -1.36032
-1.28738 -1.35824
-1.28305 -1.362
-1.28841 -1.35901
-1.28507 -1.35777
-1.28555 -1.36239
-1.28271 -1.36245
-1.28623 -1.35884
-1.28535 -1.36052
-1.28609 -1.36069
-1.28415 -1.36254
-1.28642 -1.36101
-1.28662 -1.36216
-1.28568 -1.35625
-1.28742 -1.35895
-1.28624 -1.36035
-1.28973 -1.35642
-1.28754 -1.36115
-1.28518 -1.35822
-1.28974 -1.35748
-1.28858 -1.35734
-1.28649 -1.35883
-1.28812 -1.35847
-1.28424 -1.35668
-1.28873 -1.35887
-1.28886 -1.35586
-1.28406 -1.35962
-1.28708 -1.35674
-1.28677 -1.35809
-1.28788 -1.35688
-1.28632 -1.35657
-1.28602 -1.35728
-1.28686 -1.35938
-1.28641 -1.35437
-1.28575 -1.35688
-1.28752 -1.35754
-1.28349 -1.35968
-1.28585 -1.35702
-1.28586 -1.3603
-1.28605 -1.35915
-1.28424 -1.35488
-1.28551 -1.36004
-1.28353 -1.35743
-1.28554 -1.35693
-1.28347 -1.35656
-1.28532 -1.36074
-1.28594 -1.35638
-1.28656 -1.3583
-1.28252 -1.35692
-1.28845 -1.3551
-1.28714 -1.35841
-1.28396 -1.35532
-1.28899 -1.35646
-1.28736 -1.35842
-1.28405 -1.35778
-1.28758 -1.3553
-1.28689 -1.35508
-1.28461 -1.35561
-1.28376 -1.35549
-1.28875 -1.35248
-1.28394 -1.35836
-1.28691 -1.35536
-1.28258 -1.35602
-1.28562 -1.35701
-1.28592 -1.35632
-1.28585 -1.35602
-1.28342 -1.35597
-1.285 -1.35804
-1.28163 -1.35775
-1.28438 -1.35645
-1.28233 -1.36098
-1.28311 -1.35655
-1.2853 -1.35938
-1.28171 -1.35766
-1.2854 -1.3584
-1.28164 -1.35883
-1.28376 -1.35455
-1.28466 -1.35677
-1.28319 -1.35866
-1.28502 -1.3565
-1.28382 -1.35569
-1.28455 -1.35776
-1.28505 -1.35564
-1.28531 -1.35267
-1.28221 -1.35352
-1.2843 -1.3545
-1.28819 -1.35293
-1.28196 -1.35681
-1.28687 -1.35466
-1.28599 -1.35291
-1.28595 -1.35183
-1.28366 -1.35583
-1.28592 -1.35333
-1.28584 -1.35014
-1.28336 -1.35213
-1.28742 -1.35199
-1.28468 -1.35605
-1.28504 -1.34928
-1.28629 -1.3523
-1.28286 -1.35564
-1.28334 -1.35354
-1.28521 -1.35231
-1.28639 -1.35405
-1.2848 -1.35171
-1.28331 -1.35328
-1.28403 -1.35461
-1.28375 -1.35288
-1.28547 -1.35391
-1.28494 -1.35222
-1.28223 -1.35494
-1.28509 -1.35593
-1.28337 -1.35095
-1.28382 -1.35323
-1.28538 -1.35488
-1.28449 -1.35377
-1.28229 -1.35315
-1.28564 -1.3521
-1.28385 -1.3528
-1.28569 -1.34968
-1.28626 -1.35285
-1.28328 -1.35468
-1.28548 -1.3517
-1.28413 -1.35358
-1.2836 -1.35372
-1.28642 -1.35379
-1.28406 -1.35449
-1.2871 -1.34973
-1.27941 -1.35494
-1.28669 -1.35277
-1.28401 -1.35436
-1.2851 -1.34971
-1.28466 -1.3521
-1.28407 -1.3559
-1.28467 -1.34899
-1.28535 -1.34999
-1.2853 -1.35308
-1.28446 -1.35242
-1.28469 -1.35163
-1.28392 -1.3506
-1.28435 -1.35391
-1.28567 -1.3486
-1.28569 -1.35321
-1.28467 -1.35159
-1.28459 -1.35094
-1.28468 -1.35216
-1.28477 -1.35295
-1.28673 -1.34614
-1.28469 -1.34957
-1.28449 -1.3533
-1.28566 -1.34959
-1.28571 -1.35082
-1.28289 -1.35013
-1.28438 -1.351
-1.2822 -1.35541
-1.28352 -1.35363
-1.28291 -1.35232
-1.28706 -1.35216
-1.28494 -1.35305
-1.28241 -1.35163
-1.28451 -1.35404
-1.28463 -1.3494
-1.28225 -1.35454
-1.28581 -1.34961
-1.28126 -1.35493
-1.28423 -1.34917
-1.28228 -1.35309
-1.28378 -1.35291
-1.28186 -1.35076
-1.284 -1.35693
-1.28303 -1.35324
-1.28174 -1.35414
-1.28376 -1.35248
-1.28492 -1.35147
-1.2838 -1.35356
-1.28656 -1.35332
-1.28465 -1.35038
-1.28239 -1.35405
-1.28345 -1.35283
-1.28571 -1.35233
-1.28566 -1.3527
-1.28419 -1.3556
-1.28342 -1.34939
-1.28386 -1.35223
-1.28438 -1.34938
-1.28459 -1.35068
-1.28428 -1.35203
-1.28374 -1.35366
-1.28322 -1.35077
-1.28409 -1.3519
-1.28256 -1.35356
-1.28328 -1.3557
-1.28265 -1.34924
-1.28275 -1.35413
-1.28388 -1.35176
-1.28587 -1.35143
-1.28227 -1.35352
-1.28412 -1.35364
-1.28279 -1.35384
-1.28435 -1.3514
-1.28401 -1.35231
-1.28321 -1.35377
-1.28199 -1.35307
-1.28457 -1.35273
-1.28167 -1.34996
-1.28408 -1.35561
-1.28211 -1.35116
-1.28432 -1.35245
-1.28289 -1.35191
-1.28364 -1.35101
-1.2858 -1.34921
-1.28326 -1.35211
-1.28187 -1.35257
-1.28302 -1.35039
-1.2824 -1.35174
-1.28304 -1.34994
-1.28106 -1.35383
-1.2857 -1.34953
-1.28132 -1.34986
-1.28359 -1.3517
-1.28111 -1.35172
-1.2852 -1.34778
-1.28563 -1.35058
-1.28213 -1.35033
-1.28334 -1.35096
-1.2848 -1.34965
-1.28329 -1.34894
-1.28648 -1.35013
-1.28255 -1.34761
-1.28358 -1.35173
-1.28355 -1.35064
-1.28365 -1.35017
-1.28347 -1.35001
-1.28506 -1.34988
-1.28365 -1.34828
-1.2835 -1.34763
-1.28508 -1.34974
-1.2825 -1.34955
-1.28467 -1.35065
-1.28226 -1.35208
-1.28714 -1.34721
-1.28207 -1.35361
-1.28494 -1.34537
-1.28565 -1.34936
-1.28442 -1.35016
-1.28437 -1.34762
-1.28514 -1.35023
-1.28232 -1.34964
-1.28422 -1.34637
-1.28314 -1.3516
-1.28764 -1.3473
-1.28117 -1.34913
-1.28411 -1.34765
-1.28636 -1.3492
-1.28149 -1.35089
-1.28294 -1.34863
-1.28542 -1.35077
-1.28151 -1.34969
-1.28394 -1.34901
-1.28237 -1.34633
-1.28103 -1.35083
-1.28491 -1.34755
-1.28543 -1.34884
-1.27994 -1.35305
-1.28564 -1.34582
-1.28142 -1.35012
-1.28403 -1.34528
-1.28529 -1.34988
-1.28111 -1.34907
-1.28377 -1.34928
-1.28433 -1.34855
-1.28135 -1.34689
-1.28355 -1.34814
-1.28301 -1.35121
-1.28399 -1.34774
-1.28283 -1.34995
-1.28216 -1.34738
-1.28213 -1.35045
-1.28444 -1.34845
-1.2821 -1.34642
-1.28342 -1.34789
-1.27956 -1.35176
-1.28274 -1.35301
-1.28293 -1.34895
-1.28086 -1.34986
-1.28448 -1.35007
-1.28403 -1.3475
-1.28407 -1.34915
-1.28303 -1.34923
-1.28022 -1.3482
-1.28267 -1.34926
-1.28387 -1.34821
-1.28177 -1.35154
-1.27962 -1.34893
-1.28534 -1.34749
-1.28162 -1.35102
-1.28271 -1.35026
-1.28064 -1.35114
-1.28226 -1.34746
-1.2809 -1.34721
-1.28385 -1.34759
-1.28121 -1.34842
-1.28456 -1.349
-1.28251 -1.34707
-1.28441 -1.34595
-1.28183 -1.34998
-1.28444 -1.34673
-1.28209 -1.34665
-1.28409 -1.35069
-1.28181 -1.35077
-1.28221 -1.34898
-1.28465 -1.34891
-1.27856 -1.34975
-1.2832 -1.34906
-1.28311 -1.34769
-1.28263 -1.34689
-1.28342 -1.34722
-1.28192 -1.34776
-1.28306 -1.34561
-1.28139 -1.34892
-1.28415 -1.34575
-1.28281 -1.34712
-1.28457 -1.34363
-1.2806 -1.34911
-1.28664 -1.34394
-1.28033 -1.34736
-1.28434 -1.34513
-1.28219 -1.34925
-1.28201 -1.348
-1.2829 -1.34639
-1.28529 -1.34533
-1.2833 -1.34684
-1.28363 -1.34329
-1.28168 -1.34858
-1.28354 -1.34664
-1.28197 -1.34375
-1.28151 -1.34952
-1.28221 -1.34594
-1.28195 -1.34533
-1.28328 -1.34524
-1.28534 -1.34162
-1.28144 -1.34593
-1.2823 -1.34551
-1.28322 -1.34599
-1.28373 -1.34358
-1.27909 -1.34837
-1.28611 -1.34509
-1.28192 -1.34337
-1.28308 -1.34588
-1.28359 -1.34476
-1.28275 -1.34436
-1.28406 -1.34178
-1.28096 -1.34876
-1.28295 -1.34389
-1.2825 -1.34563
-1.28161 -1.3468
-1.28565 -1.34219
-1.27868 -1.34572
-1.28173 -1.34676
-1.28163 -1.34616
-1.28153 -1.34591
-1.28361 -1.34341
-1.28105 -1.34606
-1.27805 -1.34697
-1.28486 -1.34155
-1.27978 -1.347
-1.27999 -1.34756
-1.28071 -1.34379
-1.28161 -1.3462
-1.2791 -1.34406
-1.28085 -1.34431
-1.2817 -1.34518
-1.28096 -1.34411
-1.28212 -1.34214
-1.28099 -1.34584
-1.27895 -1.3452
-1.28493 -1.34267
-1.28002 -1.34605
-1.28387 -1.34197
-1.27991 -1.34711
-1.28193 -1.3441
-1.28217 -1.34325
-1.28301 -1.34411
-1.27922 -1.34515
-1.28211 -1.34534
-1.28233 -1.3458
-1.2848 -1.33802
-1.28017 -1.34627
-1.28341 -1.34256
-1.28261 -1.34307
-1.28158 -1.34563
-1.28091 -1.34433
-1.28207 -1.341
-1.28268 -1.34628
-1.28196 -1.34308
-1.28255 -1.34352
-1.28184 -1.34665
-1.28237 -1.34417
-1.28458 -1.34042
-1.28133 -1.34423
-1.28328 -1.34759
-1.28277 -1.34256
-1.28133 -1.34665
-1.28287 -1.3429
-1.28316 -1.34334
-1.28028 -1.34626
-1.282 -1.34434
-1.28396 -1.33955
-1.28032 -1.34671
-1.28146 -1.34417
-1.27808 -1.34775
-1.28401 -1.34414
-1.28012 -1.34423
-1.2835 -1.34447
-1.28248 -1.34547
-1.27822 -1.34795
-1.28142 -1.3439
-1.28017 -1.34358
-1.28445 -1.3424
-1.27905 -1.34279
-1.28253 -1.34241
-1.27932 -1.34407
-1.28438 -1.34494
-1.28009 -1.34019
-1.28366 -1.34381
-1.2787 -1.34483
-1.28236 -1.34287
-1.2812 -1.34441
-1.28119 -1.34248
-1.28058 -1.34429
-1.28027 -1.34515
-1.28101 -1.34373
-1.28439 -1.34183
-1.27974 -1.34424
-1.27961 -1.34489
-1.28373 -1.34038
-1.28073 -1.3475
-1.28202 -1.34242
-1.28077 -1.34119
-1.28083 -1.34597
-1.282 -1.34003
-1.28265 -1.34238
-1.2798 -1.34333
-1.2824 -1.34229
-1.2816 -1.34243
-1.28135 -1.34167
-1.28231 -1.34038
-1.28293 -1.34342
-1.2819 -1.34153
-1.27899 -1.34406
-1.28342 -1.33958
-1.2787 -1.3437
-1.28286 -1.34447
-1.28168 -1.34158
-1.28113 -1.34053
-1.27942 -1.34434
-1.28149 -1.34296
-1.2775 -1.34459
-1.27998 -1.34103
-1.27784 -1.34616
-1.28291 -1.34075
-1.27997 -1.34441
-1.28136 -1.34327
-1.27745 -1.34385
-1.28434 -1.33864
-1.27908 -1.3447
-1.28152 -1.34096
-1.28151 -1.3434
-1.27807 -1.34145
-1.28107 -1.34137
-1.27848 -1.34434
-1.27962 -1.3446
-1.28035 -1.34138
-1.27787 -1.34152
-1.28236 -1.34192
-1.27997 -1.34093
-1.27783 -1.34382
-1.27947 -1.34277
-1.2822 -1.34052
-1.2793 -1.34149
-1.28184 -1.33948
-1.28226 -1.34194
-1.28247 -1.33878
-1.27799 -1.34352
-1.28012 -1.34102
-1.2806 -1.34043
-1.27985 -1.33964
-1.28011 -1.34245
-1.28238 -1.34167
-1.28141 -1.33936
-1.28121 -1.34117
-1.28063 -1.33723
-1.2792 -1.34416
-1.2809 -1.33874
-1.28147 -1.33822
-1.27874 -1.34196
-1.27957 -1.34137
-1.28004 -1.34034
-1.27911 -1.33843
-1.28077 -1.34067
-1.28289 -1.3369
-1.28023 -1.34279
-1.2798 -1.33926
-1.28145 -1.34121
-1.28228 -1.34101
-1.27916 -1.33973
-1.28012 -1.34031
-1.27934 -1.34152
-1.28101 -1.33969
-1.28072 -1.34057
-1.28189 -1.33976
-1.27995 -1.33866
-1.27978 -1.34307
-1.28053 -1.34137
-1.28101 -1.33842
-1.27841 -1.33838
-1.28073 -1.34087
-1.27882 -1.34186
-1.28079 -1.33742
-1.27811 -1.34013
-1.28097 -1.34141
-1.27932 -1.34032
-1.27936 -1.34088
-1.27727 -1.34054
-1.28246 -1.33601
-1.27949 -1.33813
-1.27984 -1.33819
-1.27746 -1.33867
-1.27852 -1.33955
-1.28226 -1.33988
-1.27944 -1.33806
-1.27941 -1.33697
-1.278 -1.34155
-1.27903 -1.33848
-1.27741 -1.3397
-1.28204 -1.33794
-1.27976 -1.33814
-1.27974 -1.34135
-1.28079 -1.33608
-1.27924 -1.33912
-1.28123 -1.33707
-1.27891 -1.33998
-1.28187 -1.33659
-1.2796 -1.33817
-1.27741 -1.33987
-1.27913 -1.34008
-1.28182 -1.34005
-1.27935 -1.33921
-1.27879 -1.33828
-1.27966 -1.33881
-1.28144 -1.34048
-1.27936 -1.34025
-1.28256 -1.33656
-1.28069 -1.33933
-1.27805 -1.34027
-1.28108 -1.33825
-1.27954 -1.33742
-1.27775 -1.34277
-1.27944 -1.33875
-1.27956 -1.34077
-1.27768 -1.33669
-1.28134 -1.339
-1.27924 -1.33919
-1.27811 -1.34091
-1.28081 -1.33716
-1.28086 -1.34164
-1.27968 -1.33676
-1.27861 -1.337
-1.2807 -1.33646
-1.27922 -1.33814
-1.2756 -1.34087
-1.27948 -1.33721
-1.28031 -1.33597
-1.27778 -1.34177
-1.27773 -1.33858
-1.28272 -1.33359
-1.27656 -1.33817
-1.28261 -1.33606
-1.28021 -1.33383
-1.28003 -1.34015
-1.28187 -1.33311
-1.27991 -1.33968
-1.28122 -1.33514
-1.27887 -1.33819
-1.28237 -1.33652
-1.27907 -1.33614
-1.28074 -1.33622
-1.27746 -1.33947
-1.2832 -1.33694
-1.28127 -1.33651
-1.28122 -1.33511
-1.2831 -1.33658
-1.27921 -1.33429
-1.28151 -1.33727
-1.28142 -1.3358
-1.28308 -1.33257
-1.27958 -1.33687
-1.28561 -1.33184
-1.28018 -1.33839
-1.28336 -1.33378
-1.27954 -1.33606
-1.28264 -1.33705
-1.27956 -1.33619
-1.2833 -1.33531
-1.28151 -1.33662
-1.27861 -1.33778
-1.28303 -1.33342
-1.2791 -1.33701
-1.28023 -1.33689
-1.27816 -1.33915
-1.27976 -1.33466
-1.28167 -1.33678
-1.27981 -1.33589
-1.27835 -1.33872
-1.2826 -1.33451
-1.27997 -1.33313
-1.28384 -1.33509
-1.27875 -1.33755
-1.27788 -1.33617
-1.28099 -1.33585
-1.28075 -1.33693
-1.27794 -1.33467
-1.28051 -1.33492
-1.28076 -1.33687
-1.27718 -1.3362
-1.28209 -1.33391
-1.28025 -1.33779
-1.27867 -1.33738
-1.27795 -1.33555
-1.28097 -1.33247
-1.28136 -1.33554
-1.27786 -1.33589
-1.27821 -1.33774
-1.28101 -1.33325
-1.27465 -1.33637
-1.28119 -1.33578
-1.27714 -1.33441
-1.27744 -1.33661
-1.27882 -1.33421
-1.27664 -1.33749
-1.27869 -1.33673
-1.27861 -1.33539
-1.28012 -1.3347
-1.27632 -1.33548
-1.27907 -1.33493
-1.2791 -1.33435
-1.27741 -1.33517
-1.27842 -1.33475
-1.27887 -1.33444
-1.28048 -1.33341
-1.27906 -1.33238
-1.27763 -1.3349
-1.28019 -1.33483
-1.28021 -1.33119
-1.27914 -1.33567
-1.2785 -1.33472
-1.28078 -1.33499
-1.27777 -1.33612
-1.28065 -1.3319
-1.2809 -1.33341
-1.27866 -1.33391
-1.27936 -1.33322
-1.27834 -1.33744
-1.27985 -1.33368
-1.28017 -1.33275
-1.27728 -1.33727
-1.27935 -1.33202
-1.28289 -1.3322
-1.27671 -1.33452
-1.28098 -1.33141
-1.27978 -1.33306
-1.27986 -1.33243
-1.28109 -1.33247
-1.2795 -1.33237
-1.27856 -1.33241
-1.28136 -1.33207
-1.28235 -1.33154
-1.27821 -1.33621
-1.28219 -1.32962
-1.27881 -1.33576
-1.2778 -1.33327
-1.28046 -1.33247
-1.28065 -1.33231
-1.27815 -1.3357
-1.27878 -1.33132
-1.27835 -1.33622
-1.28055 -1.3351
-1.2786 -1.33417
-1.27948 -1.33567
-1.28065 -1.33446
-1.27923 -1.33334
-1.27902 -1.33434
-1.28142 -1.3311
-1.2772 -1.33578
-1.28369 -1.33186
-1.27738 -1.33462
-1.28287 -1.33342
-1.27781 -1.33495
-1.27841 -1.33176
-1.28186 -1.33531
-1.27916 -1.33535
-1.27926 -1.33266
-1.28148 -1.33501
-1.27759 -1.3361
-1.28168 -1.33334
-1.28097 -1.33334
-1.27841 -1.3365
-1.27656 -1.33347
-1.28152 -1.33391
-1.2795 -1.33648
-1.28045 -1.33356
-1.28017 -1.33503
-1.28328 -1.33093
-1.27879 -1.33332
-1.28061 -1.33258
-1.28057 -1.33266
-1.27989 -1.33331
-1.27984 -1.33113
-1.28066 -1.33257
-1.28155 -1.32957
-1.27885 -1.32921
-1.28032 -1.33325
-1.28077 -1.32785
-1.28057 -1.33033
-1.27887 -1.33476
-1.27794 -1.33198
-1.27962 -1.3315
-1.27915 -1.33242
-1.28082 -1.33035
-1.27919 -1.33045
-1.27814 -1.33204
-1.28192 -1.33181
-1.27756 -1.3328
-1.28216 -1.32817
-1.27867 -1.33383
-1.28046 -1.33098
-1.27672 -1.33147
-1.27875 -1.33284
-1.2783 -1.33266
-1.27715 -1.33209
-1.27738 -1.3364
-1.27746 -1.32942
-1.28034 -1.33192
-1.27865 -1.3329
-1.27946 -1.32982
-1.28025 -1.33312
-1.27707 -1.33256
-1.28177 -1.33116
-1.27686 -1.33133
-1.27768 -1.33445
-1.28042 -1.3325
-1.27521 -1.33139
-1.27983 -1.33126
-1.27956 -1.33329
-1.27831 -1.32989
-1.28002 -1.32811
-1.27865 -1.33277
-1.27852 -1.33263
-1.27859 -1.33098
-1.27964 -1.32867
-1.27968 -1.33295
-1.27587 -1.33031
-1.27984 -1.33112
-1.27557 -1.33077
-1.27803 -1.33095
-1.27688 -1.33434
-1.27818 -1.33092
-1.2777 -1.33231
-1.27809 -1.32932
-1.28023 -1.33102
-1.27607 -1.32998
-1.27871 -1.32947
-1.27729 -1.33033
-1.27896 -1.3324
-1.27552 -1.32882
-1.27707 -1.32976
-1.27486 -1.33194
-1.28144 -1.32938
-1.27721 -1.32711
-1.27829 -1.3337
-1.27777 -1.32789
-1.2768 -1.32938
-1.27952 -1.33013
-1.27992 -1.32703
-1.27542 -1.33425
-1.27934 -1.33022
-1.27716 -1.32918
-1.2778 -1.32888
-1.27724 -1.33022
-1.27558 -1.33011
-1.28022 -1.32954
-1.27655 -1.33113
-1.27856 -1.32792
-1.27591 -1.33096
-1.27701 -1.32975
-1.27917 -1.33002
-1.27743 -1.32886
-1.27717 -1.32994
-1.27674 -1.33222
-1.27767 -1.32862
-1.27766 -1.32809
-1.27405 -1.33171
-1.27753 -1.32971
-1.27617 -1.33083
-1.27767 -1.32824
-1.27648 -1.33124
-1.2771 -1.32934
-1.27914 -1.32897
-1.2773 -1.33137
-1.27778 -1.32854
-1.27907 -1.33058
-1.27685 -1.33069
-1.2791 -1.3318
-1.27672 -1.32951
-1.27902 -1.32634
-1.27834 -1.3323
-1.27755 -1.33045
-1.27948 -1.32483
-1.27711 -1.33126
-1.28141 -1.32875
-1.2766 -1.32932
-1.2785 -1.32815
-1.2796 -1.32691
-1.2773 -1.33021
-1.27946 -1.3255
-1.27885 -1.32814
-1.27599 -1.328
-1.2771 -1.32765
-1.27892 -1.32595
-1.27511 -1.33418
-1.2771 -1.32683
-1.27844 -1.32986
-1.27571 -1.32886
-1.27562 -1.32924
-1.27671 -1.32827
-1.27878 -1.32772
-1.27624 -1.32706
-1.27602 -1.32741
-1.28023 -1.3231
-1.27699 -1.33062
-1.27625 -1.32669
-1.27714 -1.32486
-1.27894 -1.32668
-1.27658 -1.3274
-1.27853 -1.32453
-1.27622 -1.32706
-1.28158 -1.32345
-1.27614 -1.32674
-1.27956 -1.32621
-1.27729 -1.32599
-1.27754 -1.32745
-1.28043 -1.32228
-1.27687 -1.32515
-1.27692 -1.32688
-1.27808 -1.32509
-1.27941 -1.32917
-1.27475 -1.32868
-1.27876 -1.32838
-1.27492 -1.32425
-1.27642 -1.32929
-1.2764 -1.32515
-1.27558 -1.32721
-1.2767 -1.32682
-1.27827 -1.32573
-1.27338 -1.32896
-1.27732 -1.32607
-1.27665 -1.32748
-1.27609 -1.32841
-1.27495 -1.32665
-1.27669 -1.32617
-1.27469 -1.3273
-1.27651 -1.32732
-1.27478 -1.32878
-1.27612 -1.32676
-1.27642 -1.32956
-1.27394 -1.32765
-1.27512 -1.3263
-1.27574 -1.32696
-1.2767 -1.32657
-1.27475 -1.32885
-1.27619 -1.32407
-1.27723 -1.32517
-1.27107 -1.33185
-1.2762 -1.32432
-1.27334 -1.32607
-1.27789 -1.3263
-1.27466 -1.32845
-1.27297 -1.32608
-1.2743 -1.32653
-1.27534 -1.32671
-1.27322 -1.32437
-1.27716 -1.32485
-1.27267 -1.33007
-1.27433 -1.32838
-1.27604 -1.32373
-1.27273 -1.32814
-1.27572 -1.32527
-1.27584 -1.32568
-1.27293 -1.32984
-1.27547 -1.32625
-1.27608 -1.32344
-1.27205 -1.32636
-1.27537 -1.32439
-1.27528 -1.3268
-1.27356 -1.32401
-1.27587 -1.32785
-1.27618 -1.32382
-1.27766 -1.32412
-1.27612 -1.32546
-1.27516 -1.32463
-1.27631 -1.32329
-1.27607 -1.32474
-1.27575 -1.32287
-1.27605 -1.32523
-1.27629 -1.32367
-1.27596 -1.32772
-1.27366 -1.32674
-1.27656 -1.32105
-1.27472 -1.32918
-1.27514 -1.3239
-1.27383 -1.32553
-1.27433 -1.32542
-1.27414 -1.32694
-1.27284 -1.32728
-1.27339 -1.32555
-1.2739 -1.32651
-1.27227 -1.32697
-1.27542 -1.32585
-1.27325 -1.32486
-1.27354 -1.32551
-1.27457 -1.32586
-1.27215 -1.32896
-1.27436 -1.32498
-1.27259 -1.3276
-1.27543 -1.32541
-1.27483 -1.3254
-1.27547 -1.32521
-1.27503 -1.32586
-1.27625 -1.32347
-1.27447 -1.32249
-1.27418 -1.32622
-1.27379 -1.32548
-1.27456 -1.32478
-1.27688 -1.32608
-1.27292 -1.32243
-1.27506 -1.32595
-1.27383 -1.32679
-1.27639 -1.32227
-1.27346 -1.3258
-1.27465 -1.32315
-1.27449 -1.32868
-1.27665 -1.32259
-1.27451 -1.32571
-1.2768 -1.32451
-1.27448 -1.32547
-1.27298 -1.32569
-1.27288 -1.325
-1.27708 -1.32443
-1.27247 -1.32347
-1.27277 -1.32509
-1.27678 -1.32513
-1.27049 -1.32299
-1.27426 -1.32623
-1.2744 -1.32547
-1.27428 -1.32398
-1.27288 -1.32445
-1.27266 -1.32388
-1.27406 -1.32367
-1.27267 -1.32328
-1.27233 -1.32679
-1.27652 -1.32255
-1.27136 -1.32366
-1.27606 -1.32521
-1.27193 -1.32333
-1.27641 -1.32251
-1.2717 -1.32327
-1.27413 -1.32296
-1.27403 -1.32597
-1.27481 -1.32438
-1.27271 -1.32151
-1.27211 -1.32455
-1.27438 -1.32332
-1.27333 -1.32111
-1.2717 -1.32258
-1.27338 -1.32636
-1.27555 -1.32315
-1.27252 -1.32052
-1.27376 -1.32394
-1.27424 -1.32574
-1.27228 -1.32518
-1.27445 -1.32654
-1.27043 -1.32209
-1.27712 -1.32243
-1.27157 -1.32633
-1.27375 -1.32355
-1.27374 -1.3222
-1.27346 -1.32506
-1.27335 -1.32671
-1.2735 -1.32159
-1.27286 -1.32356
-1.27569 -1.32067
-1.2711 -1.32411
-1.27432 -1.32061
-1.27272 -1.32466
-1.27198 -1.32514
-1.27339 -1.3191
-1.27025 -1.32503
-1.27059 -1.32198
-1.2737 -1.32233
-1.27005 -1.32389
-1.27339 -1.31932
-1.27337 -1.32209
-1.2718 -1.32139
-1.27444 -1.3203
-1.2711 -1.32154
-1.27334 -1.32403
-1.27014 -1.31975
-1.27385 -1.32154
-1.27222 -1.32137
-1.2719 -1.3197
-1.27137 -1.32338
-1.27252 -1.32094
-1.27239 -1.32401
-1.27452 -1.31764
-1.27216 -1.32068
-1.27349 -1.3211
-1.274 -1.31961
-1.27424 -1.31687
-1.27372 -1.31834
-1.2726 -1.31759
-1.27434 -1.3211
-1.27445 -1.31916
-1.27378 -1.32003
-1.27363 -1.31877
-1.27023 -1.32045
-1.27466 -1.31853
-1.27314 -1.32032
-1.27275 -1.32166
-1.27351 -1.3175
-1.27195 -1.3223
-1.27259 -1.31887
-1.27192 -1.31922
-1.27172 -1.32057
-1.27193 -1.31881
-1.27398 -1.3192
-1.27483 -1.31831
-1.27342 -1.32005
-1.27368 -1.31903
-1.2735 -1.31705
-1.27559 -1.31909
-1.27304 -1.31838
-1.27356 -1.31899
-1.27527 -1.31813
-1.27623 -1.31786
-1.27438 -1.32111
-1.27408 -1.31728
-1.27417 -1.31882
-1.27402 -1.32016
-1.27421 -1.32052
-1.27375 -1.31716
-1.27439 -1.32428
-1.27213 -1.31746
-1.27597 -1.31809
-1.27261 -1.32228
-1.2737 -1.31994
-1.27315 -1.31993
-1.27384 -1.32036
-1.27248 -1.31865
-1.27589 -1.31785
-1.27313 -1.32214
-1.27459 -1.31756
-1.27336 -1.32089
-1.27487 -1.3201
-1.27283 -1.32068
-1.27486 -1.31913
-1.27245 -1.3172
-1.27423 -1.3197
-1.27194 -1.32222
-1.27319 -1.31975
-1.27298 -1.31644
-1.27431 -1.31996
-1.27266 -1.32063
-1.27438 -1.31975
-1.27251 -1.3197
-1.27263 -1.31878
-1.27504 -1.32123
-1.27323 -1.31703
-1.2727 -1.31952
-1.27221 -1.32011
-1.27217 -1.31973
-1.27509 -1.31837
-1.27413 -1.31878
-1.27325 -1.31855
-1.27741 -1.3201
-1.27039 -1.31988
-1.27591 -1.31737
-1.27574 -1.31985
-1.27284 -1.32239
-1.27246 -1.3154
-1.27367 -1.31894
-1.27436 -1.32055
-1.27229 -1.31622
-1.27332 -1.32253
-1.27167 -1.31856
-1.27231 -1.31932
-1.27106 -1.32016
-1.27464 -1.31992
-1.27327 -1.31988
-1.27276 -1.317
-1.27459 -1.31855
-1.2779 -1.31632
-1.27236 -1.31521
-1.27348 -1.3207
-1.27251 -1.31767
-1.27603 -1.31545
-1.27321 -1.31924
-1.27263 -1.31654
-1.27458 -1.31868
-1.2739 -1.31753
-1.27525 -1.31921
-1.2711 -1.31951
-1.27231 -1.31709
-1.27496 -1.32002
-1.27213 -1.31914
-1.27253 -1.31763
-1.27307 -1.31909
-1.2753 -1.31546
-1.27438 -1.31937
-1.27448 -1.31392
-1.27282 -1.31789
-1.27402 -1.31838
-1.27607 -1.31387
-1.27347 -1.31533
-1.27297 -1.31779
-1.27437 -1.3143
-1.27363 -1.31846
-1.27488 -1.31487
-1.27508 -1.31463
-1.27527 -1.31659
-1.2732 -1.31733
-1.27372 -1.31457
-1.2728 -1.3161
-1.27566 -1.3151
-1.27287 -1.3156
-1.27253 -1.31576
-1.2754 -1.3157
-1.27337 -1.31919
-1.27402 -1.31334
-1.27673 -1.31567
-1.27092 -1.31763
-1.27488 -1.31309
-1.27144 -1.31525
-1.27435 -1.31475
-1.27194 -1.31687
-1.27328 -1.31666
-1.27552 -1.31592
-1.27095 -1.31645
-1.27522 -1.31411
-1.27431 -1.31406
-1.27267 -1.31773
-1.27261 -1.31475
-1.27346 -1.31629
-1.27607 -1.31318
-1.27084 -1.31772
-1.27608 -1.31589
-1.27618 -1.31383
-1.27339 -1.3146
-1.27375 -1.31562
-1.27317 -1.31705
-1.2734 -1.31528
-1.27476 -1.31497
-1.27205 -1.31801
-1.26991 -1.31924
-1.2757 -1.31126
-1.27227 -1.31859
-1.2728 -1.3179
-1.27364 -1.3172
-1.27302 -1.31637
-1.2744 -1.31539
-1.27125 -1.31864
-1.27073 -1.31712
-1.27417 -1.31361
-1.27133 -1.31796
-1.27079 -1.3202
-1.27319 -1.31373
-1.27126 -1.31781
-1.27291 -1.31662
-1.27334 -1.31707
-1.27058 -1.31674
-1.27291 -1.32042
-1.27295 -1.31604
-1.26997 -1.31928
-1.27417 -1.31549
-1.2688 -1.31825
-1.27052 -1.3188
-1.27441 -1.31503
-1.27097 -1.31531
-1.27528 -1.31577
-1.27074 -1.31728
-1.27356 -1.3157
-1.27256 -1.31884
-1.27207 -1.31484
-1.27337 -1.32023
-1.27194 -1.31611
-1.27402 -1.31706
-1.27306 -1.31646
-1.27109 -1.31974
-1.27478 -1.31656
-1.27191 -1.31598
-1.27411 -1.31724
-1.27366 -1.31654
-1.27101 -1.31769
-1.27619 -1.31634
-1.27364 -1.3152
-1.27343 -1.31798
-1.27211 -1.31624
-1.27348 -1.31673
-1.27115 -1.31853
-1.27317 -1.31524
-1.27368 -1.31723
-1.27356 -1.31494
-1.27065 -1.31783
-1.27392 -1.31247
-1.2716 -1.31835
-1.27195 -1.31535
-1.27308 -1.31541
-1.27174 -1.31756
-1.27273 -1.31577
-1.27238 -1.3186
-1.27083 -1.31606
-1.27452 -1.31302
-1.27062 -1.31635
-1.27408 -1.3135
-1.2734 -1.31397
-1.2714 -1.31432
-1.27479 -1.31323
-1.27053 -1.31581
-1.27286 -1.3148
-1.27353 -1.3116
-1.27292 -1.31583
-1.27428 -1.31562
-1.27312 -1.31279
-1.27247 -1.31717
-1.27488 -1.31083
-1.27198 -1.31548
-1.2735 -1.31456
-1.27084 -1.31446
-1.27254 -1.31656
-1.27323 -1.31197
-1.27012 -1.31647
-1.27333 -1.31346
-1.27099 -1.31389
-1.27452 -1.31521
-1.27227 -1.31499
-1.26963 -1.31369
-1.27463 -1.31476
-1.27084 -1.3148
-1.27128 -1.31565
-1.27168 -1.3164
-1.26885 -1.31458
-1.27084 -1.31742
-1.27167 -1.31119
-1.27071 -1.31479
-1.27091 -1.31616
-1.27148 -1.31602
-1.26943 -1.31402
-1.27283 -1.31547
-1.26803 -1.31652
-1.26865 -1.31556
-1.27157 -1.31587
-1.26928 -1.31705
-1.27082 -1.31355
-1.27115 -1.31419
-1.2705 -1.31565
-1.27252 -1.31491
-1.26676 -1.31643
-1.26994 -1.3171
-1.26754 -1.31369
-1.27001 -1.31947
-1.26791 -1.31436
-1.26604 -1.31722
-1.26937 -1.31645
-1.26667 -1.31779
-1.269 -1.3132
-1.27103 -1.31568
-1.26748 -1.31791
-1.26942 -1.31504
-1.27124 -1.31316
-1.26769 -1.31685
-1.26851 -1.31453
-1.26745 -1.31747
-1.269 -1.31357
-1.26841 -1.3163
-1.269 -1.31294
-1.26843 -1.31421
-1.26869 -1.31388
-1.27151 -1.31389
-1.26781 -1.31478
-1.26932 -1.31511
-1.26876 -1.31311
-1.27048 -1.31495
-1.2677 -1.31291
-1.27109 -1.31312
-1.26948 -1.31357
-1.27142 -1.31585
-1.26937 -1.3117
-1.27119 -1.31353
-1.26847 -1.31299
-1.26903 -1.31487
-1.27146 -1.31166
-1.27007 -1.31545
-1.26852 -1.31216
-1.27129 -1.31414
-1.26952 -1.31272
-1.27083 -1.31346
-1.27044 -1.31244
-1.268 -1.31612
-1.27285 -1.31202
-1.2702 -1.31413
-1.26964 -1.31169
-1.26935 -1.31194
-1.27246 -1.3126
-1.26909 -1.31299
-1.26884 -1.31138
-1.27166 -1.31327
-1.26915 -1.31079
-1.26921 -1.31262
-1.26902 -1.31361
-1.26983 -1.31411
-1.26766 -1.31016
-1.26989 -1.31363
-1.26648 -1.31192
-1.26819 -1.31156
-1.26817 -1.3126
-1.26812 -1.31184
-1.26678 -1.31217
-1.26824 -1.31291
-1.2685 -1.31323
-1.2666 -1.31191
-1.26761 -1.31318
-1.26599 -1.3146
-1.26762 -1.30936
-1.26794 -1.31486
-1.26773 -1.31496
-1.2677 -1.3117
-1.26843 -1.31641
-1.26827 -1.31069
-1.26893 -1.31097
-1.26866 -1.3138
-1.26853 -1.31284
-1.27092 -1.31339
-1.26868 -1.31264
-1.26783 -1.31363
-1.26725 -1.31467
-1.26883 -1.31365
-1.26667 -1.31248
-1.2685 -1.3142
-1.26955 -1.31119
-1.26527 -1.31445
-1.2694 -1.31365
-1.26822 -1.31263
-1.26763 -1.31236
-1.2698 -1.31264
-1.26706 -1.31425
-1.26821 -1.31214
-1.26875 -1.31498
-1.27013 -1.31079
-1.27046 -1.31044
-1.26683 -1.31418
-1.26802 -1.3137
-1.2684 -1.30835
-1.27021 -1.31293
-1.26611 -1.31197
-1.26979 -1.31187
-1.26862 -1.31178
-1.26748 -1.31055
-1.26863 -1.31382
-1.26792 -1.31216
-1.26724 -1.31317
-1.27015 -1.3105
-1.26587 -1.31173
-1.26885 -1.31458
-1.26596 -1.30715
-1.2708 -1.31232
-1.26679 -1.31386
-1.26494 -1.31107
-1.26651 -1.31297
-1.2662 -1.31019
-1.26674 -1.3127
-1.26795 -1.31295
-1.26678 -1.3122
-1.2668 -1.30867
-1.26627 -1.31186
-1.26737 -1.31277
-1.26562 -1.3116
-1.2669 -1.31117
-1.26605 -1.31077
-1.26598 -1.31093
-1.26802 -1.31437
-1.26644 -1.30832
-1.26345 -1.31438
-1.26882 -1.30838
-1.2662 -1.31407
-1.2666 -1.3131
-1.26411 -1.31171
-1.26723 -1.31151
-1.2663 -1.31465
-1.26647 -1.31201
-1.26667 -1.31269
-1.26846 -1.30885
-1.26607 -1.3132
-1.26751 -1.30949
-1.26721 -1.31186
-1.2657 -1.31456
-1.26921 -1.31099
-1.2659 -1.31171
-1.26895 -1.31281
-1.26639 -1.31193
-1.2671 -1.3128
-1.2653 -1.31086
-1.2673 -1.31121
-1.26555 -1.31166
-1.26641 -1.31132
-1.26623 -1.3126
-1.26337 -1.31443
-1.26846 -1.3119
-1.26595 -1.31357
-1.26592 -1.30985
-1.26704 -1.3116
-1.26932 -1.31241
-1.26609 -1.31286
-1.26698 -1.31209
-1.26647 -1.31091
-1.26749 -1.31202
-1.26417 -1.31537
-1.26794 -1.31081
-1.26614 -1.31071
-1.26492 -1.31395
-1.26645 -1.31218
-1.26737 -1.31187
-1.26406 -1.31472
-1.26786 -1.30779
-1.26639 -1.31363
-1.26866 -1.30872
-1.26471 -1.31095
-1.26668 -1.31063
-1.2667 -1.31009
-1.26499 -1.31478
-1.26605 -1.30985
-1.26423 -1.31396
-1.26741 -1.3115
-1.26415 -1.31189
-1.26427 -1.31358
-1.266 -1.30906
-1.26336 -1.31089
-1.26796 -1.31314
-1.26583 -1.30949
-1.2658 -1.31293
-1.26451 -1.31151
-1.26608 -1.31149
-1.26583 -1.31041
-1.26495 -1.31435
-1.267 -1.30901
-1.26322 -1.31258
-1.26675 -1.3133
-1.26638 -1.30981
-1.26447 -1.31049
-1.26634 -1.31232
-1.26771 -1.30958
-1.26473 -1.30868
-1.26481 -1.31232
-1.26587 -1.30917
-1.26438 -1.31213
-1.26529 -1.30999
-1.26665 -1.31312
-1.26272 -1.31082
-1.26451 -1.31147
-1.26401 -1.30992
-1.26597 -1.3094
-1.2655 -1.31219
-1.26422 -1.31035
-1.26431 -1.31386
-1.26497 -1.30868
-1.26586 -1.30962
-1.26619 -1.31116
-1.26065 -1.31257
-1.26685 -1.31241
-1.26433 -1.30872
-1.26449 -1.31053
-1.26422 -1.31084
-1.26356 -1.30917
-1.26559 -1.31071
-1.26501 -1.30652
-1.26544 -1.30875
-1.26578 -1.31043
-1.26135 -1.31265
-1.26791 -1.30667
-1.26402 -1.31006
-1.26638 -1.30886
-1.26559 -1.30882
-1.26498 -1.30893
-1.26564 -1.30408
-1.26502 -1.30908
-1.26694 -1.30816
-1.26755 -1.30657
-1.2646 -1.30909
-1.26681 -1.30816
-1.26661 -1.30707
-1.26615 -1.30676
-1.26731 -1.30911
-1.26453 -1.30792
-1.26796 -1.3063
-1.26832 -1.30876
-1.26683 -1.30884
-1.26714 -1.30623
-1.26917 -1.30454
-1.26605 -1.30734
-1.2681 -1.30484
-1.26671 -1.30913
-1.26379 -1.30799
-1.26858 -1.30405
-1.26267 -1.30832
-1.26695 -1.30698
-1.26464 -1.30777
-1.26276 -1.30843
-1.26436 -1.30792
-1.2634 -1.30867
-1.26517 -1.30855
-1.26436 -1.30935
-1.26468 -1.30756
-1.26587 -1.30707
-1.26537 -1.30715
-1.26373 -1.30789
-1.26577 -1.3069
-1.26344 -1.30938
-1.26513 -1.30602
-1.26242 -1.31118
-1.26509 -1.30482
-1.26408 -1.30877
-1.26468 -1.3064
-1.26291 -1.31034
-1.26451 -1.30521
-1.26362 -1.30637
-1.26596 -1.31009
-1.26427 -1.30661
-1.26558 -1.30505
-1.26371 -1.3057
-1.26875 -1.30537
-1.26266 -1.3039
-1.26741 -1.30771
-1.26669 -1.30259
-1.26163 -1.30874
-1.26754 -1.30245
-1.26036 -1.3078
-1.26614 -1.3071
-1.2635 -1.30593
-1.26155 -1.3043
-1.26589 -1.30807
-1.26207 -1.30901
-1.26338 -1.30257
-1.26355 -1.30791
-1.26508 -1.30495
-1.26288 -1.30854
-1.26541 -1.30566
-1.26575 -1.30254
-1.26549 -1.30669
-1.26401 -1.30581
-1.26381 -1.30391
-1.26439 -1.30544
-1.26256 -1.30731
-1.26479 -1.30556
-1.26324 -1.30541
-1.26385 -1.30561
-1.26525 -1.30523
-1.26072 -1.30606
-1.26671 -1.30524
-1.26396 -1.30432
-1.26304 -1.30661
-1.26503 -1.30288
-1.26403 -1.30681
-1.26222 -1.30633
-1.26549 -1.30308
-1.26337 -1.30634
-1.26627 -1.30354
-1.26444 -1.3053
-1.26499 -1.30508
-1.26476 -1.30414
-1.26368 -1.30469
-1.26471 -1.30411
-1.2635 -1.30468
-1.2638 -1.30447
-1.26495 -1.30541
-1.26417 -1.30286
-1.26328 -1.30518
-1.2613 -1.30523
-1.26559 -1.30515
-1.26561 -1.30235
-1.2627 -1.30664
-1.26244 -1.30275
-1.26456 -1.30455
-1.26087 -1.30502
-1.26536 -1.30384
-1.26549 -1.30155
-1.26247 -1.30533
-1.26502 -1.30401
-1.26304 -1.30445
-1.26651 -1.30278
-1.26271 -1.30519
-1.26415 -1.30127
-1.26521 -1.30425
-1.26275 -1.30401
-1.26281 -1.30381
-1.26348 -1.3033
-1.26382 -1.30339
-1.26231 -1.30509
-1.26524 -1.29801
-1.26495 -1.30103
-1.2626 -1.30322
-1.26557 -1.30305
-1.26305 -1.30178
-1.26487 -1.30253
-1.26306 -1.304
-1.26463 -1.30041
-1.26398 -1.30442
-1.26563 -1.30006
-1.26414 -1.3015
-1.26352 -1.30269
-1.26613 -1.29971
-1.26302 -1.3033
-1.26435 -1.29912
-1.26493 -1.30198
-1.26482 -1.29909
-1.26375 -1.30363
-1.26483 -1.29802
-1.26553 -1.30189
-1.26309 -1.3011
-1.26533 -1.30109
-1.26438 -1.29874
-1.26207 -1.30073
-1.26526 -1.30017
-1.26253 -1.30104
-1.26528 -1.30001
-1.26185 -1.30164
-1.2649 -1.29986
-1.26303 -1.30212
-1.26409 -1.30266
-1.26415 -1.30188
-1.26415 -1.29715
-1.26461 -1.3031
-1.26166 -1.30033
-1.26254 -1.3019
-1.26315 -1.30183
-1.26135 -1.3023
-1.26544 -1.30013
-1.26072 -1.30338
-1.26396 -1.30044
-1.25912 -1.30182
-1.26472 -1.29982
-1.26211 -1.30313
-1.26246 -1.29994
-1.26201 -1.29939
-1.26291 -1.30046
-1.2643 -1.30087
-1.26274 -1.30283
-1.26097 -1.30064
-1.26498 -1.30023
-1.26224 -1.29946
-1.26518 -1.29951
-1.26133 -1.30109
-1.26453 -1.29792
-1.26355 -1.30186
-1.26268 -1.29752
-1.26288 -1.30421
-1.26277 -1.29618
-1.26267 -1.30037
-1.26398 -1.29991
-1.2624 -1.29735
-1.26343 -1.30188
-1.26341 -1.29909
-1.26338 -1.29743
-1.26452 -1.30201
-1.26073 -1.29859
-1.26485 -1.29941
-1.26212 -1.29954
-1.26416 -1.29934
-1.26195 -1.29973
-1.26318 -1.297
-1.26354 -1.29879
-1.26272 -1.29653
-1.26179 -1.29972
-1.26269 -1.29827
-1.26346 -1.29745
-1.26101 -1.29925
-1.2648 -1.29782
-1.26403 -1.29947
-1.26421 -1.29493
-1.26247 -1.30362
-1.26532 -1.2958
-1.263 -1.29896
-1.26329 -1.29767
-1.26569 -1.29734
-1.26262 -1.29768
-1.265 -1.2983
-1.264 -1.29807
-1.26538 -1.29623
-1.26139 -1.29609
-1.26678 -1.29372
-1.26115 -1.29859
-1.26526 -1.29595
-1.26226 -1.29975
-1.26279 -1.29727
-1.26335 -1.29638
-1.26389 -1.29545
-1.2654 -1.29719
-1.26216 -1.30042
-1.26948 -1.29567
-1.26297 -1.29665
-1.26435 -1.2984
-1.26436 -1.29643
-1.2659 -1.29854
-1.262 -1.2989
-1.26308 -1.29627
-1.26447 -1.29809
-1.26347 -1.29816
-1.26337 -1.29831
-1.26171 -1.29942
-1.26444 -1.29629
-1.2657 -1.30149
-1.26248 -1.2991
-1.26441 -1.29728
-1.2634 -1.29675
-1.26082 -1.29957
-1.26434 -1.29998
-1.26385 -1.29978
-1.26251 -1.2984
-1.26323 -1.30158
-1.26267 -1.30216
-1.26296 -1.2982
-1.26091 -1.29917
-1.26205 -1.29791
-1.2626 -1.2995
-1.2629 -1.30015
-1.26437 -1.29446
-1.25945 -1.3027
-1.26509 -1.29709
-1.26048 -1.29913
-1.26268 -1.29694
-1.2631 -1.29792
-1.26192 -1.30071
-1.26386 -1.29577
-1.26248 -1.30185
-1.26261 -1.29763
-1.26263 -1.29706
-1.26048 -1.29936
-1.26257 -1.30021
-1.26276 -1.29708
-1.26264 -1.29729
-1.26027 -1.30161
-1.26215 -1.3003
-1.26102 -1.29726
-1.26136 -1.29948
-1.263 -1.29714
-1.26005 -1.29979
-1.25989 -1.29888
-1.2618 -1.2975
-1.25949 -1.29848
-1.26261 -1.29883
-1.26203 -1.29755
-1.2579 -1.29918
-1.2633 -1.29872
-1.26082 -1.29835
-1.2623 -1.29726
-1.25864 -1.29986
-1.26051 -1.29768
-1.25768 -1.30141
-1.25984 -1.29651
-1.26097 -1.29903
-1.26002 -1.29692
-1.25747 -1.30017
-1.26166 -1.29654
-1.26121 -1.29825
-1.26266 -1.29776
-1.25857 -1.30023
-1.26299 -1.29559
-1.26203 -1.29473
-1.26092 -1.29716
-1.26274 -1.29859
-1.25911 -1.29747
-1.26319 -1.29711
-1.26028 -1.29647
-1.26269 -1.2998
-1.25927 -1.29649
-1.26506 -1.29653
-1.25958 -1.29779
-1.26063 -1.29529
-1.26159 -1.29853
-1.26076 -1.29861
-1.26295 -1.29489
-1.26172 -1.29728
-1.25967 -1.29606
-1.26198 -1.2968
-1.26207 -1.29782
-1.26128 -1.2992
-1.25948 -1.2965
-1.26107 -1.29492
-1.26156 -1.29838
-1.26104 -1.29401
-1.26167 -1.29671
-1.2602 -1.2973
-1.26125 -1.29728
-1.25947 -1.29504
-1.26072 -1.29591
-1.25854 -1.2985
-1.26067 -1.29712
-1.26028 -1.2973
-1.25875 -1.2958
-1.25903 -1.29854
-1.26172 -1.29428
-1.2611 -1.2947
-1.26007 -1.29758
-1.25853 -1.29752
-1.25925 -1.29745
-1.26112 -1.29461
-1.25817 -1.29698
-1.2619 -1.2979
-1.25741 -1.2987
-1.25912 -1.29595
-1.25893 -1.29724
-1.26009 -1.29737
-1.26059 -1.29573
-1.25943 -1.29442
-1.25872 -1.29831
-1.25899 -1.29591
-1.25885 -1.29636
-1.25937 -1.29953
-1.25859 -1.29348
-1.25796 -1.29951
-1.2598 -1.2949
-1.25964 -1.29745
-1.25699 -1.2975
-1.25782 -1.29788
-1.25981 -1.29487
-1.25666 -1.29896
-1.25703 -1.29816
-1.25975 -1.29585
-1.25754 -1.30059
-1.25802 -1.29397
-1.25737 -1.29917
-1.25717 -1.29511
-1.25961 -1.29602
-1.2561 -1.29907
-1.25908 -1.29617
-1.25873 -1.29457
-1.25906 -1.29774
-1.2575 -1.29634
-1.25907 -1.29434
-1.2595 -1.29508
-1.25679 -1.29584
-1.25679 -1.29551
-1.26054 -1.29465
-1.25691 -1.29435
-1.25731 -1.29412
-1.25746 -1.29452
-1.25755 -1.29557
-1.25985 -1.2945
-1.25706 -1.29477
-1.26066 -1.29391
-1.25687 -1.29394
-1.25971 -1.29596
-1.25904 -1.29299
-1.25726 -1.29239
-1.2583 -1.29347
-1.25753 -1.2966
-1.25859 -1.29429
-1.25759 -1.29516
-1.25529 -1.29541
-1.25966 -1.29607
-1.26013 -1.29098
-1.25868 -1.29616
-1.2583 -1.29489
-1.25629 -1.29715
-1.26058 -1.29272
-1.25813 -1.29566
-1.25598 -1.2949
-1.26043 -1.29409
-1.25528 -1.29405
-1.25814 -1.29377
-1.25847 -1.29867
-1.2564 -1.29462
-1.25767 -1.29492
-1.25959 -1.29466
-1.25686 -1.29759
-1.25907 -1.29284
-1.25642 -1.29666
-1.25926 -1.29525
-1.25927 -1.29508
-1.25808 -1.29329
-1.25788 -1.29747
-1.26016 -1.2933
-1.25499 -1.29877
-1.26087 -1.2938
-1.25896 -1.29477
-1.25768 -1.29415
-1.25933 -1.29414
-1.25797 -1.29556
-1.25929 -1.29642
-1.25765 -1.29725
-1.25826 -1.2936
-1.25972 -1.2968
-1.25627 -1.29531
-1.26007 -1.29446
-1.25987 -1.29551
-1.25785 -1.29412
-1.25784 -1.29295
-1.25892 -1.29848
-1.25972 -1.28957
-1.25705 -1.29833
-1.26029 -1.29162
-1.26147 -1.29492
-1.25801 -1.29553
-1.25946 -1.29246
-1.25902 -1.29427
-1.2573 -1.29427
-1.26054 -1.29687
-1.25703 -1.29339
