0 0
-0.0526243 -0.0495478
-0.104227 -0.0980803
-0.154811 -0.145822
-0.204528 -0.193007
-0.252847 -0.238458
-0.300296 -0.28385
-0.346507 -0.327467
-0.391839 -0.370988
-0.43621 -0.413132
-0.479118 -0.454665
-0.521253 -0.494765
-0.562432 -0.534547
-0.602103 -0.573026
-0.640693 -0.610375
-0.678749 -0.648008
-0.715405 -0.682557
-0.749976 -0.717175
-0.78463 -0.751814
-0.817526 -0.783126
-0.847397 -0.817329
-0.878474 -0.844851
-0.90647 -0.874884
-0.934035 -0.90442
-0.960048 -0.932726
-0.984976 -0.956628
-1.00866 -0.982173
-1.02989 -1.00628
-1.05044 -1.02785
-1.07071 -1.05034
-1.09015 -1.0725
-1.08536 -1.06887
-1.0817 -1.06872
-1.08253 -1.06366
-1.07951 -1.06863
-1.08032 -1.06679
-1.08312 -1.06637
-1.08214 -1.07234
-1.08485 -1.06564
-1.08363 -1.07225
-1.08438 -1.06821
-1.08335 -1.07002
-1.0828 -1.06717
-1.08167 -1.06743
-1.08122 -1.06541
-1.08013 -1.06525
-1.07707 -1.06524
-1.07701 -1.0626
-1.07757 -1.06348
-1.07959 -1.06462
-1.08122 -1.06631
-1.08002 -1.06676
-1.08262 -1.06383
-1.07933 -1.06763
-1.07953 -1.06374
-1.07836 -1.06294
-1.07706 -1.06395
-1.07761 -1.06295
-1.07755 -1.06305
-1.0771 -1.06414
-1.07627 -1.06441
-1.07748 -1.06363
-1.07601 -1.06656
-1.07856 -1.06523
-1.07416 -1.06561
-1.07536 -1.06243
-1.07556 -1.06119
-1.0733 -1.06433
-1.07409 -1.06138
-1.07402 -1.06252
-1.0723 -1.06202
-1.07495 -1.05901
-1.07221 -1.0633
-1.07502 -1.06073
-1.07632 -1.06089
-1.07446 -1.06457
-1.07712 -1.06049
-1.07569 -1.06261
-1.07449 -1.06258
-1.07518 -1.0624
-1.07285 -1.0621
-1.07264 -1.06253
-1.0716 -1.06114
-1.06954 -1.06089
-1.07378 -1.05826
-1.06992 -1.06491
-1.07302 -1.06012
-1.07217 -1.05983
-1.07221 -1.06191
-1.07251 -1.05841
-1.07086 -1.05937
-1.06903 -1.05849
-1.06918 -1.05818
-1.06799 -1.06038
-1.06828 -1.05714
-1.06676 -1.05911
-1.06674 -1.06191
-1.06666 -1.05813
-1.06476 -1.06011
-1.06579 -1.05877
-1.06473 -1.05829
-1.06669 -1.05695
-1.06302 -1.05723
-1.0655 -1.05799
-1.06416 -1.05734
-1.06463 -1.05726
-1.06493 -1.05862
-1.06537 -1.05673
-1.0635 -1.0586
-1.06748 -1.0555
-1.06398 -1.05688
-1.06565 -1.05571
-1.06516 -1.05517
-1.06441 -1.05408
-1.06329 -1.0556
-1.0648 -1.05459
-1.06243 -1.05411
-1.06399 -1.05286
-1.06 -1.05718
-1.0654 -1.0514
-1.06104 -1.05598
-1.06456 -1.05262
-1.06227 -1.05597
-1.06304 -1.05321
-1.06175 -1.05403
-1.06075 -1.05631
-1.05974 -1.05548
-1.05988 -1.05355
-1.05911 -1.05419
-1.06002 -1.05606
-1.05967 -1.05455
-1.06112 -1.0548
-1.05685 -1.05385
-1.0582 -1.05066
-1.05471 -1.05532
-1.05675 -1.05148
-1.05488 -1.05424
-1.0571 -1.05032
-1.05405 -1.05736
-1.05708 -1.05152
-1.05489 -1.05361
-1.05815 -1.0501
-1.05356 -1.05572
-1.05808 -1.04729
-1.05305 -1.05543
-1.05706 -1.05097
-1.05354 -1.05371
-1.0544 -1.05158
-1.05356 -1.05343
-1.05281 -1.05149
-1.05341 -1.05128
-1.05119 -1.05344
-1.0527 -1.05276
-1.05217 -1.05347
-1.05133 -1.05221
-1.05342 -1.05208
-1.05348 -1.052
-1.05 -1.05409
-1.05293 -1.04759
-1.05041 -1.0505
-1.04965 -1.05155
-1.05174 -1.04852
-1.04982 -1.05123
-1.05005 -1.05196
-1.05394 -1.05039
-1.05125 -1.05037
-1.0517 -1.05111
-1.05039 -1.05152
-1.05165 -1.05071
-1.04936 -1.0505
-1.04962 -1.05149
-1.05072 -1.04795
-1.04747 -1.05222
-1.05036 -1.05047
-1.05214 -1.04983
-1.04831 -1.05062
-1.05061 -1.05096
-1.04767 -1.04963
-1.04918 -1.04884
-1.0485 -1.04912
-1.04875 -1.04877
-1.0478 -1.04974
-1.04806 -1.04659
-1.04883 -1.04836
-1.04769 -1.05002
-1.04912 -1.04725
-1.04845 -1.0486
-1.04897 -1.04921
-1.04887 -1.0485
-1.04885 -1.04675
-1.04699 -1.04784
-1.04814 -1.04738
-1.04956 -1.04574
-1.04852 -1.04728
-1.04872 -1.04811
-1.05086 -1.0444
-1.05083 -1.04599
-1.04963 -1.04586
-1.05181 -1.04529
-1.05246 -1.04306
-1.04983 -1.04448
-1.05094 -1.04545
-1.04863 -1.04511
-1.05105 -1.04331
-1.04732 -1.04649
-1.05218 -1.04182
-1.04846 -1.04564
-1.04834 -1.04567
-1.05015 -1.0427
-1.04781 -1.04498
-1.04687 -1.04405
-1.04843 -1.04363
-1.04691 -1.04276
-1.04818 -1.04408
-1.0482 -1.04442
-1.04832 -1.04423
-1.04932 -1.04209
-1.0463 -1.04502
-1.04952 -1.04526
-1.04906 -1.04261
-1.04873 -1.04312
-1.04758 -1.04329
-1.04828 -1.04251
-1.04841 -1.04302
-1.04717 -1.04483
-1.04839 -1.04018
-1.04758 -1.0461
-1.04965 -1.04168
-1.04753 -1.04314
-1.04809 -1.04348
-1.04891 -1.04232
-1.0488 -1.04343
-1.04836 -1.04493
-1.04683 -1.04398
-1.04718 -1.04297
-1.04586 -1.04438
-1.04681 -1.04149
-1.04525 -1.04339
-1.0482 -1.04059
-1.0449 -1.04282
-1.04761 -1.04221
-1.0455 -1.04445
-1.04723 -1.04035
-1.04647 -1.04284
-1.04739 -1.04179
-1.04728 -1.04177
-1.04489 -1.04422
-1.04681 -1.04076
-1.04516 -1.04272
-1.04418 -1.0426
-1.04705 -1.04017
-1.04525 -1.04181
-1.04552 -1.04118
-1.04589 -1.03916
-1.04384 -1.04248
-1.04424 -1.04107
-1.04255 -1.03894
-1.04284 -1.04144
-1.04506 -1.03756
-1.04258 -1.04137
-1.0473 -1.03901
-1.04546 -1.03919
-1.04489 -1.04216
-1.04736 -1.03931
-1.04478 -1.04095
-1.04375 -1.04053
-1.04472 -1.0406
-1.04528 -1.03929
-1.04387 -1.03974
-1.04357 -1.03931
-1.04403 -1.04145
-1.04626 -1.04117
-1.04525 -1.04031
-1.04555 -1.04014
-1.04494 -1.04072
-1.04488 -1.04006
-1.04576 -1.03783
-1.04184 -1.04106
-1.04308 -1.03914
-1.04186 -1.03743
-1.041 -1.03934
-1.04371 -1.03831
-1.04079 -1.042
-1.04254 -1.04033
-1.04333 -1.03887
-1.0422 -1.03854
-1.04282 -1.04112
-1.04261 -1.03916
-1.04325 -1.03868
-1.04081 -1.0393
-1.03991 -1.03884
-1.04112 -1.03721
-1.04097 -1.04003
-1.03904 -1.03894
-1.04042 -1.03813
-1.03971 -1.03859
-1.03832 -1.03765
-1.03902 -1.03646
-1.04027 -1.03669
-1.03816 -1.03832
-1.04049 -1.03689
-1.03738 -1.03927
-1.04026 -1.03714
-1.03654 -1.03979
-1.03849 -1.03805
-1.0376 -1.03836
-1.0385 -1.03838
-1.03876 -1.0378
-1.04036 -1.03464
-1.03896 -1.04024
-1.03856 -1.03854
-1.04153 -1.03478
-1.03764 -1.03935
-1.04111 -1.03559
-1.03988 -1.03654
-1.03712 -1.03702
-1.04118 -1.03417
-1.03773 -1.0395
-1.04193 -1.03515
-1.0384 -1.03625
-1.03914 -1.03848
-1.039 -1.03578
-1.03874 -1.03536
-1.03837 -1.03711
-1.03926 -1.03285
-1.03855 -1.03829
-1.03838 -1.03393
-1.03975 -1.03638
-1.03789 -1.0351
-1.04028 -1.03644
-1.03839 -1.03484
-1.03793 -1.03748
-1.04051 -1.03338
-1.03737 -1.03724
-1.03909 -1.03424
-1.03917 -1.03483
-1.03669 -1.03674
-1.03806 -1.03477
-1.03643 -1.03654
-1.03942 -1.03627
-1.03684 -1.03796
-1.03801 -1.03408
-1.03662 -1.03467
-1.03515 -1.03689
-1.03661 -1.03302
-1.03649 -1.03486
-1.0363 -1.03725
-1.03777 -1.03221
-1.03781 -1.03484
-1.036 -1.03532
-1.03675 -1.03248
-1.03507 -1.03474
-1.0363 -1.03502
-1.03698 -1.03232
-1.03649 -1.03362
-1.03655 -1.0337
-1.03742 -1.03319
-1.03685 -1.03231
-1.03616 -1.03307
-1.03676 -1.0345
-1.03543 -1.03226
-1.03576 -1.0322
-1.03354 -1.03523
-1.03596 -1.02866
-1.03444 -1.03286
-1.03514 -1.03378
-1.03507 -1.03143
-1.03455 -1.03116
-1.03265 -1.0347
-1.03532 -1.03319
-1.03313 -1.03237
-1.03399 -1.03311
-1.0323 -1.03198
-1.03137 -1.03338
-1.03303 -1.0315
-1.03263 -1.03049
-1.032 -1.033
-1.0309 -1.03429
-1.0321 -1.03156
-1.03105 -1.03139
-1.03176 -1.03344
-1.0316 -1.03123
-1.03059 -1.03201
-1.02994 -1.03001
-1.03077 -1.02946
-1.03044 -1.03047
-1.02998 -1.03086
-1.02988 -1.0288
-1.02762 -1.03239
-1.03065 -1.0298
-1.02811 -1.03149
-1.02872 -1.03332
-1.02814 -1.03149
-1.02827 -1.03076
-1.02587 -1.03259
-1.026 -1.03005
-1.02491 -1.03013
-1.02623 -1.02931
-1.02506 -1.02953
-1.02486 -1.03098
-1.0269 -1.02837
-1.02392 -1.03157
-1.02431 -1.02875
-1.0246 -1.02892
-1.02228 -1.03076
-1.02279 -1.02785
-1.0229 -1.02973
-1.02198 -1.03167
-1.02394 -1.02759
-1.02054 -1.03168
-1.02501 -1.02803
-1.02026 -1.03265
-1.02478 -1.02655
-1.02009 -1.02964
-1.02437 -1.02736
-1.02284 -1.02624
-1.02204 -1.03051
-1.0242 -1.02562
-1.02227 -1.02772
-1.02071 -1.02902
-1.02199 -1.02727
-1.02131 -1.02853
-1.02173 -1.02717
-1.02105 -1.02912
-1.02375 -1.0269
-1.02264 -1.02833
-1.02156 -1.02902
-1.02297 -1.02481
-1.02015 -1.02899
-1.02035 -1.02634
-1.02199 -1.02527
-1.01934 -1.03184
-1.02078 -1.02349
-1.02034 -1.02885
-1.01955 -1.02609
-1.02068 -1.02671
-1.01894 -1.02636
-1.02073 -1.02602
-1.01881 -1.02641
-1.01993 -1.02582
-1.0188 -1.02757
-1.01793 -1.02641
-1.01828 -1.02601
-1.01834 -1.02403
-1.01748 -1.0262
-1.0181 -1.02486
-1.01643 -1.02564
-1.01917 -1.02423
-1.01836 -1.02754
-1.01707 -1.02426
-1.01721 -1.02555
-1.01641 -1.02536
-1.0145 -1.02974
-1.01648 -1.02274
-1.01212 -1.02787
-1.01429 -1.02493
-1.01322 -1.02407
-1.01254 -1.02582
-1.01303 -1.02414
-1.0156 -1.02402
-1.01276 -1.02696
-1.01551 -1.02382
-1.01298 -1.02365
-1.01285 -1.02483
-1.01241 -1.02362
-1.01227 -1.02434
-1.01117 -1.02416
-1.01102 -1.02408
-1.0118 -1.02211
-1.0108 -1.02468
-1.01006 -1.02248
-1.01044 -1.02445
-1.0107 -1.02466
-1.01031 -1.02412
-1.01019 -1.02376
-1.00752 -1.0251
-1.00755 -1.02335
-1.00758 -1.02207
-1.00666 -1.02506
-1.00718 -1.02248
-1.00705 -1.02273
-1.00689 -1.0229
-1.00626 -1.02264
-1.0065 -1.0228
-1.00506 -1.02175
-1.0043 -1.01989
-1.00572 -1.02057
-1.00425 -1.02074
-1.00388 -1.0231
-1.00417 -1.01974
-1.00441 -1.02058
-1.00403 -1.02054
-1.00451 -1.01923
-1.00434 -1.02173
-1.00333 -1.02287
-1.00529 -1.01938
-1.00433 -1.02219
-1.00491 -1.02021
-1.00195 -1.02185
-1.00325 -1.02103
-1.00279 -1.02082
-1.00078 -1.02406
-1.00202 -1.01999
-1.00186 -1.02261
-1.00265 -1.02311
-1.00107 -1.02248
-1.00315 -1.02135
-1.00372 -1.0204
-1.00196 -1.02304
-1.00214 -1.01884
-1.00281 -1.02211
-1.00208 -1.02134
-1.0012 -1.02105
-1.00186 -1.02216
-1.00055 -1.02113
-1.00321 -1.02003
-0.999939 -1.02198
-0.999904 -1.02066
-1.002 -1.02112
-0.998754 -1.02023
-1.00085 -1.01765
-0.997826 -1.02084
-0.998849 -1.01798
-0.997609 -1.01915
-0.995589 -1.02016
-0.998308 -1.01607
-0.995344 -1.01874
-0.996401 -1.01648
-0.995604 -1.01719
-0.994911 -1.01676
-0.995691 -1.02102
-0.994555 -1.01703
-0.994759 -1.01676
-0.986289 -1.00976
-0.928451 -0.90765
-0.93483 -0.92189
-0.9331 -0.919347
-0.931677 -0.921339
-0.932559 -0.920672
-0.932399 -0.919744
-0.9315 -0.919353
-0.93182 -0.920384
-0.931074 -0.919897
-0.93145 -0.920425
-0.931833 -0.920209
-0.932152 -0.918966
-0.931344 -0.920241
-0.931387 -0.920412
-0.930254 -0.919523
-0.929431 -0.917985
-0.929698 -0.918686
-0.929791 -0.917333
-0.929129 -0.919147
-0.931392 -0.91899
-0.929575 -0.918721
-0.931102 -0.920625
-0.929699 -0.918031
-0.93054 -0.918803
-0.930118 -0.918139
-0.930794 -0.919442
-0.930092 -0.917639
-0.929515 -0.919419
-0.930654 -0.919436
-0.929041 -0.919322
-0.930237 -0.917678
-0.930121 -0.92029
-0.928827 -0.92011
-0.931109 -0.920771
-0.930287 -0.918684
-0.929732 -0.92074
-0.929026 -0.917306
-0.929021 -0.919754
-0.930042 -0.919584
-0.930516 -0.919436
-0.929407 -0.920306
-0.930478 -0.919617
-0.928953 -0.917824
-0.929603 -0.920248
-0.928529 -0.918472
-0.927213 -0.919499
-0.928482 -0.918533
-0.929764 -0.918409
-0.9271 -0.92061
-0.930024 -0.920253
-0.929237 -0.921901
-0.926023 -0.921117
-0.92721 -0.921676
-0.926486 -0.919479
-0.925632 -0.921634
-0.927459 -0.92139
-0.925877 -0.919445
-0.924302 -0.921404
-0.926316 -0.920142
-0.923776 -0.91986
-0.924021 -0.91864
-0.923944 -0.918958
-0.923853 -0.919258
-0.92217 -0.919895
-0.924204 -0.917553
-0.923967 -0.917588
-0.92654 -0.918896
-0.924062 -0.919442
-0.924636 -0.919904
-0.92565 -0.918052
-0.923827 -0.919192
-0.926141 -0.919841
-0.924094 -0.920541
-0.92597 -0.919301
-0.924907 -0.920121
-0.925202 -0.919166
-0.925068 -0.919846
-0.926133 -0.920099
-0.924953 -0.919411
-0.923525 -0.921331
-0.925293 -0.920525
-0.924966 -0.918487
-0.924132 -0.921922
-0.92225 -0.921164
-0.925093 -0.917876
-0.922675 -0.921912
-0.922887 -0.920469
-0.922227 -0.919888
-0.921501 -0.919071
-0.921927 -0.920822
-0.920727 -0.91847
-0.919708 -0.920294
-0.919343 -0.920734
-0.918263 -0.918228
-0.918262 -0.921978
-0.918696 -0.915986
-0.917885 -0.920167
-0.916717 -0.919022
-0.91709 -0.916763
-0.91653 -0.917133
-0.915925 -0.918735
-0.915995 -0.91815
-0.91633 -0.914267
-0.914358 -0.919204
-0.914092 -0.918242
-0.915628 -0.914473
-0.912007 -0.915926
-0.912513 -0.916688
-0.911988 -0.915053
-0.911475 -0.915028
-0.912298 -0.914854
-0.910421 -0.916515
-0.911733 -0.915049
-0.909852 -0.91651
-0.912356 -0.914737
-0.90894 -0.916024
-0.912117 -0.914103
-0.909657 -0.917452
-0.909783 -0.913681
-0.908184 -0.91604
-0.909287 -0.913217
-0.905881 -0.913941
-0.907493 -0.912502
-0.905992 -0.912024
-0.90635 -0.911197
-0.906051 -0.911386
-0.905413 -0.913812
-0.903955 -0.912159
-0.904613 -0.911867
-0.903987 -0.910872
-0.900545 -0.915959
-0.903745 -0.91044
-0.902244 -0.911563
-0.901176 -0.913593
-0.902048 -0.909481
-0.900519 -0.911213
-0.898787 -0.91037
-0.900864 -0.907614
-0.897564 -0.909545
-0.899032 -0.908992
-0.896286 -0.908079
-0.896509 -0.908327
-0.895503 -0.909347
-0.893493 -0.910616
-0.893985 -0.908542
-0.89394 -0.907464
-0.892838 -0.907141
-0.893874 -0.910627
-0.891903 -0.905874
-0.893667 -0.905839
-0.890214 -0.906547
-0.891685 -0.907685
-0.891691 -0.905552
-0.891433 -0.905925
-0.889638 -0.905311
-0.889977 -0.90537
-0.889441 -0.904497
-0.886101 -0.905755
-0.888254 -0.906411
-0.886625 -0.903641
-0.887624 -0.905515
-0.885845 -0.90445
-0.885877 -0.904563
-0.885634 -0.905106
-0.884507 -0.902006
-0.885024 -0.90671
-0.882354 -0.903443
-0.884177 -0.906391
-0.883479 -0.903955
-0.880799 -0.902808
-0.881608 -0.904102
-0.880346 -0.903165
-0.880601 -0.901774
-0.8807 -0.90165
-0.878997 -0.901676
-0.880212 -0.902614
-0.87868 -0.904155
-0.879635 -0.90005
-0.87384 -0.898289
-0.829721 -0.825621
-0.834279 -0.826015
-0.832323 -0.829491
-0.830965 -0.826296
-0.83042 -0.826562
-0.831075 -0.826462
-0.829974 -0.826633
-0.830977 -0.82512
-0.830429 -0.828888
-0.830805 -0.827772
-0.832496 -0.829353
-0.832019 -0.829161
-0.831374 -0.829162
-0.833309 -0.828333
-0.832258 -0.829714
-0.832553 -0.82914
-0.833432 -0.829941
-0.833512 -0.828608
-0.833036 -0.82874
-0.832633 -0.829728
-0.832407 -0.828651
-0.832644 -0.830018
-0.833835 -0.828059
-0.83086 -0.829854
-0.832097 -0.828133
-0.831199 -0.829377
-0.831506 -0.827241
-0.831444 -0.828952
-0.83069 -0.829731
-0.829876 -0.827566
-0.831991 -0.829086
-0.83018 -0.828632
-0.830791 -0.826927
-0.830618 -0.830999
-0.83058 -0.827956
-0.830954 -0.827355
-0.830566 -0.82945
-0.828943 -0.827661
-0.829384 -0.829334
-0.830356 -0.826486
-0.828927 -0.828279
-0.828388 -0.828873
-0.829597 -0.827386
-0.828765 -0.826914
-0.828753 -0.826314
-0.827853 -0.829077
-0.828607 -0.827275
-0.828154 -0.828859
-0.827994 -0.826907
-0.828282 -0.828363
-0.827516 -0.830113
-0.828045 -0.825643
-0.828908 -0.828692
-0.828716 -0.828284
-0.827964 -0.827807
-0.828451 -0.828159
-0.827265 -0.827178
-0.828596 -0.827789
-0.829287 -0.828058
-0.829307 -0.829197
-0.82885 -0.826884
-0.828824 -0.828936
-0.829171 -0.828352
-0.827598 -0.828589
-0.828821 -0.827836
-0.827878 -0.828055
-0.827958 -0.828268
-0.827476 -0.826897
-0.826879 -0.830253
-0.828006 -0.826113
-0.827401 -0.826102
-0.82521 -0.827988
-0.825783 -0.82728
-0.826289 -0.826236
-0.826071 -0.825785
-0.825228 -0.825873
-0.824758 -0.827442
-0.824701 -0.827364
-0.825654 -0.825514
-0.824314 -0.827646
-0.825565 -0.826628
-0.82678 -0.826245
-0.82445 -0.827823
-0.825186 -0.826766
-0.82524 -0.825839
-0.825509 -0.826255
-0.824996 -0.826174
-0.825964 -0.826737
-0.825131 -0.826754
-0.824189 -0.82683
-0.826444 -0.824251
-0.824492 -0.826354
-0.825499 -0.82601
-0.824161 -0.826146
-0.82519 -0.824214
-0.823518 -0.826553
-0.82491 -0.822738
-0.822245 -0.827139
-0.823168 -0.823942
-0.824363 -0.823894
-0.82332 -0.826323
-0.822981 -0.823099
-0.822635 -0.825021
-0.823863 -0.825964
-0.822872 -0.82297
-0.822865 -0.826354
-0.822877 -0.824055
-0.822029 -0.826186
-0.823694 -0.82382
-0.821734 -0.825563
-0.823975 -0.824584
-0.822539 -0.824124
-0.823933 -0.825065
-0.823425 -0.825546
-0.823042 -0.824042
-0.824574 -0.825038
-0.823019 -0.824228
-0.823182 -0.825549
-0.823499 -0.824932
-0.823373 -0.824781
-0.82287 -0.82394
-0.823414 -0.826183
-0.823501 -0.824195
-0.822619 -0.826382
-0.82377 -0.824043
-0.822821 -0.824914
-0.822545 -0.825032
-0.824211 -0.824759
-0.823057 -0.825955
-0.822961 -0.825595
-0.821873 -0.824839
-0.823805 -0.824285
-0.821745 -0.825579
-0.82354 -0.825781
-0.822283 -0.824998
-0.822573 -0.824327
-0.821037 -0.825733
-0.822115 -0.82319
-0.821359 -0.824409
-0.81926 -0.825118
-0.821025 -0.822192
-0.820206 -0.824811
-0.81929 -0.82411
-0.819857 -0.822875
-0.818657 -0.82421
-0.819551 -0.823184
-0.81888 -0.823194
-0.817892 -0.824253
-0.817177 -0.82342
-0.817497 -0.822514
-0.816619 -0.823109
-0.815693 -0.823179
-0.81659 -0.822273
-0.815968 -0.823926
-0.814838 -0.822654
-0.815764 -0.823917
-0.813884 -0.821969
-0.815334 -0.823119
-0.813921 -0.822907
-0.812884 -0.823484
-0.814526 -0.820366
-0.811 -0.824313
-0.812998 -0.821389
-0.812719 -0.822219
-0.813641 -0.820357
-0.812115 -0.823245
-0.812872 -0.822287
-0.811423 -0.823964
-0.812927 -0.81994
-0.811758 -0.822226
-0.811067 -0.822225
-0.811406 -0.822508
-0.811222 -0.821136
-0.812328 -0.820059
-0.811016 -0.822475
-0.810665 -0.820814
-0.813103 -0.820668
-0.811372 -0.822208
-0.813508 -0.82267
-0.813677 -0.819223
-0.812295 -0.823715
-0.813771 -0.821467
-0.812722 -0.82083
-0.813165 -0.821934
-0.813268 -0.819603
-0.812143 -0.822922
-0.811306 -0.822876
-0.812057 -0.819666
-0.811407 -0.820193
-0.81184 -0.8217
-0.811437 -0.820257
-0.811063 -0.82035
-0.810792 -0.821877
-0.811069 -0.819866
-0.811506 -0.820948
-0.811835 -0.820843
-0.81073 -0.822043
-0.811527 -0.820567
-0.810664 -0.820265
-0.811362 -0.823196
-0.810538 -0.819228
-0.810577 -0.82044
-0.809625 -0.821976
-0.810016 -0.820657
-0.810744 -0.821315
-0.80993 -0.820282
-0.810239 -0.821212
-0.810206 -0.820199
-0.809993 -0.820275
-0.81103 -0.820732
-0.811223 -0.82172
-0.810719 -0.821325
-0.811247 -0.819886
-0.81141 -0.820397
-0.810739 -0.822854
-0.811866 -0.819816
-0.811623 -0.821198
-0.811227 -0.820563
-0.811106 -0.821962
-0.811128 -0.820438
-0.812345 -0.819421
-0.810252 -0.822471
-0.811961 -0.820314
-0.811018 -0.821788
-0.812215 -0.819681
-0.811291 -0.822009
-0.811721 -0.820678
-0.81215 -0.821656
-0.81174 -0.821958
-0.811024 -0.81957
-0.811779 -0.820322
-0.80916 -0.821221
-0.810113 -0.819345
-0.810142 -0.821192
-0.810104 -0.818847
-0.809428 -0.820237
-0.809044 -0.820344
-0.809525 -0.81826
-0.809273 -0.820081
-0.808638 -0.819993
-0.807964 -0.819363
-0.808319 -0.818582
-0.807146 -0.820241
-0.809008 -0.818101
-0.807607 -0.820771
-0.80797 -0.817602
-0.806913 -0.820002
-0.806434 -0.818859
-0.80785 -0.816362
-0.80472 -0.819832
-0.806496 -0.818059
-0.807106 -0.81814
-0.805857 -0.818016
-0.805427 -0.820169
-0.806656 -0.816956
-0.805526 -0.818425
-0.806856 -0.820627
-0.80524 -0.816832
-0.806053 -0.821143
-0.805198 -0.817254
-0.805914 -0.820027
-0.804845 -0.819673
-0.805232 -0.816483
-0.805559 -0.820993
-0.805545 -0.819056
-0.805519 -0.817869
-0.80641 -0.818849
-0.805313 -0.818799
-0.806618 -0.819508
-0.806564 -0.818558
-0.80707 -0.818899
-0.806248 -0.818738
-0.806218 -0.818996
-0.806475 -0.818426
-0.80553 -0.818207
-0.80539 -0.818706
-0.805249 -0.818118
-0.806467 -0.817923
-0.804526 -0.820513
-0.804302 -0.817443
-0.807017 -0.819715
-0.805356 -0.818615
-0.805131 -0.819916
-0.804877 -0.817793
-0.804716 -0.819746
-0.806004 -0.816668
-0.804174 -0.81848
-0.805549 -0.817465
-0.804475 -0.817647
-0.804749 -0.818918
-0.80387 -0.81586
-0.804007 -0.818056
-0.805018 -0.816965
-0.805357 -0.8174
-0.804485 -0.819536
-0.805779 -0.818186
-0.805937 -0.817789
-0.805828 -0.818991
-0.80549 -0.818326
-0.805679 -0.818865
-0.806427 -0.819026
-0.805478 -0.817527
-0.805191 -0.819352
-0.805849 -0.817566
-0.805498 -0.817581
-0.806293 -0.819589
-0.805118 -0.817665
-0.807197 -0.817609
-0.806041 -0.820021
-0.806587 -0.816685
-0.808152 -0.820112
-0.806477 -0.819758
-0.808389 -0.818552
-0.808271 -0.820667
-0.806733 -0.818569
-0.807876 -0.818157
-0.807215 -0.819202
-0.807451 -0.817426
-0.80595 -0.81909
-0.808056 -0.818353
-0.806796 -0.818812
-0.806484 -0.817417
-0.806528 -0.818136
-0.806864 -0.817966
-0.806483 -0.817181
-0.805718 -0.818151
-0.806554 -0.817095
-0.806065 -0.818308
-0.806924 -0.818585
-0.806444 -0.817407
-0.806726 -0.817793
-0.806164 -0.819286
-0.806515 -0.81713
-0.807262 -0.817281
-0.805567 -0.818174
-0.806559 -0.817208
-0.806974 -0.81739
-0.805212 -0.819301
-0.806125 -0.817811
-0.806083 -0.818782
-0.807206 -0.816774
-0.805226 -0.81916
-0.805817 -0.818239
-0.806823 -0.817695
-0.80524 -0.817164
-0.80566 -0.818976
-0.80457 -0.817523
-0.8061 -0.81654
-0.803844 -0.816889
-0.805836 -0.817011
-0.8046 -0.818043
-0.805496 -0.817989
-0.805603 -0.816097
-0.804237 -0.816161
-0.804268 -0.817366
-0.806364 -0.816662
-0.803487 -0.817134
-0.804449 -0.816587
-0.805599 -0.818576
-0.80613 -0.816343
-0.803982 -0.817251
-0.806002 -0.817182
-0.80354 -0.815621
-0.805676 -0.81705
-0.804735 -0.816421
-0.803908 -0.817289
-0.804889 -0.815585
-0.80452 -0.817581
-0.803419 -0.817152
-0.805816 -0.815579
-0.805054 -0.818168
-0.805225 -0.816285
-0.803386 -0.818406
-0.805757 -0.817072
-0.804851 -0.815743
-0.804114 -0.816779
-0.804083 -0.816844
-0.804515 -0.818661
-0.805422 -0.813826
-0.80365 -0.817218
-0.803312 -0.817468
-0.804325 -0.8168
-0.80441 -0.816044
-0.805076 -0.814675
-0.802519 -0.818308
-0.804328 -0.814618
-0.802471 -0.818339
-0.805137 -0.81437
-0.802829 -0.817336
-0.803612 -0.815551
-0.803372 -0.816021
-0.804324 -0.817252
-0.804038 -0.816566
-0.804786 -0.816514
-0.803912 -0.817459
-0.805865 -0.814754
-0.804614 -0.818477
-0.806112 -0.814018
-0.803666 -0.816309
-0.804769 -0.815351
-0.804182 -0.816802
-0.804224 -0.814257
-0.803965 -0.816372
-0.803895 -0.814916
-0.804066 -0.815495
-0.803694 -0.816595
-0.803025 -0.814659
-0.805086 -0.814272
-0.801363 -0.816084
-0.805244 -0.814715
-0.803437 -0.815711
-0.80408 -0.813565
-0.804335 -0.818087
-0.803794 -0.813254
-0.804359 -0.816295
-0.805279 -0.814621
-0.803832 -0.816126
-0.803568 -0.813887
-0.80385 -0.817146
-0.803793 -0.814273
-0.804029 -0.814157
-0.803351 -0.817479
-0.804135 -0.814714
-0.804109 -0.816212
-0.804252 -0.816656
-0.804435 -0.814306
-0.805151 -0.816573
-0.805365 -0.815511
-0.804248 -0.817848
-0.80457 -0.814116
-0.803704 -0.816093
-0.804015 -0.815806
-0.803198 -0.813838
-0.803572 -0.814656
-0.803799 -0.816419
-0.803993 -0.814246
-0.803899 -0.817409
-0.805881 -0.814185
-0.805198 -0.814538
-0.804748 -0.817081
-0.804844 -0.813929
-0.804975 -0.815526
-0.804578 -0.816533
-0.803623 -0.814496
-0.804335 -0.81423
-0.804503 -0.815776
-0.803427 -0.815961
-0.804392 -0.814723
-0.80382 -0.815331
-0.803862 -0.814298
-0.803578 -0.815373
-0.804427 -0.815304
-0.803937 -0.813796
-0.803707 -0.816855
-0.802702 -0.816274
-0.802269 -0.814631
-0.802956 -0.813592
-0.803871 -0.816269
-0.80165 -0.814283
-0.803506 -0.815845
-0.802552 -0.815924
-0.803605 -0.812666
-0.802644 -0.816204
-0.804765 -0.813836
-0.802975 -0.816118
-0.80372 -0.816086
-0.804979 -0.81438
-0.803986 -0.814474
-0.803385 -0.81587
-0.80503 -0.814072
-0.803799 -0.816534
-0.805608 -0.814907
-0.804099 -0.814547
-0.804413 -0.815941
-0.802977 -0.814865
-0.804248 -0.81579
-0.802131 -0.814072
-0.803624 -0.814132
-0.803473 -0.815089
-0.803044 -0.81517
-0.80348 -0.815197
-0.804761 -0.814112
-0.802646 -0.81532
-0.80365 -0.814954
-0.804674 -0.815152
-0.803559 -0.814465
-0.804116 -0.814577
-0.80379 -0.815922
-0.804564 -0.813887
-0.803392 -0.817039
-0.803901 -0.814295
-0.803139 -0.816252
-0.803302 -0.815231
-0.802884 -0.815817
-0.803403 -0.81527
-0.804868 -0.814812
-0.803962 -0.816053
-0.803253 -0.816985
-0.80388 -0.815296
-0.805285 -0.814609
-0.804091 -0.816477
-0.804253 -0.814851
-0.803523 -0.815707
-0.804628 -0.813909
-0.801743 -0.81541
-0.803795 -0.815715
-0.802687 -0.812982
-0.802458 -0.815273
-0.801905 -0.815731
-0.801409 -0.813267
-0.801845 -0.815225
-0.8028 -0.814068
-0.803091 -0.813863
-0.802656 -0.814014
-0.803006 -0.815407
-0.804663 -0.812466
-0.80313 -0.81453
-0.80373 -0.814677
-0.803773 -0.813811
-0.803246 -0.814733
-0.804455 -0.814901
-0.802835 -0.813931
-0.802831 -0.815251
-0.802824 -0.81429
-0.803099 -0.814042
-0.802902 -0.813588
-0.802649 -0.814564
-0.802839 -0.814457
-0.802886 -0.815185
-0.803492 -0.81298
-0.803041 -0.815254
-0.801453 -0.81445
-0.802886 -0.814432
-0.803545 -0.814473
-0.803188 -0.813652
-0.803164 -0.816979
-0.803216 -0.815205
-0.803513 -0.81471
-0.804888 -0.815239
-0.802931 -0.815331
-0.804009 -0.815388
-0.803217 -0.817364
-0.805481 -0.814018
-0.80352 -0.815466
-0.803707 -0.816244
-0.804033 -0.814925
-0.80282 -0.81619
-0.803442 -0.813981
-0.802415 -0.81537
-0.801885 -0.815269
-0.803621 -0.815371
-0.801838 -0.815434
-0.801169 -0.814028
-0.801579 -0.81562
-0.801585 -0.815591
-0.801909 -0.816096
-0.801742 -0.814665
-0.802584 -0.815163
-0.801585 -0.814841
-0.803046 -0.815334
-0.80335 -0.81583
-0.80232 -0.815165
-0.802377 -0.814246
-0.801736 -0.814002
-0.801124 -0.814257
-0.80068 -0.815607
-0.801494 -0.812338
-0.800441 -0.815259
-0.800796 -0.813855
-0.79993 -0.814768
-0.801741 -0.813582
-0.800768 -0.815246
-0.800719 -0.813881
-0.800843 -0.81425
-0.800861 -0.813934
-0.800921 -0.813439
-0.800399 -0.814003
-0.801846 -0.813615
-0.800794 -0.813705
-0.800933 -0.814635
-0.80147 -0.812996
-0.800636 -0.813778
-0.800957 -0.813797
-0.80096 -0.813975
-0.800772 -0.814421
-0.801252 -0.813483
-0.800401 -0.813771
-0.801817 -0.814534
-0.802539 -0.813701
-0.801942 -0.815373
-0.801814 -0.814137
-0.804076 -0.813457
-0.800773 -0.816243
-0.803258 -0.812796
-0.802334 -0.8158
-0.801825 -0.814765
-0.802884 -0.813861
-0.80113 -0.814716
-0.801265 -0.814199
-0.80068 -0.813673
-0.799604 -0.813694
-0.800134 -0.81298
-0.799116 -0.81417
-0.799677 -0.812036
-0.798859 -0.814253
-0.799575 -0.81324
-0.799288 -0.811885
-0.800297 -0.814639
-0.798814 -0.813202
-0.800313 -0.812228
-0.799839 -0.814007
-0.799137 -0.813704
-0.799224 -0.813574
-0.79991 -0.810572
-0.798313 -0.813605
-0.798266 -0.812455
-0.798897 -0.813039
-0.798676 -0.813588
-0.798 -0.812561
-0.799926 -0.812123
-0.797987 -0.813963
-0.799882 -0.811438
-0.798551 -0.814016
-0.79935 -0.812677
-0.799298 -0.812186
-0.800612 -0.814424
-0.798804 -0.81247
-0.799544 -0.812463
-0.800309 -0.812917
-0.799253 -0.81291
-0.798434 -0.814571
-0.799855 -0.81278
-0.798726 -0.813096
-0.797551 -0.81352
-0.79989 -0.813343
-0.798784 -0.812393
-0.798781 -0.814685
-0.798441 -0.811988
-0.798995 -0.812761
-0.797812 -0.813186
-0.799587 -0.812887
-0.798193 -0.812331
-0.798141 -0.812387
-0.79936 -0.814319
-0.797371 -0.813235
-0.799038 -0.812273
-0.797947 -0.812435
-0.797905 -0.813737
-0.797853 -0.813469
-0.798637 -0.811706
-0.796782 -0.814236
-0.797944 -0.811739
-0.797699 -0.811985
-0.797221 -0.814082
-0.798374 -0.811568
-0.79734 -0.814724
-0.797665 -0.810627
-0.79782 -0.813439
-0.798014 -0.812726
-0.797667 -0.811939
-0.798478 -0.813956
-0.798644 -0.81186
-0.796297 -0.813315
-0.798752 -0.811416
-0.798195 -0.813741
-0.796685 -0.812752
-0.797852 -0.811605
-0.797921 -0.813192
-0.796631 -0.811946
-0.796464 -0.811553
-0.796561 -0.812826
-0.796064 -0.812161
-0.795615 -0.811087
-0.796661 -0.813825
-0.796817 -0.809391
-0.796653 -0.814438
-0.795844 -0.811979
-0.796849 -0.811011
-0.798124 -0.811209
-0.796293 -0.812773
-0.796412 -0.813327
-0.797835 -0.809712
-0.797271 -0.812544
-0.797353 -0.811501
-0.796301 -0.81367
-0.798367 -0.810605
-0.796965 -0.811565
-0.796837 -0.811523
-0.796802 -0.811571
-0.797273 -0.810652
-0.796219 -0.812598
-0.797029 -0.810218
-0.79566 -0.812017
-0.796059 -0.809486
-0.796125 -0.810909
-0.794887 -0.811881
-0.795188 -0.811097
-0.797493 -0.81088
-0.795639 -0.811557
-0.796335 -0.810911
-0.796791 -0.811784
-0.796744 -0.809892
-0.797534 -0.811317
-0.795984 -0.811104
-0.798254 -0.810055
-0.795804 -0.811937
-0.797121 -0.810708
-0.7971 -0.810793
-0.797589 -0.811337
-0.797129 -0.810532
-0.797342 -0.811412
-0.797269 -0.812327
-0.798082 -0.80869
-0.797515 -0.811875
-0.799113 -0.812435
-0.798543 -0.810733
-0.798912 -0.81317
-0.799158 -0.810408
-0.799271 -0.812047
-0.800441 -0.810954
-0.797161 -0.813378
-0.799061 -0.808939
-0.798068 -0.81192
-0.796768 -0.810143
-0.798263 -0.81132
-0.796961 -0.811116
-0.799077 -0.809649
-0.797635 -0.813018
-0.798824 -0.809556
-0.798387 -0.811134
-0.799897 -0.811219
-0.799494 -0.811335
-0.799905 -0.811676
-0.799515 -0.811135
-0.799817 -0.811275
-0.798944 -0.80967
-0.79817 -0.812341
-0.798976 -0.809753
-0.797354 -0.8118
-0.796835 -0.809911
-0.799498 -0.809206
-0.796844 -0.811498
-0.79795 -0.810463
-0.797361 -0.811015
-0.797568 -0.811078
-0.797355 -0.81049
-0.799234 -0.809711
-0.796133 -0.812283
-0.798595 -0.810944
-0.798586 -0.80958
-0.798038 -0.811418
-0.798799 -0.809886
-0.798804 -0.811436
-0.798233 -0.811747
-0.798384 -0.810789
-0.798586 -0.809136
-0.796682 -0.812806
-0.797714 -0.809353
-0.797772 -0.809705
-0.795995 -0.810728
-0.798345 -0.809104
-0.797925 -0.810375
-0.798645 -0.810325
-0.798422 -0.811043
-0.798313 -0.810709
-0.799062 -0.809153
-0.797581 -0.811714
-0.799191 -0.810291
-0.798564 -0.810154
-0.798491 -0.810079
-0.799158 -0.810215
-0.797669 -0.810625
-0.798333 -0.810667
-0.798057 -0.808492
-0.798192 -0.809728
-0.797397 -0.810554
-0.798662 -0.811033
-0.799002 -0.808388
-0.797695 -0.810657
-0.7992 -0.810748
-0.798744 -0.809649
-0.797841 -0.813455
-0.798116 -0.809439
-0.80049 -0.808723
-0.797041 -0.811843
-0.799159 -0.809061
-0.796996 -0.812374
-0.799804 -0.809811
-0.798049 -0.809287
-0.799506 -0.810651
-0.799069 -0.811257
-0.799043 -0.810395
-0.79875 -0.811294
-0.799676 -0.809658
-0.798173 -0.81184
-0.798215 -0.809417
-0.798628 -0.81122
-0.798559 -0.809791
-0.799079 -0.809541
-0.798045 -0.811005
-0.798193 -0.809913
-0.798185 -0.809968
-0.797915 -0.809377
-0.798241 -0.809648
-0.795792 -0.810216
-0.798452 -0.807212
-0.797062 -0.810117
-0.795698 -0.809233
-0.79727 -0.810111
-0.797303 -0.809461
-0.796602 -0.811316
-0.797532 -0.809495
-0.796945 -0.810246
-0.797068 -0.810192
-0.797938 -0.810354
-0.796864 -0.808941
-0.797107 -0.811497
-0.798175 -0.809911
-0.796956 -0.808878
-0.797802 -0.809348
-0.797145 -0.810103
-0.797106 -0.809117
-0.796988 -0.810375
-0.797074 -0.807834
-0.796662 -0.809919
-0.797389 -0.807141
-0.79671 -0.810579
-0.796675 -0.80892
-0.797242 -0.808429
-0.79577 -0.809335
-0.796823 -0.808328
-0.79717 -0.808354
-0.796661 -0.808865
-0.795914 -0.810081
-0.79737 -0.808906
-0.796235 -0.809261
-0.79703 -0.808185
-0.796812 -0.809043
-0.796451 -0.81011
-0.797981 -0.809717
-0.796927 -0.808942
-0.798108 -0.810676
-0.79757 -0.809207
-0.797951 -0.809633
-0.797962 -0.808751
-0.797735 -0.808645
-0.797141 -0.809791
-0.796675 -0.807787
-0.797044 -0.809061
-0.795934 -0.810662
-0.797242 -0.808295
-0.797554 -0.809238
-0.796647 -0.809414
-0.79697 -0.809385
-0.797798 -0.810142
-0.797519 -0.809209
-0.797232 -0.810425
-0.798091 -0.808908
-0.797117 -0.8093
-0.798821 -0.810252
-0.796513 -0.808954
-0.797717 -0.808982
-0.796463 -0.809724
-0.796969 -0.809768
-0.797289 -0.807856
-0.796177 -0.810935
-0.79581 -0.808288
-0.796308 -0.809345
-0.796642 -0.808323
-0.794998 -0.808966
-0.796363 -0.809076
-0.795476 -0.80903
-0.795142 -0.807596
-0.79627 -0.809144
-0.795349 -0.807707
-0.79608 -0.809077
-0.794748 -0.809152
-0.795455 -0.807876
-0.795416 -0.807363
-0.795194 -0.808893
-0.79553 -0.808772
-0.795491 -0.809505
-0.795525 -0.807746
-0.795762 -0.80953
-0.796327 -0.808166
-0.796037 -0.808752
-0.796621 -0.809739
-0.795263 -0.807566
-0.796023 -0.80789
-0.795984 -0.808546
-0.794449 -0.809266
-0.794532 -0.807169
-0.795129 -0.80902
-0.796848 -0.807069
-0.794786 -0.808475
-0.796604 -0.807218
-0.79395 -0.809517
-0.795717 -0.807224
-0.795727 -0.807901
-0.795963 -0.809604
-0.79639 -0.808079
-0.795727 -0.808488
-0.795709 -0.808438
-0.795242 -0.808469
-0.796447 -0.807037
-0.795138 -0.809395
-0.795426 -0.806925
-0.795364 -0.80888
-0.794824 -0.807427
-0.795868 -0.8073
-0.794497 -0.808249
-0.795671 -0.808072
-0.79394 -0.809045
-0.794887 -0.806253
-0.795213 -0.809832
-0.793941 -0.808268
-0.794807 -0.806217
-0.795814 -0.810247
-0.795461 -0.80673
-0.795592 -0.809247
-0.79523 -0.808427
-0.795354 -0.807856
-0.795691 -0.808221
-0.794625 -0.809066
-0.796228 -0.807138
-0.795237 -0.807343
-0.79577 -0.808334
-0.795482 -0.806235
-0.794747 -0.809745
-0.795478 -0.806029
-0.794674 -0.808168
-0.795848 -0.807644
-0.795483 -0.806063
-0.793969 -0.808881
-0.797073 -0.806097
-0.795673 -0.807742
-0.795559 -0.806191
-0.796384 -0.809105
-0.794985 -0.805973
-0.795888 -0.80765
-0.79519 -0.806924
-0.794532 -0.805719
-0.79577 -0.807787
-0.792535 -0.804957
-0.794724 -0.806434
-0.794505 -0.806162
-0.795355 -0.805865
-0.793232 -0.808392
-0.794486 -0.805011
-0.79415 -0.806936
-0.794539 -0.804332
-0.793922 -0.805807
-0.793755 -0.80673
-0.794983 -0.805781
-0.793972 -0.805913
-0.795239 -0.805272
-0.793937 -0.806792
-0.795036 -0.804642
-0.794695 -0.806646
-0.794733 -0.805353
-0.794166 -0.805949
-0.795028 -0.805305
-0.794278 -0.806636
-0.793756 -0.805955
-0.793963 -0.806916
-0.793821 -0.807004
-0.793672 -0.804567
-0.793138 -0.805188
-0.79332 -0.806888
-0.793608 -0.805841
-0.791381 -0.806369
-0.794914 -0.805439
-0.792463 -0.806112
-0.793454 -0.807408
-0.792846 -0.806438
-0.792236 -0.806575
-0.793235 -0.806105
-0.792535 -0.806946
-0.793678 -0.80657
-0.792164 -0.807195
-0.793521 -0.806394
-0.793504 -0.806236
-0.793274 -0.806722
-0.792679 -0.808063
-0.793724 -0.805526
-0.792964 -0.807042
-0.792353 -0.805817
-0.793317 -0.804954
-0.79192 -0.807363
-0.79263 -0.805653
-0.791783 -0.805071
-0.79306 -0.807288
-0.791946 -0.805678
-0.791742 -0.803891
-0.792656 -0.806206
-0.791544 -0.805238
-0.792252 -0.80492
-0.791981 -0.805547
-0.792983 -0.805734
-0.7925 -0.805403
-0.793045 -0.804414
-0.793475 -0.805015
-0.791971 -0.807279
-0.793944 -0.805235
-0.792742 -0.805176
-0.793047 -0.805274
-0.793492 -0.805867
-0.792286 -0.805942
-0.79398 -0.806553
-0.792627 -0.804958
-0.7935 -0.807243
-0.792975 -0.804786
-0.79412 -0.806528
-0.792227 -0.805327
-0.792865 -0.804572
-0.792432 -0.80721
-0.793615 -0.804092
-0.792574 -0.805862
-0.792757 -0.805858
-0.793126 -0.80538
-0.792075 -0.805485
-0.793377 -0.804669
-0.792664 -0.805265
-0.792012 -0.806482
-0.791869 -0.803975
-0.792167 -0.805875
-0.791666 -0.804645
-0.791238 -0.805923
-0.792142 -0.805304
-0.791275 -0.803518
-0.791298 -0.807304
-0.790635 -0.804563
-0.79169 -0.806251
-0.792045 -0.80284
-0.792084 -0.806467
-0.792884 -0.805251
-0.792447 -0.80649
-0.792853 -0.805789
-0.792043 -0.805183
-0.79288 -0.805845
-0.790976 -0.805073
-0.790857 -0.804598
-0.79221 -0.805857
-0.790922 -0.804396
-0.790516 -0.804875
-0.790419 -0.804936
-0.791351 -0.804763
-0.790886 -0.804218
-0.790891 -0.804963
-0.790487 -0.805179
-0.792039 -0.804856
-0.790582 -0.80414
-0.79154 -0.8064
-0.791131 -0.803735
-0.792026 -0.807135
-0.791561 -0.805764
-0.791103 -0.805233
-0.792132 -0.804702
-0.791238 -0.806215
-0.790473 -0.805846
-0.791302 -0.804919
-0.790968 -0.805737
-0.791037 -0.804253
-0.791724 -0.803893
-0.790196 -0.805967
-0.79026 -0.804356
-0.790341 -0.805602
-0.791791 -0.802961
-0.791354 -0.804353
-0.789986 -0.806908
-0.791311 -0.803941
-0.79299 -0.804682
-0.790236 -0.805382
-0.790872 -0.805056
-0.791423 -0.804653
-0.79185 -0.803529
-0.791992 -0.803533
-0.790238 -0.807334
-0.79153 -0.802692
-0.790984 -0.804197
-0.792768 -0.805658
-0.7907 -0.804372
-0.791683 -0.806127
-0.79146 -0.804737
-0.79084 -0.80493
-0.791888 -0.804581
-0.78969 -0.806387
-0.793385 -0.80252
-0.790223 -0.807333
-0.791941 -0.804099
-0.79137 -0.80532
-0.792197 -0.803106
-0.790396 -0.806637
-0.791394 -0.805054
-0.791766 -0.804687
-0.791273 -0.805786
-0.790835 -0.804512
-0.791069 -0.804256
-0.791245 -0.805512
-0.790036 -0.806013
-0.79143 -0.805726
-0.790872 -0.804963
-0.791363 -0.805606
-0.792382 -0.805128
-0.790579 -0.806318
-0.791473 -0.806098
-0.792031 -0.804145
-0.791571 -0.803926
-0.791046 -0.806504
-0.791229 -0.804789
-0.791972 -0.804892
-0.790965 -0.804315
-0.792064 -0.805894
-0.792515 -0.80376
-0.7915 -0.805607
-0.792322 -0.805494
-0.791298 -0.805154
-0.793593 -0.804848
-0.792951 -0.805071
-0.791935 -0.805452
-0.793858 -0.805555
-0.792191 -0.804128
-0.793511 -0.806044
-0.791823 -0.805037
-0.792923 -0.802878
-0.791662 -0.805484
-0.790911 -0.802351
-0.791772 -0.804517
-0.790994 -0.80513
-0.792581 -0.803645
-0.792332 -0.804682
-0.792797 -0.805228
-0.792578 -0.804005
-0.792711 -0.804563
-0.79304 -0.80552
-0.792755 -0.803514
-0.791784 -0.805308
-0.792088 -0.803074
-0.792088 -0.804414
-0.791673 -0.804062
-0.79083 -0.804991
-0.791702 -0.804341
-0.791632 -0.804828
-0.791732 -0.803762
-0.791013 -0.805561
-0.792726 -0.803749
-0.791655 -0.805865
-0.793227 -0.804885
-0.79241 -0.804937
-0.792576 -0.804809
-0.792643 -0.805555
-0.791936 -0.805
-0.793431 -0.804246
-0.792181 -0.80422
-0.792137 -0.805737
-0.791468 -0.804354
-0.79324 -0.804475
-0.792891 -0.803798
-0.791657 -0.805213
-0.791439 -0.805418
-0.792089 -0.802764
-0.79139 -0.805331
-0.791365 -0.802515
-0.790992 -0.805649
-0.790103 -0.801619
-0.790225 -0.803155
-0.791089 -0.802885
-0.789521 -0.802738
-0.791393 -0.804727
-0.791517 -0.802458
-0.790655 -0.803871
-0.79275 -0.802965
-0.791295 -0.803729
-0.791889 -0.803939
-0.792676 -0.803111
-0.791028 -0.804533
-0.792966 -0.803047
-0.792193 -0.804393
-0.791542 -0.804618
-0.792463 -0.803427
-0.791276 -0.804009
-0.792581 -0.802447
-0.791562 -0.804704
-0.791484 -0.804077
-0.7917 -0.803136
-0.790773 -0.803773
-0.79163 -0.803256
-0.791086 -0.804488
-0.792442 -0.803336
-0.791436 -0.803736
-0.790877 -0.805487
-0.791434 -0.802804
-0.790652 -0.804229
-0.791793 -0.803012
-0.790376 -0.803928
-0.790227 -0.803828
-0.791406 -0.80112
-0.789767 -0.805115
-0.790312 -0.802017
-0.790568 -0.803975
-0.789154 -0.802743
-0.792258 -0.803189
-0.791624 -0.802737
-0.789875 -0.803862
-0.792823 -0.802509
-0.792013 -0.803585
-0.791251 -0.8021
-0.793292 -0.801626
-0.790892 -0.803985
-0.791868 -0.802592
-0.791393 -0.803538
-0.791255 -0.801461
-0.790887 -0.802275
-0.790985 -0.8039
-0.790964 -0.800757
-0.790712 -0.802558
-0.791145 -0.802156
-0.790988 -0.802553
-0.791749 -0.802708
-0.792055 -0.802135
-0.791546 -0.802313
-0.79031 -0.801916
-0.791547 -0.802423
-0.790775 -0.801763
-0.790377 -0.80277
-0.791131 -0.800488
-0.78869 -0.803048
-0.791454 -0.80203
-0.789221 -0.801787
-0.789329 -0.803272
-0.791101 -0.801655
-0.790976 -0.802188
-0.791388 -0.802777
-0.791507 -0.802908
-0.792513 -0.803019
-0.791645 -0.804365
-0.792436 -0.802684
-0.792316 -0.802614
-0.791474 -0.804715
-0.791354 -0.802802
-0.79092 -0.805315
-0.791505 -0.802077
-0.790857 -0.803798
-0.789648 -0.803886
-0.789613 -0.8009
-0.789629 -0.804472
-0.789926 -0.801782
-0.790784 -0.800995
-0.790152 -0.803687
-0.789997 -0.8026
-0.791251 -0.803028
-0.790268 -0.80209
-0.790005 -0.801132
-0.790952 -0.803773
-0.790615 -0.801144
-0.790845 -0.803453
-0.791131 -0.80227
-0.791083 -0.801561
-0.789712 -0.802501
-0.791519 -0.801015
-0.78865 -0.802962
-0.790706 -0.801948
-0.789827 -0.802162
-0.790525 -0.801615
-0.790367 -0.802997
-0.790019 -0.801756
-0.790486 -0.802386
-0.790705 -0.801546
-0.789313 -0.803427
-0.79063 -0.802357
-0.789542 -0.802696
-0.789423 -0.802678
-0.790133 -0.800887
-0.788867 -0.802111
-0.788931 -0.80226
-0.789054 -0.800988
-0.789336 -0.801987
-0.788726 -0.801216
-0.78886 -0.802442
-0.78913 -0.801038
-0.78932 -0.802186
-0.789627 -0.80101
-0.78862 -0.803819
-0.791254 -0.800942
-0.788716 -0.801456
-0.790716 -0.802755
-0.79017 -0.802018
-0.790469 -0.801726
