0 0
-0.0870721 -0.0820473
-0.171475 -0.161986
-0.25246 -0.238858
-0.331102 -0.313595
-0.406111 -0.384994
-0.478394 -0.454769
-0.547965 -0.521317
-0.614708 -0.586067
-0.677443 -0.647014
-0.737233 -0.707479
-0.794832 -0.763084
-0.848676 -0.817926
-0.899864 -0.867239
-0.94771 -0.916738
-0.990112 -0.963183
-1.03252 -1.00664
-1.07021 -1.04592
-1.1004 -1.08652
-1.13586 -1.11692
-1.15724 -1.15264
-1.18206 -1.17797
-1.20053 -1.20684
-1.21693 -1.22998
-1.23108 -1.25342
-1.24315 -1.27342
-1.23408 -1.26512
-1.2453 -1.27805
-1.24992 -1.29473
-1.26312 -1.30524
-1.26898 -1.3225
-1.24492 -1.28855
-1.24462 -1.27375
-1.24745 -1.27025
-1.24868 -1.27178
-1.24904 -1.27262
-1.25083 -1.27135
-1.24867 -1.26927
-1.24613 -1.27071
-1.24143 -1.26913
-1.24533 -1.27006
-1.24661 -1.26659
-1.24425 -1.27052
-1.24397 -1.26503
-1.24296 -1.26638
-1.2437 -1.26626
-1.24143 -1.26579
-1.24664 -1.26494
-1.24315 -1.26648
-1.24751 -1.26423
-1.24319 -1.26712
-1.24511 -1.26377
-1.24307 -1.26717
-1.24298 -1.2658
-1.24341 -1.26216
-1.2422 -1.2655
-1.24084 -1.26467
-1.24358 -1.26265
-1.24242 -1.26134
-1.24454 -1.26331
-1.24518 -1.25951
-1.24176 -1.26224
-1.24141 -1.26159
-1.24072 -1.26149
-1.23849 -1.26147
-1.2384 -1.26261
-1.24261 -1.25713
-1.23814 -1.26509
-1.24316 -1.25923
-1.2386 -1.25861
-1.24004 -1.26041
-1.2386 -1.26234
-1.23722 -1.25933
-1.23891 -1.2584
-1.23622 -1.26199
-1.23899 -1.2585
-1.24022 -1.25831
-1.24002 -1.25949
-1.23759 -1.25673
-1.23832 -1.25863
-1.23554 -1.25724
-1.24054 -1.25569
-1.23698 -1.25745
-1.23672 -1.25647
-1.23794 -1.25596
-1.23594 -1.25539
-1.23667 -1.25593
-1.23655 -1.25723
-1.23593 -1.25806
-1.23433 -1.25716
-1.23861 -1.24999
-1.23266 -1.2568
-1.23717 -1.25326
-1.23507 -1.25053
-1.23342 -1.25636
-1.23654 -1.25062
-1.23595 -1.25163
-1.23554 -1.2503
-1.2321 -1.25261
-1.23477 -1.25195
-1.23261 -1.2534
-1.23323 -1.25238
-1.23461 -1.25007
-1.22953 -1.25394
-1.23275 -1.24849
-1.23228 -1.24683
-1.23265 -1.25064
-1.23377 -1.24768
-1.23312 -1.24871
-1.23129 -1.24942
-1.23539 -1.24828
-1.23234 -1.2454
-1.23355 -1.24832
-1.22917 -1.24949
-1.23186 -1.24561
-1.23445 -1.24673
-1.23297 -1.24686
-1.23497 -1.24601
-1.23247 -1.24455
-1.23267 -1.24859
-1.2355 -1.24411
-1.22932 -1.24598
-1.2332 -1.24496
-1.23007 -1.24765
-1.22981 -1.24667
-1.23021 -1.24626
-1.2302 -1.24253
-1.2301 -1.24626
-1.22794 -1.24807
-1.2318 -1.24193
-1.22815 -1.24366
-1.22975 -1.24496
-1.23025 -1.24195
-1.22931 -1.24398
-1.22831 -1.24288
-1.23074 -1.24271
-1.22994 -1.24378
-1.2302 -1.24444
-1.22797 -1.24369
-1.22947 -1.2419
-1.22605 -1.24331
-1.22941 -1.23964
-1.227 -1.24377
-1.23122 -1.24153
-1.22694 -1.24437
-1.22931 -1.239
-1.22522 -1.24235
-1.22983 -1.2412
-1.22407 -1.24108
-1.22837 -1.24248
-1.22228 -1.24147
-1.22287 -1.23971
-1.22351 -1.24183
-1.22312 -1.23766
-1.22251 -1.24277
-1.2218 -1.24059
-1.22287 -1.23864
-1.22163 -1.23984
-1.21844 -1.24144
-1.21947 -1.24212
-1.22152 -1.23857
-1.21845 -1.24107
-1.21728 -1.23998
-1.22212 -1.23673
-1.2194 -1.23808
-1.22106 -1.2351
-1.21865 -1.23983
-1.22118 -1.23534
-1.22292 -1.23733
-1.21816 -1.23961
-1.22117 -1.23463
-1.22155 -1.23827
-1.21959 -1.23582
-1.22005 -1.23372
-1.21821 -1.23625
-1.2203 -1.2336
-1.22028 -1.23423
-1.22207 -1.23467
-1.21864 -1.23649
-1.22072 -1.23409
-1.21818 -1.23271
-1.21947 -1.23474
-1.22032 -1.23264
-1.21922 -1.23302
-1.22204 -1.23156
-1.21915 -1.23436
-1.21946 -1.2326
-1.22066 -1.23328
-1.21924 -1.23112
-1.21764 -1.23346
-1.21921 -1.2305
-1.21715 -1.23269
-1.21897 -1.23185
-1.21803 -1.23289
-1.21987 -1.23226
-1.21858 -1.23059
-1.21616 -1.23241
-1.21689 -1.23266
-1.21656 -1.23052
-1.21642 -1.23187
-1.216 -1.23145
-1.21514 -1.23313
-1.21577 -1.23222
-1.21732 -1.23193
-1.21712 -1.23075
-1.21452 -1.23326
-1.2184 -1.23011
-1.21338 -1.23218
-1.21355 -1.22938
-1.21222 -1.23132
-1.21268 -1.23213
-1.21052 -1.23209
-1.21521 -1.23114
-1.21157 -1.23084
-1.20947 -1.232
-1.20956 -1.2284
-1.20717 -1.23066
-1.20907 -1.23005
-1.20839 -1.23275
-1.21037 -1.23078
-1.20721 -1.23171
-1.20997 -1.23177
-1.20912 -1.22616
-1.20576 -1.23121
-1.20963 -1.22637
-1.20801 -1.22726
-1.20946 -1.23172
-1.20796 -1.22631
-1.21 -1.2288
-1.20771 -1.22511
-1.21075 -1.22495
-1.20721 -1.22536
-1.20565 -1.22694
-1.20856 -1.22644
-1.20401 -1.22584
-1.20529 -1.22534
-1.20586 -1.22682
-1.20534 -1.2247
-1.20523 -1.22657
-1.20306 -1.22949
-1.20521 -1.22605
-1.20521 -1.22662
-1.20331 -1.22826
-1.20016 -1.22574
-1.20032 -1.22479
-1.19975 -1.22487
-1.20418 -1.22408
-1.20202 -1.22437
-1.20311 -1.22319
-1.20013 -1.22546
-1.20243 -1.22268
-1.19832 -1.22332
-1.19834 -1.22526
-1.20251 -1.22445
-1.20234 -1.22342
-1.20219 -1.22373
-1.20122 -1.22281
-1.20121 -1.22374
-1.19987 -1.22224
-1.20122 -1.22385
-1.19946 -1.22452
-1.20116 -1.22281
-1.19768 -1.226
-1.20025 -1.22225
-1.20016 -1.22226
-1.19916 -1.22494
-1.19871 -1.21994
-1.19916 -1.22428
-1.19797 -1.21868
-1.20153 -1.22193
-1.19593 -1.22057
-1.20105 -1.21891
-1.19667 -1.2217
-1.19905 -1.22062
-1.19741 -1.22049
-1.19844 -1.22206
-1.19853 -1.21956
-1.19789 -1.22189
-1.19485 -1.22516
-1.20002 -1.21853
-1.19679 -1.22117
-1.19873 -1.22348
-1.1991 -1.21847
-1.19612 -1.22343
-1.19372 -1.22236
-1.1969 -1.21606
-1.19678 -1.21806
-1.19535 -1.22245
-1.19662 -1.21943
-1.19863 -1.22264
-1.19594 -1.22014
-1.19582 -1.21841
-1.19555 -1.21692
-1.19083 -1.22061
-1.19315 -1.21854
-1.1762 -1.19188
-1.16711 -1.16369
-1.16875 -1.15911
-1.16481 -1.16206
-1.16458 -1.16092
-1.16814 -1.15954
-1.16648 -1.15986
-1.16868 -1.16164
-1.16618 -1.16186
-1.16859 -1.15677
-1.1639 -1.16221
-1.16521 -1.15772
-1.16642 -1.15906
-1.16553 -1.15924
-1.16748 -1.161
-1.16802 -1.159
-1.16642 -1.16285
-1.16997 -1.15686
-1.16642 -1.16206
-1.16667 -1.15654
-1.16486 -1.16041
-1.16547 -1.15703
-1.16694 -1.15902
-1.16583 -1.16097
-1.16782 -1.1569
-1.16895 -1.15746
-1.16596 -1.15924
-1.16656 -1.15558
-1.1677 -1.15763
-1.16679 -1.15555
-1.16819 -1.15863
-1.16797 -1.1569
-1.16685 -1.15901
-1.16727 -1.15744
-1.16846 -1.15482
-1.16683 -1.15727
-1.17025 -1.15598
-1.16945 -1.15704
-1.16924 -1.15764
-1.16775 -1.15793
-1.16909 -1.15821
-1.16847 -1.15589
-1.1679 -1.15638
-1.16705 -1.15588
-1.16834 -1.15836
-1.16827 -1.15693
-1.1671 -1.15544
-1.1659 -1.15777
-1.16648 -1.15611
-1.16564 -1.15677
-1.16642 -1.15584
-1.16891 -1.1552
-1.16567 -1.15596
-1.16762 -1.15471
-1.16456 -1.1573
-1.16522 -1.15233
-1.16394 -1.15817
-1.16477 -1.15562
-1.16583 -1.1566
-1.16382 -1.15529
-1.16462 -1.1584
-1.16591 -1.15349
-1.16106 -1.15663
-1.16447 -1.15446
-1.1635 -1.15731
-1.16339 -1.15546
-1.16564 -1.15742
-1.16546 -1.15617
-1.16453 -1.15622
-1.16331 -1.15629
-1.16634 -1.15452
-1.16138 -1.1567
-1.16618 -1.15454
-1.1626 -1.15667
-1.16732 -1.15534
-1.16408 -1.15561
-1.16506 -1.15557
-1.1621 -1.15618
-1.16391 -1.15617
-1.16341 -1.15623
-1.16023 -1.15712
-1.16413 -1.15431
-1.15988 -1.15806
-1.16354 -1.15363
-1.1619 -1.15412
-1.16235 -1.15456
-1.15965 -1.15567
-1.16549 -1.15272
-1.16386 -1.15476
-1.16269 -1.15506
-1.16327 -1.15251
-1.16292 -1.15419
-1.16298 -1.15112
-1.16342 -1.1533
-1.16127 -1.15286
-1.16046 -1.15516
-1.16207 -1.15077
-1.16199 -1.15624
-1.16321 -1.1519
-1.16303 -1.15346
-1.16184 -1.15206
-1.1618 -1.15178
-1.16073 -1.15347
-1.1608 -1.15276
-1.16365 -1.15122
-1.16045 -1.1536
-1.16032 -1.15179
-1.15941 -1.15149
-1.15915 -1.15504
-1.16027 -1.15145
-1.15827 -1.15254
-1.15914 -1.14887
-1.15844 -1.1517
-1.16156 -1.15141
-1.15854 -1.15292
-1.15997 -1.15032
-1.15829 -1.15088
-1.15909 -1.15204
-1.1585 -1.15124
-1.15847 -1.15223
-1.15608 -1.15304
-1.15736 -1.14929
-1.15667 -1.1507
-1.15673 -1.15051
-1.15584 -1.1501
-1.15765 -1.15334
-1.15686 -1.15119
-1.15747 -1.15325
-1.15551 -1.15485
-1.15686 -1.1515
-1.1561 -1.1541
-1.15401 -1.15279
-1.15517 -1.15485
-1.15688 -1.15401
-1.15428 -1.15428
-1.15396 -1.15265
-1.15427 -1.15287
-1.15419 -1.15276
-1.1534 -1.15294
-1.15424 -1.15413
-1.15313 -1.15332
-1.15513 -1.15454
-1.1566 -1.15479
-1.154 -1.15179
-1.15326 -1.15333
-1.15386 -1.1525
-1.15315 -1.15278
-1.15499 -1.15448
-1.15611 -1.14995
-1.15396 -1.15234
-1.15582 -1.15158
-1.15606 -1.15231
-1.15627 -1.15296
-1.15718 -1.15222
-1.1578 -1.15113
-1.15558 -1.15436
-1.15509 -1.15116
-1.15494 -1.15176
-1.15499 -1.15265
-1.15687 -1.1505
-1.15692 -1.15072
-1.15606 -1.15022
-1.15489 -1.15163
-1.15707 -1.14741
-1.15115 -1.15399
-1.15927 -1.14667
-1.15472 -1.14994
-1.15542 -1.15004
-1.15537 -1.14786
-1.15375 -1.15121
-1.15686 -1.14584
-1.15415 -1.15139
-1.15663 -1.14731
-1.15369 -1.14706
-1.15308 -1.15135
-1.15586 -1.14486
-1.15272 -1.15222
-1.15466 -1.14541
-1.15381 -1.15059
-1.15544 -1.14619
-1.15464 -1.15031
-1.15511 -1.14483
-1.154 -1.14992
-1.15275 -1.14577
-1.15629 -1.14677
-1.15375 -1.1473
-1.15497 -1.14979
-1.15304 -1.14823
-1.15533 -1.14551
-1.15513 -1.14898
-1.15378 -1.14681
-1.15502 -1.14631
-1.15455 -1.14549
-1.15416 -1.14817
-1.15466 -1.14768
-1.15454 -1.14596
-1.15379 -1.14641
-1.15151 -1.14722
-1.15563 -1.14699
-1.15322 -1.14675
-1.15313 -1.14603
-1.15499 -1.14403
-1.1536 -1.14784
-1.15286 -1.14558
-1.15266 -1.14756
-1.15383 -1.14523
-1.15209 -1.14544
-1.15535 -1.14531
-1.15383 -1.14408
-1.15349 -1.14463
-1.15191 -1.14593
-1.15205 -1.14478
-1.15155 -1.14689
-1.15137 -1.14165
-1.15109 -1.14584
-1.1509 -1.1437
-1.15039 -1.14575
-1.15354 -1.14348
-1.15004 -1.14558
-1.15416 -1.14527
-1.15258 -1.14233
-1.15419 -1.14506
-1.15091 -1.14484
-1.15051 -1.14367
-1.15207 -1.14212
-1.15111 -1.14598
-1.15438 -1.14313
-1.15073 -1.14515
-1.15424 -1.14242
-1.1522 -1.14512
-1.14986 -1.142
-1.14872 -1.1454
-1.15083 -1.14188
-1.14985 -1.14437
-1.14944 -1.14325
-1.14908 -1.14325
-1.14952 -1.14165
-1.14723 -1.14489
-1.14626 -1.14349
-1.14867 -1.14307
-1.14748 -1.14301
-1.14751 -1.14454
-1.14771 -1.14247
-1.14749 -1.14339
-1.14839 -1.14198
-1.14711 -1.14558
-1.15088 -1.14221
-1.14796 -1.14158
-1.14687 -1.14365
-1.15038 -1.14388
-1.14835 -1.13853
-1.14767 -1.14567
-1.14884 -1.14032
-1.15114 -1.14452
-1.14972 -1.14235
-1.14928 -1.1418
-1.14691 -1.14351
-1.14642 -1.14108
-1.14577 -1.14301
-1.14604 -1.14222
-1.14725 -1.14404
-1.14734 -1.14394
-1.14768 -1.1436
-1.14928 -1.14307
-1.14586 -1.14398
-1.14613 -1.14338
-1.1484 -1.14021
-1.14356 -1.14561
-1.14942 -1.14076
-1.146 -1.14523
-1.14669 -1.14445
-1.14661 -1.14333
-1.14679 -1.14198
-1.14659 -1.14446
-1.14733 -1.14106
-1.14589 -1.14187
-1.1459 -1.14337
-1.14511 -1.14241
-1.14699 -1.14094
-1.14597 -1.14436
-1.14536 -1.14175
-1.14599 -1.14266
-1.14572 -1.14223
-1.14571 -1.1404
-1.14345 -1.14218
-1.14451 -1.14276
-1.14532 -1.14032
-1.14611 -1.14374
-1.14495 -1.14162
-1.14612 -1.14468
-1.14565 -1.14086
-1.14514 -1.14297
-1.14284 -1.14346
-1.14449 -1.14076
-1.14436 -1.14248
-1.14673 -1.14052
-1.14456 -1.14321
-1.1464 -1.14099
-1.14634 -1.14119
-1.14413 -1.14374
-1.14204 -1.13951
-1.14488 -1.14226
-1.14594 -1.13959
-1.14483 -1.14473
-1.14499 -1.13953
-1.14442 -1.14214
-1.14589 -1.13983
-1.1445 -1.14207
-1.1453 -1.13947
-1.1439 -1.1417
-1.14563 -1.13924
-1.14372 -1.14354
-1.1458 -1.13724
-1.14269 -1.14336
-1.1425 -1.13791
-1.14287 -1.14035
-1.14155 -1.13819
-1.1417 -1.13913
-1.14297 -1.1378
-1.1424 -1.14071
-1.14292 -1.13564
-1.14146 -1.14047
-1.13919 -1.13854
-1.14175 -1.13895
-1.141 -1.13832
-1.14159 -1.1403
-1.14079 -1.13748
-1.14046 -1.13986
-1.14035 -1.13729
-1.13921 -1.1385
-1.13994 -1.13734
-1.14166 -1.1366
-1.14227 -1.13807
-1.14187 -1.13823
-1.14277 -1.13824
-1.14015 -1.1364
-1.14005 -1.13669
-1.13877 -1.13846
-1.13951 -1.1368
-1.13852 -1.13771
-1.13986 -1.13535
-1.13837 -1.13799
-1.14183 -1.13322
-1.13718 -1.14074
-1.14208 -1.1321
-1.13842 -1.13951
-1.13778 -1.13518
-1.13729 -1.13847
-1.13908 -1.13603
-1.13905 -1.13468
-1.13997 -1.13553
-1.14024 -1.13437
-1.1361 -1.13608
-1.14052 -1.13328
-1.13519 -1.13728
-1.13985 -1.13335
-1.13787 -1.1337
-1.13934 -1.13328
-1.13752 -1.13467
-1.13856 -1.13432
-1.13755 -1.1324
-1.13932 -1.13549
-1.13575 -1.13513
-1.13817 -1.13395
-1.13904 -1.13473
-1.13895 -1.13385
-1.13469 -1.13666
-1.13833 -1.13198
-1.1378 -1.13447
-1.13651 -1.13484
-1.13834 -1.13494
-1.13802 -1.13287
-1.13575 -1.13445
-1.13746 -1.1337
-1.13764 -1.1314
-1.13666 -1.13542
-1.1369 -1.13333
-1.1378 -1.13037
-1.13769 -1.13434
-1.13885 -1.13227
-1.13788 -1.13206
-1.13739 -1.13343
-1.13457 -1.1341
-1.13636 -1.13288
-1.13536 -1.13535
-1.13703 -1.13095
-1.13598 -1.13446
-1.13446 -1.13387
-1.13529 -1.13245
-1.13331 -1.13254
-1.13544 -1.13358
-1.13342 -1.13178
-1.13385 -1.13399
-1.13527 -1.13065
-1.13426 -1.13555
-1.13439 -1.13267
-1.13401 -1.13488
-1.13424 -1.1315
-1.13398 -1.13263
-1.13558 -1.13407
-1.13301 -1.13402
-1.13692 -1.1319
-1.13413 -1.13427
-1.13603 -1.13143
-1.13381 -1.13305
-1.13083 -1.1321
-1.13604 -1.13149
-1.13141 -1.13541
-1.13461 -1.12927
-1.13125 -1.13541
-1.13179 -1.13146
-1.13366 -1.13174
-1.13302 -1.13138
-1.12968 -1.1322
-1.13247 -1.13142
-1.13002 -1.13142
-1.13132 -1.13086
-1.13233 -1.13055
-1.13141 -1.13214
-1.13184 -1.13038
-1.1313 -1.13193
-1.13225 -1.13032
-1.1312 -1.13024
-1.13171 -1.13068
-1.131 -1.13185
-1.1313 -1.12888
-1.13186 -1.13143
-1.13252 -1.13009
-1.12968 -1.13154
-1.13057 -1.13025
-1.13022 -1.13064
-1.13172 -1.13307
-1.13096 -1.13
-1.13093 -1.13073
-1.13058 -1.13266
-1.13067 -1.13045
-1.12812 -1.1298
-1.12972 -1.13084
-1.12753 -1.12973
-1.12895 -1.13365
-1.13079 -1.12602
-1.12782 -1.13481
-1.13134 -1.12685
-1.1284 -1.13092
-1.12886 -1.12864
-1.12863 -1.12925
-1.12728 -1.12999
-1.12984 -1.12798
-1.12648 -1.12993
-1.13038 -1.12816
-1.12858 -1.12821
-1.12655 -1.13302
-1.12898 -1.12552
-1.12619 -1.13192
-1.12927 -1.12766
-1.12902 -1.13031
-1.1284 -1.12972
-1.12869 -1.13044
-1.12855 -1.12747
-1.13035 -1.12896
-1.12731 -1.12879
-1.12962 -1.12549
-1.12918 -1.13095
-1.12765 -1.12587
-1.12816 -1.12727
-1.12813 -1.12724
-1.1279 -1.12613
-1.12713 -1.12744
-1.1296 -1.12644
-1.12642 -1.12956
-1.12855 -1.12705
-1.12692 -1.1256
-1.12801 -1.128
-1.12763 -1.12655
-1.12682 -1.12683
-1.12582 -1.1289
-1.12954 -1.12944
-1.12834 -1.12865
-1.12613 -1.12968
-1.12936 -1.12846
-1.12556 -1.12791
-1.1283 -1.12944
-1.12623 -1.12987
-1.12779 -1.12914
-1.12711 -1.12875
-1.12696 -1.13087
-1.12664 -1.13056
-1.12359 -1.13014
-1.12462 -1.12867
-1.12295 -1.13051
-1.12351 -1.12956
-1.12435 -1.12964
-1.12286 -1.13082
-1.12367 -1.12804
-1.12584 -1.1305
-1.1244 -1.12923
-1.12355 -1.13291
-1.12356 -1.12723
-1.1221 -1.13077
-1.12097 -1.12906
-1.12271 -1.12917
-1.12097 -1.13195
-1.1217 -1.12868
-1.12212 -1.12851
-1.12318 -1.12967
-1.12286 -1.12706
-1.11948 -1.13427
-1.12406 -1.126
-1.12005 -1.13018
-1.12161 -1.13007
-1.12418 -1.12876
-1.12111 -1.13066
-1.12259 -1.12876
-1.12303 -1.12768
-1.12203 -1.13015
-1.12305 -1.12811
-1.12231 -1.1255
-1.12026 -1.13047
-1.12344 -1.12685
-1.1229 -1.12935
-1.12239 -1.1277
-1.12201 -1.13209
-1.12129 -1.12815
-1.12393 -1.12678
-1.1209 -1.13123
-1.12249 -1.12628
-1.12253 -1.12953
-1.12178 -1.1275
-1.12508 -1.12747
-1.1227 -1.1288
-1.12298 -1.12729
-1.1217 -1.12812
-1.12237 -1.12639
-1.12436 -1.12763
-1.12088 -1.12647
-1.12285 -1.12763
-1.12166 -1.12664
-1.1234 -1.12938
-1.12381 -1.12429
-1.12201 -1.12802
-1.12237 -1.12642
-1.12321 -1.12875
-1.12106 -1.12597
-1.12098 -1.12717
-1.1235 -1.12659
-1.12059 -1.12977
-1.12131 -1.12374
-1.12318 -1.12858
-1.11996 -1.12667
-1.11988 -1.1264
-1.12086 -1.12536
-1.12117 -1.12663
-1.12178 -1.12435
-1.12156 -1.12564
-1.12055 -1.12438
-1.1208 -1.12797
-1.12242 -1.12274
-1.11941 -1.12529
-1.12052 -1.12382
-1.11995 -1.12517
-1.11841 -1.12535
-1.12204 -1.12416
-1.11688 -1.12543
-1.12097 -1.12334
-1.12018 -1.1258
-1.12057 -1.12417
-1.11999 -1.12733
-1.11995 -1.12452
-1.12155 -1.12363
-1.12028 -1.12521
-1.11935 -1.12545
-1.12052 -1.12532
-1.11927 -1.12518
-1.11959 -1.12458
-1.12011 -1.12682
-1.12056 -1.12305
-1.1199 -1.12663
-1.11772 -1.12578
-1.1218 -1.12244
-1.11662 -1.12714
-1.12389 -1.1224
-1.12019 -1.12586
-1.12108 -1.12588
-1.11846 -1.12573
-1.12093 -1.12337
-1.11853 -1.12593
-1.11781 -1.12436
-1.12112 -1.12447
-1.11901 -1.12604
-1.12149 -1.12415
-1.11871 -1.12936
-1.1209 -1.12459
-1.11691 -1.12782
-1.11957 -1.12454
-1.11821 -1.12595
-1.11753 -1.12495
-1.11771 -1.12326
-1.118 -1.12664
-1.11989 -1.12363
-1.11824 -1.12618
-1.11939 -1.12502
-1.1184 -1.12335
-1.11912 -1.12477
-1.11753 -1.12565
-1.12007 -1.12148
-1.1179 -1.12639
-1.11783 -1.12365
-1.11755 -1.12458
-1.11896 -1.1237
-1.11792 -1.12193
-1.11816 -1.12371
-1.1182 -1.12382
-1.11634 -1.12518
-1.11977 -1.12123
-1.11562 -1.12544
-1.11804 -1.12357
-1.11783 -1.12608
-1.11635 -1.12423
-1.11814 -1.12258
-1.11713 -1.12578
-1.11763 -1.12357
-1.11973 -1.124
-1.11808 -1.12449
-1.11884 -1.12219
-1.1183 -1.12418
-1.11648 -1.12405
-1.11838 -1.12348
-1.11507 -1.12673
-1.11952 -1.12032
-1.11336 -1.12341
-1.11609 -1.12293
-1.11425 -1.12523
-1.11809 -1.11878
-1.11455 -1.12481
-1.11864 -1.12125
-1.11357 -1.12436
-1.11767 -1.12269
-1.11484 -1.12281
-1.11632 -1.12349
-1.11534 -1.12226
-1.11701 -1.12099
-1.11612 -1.12253
-1.11605 -1.12328
-1.11321 -1.12323
-1.11833 -1.12163
-1.11231 -1.12482
-1.11485 -1.12178
-1.1134 -1.12275
-1.11608 -1.12163
-1.1133 -1.12239
-1.11572 -1.12353
-1.11355 -1.1227
-1.11558 -1.122
-1.11407 -1.12401
-1.115 -1.12086
-1.11338 -1.12275
-1.11393 -1.1204
-1.11429 -1.11956
-1.11361 -1.12147
-1.11256 -1.12123
-1.11371 -1.11927
-1.11164 -1.12065
-1.11367 -1.11849
-1.11313 -1.12028
-1.11301 -1.12031
-1.11487 -1.1209
-1.11447 -1.11756
-1.11347 -1.12067
-1.11096 -1.12248
-1.114 -1.11615
-1.11192 -1.1211
-1.1123 -1.12196
-1.11392 -1.11816
-1.11169 -1.12185
-1.11283 -1.12097
-1.11306 -1.11969
-1.11244 -1.11981
-1.11452 -1.12
-1.11343 -1.1187
-1.11412 -1.12044
-1.11427 -1.1205
-1.11427 -1.1203
-1.11298 -1.1194
-1.11331 -1.11882
-1.11253 -1.12
-1.11405 -1.11912
-1.1135 -1.11851
-1.11154 -1.12138
-1.11462 -1.11746
-1.11189 -1.11976
-1.11406 -1.12095
-1.11277 -1.11686
-1.1128 -1.11881
-1.11329 -1.11943
-1.11239 -1.11988
-1.11398 -1.11815
-1.11239 -1.1212
-1.11491 -1.1186
-1.1116 -1.11935
-1.11628 -1.11773
-1.11322 -1.11915
-1.11454 -1.11904
-1.11431 -1.11737
-1.11332 -1.11676
-1.10921 -1.12136
-1.11488 -1.1157
-1.1103 -1.12013
-1.11234 -1.11975
-1.11198 -1.11726
-1.11159 -1.1196
-1.11012 -1.11806
-1.1122 -1.11666
-1.11026 -1.11838
-1.11125 -1.11824
-1.11026 -1.1188
-1.11232 -1.11597
-1.10995 -1.11799
-1.11112 -1.11742
-1.11221 -1.1153
-1.1094 -1.11942
-1.1131 -1.11641
-1.1116 -1.11739
-1.11366 -1.11941
-1.11046 -1.11695
-1.11034 -1.11834
-1.11159 -1.11601
-1.11089 -1.11739
-1.11291 -1.11821
-1.11059 -1.11782
-1.11136 -1.11826
-1.11502 -1.11715
-1.11114 -1.11831
-1.11287 -1.11789
-1.10843 -1.1202
-1.11299 -1.11539
-1.10982 -1.11882
-1.10991 -1.11647
-1.11257 -1.1168
-1.1107 -1.11885
-1.11202 -1.11605
-1.11109 -1.11752
-1.11173 -1.11581
-1.10801 -1.11886
-1.1121 -1.11518
-1.11141 -1.11762
-1.11163 -1.11669
-1.10991 -1.11823
-1.11215 -1.11653
-1.11142 -1.1168
-1.10971 -1.11674
-1.11148 -1.11635
-1.11011 -1.11668
-1.11 -1.11643
-1.11186 -1.11407
-1.10971 -1.12133
-1.10953 -1.11491
-1.11014 -1.1175
-1.10668 -1.11671
-1.10877 -1.11571
-1.1101 -1.11509
-1.10799 -1.11685
-1.10975 -1.11582
-1.10868 -1.1159
-1.10845 -1.11587
-1.11033 -1.11565
-1.10714 -1.11618
-1.11036 -1.11506
-1.10953 -1.11522
-1.10961 -1.11567
-1.1103 -1.11551
-1.11001 -1.11434
-1.11021 -1.11344
-1.10728 -1.11631
-1.10957 -1.11674
-1.11078 -1.11328
-1.10648 -1.11886
-1.11275 -1.11243
-1.10835 -1.11997
-1.113 -1.11263
-1.10874 -1.11717
-1.10868 -1.11643
-1.1121 -1.1128
-1.10964 -1.11746
-1.11066 -1.11597
-1.10997 -1.11576
-1.11127 -1.11523
-1.11067 -1.11472
-1.10947 -1.12036
-1.11298 -1.1129
-1.10934 -1.11832
-1.11037 -1.11508
-1.10976 -1.11768
-1.10948 -1.11394
-1.10937 -1.11641
-1.10887 -1.115
-1.10776 -1.1145
-1.1103 -1.11451
-1.10864 -1.11586
-1.11163 -1.11319
-1.10653 -1.11809
-1.11199 -1.11383
-1.10682 -1.11639
-1.1105 -1.11478
-1.10532 -1.11611
-1.10917 -1.11438
-1.10765 -1.11625
-1.10801 -1.11545
-1.11055 -1.11295
-1.1055 -1.11607
-1.10777 -1.11312
-1.10949 -1.11432
-1.10577 -1.11473
-1.10807 -1.11303
-1.10664 -1.11509
-1.11001 -1.11301
-1.10828 -1.1142
-1.10851 -1.11291
-1.10804 -1.11247
-1.10847 -1.11531
-1.10745 -1.11091
-1.10679 -1.11649
-1.10758 -1.11051
-1.10534 -1.11622
-1.11021 -1.11135
-1.10721 -1.114
-1.10785 -1.11597
-1.10689 -1.11256
-1.10605 -1.11627
-1.10919 -1.11152
-1.10452 -1.11655
-1.10867 -1.11251
-1.10803 -1.11426
-1.10755 -1.11296
-1.10936 -1.11435
-1.10683 -1.11418
-1.10954 -1.11249
-1.10784 -1.11316
-1.10781 -1.11286
-1.10625 -1.11631
-1.10788 -1.1116
-1.10541 -1.11617
-1.10928 -1.11256
-1.1075 -1.11564
-1.10644 -1.11577
-1.10815 -1.11302
-1.10476 -1.11739
-1.10732 -1.11067
-1.1064 -1.11622
-1.10485 -1.11575
-1.10865 -1.10965
-1.10313 -1.11654
-1.107 -1.11189
-1.103 -1.11474
-1.10564 -1.11143
-1.10384 -1.1151
-1.10462 -1.11195
-1.10386 -1.11299
-1.10358 -1.11388
-1.10383 -1.11241
-1.10375 -1.11311
-1.10315 -1.11138
-1.10321 -1.11118
-1.10192 -1.11272
-1.10288 -1.11026
-1.10228 -1.11025
-1.10123 -1.11354
-1.1031 -1.11127
-1.10106 -1.11324
-1.10458 -1.11008
-1.10229 -1.11273
-1.10417 -1.1117
-1.10181 -1.11303
-1.10331 -1.10968
-1.08424 -1.08069
-1.06667 -1.0462
-1.06823 -1.04744
-1.06807 -1.04849
-1.06683 -1.04721
-1.06683 -1.04934
-1.07022 -1.04325
-1.06707 -1.0499
-1.06783 -1.04807
-1.06874 -1.04587
-1.06593 -1.04882
-1.06751 -1.04644
-1.06669 -1.05015
-1.06674 -1.04634
-1.06781 -1.04766
-1.06784 -1.04859
-1.06774 -1.0468
-1.06832 -1.04942
-1.0684 -1.04517
-1.06603 -1.04798
-1.06495 -1.04946
-1.06862 -1.04483
-1.06911 -1.04697
-1.06518 -1.04905
-1.0673 -1.04694
-1.06828 -1.04523
-1.0665 -1.04812
-1.06763 -1.04755
-1.06545 -1.04595
-1.06573 -1.04892
-1.06593 -1.04524
-1.06768 -1.04741
-1.06618 -1.04675
-1.06718 -1.04778
-1.06615 -1.04676
-1.06637 -1.0456
-1.06801 -1.04576
-1.06422 -1.0469
-1.06652 -1.04467
-1.06474 -1.04645
-1.06728 -1.04509
-1.06454 -1.04504
-1.06654 -1.04659
-1.06708 -1.0457
-1.06544 -1.04556
-1.06714 -1.04691
-1.06587 -1.04552
-1.0657 -1.04473
-1.06652 -1.04522
-1.06428 -1.04726
-1.06773 -1.04379
-1.06638 -1.0461
-1.06719 -1.04696
-1.06701 -1.04408
-1.06902 -1.04457
-1.06559 -1.04662
-1.06754 -1.04554
-1.0665 -1.04531
-1.06678 -1.04527
-1.06565 -1.04592
-1.06711 -1.04457
-1.06549 -1.04631
-1.06616 -1.04508
-1.06584 -1.04696
-1.06771 -1.04375
-1.06545 -1.04741
-1.06724 -1.04533
-1.06753 -1.04563
-1.06625 -1.04448
-1.06656 -1.04585
-1.06693 -1.04523
-1.06883 -1.04561
-1.06658 -1.0443
-1.06817 -1.04427
-1.06844 -1.0437
-1.06565 -1.04756
-1.06675 -1.04372
-1.06708 -1.04377
-1.06675 -1.0459
-1.06694 -1.04643
-1.06674 -1.04506
-1.06599 -1.0467
-1.06704 -1.04436
-1.06822 -1.04639
-1.0686 -1.04561
-1.06517 -1.0476
-1.06921 -1.04364
-1.06575 -1.04494
-1.06861 -1.0467
-1.06397 -1.0462
-1.06787 -1.04343
-1.06566 -1.0466
-1.06642 -1.04499
-1.0681 -1.04481
-1.06623 -1.04288
-1.0661 -1.04564
-1.06665 -1.04504
-1.06695 -1.04332
-1.06556 -1.04486
-1.06757 -1.04321
-1.06358 -1.0456
-1.06425 -1.04523
-1.06648 -1.04347
-1.0634 -1.04505
-1.06807 -1.0429
-1.06489 -1.04613
-1.06728 -1.04399
-1.06643 -1.04503
-1.06421 -1.04436
-1.06565 -1.04505
-1.06669 -1.04257
-1.06323 -1.04649
-1.06652 -1.04381
-1.06476 -1.04495
-1.06735 -1.0449
-1.06594 -1.04428
-1.06608 -1.04422
-1.06425 -1.04413
-1.06366 -1.04439
-1.0646 -1.04498
-1.06503 -1.04246
-1.06365 -1.04549
-1.06697 -1.04195
-1.06509 -1.04524
-1.06663 -1.04359
-1.06381 -1.0432
-1.06669 -1.04334
-1.06343 -1.04329
-1.06487 -1.04196
-1.06453 -1.04137
-1.06226 -1.04446
-1.06677 -1.04183
-1.06599 -1.04282
-1.06415 -1.04287
-1.06548 -1.04103
-1.06449 -1.04422
-1.06394 -1.04208
-1.06567 -1.04061
-1.06279 -1.04256
-1.06379 -1.04096
-1.06298 -1.04264
-1.06367 -1.04175
-1.06301 -1.04215
-1.06498 -1.04089
-1.06096 -1.04523
-1.06682 -1.03838
-1.0633 -1.04391
-1.06484 -1.0425
-1.06577 -1.0412
-1.06576 -1.0434
-1.06351 -1.04372
-1.06547 -1.04258
-1.06574 -1.04111
-1.06416 -1.04301
-1.06647 -1.04109
-1.06181 -1.04348
-1.06569 -1.04211
-1.06222 -1.04605
-1.06698 -1.04253
-1.06558 -1.04434
-1.06494 -1.04601
-1.06517 -1.04558
-1.06589 -1.04374
-1.0644 -1.04446
-1.06394 -1.04543
-1.06516 -1.04317
-1.06427 -1.04501
-1.0647 -1.04449
-1.06526 -1.04546
-1.06412 -1.04463
-1.06523 -1.04361
-1.0632 -1.04497
-1.065 -1.04511
-1.06499 -1.04338
-1.06453 -1.0463
-1.06495 -1.04547
-1.06732 -1.04291
-1.06375 -1.04765
-1.06398 -1.04281
-1.0654 -1.04499
-1.06396 -1.04401
-1.06623 -1.04543
-1.06509 -1.04278
-1.06537 -1.0459
-1.06689 -1.04253
-1.06384 -1.04557
-1.06293 -1.04497
-1.06524 -1.04227
-1.06495 -1.04539
-1.06485 -1.0428
-1.06479 -1.04266
-1.06687 -1.04349
-1.06226 -1.04459
-1.06698 -1.04243
-1.06518 -1.04327
-1.06434 -1.04599
-1.06635 -1.04057
-1.06311 -1.04545
-1.06585 -1.04078
-1.06225 -1.04346
-1.06629 -1.04119
-1.06323 -1.0458
-1.06727 -1.04132
-1.06533 -1.0439
-1.06722 -1.04415
-1.06486 -1.04318
-1.0655 -1.04172
-1.06458 -1.04374
-1.06567 -1.04346
-1.06457 -1.04193
-1.06412 -1.04407
-1.06614 -1.0414
-1.06492 -1.04368
-1.06616 -1.04187
-1.06691 -1.04307
-1.06464 -1.04113
-1.06529 -1.0427
-1.06585 -1.0426
-1.0646 -1.04231
-1.06622 -1.04199
-1.06687 -1.04077
-1.0659 -1.04507
-1.06492 -1.04102
-1.06406 -1.04251
-1.0642 -1.04228
-1.0657 -1.04148
-1.06561 -1.04387
-1.06594 -1.04215
-1.06567 -1.04445
-1.06491 -1.04216
-1.06559 -1.04288
-1.06377 -1.0427
-1.06362 -1.04262
-1.06431 -1.04107
-1.06475 -1.04333
-1.06451 -1.04335
-1.0641 -1.04172
-1.06485 -1.04339
-1.0644 -1.04199
-1.06795 -1.04141
-1.06166 -1.04391
-1.06446 -1.04089
-1.06361 -1.04251
-1.06344 -1.04166
-1.06148 -1.04335
-1.06502 -1.04077
-1.06149 -1.04329
-1.06364 -1.04256
-1.0627 -1.04206
-1.06417 -1.04215
-1.06309 -1.04208
-1.06283 -1.04333
-1.06413 -1.04062
-1.06179 -1.04224
-1.06381 -1.04212
-1.06463 -1.04038
-1.06265 -1.04243
-1.06372 -1.04113
-1.06407 -1.04149
-1.06298 -1.03824
-1.06201 -1.04155
-1.06629 -1.0404
-1.06282 -1.0408
-1.06535 -1.03875
-1.06307 -1.04217
-1.06519 -1.03776
-1.06295 -1.04334
-1.06486 -1.03854
-1.06272 -1.04038
-1.06181 -1.0404
-1.06397 -1.0407
-1.06276 -1.03994
-1.06443 -1.04033
-1.06284 -1.04123
-1.06584 -1.03978
-1.06292 -1.0431
-1.0647 -1.04042
-1.06299 -1.03961
-1.06148 -1.04126
-1.06312 -1.03934
-1.06038 -1.04074
-1.06299 -1.03803
-1.06269 -1.04145
-1.06261 -1.04131
-1.0634 -1.03998
-1.06327 -1.04072
-1.0622 -1.04034
-1.06131 -1.04092
-1.0637 -1.03953
-1.06248 -1.04009
-1.06521 -1.04047
-1.06176 -1.04149
-1.06352 -1.03956
-1.06344 -1.04065
-1.06366 -1.04115
-1.06264 -1.03847
-1.06246 -1.04095
-1.06432 -1.03945
-1.06369 -1.03967
-1.06255 -1.04138
-1.06374 -1.04036
-1.06104 -1.0399
-1.06281 -1.04212
-1.06355 -1.04127
-1.06347 -1.03844
-1.06064 -1.04208
-1.06186 -1.04165
-1.06306 -1.03801
-1.06081 -1.04084
-1.06105 -1.0402
-1.06226 -1.03892
-1.06306 -1.04129
-1.06154 -1.04109
-1.06107 -1.0398
-1.06391 -1.0389
-1.05965 -1.04211
-1.06309 -1.03922
-1.0613 -1.0402
-1.06202 -1.04012
-1.06174 -1.04203
-1.06264 -1.03862
-1.06034 -1.0416
-1.06386 -1.03698
-1.06051 -1.04133
-1.06164 -1.03979
-1.06175 -1.03906
-1.06184 -1.03942
-1.0622 -1.04028
-1.06078 -1.03908
-1.06177 -1.03944
-1.06118 -1.03945
-1.05936 -1.0398
-1.06158 -1.03923
-1.06186 -1.03956
-1.06142 -1.04017
-1.06216 -1.0367
-1.06035 -1.04152
-1.06368 -1.03582
-1.05954 -1.03998
-1.06133 -1.03888
-1.06118 -1.03911
-1.06161 -1.03802
-1.06234 -1.03923
-1.06158 -1.03854
-1.06063 -1.04041
-1.0631 -1.03877
-1.06096 -1.03833
-1.06119 -1.03877
-1.06182 -1.03731
-1.06188 -1.03827
-1.06172 -1.03784
-1.06222 -1.03774
-1.06237 -1.03795
-1.06161 -1.03971
-1.06246 -1.03806
-1.06427 -1.03694
-1.06117 -1.03863
-1.06233 -1.03627
-1.06185 -1.03815
-1.06052 -1.03733
-1.06433 -1.03668
-1.06235 -1.03824
-1.06318 -1.03682
-1.06352 -1.0376
-1.06159 -1.03731
-1.06282 -1.03848
-1.06449 -1.03457
-1.06058 -1.03818
-1.06081 -1.03882
-1.06455 -1.03298
-1.0603 -1.04089
-1.06253 -1.03529
-1.06219 -1.04003
-1.06088 -1.03584
-1.06164 -1.03689
-1.06148 -1.03753
-1.06146 -1.03614
-1.06117 -1.03838
-1.06217 -1.03747
-1.06107 -1.03645
-1.06228 -1.03692
-1.06043 -1.0363
-1.06317 -1.03779
-1.06365 -1.03615
-1.06229 -1.03683
-1.0621 -1.03854
-1.06418 -1.03499
-1.06192 -1.03944
-1.06041 -1.03572
-1.0624 -1.03894
-1.06101 -1.03624
-1.06303 -1.03618
-1.05938 -1.04096
-1.06409 -1.03324
-1.05983 -1.03947
-1.06204 -1.03707
-1.06127 -1.03798
-1.06063 -1.03761
-1.0615 -1.03628
-1.06163 -1.03812
-1.06186 -1.03665
-1.0607 -1.03843
-1.05962 -1.03661
-1.06264 -1.03667
-1.06098 -1.03798
-1.06107 -1.03591
-1.06154 -1.03637
-1.06196 -1.03726
-1.06266 -1.03866
-1.06161 -1.03532
-1.06222 -1.03672
-1.06059 -1.03714
-1.05964 -1.03707
-1.06296 -1.03518
-1.06162 -1.03584
-1.05997 -1.03869
-1.06266 -1.03521
-1.06258 -1.0361
-1.06157 -1.03568
-1.06224 -1.03566
-1.0611 -1.03795
-1.06331 -1.03301
-1.06151 -1.03726
-1.06195 -1.03591
-1.06185 -1.03443
-1.06138 -1.03673
-1.06242 -1.03615
-1.06327 -1.03449
-1.06091 -1.03827
-1.06476 -1.03427
-1.06121 -1.0358
-1.06104 -1.03645
-1.06263 -1.03498
-1.06202 -1.03671
-1.06294 -1.03463
-1.06268 -1.03779
-1.06309 -1.03377
-1.06115 -1.03842
-1.06204 -1.03538
-1.05968 -1.03686
-1.06156 -1.03532
-1.06211 -1.03495
-1.05967 -1.03746
-1.0617 -1.03263
-1.06066 -1.03738
-1.06343 -1.03439
-1.06197 -1.03484
-1.06082 -1.03839
-1.06018 -1.03494
-1.06255 -1.03371
-1.06033 -1.03768
-1.06195 -1.03332
-1.05914 -1.03613
-1.06004 -1.03458
-1.06284 -1.03439
-1.06046 -1.03743
-1.06265 -1.03434
-1.05935 -1.03679
-1.06116 -1.03311
-1.05943 -1.03656
-1.05844 -1.03538
-1.06205 -1.03442
-1.05859 -1.03682
-1.06039 -1.0363
-1.06031 -1.03352
-1.05863 -1.03652
-1.06019 -1.03565
-1.05797 -1.03689
-1.06128 -1.03388
-1.06012 -1.03674
-1.05985 -1.03634
-1.06057 -1.0352
-1.05944 -1.03548
-1.05901 -1.03722
-1.06009 -1.03459
-1.06018 -1.03524
-1.05739 -1.03735
-1.05921 -1.03342
-1.0597 -1.03678
-1.05782 -1.03463
-1.06094 -1.03385
-1.05847 -1.03745
-1.05886 -1.03574
-1.05988 -1.03445
-1.05911 -1.03505
-1.05746 -1.03706
-1.06015 -1.03331
-1.05847 -1.03719
-1.05948 -1.03548
-1.05931 -1.03377
-1.05819 -1.03683
-1.05793 -1.03315
-1.05768 -1.03447
-1.05673 -1.03514
-1.05708 -1.0344
-1.05918 -1.03454
-1.0584 -1.03714
-1.05876 -1.03273
-1.05666 -1.03687
-1.05895 -1.03358
-1.05676 -1.03523
-1.05667 -1.03544
-1.05909 -1.03461
-1.0575 -1.03664
-1.0594 -1.03476
-1.05879 -1.03552
-1.05948 -1.03613
-1.05937 -1.03461
-1.05756 -1.03625
-1.05996 -1.03483
-1.05687 -1.03663
-1.05925 -1.03473
-1.05994 -1.03684
-1.05887 -1.03675
-1.05831 -1.03503
-1.05667 -1.03629
-1.05883 -1.03596
-1.05838 -1.03575
-1.05761 -1.03669
-1.05837 -1.03568
-1.05882 -1.03397
-1.05773 -1.03589
-1.05798 -1.03492
-1.05804 -1.03417
-1.05874 -1.03448
-1.05647 -1.03472
-1.05828 -1.03584
-1.05839 -1.03199
-1.05709 -1.03717
-1.05815 -1.03263
-1.05905 -1.03404
-1.0563 -1.03418
-1.05938 -1.03241
-1.05628 -1.0335
-1.05839 -1.03205
-1.05818 -1.03263
-1.05593 -1.03336
-1.05774 -1.03133
-1.06031 -1.033
-1.05665 -1.03395
-1.05859 -1.03249
-1.05697 -1.03162
-1.05703 -1.03346
-1.05741 -1.02951
-1.05521 -1.03543
-1.05584 -1.03146
-1.05956 -1.03051
-1.05597 -1.03406
-1.05844 -1.03131
-1.05628 -1.03471
-1.05776 -1.03268
-1.0559 -1.03267
-1.05584 -1.03238
-1.0555 -1.03381
-1.05449 -1.03391
-1.05809 -1.03288
-1.05639 -1.03253
-1.05597 -1.03475
-1.05664 -1.0324
-1.05522 -1.03395
-1.05553 -1.031
-1.05457 -1.0355
-1.05554 -1.02982
-1.05525 -1.03362
-1.05535 -1.03289
-1.05583 -1.03262
-1.05461 -1.03376
-1.0571 -1.03031
-1.05396 -1.03516
-1.05659 -1.03155
-1.05541 -1.03343
-1.05468 -1.03256
-1.05519 -1.03178
-1.05386 -1.03355
-1.05508 -1.03332
-1.05156 -1.03264
-1.0572 -1.0324
-1.05535 -1.03262
-1.05543 -1.0328
-1.05367 -1.0345
-1.05598 -1.03092
-1.05245 -1.0315
-1.05308 -1.03296
-1.055 -1.03193
-1.05372 -1.03254
-1.05642 -1.03175
-1.05737 -1.03277
-1.05571 -1.03246
-1.05585 -1.03313
-1.05576 -1.03044
-1.05422 -1.03295
-1.05605 -1.03012
-1.0525 -1.03396
-1.05407 -1.03187
-1.05619 -1.03126
-1.05184 -1.03393
-1.05738 -1.03047
-1.0536 -1.03319
-1.056 -1.03131
-1.05345 -1.033
-1.05557 -1.0317
-1.05657 -1.03241
-1.05564 -1.03166
-1.05475 -1.03035
-1.05512 -1.03267
-1.05378 -1.03139
-1.05277 -1.03154
-1.05414 -1.03172
-1.0543 -1.03182
-1.05277 -1.03231
-1.05668 -1.02911
-1.05504 -1.03359
-1.0545 -1.03273
-1.05362 -1.02977
-1.0529 -1.03222
-1.05455 -1.03113
-1.05449 -1.03194
-1.0538 -1.03288
-1.05569 -1.0307
-1.05255 -1.03308
-1.05479 -1.02916
-1.05254 -1.03202
-1.0537 -1.03108
-1.05217 -1.02933
-1.05295 -1.03376
-1.05415 -1.03061
-1.05675 -1.03085
-1.05221 -1.03193
-1.05476 -1.03066
-1.05483 -1.02968
-1.05158 -1.03339
-1.05595 -1.02912
-1.05254 -1.03216
-1.0541 -1.032
-1.05553 -1.0286
-1.05403 -1.03445
-1.05497 -1.03124
-1.05334 -1.03186
-1.0553 -1.032
-1.05322 -1.03153
-1.05519 -1.03058
-1.05134 -1.03294
-1.05451 -1.02989
-1.0533 -1.03247
-1.05178 -1.03272
-1.05403 -1.03015
-1.05159 -1.03301
-1.05344 -1.0305
-1.05306 -1.03265
-1.05313 -1.03072
-1.05383 -1.03137
-1.05362 -1.03173
-1.05321 -1.03078
-1.05197 -1.03222
-1.05333 -1.03165
-1.05272 -1.02977
-1.05217 -1.03088
-1.05149 -1.03193
-1.05479 -1.03082
-1.052 -1.02924
-1.05062 -1.03267
-1.05375 -1.02939
-1.05274 -1.03039
-1.0509 -1.03252
-1.05352 -1.02831
-1.05058 -1.03145
-1.05343 -1.03153
-1.05154 -1.03051
-1.05482 -1.0291
-1.05269 -1.03283
-1.05423 -1.02913
-1.05205 -1.03055
-1.0527 -1.02989
-1.05453 -1.03033
-1.05226 -1.02859
-1.05366 -1.03069
-1.05114 -1.03023
-1.05537 -1.03011
-1.04939 -1.03072
-1.05086 -1.03001
-1.05174 -1.03076
-1.04954 -1.02889
-1.05172 -1.03083
-1.05223 -1.02851
-1.05006 -1.03253
-1.05141 -1.02936
-1.05023 -1.03123
-1.05135 -1.03057
-1.05247 -1.02922
-1.04999 -1.03069
-1.05219 -1.03015
-1.05056 -1.03031
-1.0516 -1.03053
-1.05262 -1.03042
-1.05275 -1.02956
-1.05074 -1.03217
-1.05207 -1.02836
-1.05247 -1.03014
-1.05148 -1.03293
-1.05438 -1.02822
-1.0496 -1.03137
-1.0518 -1.03067
-1.05278 -1.02842
-1.05043 -1.03073
-1.05208 -1.03012
-1.05236 -1.02957
-1.0508 -1.03025
-1.05402 -1.02828
-1.05127 -1.02995
-1.05183 -1.03
-1.05248 -1.03164
-1.05249 -1.02572
-1.05363 -1.03059
-1.05191 -1.02963
-1.05378 -1.02914
-1.0527 -1.03193
-1.05398 -1.02802
-1.05257 -1.02872
-1.05169 -1.03071
-1.05235 -1.02848
-1.05167 -1.02886
-1.04978 -1.02847
-1.05228 -1.02691
-1.04948 -1.03125
-1.05065 -1.02776
-1.05063 -1.02988
-1.05055 -1.0291
-1.05198 -1.02807
-1.05061 -1.02876
-1.05238 -1.02971
-1.05032 -1.02767
-1.0516 -1.0283
-1.05128 -1.02797
-1.04922 -1.02858
-1.05094 -1.02679
-1.05024 -1.02708
-1.04928 -1.02906
-1.04976 -1.0283
-1.05228 -1.02668
-1.04873 -1.02841
-1.05139 -1.02846
-1.05024 -1.02677
-1.0495 -1.02722
-1.04949 -1.02783
-1.05008 -1.02752
-1.05061 -1.02844
-1.05149 -1.02702
-1.04936 -1.02829
-1.05043 -1.02735
-1.05046 -1.02896
-1.05039 -1.02594
-1.0496 -1.02767
-1.04824 -1.02987
-1.05164 -1.02618
-1.04715 -1.02796
-1.05068 -1.02888
-1.04776 -1.02661
-1.05044 -1.02596
-1.04933 -1.02787
-1.04912 -1.0267
-1.04957 -1.02787
-1.05043 -1.02593
-1.04676 -1.02919
-1.05233 -1.02702
-1.04772 -1.02645
-1.04994 -1.02628
-1.04845 -1.02861
-1.05019 -1.0246
-1.04809 -1.02889
-1.04964 -1.02693
-1.05059 -1.02672
-1.04816 -1.02715
-1.05041 -1.02687
-1.04983 -1.0272
-1.04769 -1.02765
-1.04919 -1.0266
-1.04986 -1.02604
-1.04651 -1.02823
-1.04904 -1.0267
-1.04797 -1.02699
-1.04629 -1.02885
-1.04867 -1.02607
-1.04684 -1.02891
-1.04995 -1.02588
-1.04774 -1.0283
-1.04733 -1.02874
-1.04755 -1.02765
-1.04826 -1.02762
-1.0461 -1.02671
-1.04913 -1.02836
-1.04726 -1.02612
-1.04776 -1.02952
-1.04787 -1.02641
-1.04764 -1.02773
-1.04845 -1.02666
-1.04805 -1.02548
-1.04776 -1.02846
-1.04844 -1.02604
-1.04607 -1.02676
-1.04774 -1.02723
-1.04819 -1.02532
-1.04589 -1.02884
-1.04946 -1.02611
-1.04756 -1.02513
-1.04759 -1.02788
-1.04876 -1.02668
-1.04822 -1.02731
-1.04757 -1.0264
-1.04642 -1.0272
-1.04921 -1.0255
-1.04819 -1.02639
-1.04741 -1.02781
-1.04838 -1.02623
-1.04831 -1.02574
-1.04701 -1.02752
-1.0467 -1.02662
-1.0484 -1.02457
-1.04806 -1.02577
-1.04649 -1.02766
-1.04945 -1.02409
-1.04541 -1.02753
-1.04766 -1.02386
-1.0478 -1.02586
-1.046 -1.0245
-1.04596 -1.02567
-1.04915 -1.02298
-1.04582 -1.02621
-1.04672 -1.02338
-1.0485 -1.02287
-1.04634 -1.0252
-1.04947 -1.0233
-1.04637 -1.02469
-1.04802 -1.02362
