0 0
-0.0847676 -0.0783994
-0.158066 -0.140245
-0.225666 -0.197253
-0.296671 -0.257786
-0.356835 -0.301376
-0.350073 -0.263324
-0.385631 -0.285568
-0.425838 -0.314702
-0.473173 -0.351142
-0.480887 -0.345951
-0.466889 -0.319586
-0.481717 -0.32845
-0.486314 -0.322294
-0.499463 -0.326552
-0.529007 -0.350251
-0.547889 -0.359944
-0.57137 -0.376286
-0.56225 -0.361976
-0.573903 -0.369444
-0.599368 -0.390231
-0.625411 -0.408301
-0.648555 -0.426083
-0.674308 -0.443688
-0.694867 -0.461093
-0.715165 -0.479373
-0.726905 -0.488286
-0.708039 -0.46536
-0.70409 -0.461384
-0.687585 -0.44405
-0.633203 -0.395354
-0.586514 -0.363959
-0.547346 -0.332619
-0.465194 -0.270246
-0.460492 -0.267732
-0.44235 -0.255432
-0.441465 -0.254697
-0.440347 -0.256037
-0.439511 -0.255766
-0.425907 -0.24534
-0.422286 -0.24359
-0.423207 -0.24358
-0.424115 -0.243236
-0.422341 -0.243157
-0.423269 -0.244283
-0.423763 -0.244206
-0.422755 -0.244083
-0.423239 -0.244451
-0.422969 -0.244564
-0.423305 -0.244505
-0.423622 -0.244701
-0.422885 -0.244846
-0.423823 -0.244774
-0.423134 -0.244618
-0.423239 -0.244916
-0.42372 -0.244784
-0.42407 -0.244563
-0.4237 -0.244453
-0.423344 -0.244518
-0.422589 -0.244402
-0.423896 -0.244281
-0.424054 -0.24446
-0.422766 -0.244486
-0.423311 -0.244205
-0.424002 -0.244421
-0.423272 -0.244554
-0.423416 -0.244613
-0.423145 -0.24466
-0.423061 -0.245392
-0.423809 -0.245234
-0.422999 -0.245311
-0.424159 -0.24604
-0.406095 -0.233954
-0.401629 -0.231129
-0.402808 -0.231183
-0.401673 -0.231773
-0.401679 -0.231802
-0.402123 -0.231321
-0.402339 -0.23251
-0.401472 -0.232397
-0.388107 -0.221533
-0.385136 -0.220039
-0.385875 -0.220272
-0.385338 -0.219979
-0.385245 -0.220086
-0.386046 -0.221323
-0.385659 -0.221256
-0.386035 -0.221508
-0.385894 -0.221974
-0.385696 -0.221734
-0.385929 -0.221631
-0.38537 -0.221835
-0.385679 -0.221703
-0.386645 -0.221535
-0.385552 -0.221958
-0.385342 -0.221829
-0.385872 -0.22132
-0.385469 -0.221647
-0.385216 -0.221574
-0.385617 -0.221415
-0.385597 -0.221491
-0.385316 -0.221569
-0.385237 -0.222022
-0.385021 -0.222146
-0.38564 -0.221917
-0.385978 -0.222251
-0.385645 -0.22233
-0.385316 -0.221941
-0.385354 -0.221833
-0.385988 -0.222239
-0.385398 -0.221806
-0.385313 -0.222117
-0.385319 -0.222209
-0.385462 -0.2214
-0.385611 -0.221351
-0.384631 -0.22157
-0.385056 -0.221117
-0.385163 -0.220801
-0.384667 -0.22104
-0.384276 -0.220718
-0.38465 -0.220663
-0.384344 -0.220645
-0.385055 -0.220465
-0.385039 -0.220318
-0.384779 -0.220879
-0.385462 -0.220824
-0.385489 -0.220625
-0.384478 -0.221082
-0.385321 -0.22121
-0.385928 -0.221051
-0.385163 -0.220977
-0.384215 -0.221098
-0.385331 -0.220912
-0.385463 -0.220933
-0.385008 -0.221097
-0.385528 -0.221152
-0.384847 -0.221196
-0.385162 -0.221397
-0.385989 -0.221521
-0.385434 -0.22132
-0.386 -0.221521
-0.385066 -0.221527
-0.38504 -0.221367
-0.385581 -0.221285
-0.385476 -0.221443
-0.385416 -0.221456
-0.385559 -0.221491
-0.385958 -0.221769
-0.38555 -0.221717
-0.385633 -0.221483
-0.385648 -0.221672
-0.384921 -0.221467
-0.385571 -0.221232
-0.385551 -0.221268
-0.385092 -0.221437
-0.385325 -0.221264
-0.385763 -0.221384
-0.385395 -0.221798
-0.385557 -0.221667
-0.386091 -0.221711
-0.38581 -0.222004
-0.38544 -0.221614
-0.385348 -0.221576
-0.384852 -0.221619
-0.385612 -0.221249
-0.385214 -0.220931
-0.384831 -0.221362
-0.385322 -0.221319
-0.385349 -0.221073
-0.384931 -0.221247
-0.385385 -0.221262
-0.385665 -0.221026
-0.385355 -0.221089
-0.385141 -0.221018
-0.38484 -0.220996
-0.385299 -0.220875
-0.3848 -0.22068
-0.385272 -0.220932
-0.385418 -0.220647
-0.385242 -0.220481
-0.384778 -0.220736
-0.384602 -0.220584
-0.385043 -0.220399
-0.384919 -0.220482
-0.384837 -0.220454
-0.38523 -0.220359
-0.384827 -0.220483
-0.384484 -0.220338
-0.384566 -0.220251
-0.385097 -0.220208
-0.384919 -0.220216
-0.384887 -0.220219
-0.384751 -0.22045
-0.385087 -0.220542
-0.385169 -0.220586
-0.384622 -0.220452
-0.385149 -0.220411
-0.385238 -0.220454
-0.384568 -0.220445
-0.384676 -0.220453
-0.384839 -0.220665
-0.385255 -0.220618
-0.385195 -0.220632
-0.384567 -0.220772
-0.384918 -0.220539
-0.385378 -0.220329
-0.385207 -0.220323
-0.384098 -0.220278
-0.384392 -0.220223
-0.384847 -0.220403
-0.384996 -0.220448
-0.385039 -0.220311
-0.38432 -0.220312
-0.383919 -0.220421
-0.385446 -0.220286
-0.384961 -0.220173
-0.384368 -0.220693
-0.384497 -0.220738
-0.384803 -0.220604
-0.385439 -0.220829
-0.385468 -0.220687
-0.384205 -0.220042
-0.384242 -0.220453
-0.38456 -0.220603
-0.384908 -0.220227
-0.384938 -0.220629
-0.384343 -0.220783
-0.384176 -0.220325
-0.384781 -0.220142
-0.384879 -0.220298
-0.384613 -0.219905
-0.38471 -0.219716
-0.383886 -0.219746
-0.38454 -0.219746
-0.384028 -0.219463
-0.384832 -0.219668
-0.385153 -0.21976
-0.383723 -0.219709
-0.383661 -0.21958
-0.38439 -0.21975
-0.384085 -0.219629
-0.384291 -0.21946
-0.384564 -0.219421
-0.384009 -0.219292
-0.383714 -0.219403
-0.383806 -0.21928
-0.384125 -0.219283
-0.384197 -0.219105
-0.384358 -0.219352
-0.383988 -0.219049
-0.38388 -0.219221
-0.383617 -0.219464
-0.383881 -0.219191
-0.384056 -0.219201
-0.383954 -0.219307
-0.384304 -0.219503
-0.383062 -0.219133
-0.383623 -0.219621
-0.384111 -0.219738
-0.384009 -0.219941
-0.384022 -0.220463
-0.383926 -0.220945
-0.383972 -0.220914
-0.384189 -0.221246
-0.384105 -0.221479
-0.384166 -0.221196
-0.383774 -0.221434
-0.383856 -0.221528
-0.384776 -0.22158
-0.38418 -0.221812
-0.384883 -0.222658
-0.368538 -0.212237
-0.364865 -0.210976
-0.355697 -0.204644
-0.353381 -0.203258
-0.353451 -0.202979
-0.353245 -0.202809
-0.353389 -0.203144
-0.352731 -0.202866
-0.353484 -0.202812
-0.354088 -0.203148
-0.353103 -0.202987
-0.352673 -0.202568
-0.353523 -0.203092
-0.353163 -0.203247
-0.35319 -0.203079
-0.353695 -0.203171
-0.353347 -0.20326
-0.353404 -0.203084
-0.353248 -0.203199
-0.352941 -0.203201
-0.353127 -0.203031
-0.353437 -0.203026
-0.353839 -0.20316
-0.353452 -0.20314
-0.353071 -0.203054
-0.353287 -0.203096
-0.35366 -0.203198
-0.353578 -0.203218
-0.353303 -0.203057
-0.353379 -0.202903
-0.352996 -0.203103
-0.35288 -0.202909
-0.353515 -0.202919
-0.353223 -0.202893
-0.353064 -0.202774
-0.352834 -0.202593
-0.352952 -0.203002
-0.352855 -0.202831
-0.353406 -0.202574
-0.353201 -0.202705
-0.352847 -0.203084
-0.353523 -0.202752
-0.353734 -0.203109
-0.352751 -0.203317
-0.352723 -0.203092
-0.353193 -0.202686
-0.353424 -0.203113
-0.353142 -0.203049
-0.353786 -0.202866
-0.352937 -0.202826
-0.352909 -0.202791
-0.352955 -0.202598
-0.353508 -0.203114
-0.354144 -0.203301
-0.353828 -0.203168
-0.353156 -0.203137
-0.353337 -0.203153
-0.353745 -0.203207
-0.353538 -0.203493
-0.353742 -0.203495
-0.353766 -0.203637
-0.35336 -0.203603
-0.353513 -0.203409
-0.353866 -0.203586
-0.353358 -0.203539
-0.353547 -0.203644
-0.353617 -0.203529
-0.354095 -0.20371
-0.353828 -0.203653
-0.353563 -0.203656
-0.3538 -0.203546
-0.353691 -0.203565
-0.353335 -0.203515
-0.353542 -0.203484
-0.353672 -0.203602
-0.353669 -0.203636
-0.339846 -0.194343
-0.336317 -0.192848
-0.336406 -0.192745
-0.336668 -0.192812
-0.336434 -0.192702
-0.335912 -0.192791
-0.336058 -0.192715
-0.336693 -0.192668
-0.336665 -0.192791
-0.336349 -0.192824
-0.33629 -0.193496
-0.325063 -0.184896
-0.322186 -0.183132
-0.322647 -0.183232
-0.322902 -0.183282
-0.322799 -0.183379
-0.323021 -0.183512
-0.322722 -0.183606
-0.322388 -0.183531
-0.322772 -0.183477
-0.322645 -0.183568
-0.322518 -0.183639
-0.322661 -0.183363
-0.323136 -0.183485
-0.322557 -0.183661
-0.322217 -0.183452
-0.32256 -0.183223
-0.322606 -0.183548
-0.322586 -0.183746
-0.322748 -0.183495
-0.322499 -0.183378
-0.322207 -0.183712
-0.322017 -0.183545
-0.3226 -0.183374
-0.322806 -0.183628
-0.322347 -0.183733
-0.322045 -0.183413
-0.322344 -0.183558
-0.322811 -0.183907
-0.32258 -0.18369
-0.322153 -0.183924
-0.322531 -0.184406
-0.322759 -0.184304
-0.322626 -0.183847
-0.322858 -0.184084
-0.322354 -0.184348
-0.322338 -0.18403
-0.322988 -0.183934
-0.322595 -0.184126
-0.3223 -0.18399
-0.322826 -0.183705
-0.322519 -0.183834
-0.3224 -0.184034
-0.322733 -0.183819
-0.32235 -0.183704
-0.322504 -0.18391
-0.322754 -0.183825
-0.322378 -0.183615
-0.322225 -0.183735
-0.322549 -0.183837
-0.322523 -0.183616
-0.322441 -0.183488
-0.322518 -0.18353
-0.322215 -0.183647
-0.321954 -0.183338
-0.322545 -0.183441
-0.322626 -0.183945
-0.322656 -0.183827
-0.322644 -0.183485
-0.32258 -0.183838
-0.322074 -0.183829
-0.322412 -0.183644
-0.32287 -0.183962
-0.322696 -0.184137
-0.322284 -0.184002
-0.322422 -0.183947
-0.322678 -0.184301
-0.322567 -0.184225
-0.322434 -0.183982
-0.322376 -0.184017
-0.322548 -0.184111
-0.322562 -0.183934
-0.322593 -0.183757
-0.322551 -0.183943
-0.322204 -0.183787
-0.322328 -0.183726
-0.321931 -0.183759
-0.322113 -0.183743
-0.32247 -0.183706
-0.322236 -0.183571
-0.322182 -0.183572
-0.321997 -0.183685
-0.321866 -0.183545
-0.3224 -0.183491
-0.322216 -0.18377
-0.322138 -0.183782
-0.322629 -0.183597
-0.322336 -0.183693
-0.32225 -0.183871
-0.322152 -0.183625
-0.322196 -0.183663
-0.322147 -0.183999
-0.32182 -0.18406
-0.32235 -0.183967
-0.322996 -0.184222
-0.322315 -0.184174
-0.322203 -0.183994
-0.322793 -0.184193
-0.322537 -0.184274
-0.322143 -0.184055
-0.32257 -0.183943
-0.322377 -0.184275
-0.322121 -0.184157
-0.322827 -0.183992
-0.322634 -0.184314
-0.322416 -0.184284
-0.322672 -0.184459
-0.322108 -0.184373
-0.322071 -0.184471
-0.322242 -0.18439
-0.322164 -0.184329
-0.322547 -0.18448
-0.322907 -0.184652
-0.322424 -0.18448
-0.322188 -0.184488
-0.322331 -0.184831
-0.32258 -0.184842
-0.322527 -0.184722
-0.322172 -0.184801
-0.3223 -0.184734
-0.322625 -0.184589
-0.322443 -0.18474
-0.322231 -0.184736
-0.322614 -0.184773
-0.322407 -0.184819
-0.322113 -0.184969
-0.32253 -0.184857
-0.322607 -0.184857
-0.321938 -0.184784
-0.322062 -0.184584
-0.322418 -0.184502
-0.322272 -0.184676
-0.322196 -0.184649
-0.322624 -0.184585
-0.322371 -0.18469
-0.321977 -0.184821
-0.322591 -0.184635
-0.322519 -0.184789
-0.322011 -0.184865
-0.322584 -0.184618
-0.322509 -0.184535
-0.322266 -0.1849
-0.322192 -0.184746
-0.322222 -0.184603
-0.3225 -0.184733
-0.322693 -0.184816
-0.322028 -0.184596
-0.322015 -0.184531
-0.322566 -0.184651
-0.322235 -0.18458
-0.32197 -0.184407
-0.322479 -0.184655
-0.32236 -0.184667
-0.322152 -0.184564
-0.322239 -0.184662
-0.322576 -0.184612
-0.322117 -0.1845
-0.321915 -0.184447
-0.322692 -0.184466
-0.322485 -0.18438
-0.322197 -0.184503
-0.322027 -0.184479
-0.322243 -0.184522
-0.322353 -0.184578
-0.3221 -0.184469
-0.322359 -0.1844
-0.322292 -0.184418
-0.32229 -0.184456
-0.322436 -0.184435
-0.322346 -0.184398
-0.322179 -0.184489
-0.321959 -0.184424
-0.322636 -0.184453
-0.322635 -0.184557
-0.321909 -0.18456
-0.322173 -0.184472
-0.322595 -0.184479
-0.322214 -0.184428
-0.322028 -0.184306
-0.32242 -0.184303
-0.322306 -0.184172
-0.321732 -0.184201
-0.321976 -0.184186
-0.322798 -0.184118
-0.322587 -0.184085
-0.32216 -0.184263
-0.321851 -0.184159
-0.322193 -0.184561
-0.322777 -0.184706
-0.32259 -0.184538
-0.322051 -0.184431
-0.322175 -0.184618
-0.322301 -0.184494
-0.322377 -0.184518
-0.322336 -0.184498
-0.322336 -0.184414
-0.321932 -0.184233
-0.322011 -0.184258
-0.322229 -0.184367
-0.322202 -0.184289
-0.321869 -0.184257
-0.322144 -0.184314
-0.322558 -0.184317
-0.3223 -0.18423
-0.321903 -0.184271
-0.321859 -0.184441
-0.322202 -0.184398
-0.322417 -0.184271
-0.322206 -0.184362
-0.32213 -0.184497
-0.322289 -0.184305
-0.322353 -0.184324
-0.322081 -0.184601
-0.321921 -0.184506
-0.322102 -0.184294
-0.322293 -0.184501
-0.322128 -0.184473
-0.321824 -0.184231
-0.321873 -0.184279
-0.322317 -0.184585
-0.322519 -0.184458
-0.322193 -0.184355
-0.32192 -0.184635
-0.322351 -0.184544
-0.322463 -0.184306
-0.321652 -0.18445
-0.321846 -0.184431
-0.322356 -0.184193
-0.321749 -0.184152
-0.321724 -0.18461
-0.322331 -0.184591
-0.322504 -0.184493
-0.322123 -0.184622
-0.321828 -0.184585
-0.322079 -0.184336
-0.322612 -0.184219
-0.322081 -0.184314
-0.32118 -0.18424
-0.3216 -0.184212
-0.3222 -0.184205
-0.322342 -0.184252
-0.322471 -0.184288
-0.322148 -0.184332
-0.321609 -0.184237
-0.32188 -0.18415
-0.321903 -0.184187
-0.321934 -0.184129
-0.322001 -0.184435
-0.32178 -0.18459
-0.322071 -0.184629
-0.322141 -0.18454
-0.322187 -0.184801
-0.322225 -0.184853
-0.322323 -0.184663
-0.322253 -0.184613
-0.322236 -0.184751
-0.322102 -0.184669
-0.322207 -0.184598
-0.322451 -0.184811
-0.322067 -0.184723
-0.321929 -0.184562
-0.322089 -0.184615
-0.322226 -0.184574
-0.322297 -0.184526
-0.322256 -0.184648
-0.322254 -0.184695
-0.322088 -0.184575
-0.321987 -0.184466
-0.322125 -0.184537
-0.32195 -0.184464
-0.322099 -0.184381
-0.32209 -0.184535
-0.321765 -0.184572
-0.322121 -0.184577
-0.322213 -0.184702
-0.321983 -0.184664
-0.322 -0.184874
-0.32209 -0.184944
-0.309558 -0.174821
-0.306108 -0.173583
-0.306195 -0.17394
-0.306315 -0.173957
-0.306259 -0.173769
-0.306553 -0.173836
-0.3064 -0.1739
-0.306219 -0.17374
-0.306225 -0.173776
-0.306194 -0.173923
-0.306429 -0.173967
-0.306292 -0.173794
-0.306484 -0.173808
-0.306446 -0.174015
-0.30626 -0.173995
-0.306422 -0.173822
-0.306369 -0.173902
-0.306088 -0.173863
-0.30584 -0.173597
-0.306226 -0.173648
-0.306437 -0.173741
-0.306188 -0.173608
-0.305932 -0.17355
-0.305535 -0.173726
-0.305906 -0.174016
-0.306704 -0.174029
-0.306788 -0.174276
-0.306206 -0.174184
-0.306025 -0.174327
-0.305844 -0.174217
-0.306118 -0.1741
-0.306419 -0.174617
-0.306386 -0.174722
-0.306693 -0.174435
-0.306338 -0.174841
-0.305935 -0.174935
-0.306494 -0.174468
-0.306513 -0.174505
-0.30615 -0.174649
-0.306296 -0.174384
-0.306155 -0.174161
-0.306476 -0.174522
-0.306268 -0.174646
-0.305865 -0.174445
-0.30646 -0.17457
-0.3065 -0.174639
-0.305933 -0.174369
-0.306082 -0.174285
-0.306437 -0.174515
-0.306274 -0.174427
-0.306089 -0.17419
-0.306289 -0.174264
-0.306358 -0.174327
-0.306227 -0.174087
-0.306022 -0.174025
-0.30587 -0.17427
-0.306107 -0.174219
-0.306452 -0.174112
-0.306179 -0.174205
-0.306041 -0.174239
-0.306313 -0.174133
-0.306211 -0.174084
-0.305939 -0.174342
-0.306176 -0.174214
-0.306446 -0.174203
-0.305732 -0.174142
-0.306043 -0.174101
-0.306834 -0.173997
-0.306897 -0.173986
-0.306352 -0.173962
-0.305995 -0.173995
-0.305906 -0.173924
-0.306062 -0.174129
-0.305689 -0.174288
-0.305996 -0.174237
-0.306257 -0.174341
-0.305644 -0.17432
-0.305811 -0.174114
-0.30606 -0.174092
-0.305943 -0.17436
-0.306047 -0.174175
-0.306175 -0.174271
-0.305756 -0.174361
-0.306045 -0.174235
-0.306008 -0.174234
-0.305872 -0.174239
-0.306081 -0.174276
-0.305888 -0.174198
-0.305746 -0.174091
-0.305627 -0.173955
-0.305766 -0.173989
-0.305652 -0.174031
-0.30551 -0.173926
-0.305861 -0.174158
-0.305957 -0.174345
-0.305527 -0.174135
-0.305693 -0.174285
-0.306263 -0.17449
-0.306457 -0.174305
-0.306311 -0.174179
-0.306142 -0.174478
-0.305912 -0.174348
-0.305906 -0.174151
-0.305924 -0.174455
-0.306079 -0.174422
-0.306036 -0.174185
-0.305739 -0.174223
-0.305973 -0.174411
-0.30618 -0.174136
-0.305985 -0.174097
-0.305797 -0.174277
-0.306158 -0.174199
-0.305986 -0.174003
-0.305984 -0.174215
-0.305902 -0.174306
-0.305661 -0.174109
-0.3061 -0.173988
-0.30647 -0.174232
-0.306005 -0.174156
-0.305859 -0.174065
-0.305926 -0.174194
-0.30598 -0.174178
-0.305852 -0.173933
-0.306117 -0.174075
-0.30623 -0.17423
-0.305723 -0.174089
-0.30568 -0.173996
-0.305997 -0.17425
-0.305896 -0.174252
-0.306045 -0.173989
-0.306423 -0.174067
-0.306465 -0.174399
-0.30615 -0.174185
-0.30583 -0.174134
-0.305727 -0.174452
-0.305931 -0.174315
-0.306028 -0.174049
-0.306017 -0.174348
-0.306163 -0.174365
-0.306273 -0.174064
-0.305734 -0.174118
-0.305764 -0.174496
-0.305986 -0.174263
-0.30592 -0.174168
-0.305892 -0.174529
-0.305954 -0.174414
-0.30608 -0.174248
-0.30599 -0.174357
-0.305943 -0.174444
-0.305777 -0.174193
-0.305758 -0.174421
-0.305725 -0.174654
-0.306055 -0.174438
-0.305993 -0.174409
-0.3057 -0.174564
-0.305729 -0.174368
-0.305727 -0.174197
-0.305872 -0.17441
-0.305981 -0.174449
-0.306151 -0.174269
-0.306683 -0.174751
-0.305868 -0.174858
-0.30574 -0.174706
-0.306377 -0.174862
-0.306055 -0.174745
-0.305609 -0.174416
-0.305916 -0.174293
-0.306554 -0.17445
-0.306058 -0.17429
-0.305607 -0.174362
-0.305808 -0.174399
-0.305921 -0.17436
-0.305367 -0.174347
-0.305737 -0.174389
-0.306021 -0.174231
-0.305486 -0.174111
-0.30535 -0.17431
-0.305342 -0.174275
-0.305766 -0.174097
-0.306265 -0.174213
-0.305961 -0.174243
-0.305604 -0.174019
-0.305521 -0.17397
-0.305647 -0.174238
-0.305784 -0.174243
-0.30581 -0.174194
-0.305692 -0.174244
-0.305707 -0.174208
-0.305582 -0.174064
-0.305634 -0.174076
-0.305771 -0.174155
-0.305827 -0.174144
-0.305557 -0.174078
-0.305544 -0.174129
-0.30594 -0.174228
-0.306048 -0.174047
-0.305665 -0.174022
-0.305314 -0.174073
-0.305601 -0.173867
-0.305811 -0.173774
-0.305677 -0.174047
-0.305501 -0.173949
-0.305691 -0.174014
-0.305759 -0.174018
-0.305646 -0.173897
-0.305489 -0.173911
-0.305841 -0.174085
-0.306017 -0.174036
-0.30623 -0.174073
-0.305925 -0.174298
-0.305311 -0.174168
-0.305951 -0.174054
-0.306159 -0.174348
-0.305538 -0.174233
-0.305465 -0.174008
-0.305499 -0.174134
-0.305758 -0.174177
-0.305883 -0.173946
-0.30552 -0.174142
-0.305412 -0.174285
-0.306221 -0.174095
-0.306217 -0.174135
-0.305249 -0.174336
-0.305597 -0.174146
-0.306198 -0.174111
-0.305834 -0.174166
-0.305578 -0.173967
-0.305481 -0.173947
-0.305755 -0.174416
-0.306107 -0.174237
-0.30591 -0.174094
-0.305463 -0.174205
-0.305803 -0.174108
-0.305678 -0.173808
-0.305442 -0.174054
-0.30551 -0.174118
-0.305577 -0.173938
-0.305966 -0.173872
-0.306019 -0.174039
-0.305386 -0.173894
-0.305685 -0.173763
-0.305735 -0.173874
-0.305732 -0.173912
-0.306045 -0.173786
-0.305602 -0.173923
-0.305316 -0.173917
-0.305873 -0.173803
-0.306113 -0.173905
-0.305864 -0.17387
-0.305671 -0.173766
-0.305674 -0.173831
-0.306153 -0.173863
-0.306446 -0.1738
-0.305884 -0.173855
-0.305388 -0.173967
-0.305703 -0.173794
-0.305852 -0.173783
-0.305619 -0.173861
-0.305715 -0.173816
-0.305706 -0.173646
-0.30617 -0.174113
-0.30625 -0.174142
-0.305989 -0.173871
-0.305435 -0.173775
-0.305757 -0.173848
-0.306088 -0.173706
-0.30565 -0.173647
-0.305859 -0.17382
-0.306279 -0.173967
-0.305859 -0.173725
-0.305727 -0.173761
-0.305923 -0.173915
-0.306009 -0.173758
-0.30568 -0.173641
-0.305826 -0.174245
-0.306173 -0.174231
-0.305934 -0.17402
-0.305622 -0.174291
-0.305855 -0.174703
-0.306459 -0.174409
-0.306071 -0.174328
-0.305614 -0.174464
-0.305922 -0.174308
-0.305758 -0.174284
-0.305636 -0.174827
-0.305826 -0.174851
-0.30576 -0.174684
-0.305939 -0.17493
-0.305751 -0.175072
-0.305838 -0.174905
-0.305793 -0.174891
-0.305806 -0.175162
-0.306091 -0.174957
-0.30588 -0.17513
-0.305603 -0.17521
-0.306269 -0.17504
-0.305828 -0.174916
-0.305802 -0.175128
-0.306057 -0.175063
-0.305774 -0.175024
-0.30567 -0.175093
-0.306236 -0.174949
-0.30631 -0.174755
-0.305667 -0.174839
-0.305752 -0.174812
-0.306199 -0.174801
-0.305651 -0.174879
-0.30547 -0.174903
-0.305631 -0.174752
-0.305567 -0.174739
-0.305512 -0.174755
-0.305585 -0.174704
-0.305501 -0.17467
-0.305483 -0.174815
-0.305427 -0.174868
-0.305657 -0.174759
-0.305856 -0.174712
-0.3054 -0.174838
-0.304933 -0.174685
-0.305496 -0.1747
-0.305598 -0.174942
-0.305338 -0.174835
-0.305385 -0.174811
-0.305236 -0.174796
-0.305553 -0.17477
-0.305394 -0.174643
-0.305118 -0.174846
-0.305252 -0.174691
-0.305443 -0.174647
-0.304943 -0.174696
-0.30525 -0.174666
-0.305537 -0.174533
-0.30507 -0.174629
-0.305065 -0.174676
-0.305725 -0.174643
-0.30528 -0.174496
-0.304986 -0.174727
-0.305162 -0.174723
-0.305351 -0.174486
-0.305198 -0.174429
-0.304786 -0.174564
-0.304823 -0.174454
-0.30561 -0.174295
-0.305878 -0.174732
-0.305431 -0.174956
-0.305528 -0.17472
-0.305475 -0.174809
-0.30546 -0.174925
-0.305646 -0.174735
-0.30524 -0.174494
-0.305162 -0.174892
-0.305431 -0.174891
-0.305594 -0.174671
-0.305055 -0.174634
-0.305334 -0.174751
-0.305241 -0.174506
-0.304996 -0.174438
-0.305655 -0.174672
-0.305702 -0.174838
-0.305153 -0.174659
-0.305378 -0.174686
-0.305551 -0.175079
-0.305324 -0.174869
-0.305229 -0.174698
-0.305293 -0.174844
-0.305565 -0.174832
-0.305326 -0.174533
-0.305484 -0.175021
-0.305489 -0.175384
-0.305579 -0.175103
-0.305277 -0.175003
-0.305303 -0.175128
-0.305666 -0.174893
-0.305216 -0.174693
-0.30513 -0.175118
-0.305584 -0.175103
-0.305858 -0.174769
-0.305673 -0.174881
-0.305113 -0.175175
-0.305004 -0.174863
-0.305668 -0.174801
-0.305539 -0.175109
-0.305264 -0.175032
-0.305311 -0.174569
-0.305469 -0.174743
-0.305202 -0.175051
-0.305302 -0.174804
-0.305499 -0.174758
-0.305302 -0.175184
-0.30528 -0.175013
-0.305593 -0.174882
-0.305712 -0.174912
-0.305704 -0.174796
-0.305303 -0.174416
-0.305582 -0.17462
-0.305353 -0.174835
-0.305311 -0.174686
-0.305428 -0.174617
-0.305242 -0.174748
-0.305297 -0.174632
-0.305196 -0.174467
-0.305218 -0.174562
-0.30574 -0.174587
-0.305466 -0.174412
-0.305294 -0.174369
-0.305555 -0.174755
-0.305031 -0.174611
-0.305384 -0.17467
-0.305931 -0.174998
-0.305745 -0.174819
-0.305276 -0.174529
-0.305165 -0.174744
-0.305614 -0.174803
-0.305566 -0.174559
-0.305502 -0.174654
-0.305576 -0.174724
-0.305109 -0.174393
-0.305109 -0.17437
-0.305274 -0.174615
-0.305204 -0.174511
-0.30536 -0.174378
-0.305574 -0.174459
-0.305091 -0.174433
-0.304691 -0.174225
-0.305374 -0.174218
-0.30511 -0.174257
-0.30457 -0.174208
-0.305027 -0.174159
-0.305228 -0.174232
-0.305222 -0.17423
-0.305253 -0.174227
-0.305339 -0.174194
-0.305372 -0.174147
-0.304972 -0.174195
-0.304862 -0.174231
-0.305078 -0.174333
-0.305345 -0.174633
-0.305358 -0.174381
-0.305364 -0.174355
-0.304892 -0.174569
-0.304745 -0.174333
-0.305313 -0.174159
-0.305613 -0.174633
-0.305199 -0.174629
-0.305381 -0.174203
-0.305338 -0.174245
-0.304584 -0.174374
-0.304763 -0.173999
-0.305351 -0.174029
-0.304989 -0.174486
-0.304917 -0.174328
-0.305019 -0.173977
-0.304879 -0.174136
-0.305158 -0.174299
-0.304891 -0.174035
-0.304701 -0.174053
-0.305382 -0.174271
-0.305269 -0.174158
-0.304612 -0.173823
-0.304867 -0.17394
-0.304895 -0.174386
-0.305018 -0.17416
-0.305462 -0.17414
-0.304963 -0.174657
-0.304921 -0.174448
-0.305015 -0.173889
-0.304939 -0.174182
-0.304981 -0.174543
-0.304929 -0.174192
-0.304904 -0.174082
-0.305069 -0.174283
-0.305196 -0.174209
-0.304746 -0.173912
-0.305176 -0.174476
-0.30535 -0.17455
-0.305099 -0.174144
-0.304728 -0.173921
-0.304638 -0.174091
-0.304898 -0.173961
-0.304889 -0.173715
-0.304558 -0.173885
-0.304894 -0.174136
-0.304821 -0.174031
-0.304635 -0.174012
-0.304977 -0.174169
-0.304802 -0.174147
-0.304553 -0.173804
-0.304727 -0.173846
-0.304643 -0.17407
-0.304841 -0.17387
-0.30465 -0.173765
-0.304383 -0.174077
-0.304806 -0.174065
-0.304721 -0.173741
-0.304337 -0.173968
-0.304631 -0.174113
-0.304953 -0.173829
-0.304535 -0.173861
-0.304281 -0.174169
-0.304589 -0.174064
-0.305093 -0.17387
-0.304977 -0.173998
-0.304256 -0.173892
-0.304352 -0.173657
-0.304759 -0.173648
-0.304743 -0.173976
-0.304552 -0.17395
-0.304739 -0.173857
-0.304675 -0.173913
-0.304533 -0.17397
-0.304726 -0.173787
-0.304928 -0.173826
-0.304744 -0.173951
-0.304463 -0.173822
-0.304465 -0.17361
-0.305078 -0.173826
-0.30446 -0.173862
-0.304013 -0.173716
-0.304989 -0.173712
-0.305244 -0.17383
-0.304582 -0.173735
-0.304375 -0.173603
-0.304481 -0.173672
-0.304687 -0.17378
-0.304728 -0.173573
-0.304806 -0.173896
-0.304447 -0.173989
-0.30496 -0.173805
-0.304806 -0.173637
-0.304205 -0.173869
-0.304629 -0.173783
-0.305305 -0.1737
-0.304804 -0.174056
-0.304624 -0.173997
-0.304914 -0.173649
-0.304466 -0.173762
-0.30442 -0.173853
-0.304885 -0.173661
-0.304682 -0.173658
-0.30465 -0.173715
-0.304728 -0.173697
-0.304711 -0.173668
-0.304772 -0.17373
-0.304308 -0.173773
-0.30461 -0.173712
-0.305059 -0.173601
-0.30472 -0.173709
-0.304605 -0.173781
-0.304754 -0.173596
-0.304744 -0.173452
-0.304511 -0.17382
-0.304143 -0.173792
-0.304488 -0.173585
-0.305014 -0.173972
-0.305153 -0.174078
-0.305052 -0.17368
-0.304728 -0.173854
-0.304409 -0.174044
-0.304591 -0.173594
-0.304577 -0.173559
-0.30415 -0.173661
-0.304557 -0.173511
-0.304564 -0.173456
-0.304289 -0.17349
-0.304398 -0.173687
-0.3044 -0.173673
-0.30492 -0.17369
-0.305167 -0.173719
-0.304809 -0.173863
-0.304293 -0.173668
-0.304667 -0.173708
-0.304686 -0.173922
-0.304479 -0.17386
-0.304674 -0.173692
-0.304658 -0.173746
-0.304495 -0.173817
-0.304692 -0.173661
-0.304853 -0.173734
-0.304743 -0.173997
-0.305027 -0.173951
-0.304968 -0.173848
-0.304388 -0.173933
-0.304621 -0.174014
-0.304878 -0.173804
-0.304628 -0.173934
-0.304519 -0.173966
-0.304641 -0.173839
-0.304421 -0.173722
-0.304682 -0.173814
-0.304483 -0.173823
-0.304103 -0.173685
-0.304534 -0.173779
-0.304743 -0.173952
-0.304381 -0.17386
-0.304434 -0.173812
-0.304661 -0.174027
-0.304075 -0.173958
-0.304149 -0.173891
-0.304798 -0.174088
-0.304487 -0.174157
-0.304099 -0.173972
-0.304802 -0.17394
-0.304695 -0.174032
-0.303925 -0.173923
-0.304379 -0.173764
-0.304745 -0.173925
-0.304357 -0.174134
-0.304314 -0.173909
-0.304593 -0.173865
-0.304475 -0.17413
-0.304202 -0.173921
-0.304165 -0.173545
-0.304448 -0.173791
-0.304475 -0.174043
-0.304334 -0.173803
-0.30436 -0.173768
-0.304321 -0.173971
-0.304034 -0.173737
-0.304464 -0.173598
-0.304712 -0.17388
-0.304175 -0.17388
-0.304085 -0.1736
-0.304341 -0.173512
-0.30442 -0.173794
-0.303941 -0.173687
-0.30395 -0.173532
-0.304621 -0.173688
-0.304464 -0.173815
-0.304119 -0.173738
-0.30447 -0.173771
-0.304509 -0.174168
-0.304407 -0.174107
-0.304395 -0.173852
-0.304372 -0.173865
-0.304235 -0.17391
-0.304287 -0.17379
-0.304242 -0.173797
-0.30424 -0.173938
-0.304668 -0.173916
-0.304529 -0.173925
-0.304264 -0.174135
-0.304443 -0.174099
-0.304694 -0.173976
-0.304295 -0.173979
-0.303964 -0.173893
-0.304523 -0.173885
-0.304635 -0.173861
-0.304372 -0.173934
-0.304236 -0.173936
-0.30433 -0.173949
-0.304694 -0.173884
-0.304925 -0.173845
-0.304449 -0.17394
-0.304256 -0.173827
-0.304614 -0.173862
-0.304451 -0.174025
-0.304436 -0.17396
-0.304769 -0.173858
-0.304468 -0.173967
-0.304146 -0.173846
-0.304433 -0.173738
-0.304357 -0.173959
-0.30444 -0.173971
-0.304616 -0.173789
-0.304396 -0.173992
-0.30458 -0.174141
-0.304616 -0.173903
-0.304237 -0.173758
-0.304311 -0.174081
-0.304448 -0.174181
-0.304571 -0.17394
-0.304443 -0.174226
-0.304143 -0.174309
-0.304358 -0.174045
-0.304211 -0.173893
-0.304646 -0.174083
-0.30458 -0.174062
-0.304124 -0.173865
-0.304401 -0.173955
-0.30429 -0.173907
-0.304041 -0.173887
-0.303805 -0.173835
-0.304448 -0.173886
-0.304999 -0.173991
-0.304412 -0.173938
-0.304229 -0.173864
-0.304474 -0.173838
-0.304306 -0.173957
-0.303978 -0.17385
-0.304177 -0.173829
-0.304155 -0.173975
-0.304228 -0.173979
-0.304444 -0.173908
-0.304437 -0.174167
-0.304445 -0.174225
-0.30435 -0.174119
-0.304055 -0.174129
-0.304421 -0.174122
-0.304206 -0.174003
-0.303744 -0.173835
-0.304288 -0.173957
-0.304326 -0.173928
-0.304049 -0.173947
-0.303949 -0.173911
-0.304356 -0.173923
-0.304144 -0.173978
-0.303837 -0.174019
-0.304213 -0.173838
-0.304424 -0.174066
-0.303989 -0.174212
-0.304234 -0.173953
-0.304375 -0.173964
-0.303789 -0.17426
-0.30383 -0.174071
-0.304624 -0.173836
-0.304369 -0.174435
-0.303677 -0.174488
-0.289699 -0.163917
-0.286074 -0.161954
-0.286171 -0.162507
-0.286037 -0.162255
-0.286001 -0.1623
-0.286198 -0.16266
-0.286323 -0.162732
-0.286228 -0.162402
-0.286077 -0.162437
-0.286159 -0.162648
-0.286153 -0.162376
-0.285929 -0.162154
-0.285942 -0.162353
-0.286344 -0.162434
-0.286214 -0.162232
-0.285721 -0.162223
-0.285899 -0.162499
-0.286129 -0.162424
-0.28604 -0.162185
-0.28614 -0.162413
-0.286068 -0.16263
-0.285904 -0.162361
-0.286149 -0.162283
-0.285971 -0.16263
-0.285552 -0.162467
-0.285978 -0.162135
-0.286108 -0.162424
-0.285775 -0.162546
-0.285929 -0.162169
-0.285967 -0.162231
-0.285635 -0.162611
-0.285679 -0.162381
-0.28577 -0.162161
-0.2856 -0.162189
-0.285711 -0.162166
-0.285377 -0.161932
-0.285633 -0.161913
-0.28592 -0.162224
-0.285373 -0.162264
-0.285744 -0.162135
-0.286125 -0.162354
-0.285663 -0.162346
-0.285686 -0.162133
-0.285533 -0.162012
-0.285521 -0.162101
-0.285824 -0.162099
-0.285902 -0.16197
-0.28573 -0.162096
-0.285499 -0.162175
-0.2858 -0.16205
-0.285735 -0.161966
-0.285546 -0.162132
-0.28555 -0.162107
-0.285582 -0.162004
-0.285934 -0.162061
-0.285927 -0.162192
-0.285522 -0.1621
-0.285934 -0.16206
-0.285949 -0.162261
-0.285382 -0.162166
-0.285664 -0.161967
-0.28597 -0.162383
-0.285748 -0.162404
-0.285884 -0.162249
-0.285613 -0.162421
-0.285694 -0.162377
-0.28593 -0.161992
-0.285662 -0.16201
-0.285867 -0.162354
-0.28617 -0.162155
-0.285836 -0.162065
-0.285654 -0.162505
-0.285852 -0.16253
-0.286 -0.162204
-0.285925 -0.162274
-0.285726 -0.162535
-0.285681 -0.162215
-0.285799 -0.162051
-0.285836 -0.162773
-0.28607 -0.162778
-0.286457 -0.162469
-0.28575 -0.162537
-0.285578 -0.162525
-0.285913 -0.162176
-0.286054 -0.162062
-0.285871 -0.162497
-0.285938 -0.162468
-0.28638 -0.162242
-0.285844 -0.162211
-0.285754 -0.162333
-0.286022 -0.162178
-0.286054 -0.162124
-0.286051 -0.162534
-0.285789 -0.162517
-0.285874 -0.162156
-0.286176 -0.162426
-0.286147 -0.162659
-0.286219 -0.162346
-0.285991 -0.162221
-0.285848 -0.162371
-0.285906 -0.162325
-0.285655 -0.162012
-0.285891 -0.162177
-0.285752 -0.1624
-0.285645 -0.16216
-0.28597 -0.161993
-0.285746 -0.162355
-0.28562 -0.162356
-0.286169 -0.162089
-0.285977 -0.162571
-0.285589 -0.162744
-0.286252 -0.162368
-0.285944 -0.16241
-0.285436 -0.162572
-0.285984 -0.16226
-0.285982 -0.162086
-0.285554 -0.162332
-0.285705 -0.162261
-0.286001 -0.162044
-0.285831 -0.162279
-0.285587 -0.162324
-0.285837 -0.162208
-0.285626 -0.162153
-0.285677 -0.162171
-0.285675 -0.162105
-0.285472 -0.162085
-0.285632 -0.162067
-0.285596 -0.162042
-0.285563 -0.162094
-0.285962 -0.161986
-0.28595 -0.162124
-0.285547 -0.162204
-0.285712 -0.162077
-0.285744 -0.161925
-0.285582 -0.162135
-0.285263 -0.162183
-0.285662 -0.162015
-0.285903 -0.162209
-0.285731 -0.162207
-0.285858 -0.161964
-0.285269 -0.161842
-0.28557 -0.162075
-0.285928 -0.162127
-0.285639 -0.162113
-0.285757 -0.162167
-0.285665 -0.16208
-0.285376 -0.162008
-0.285733 -0.161993
-0.28586 -0.162194
-0.285652 -0.162094
-0.285943 -0.162062
-0.285681 -0.162059
-0.285556 -0.162085
-0.285661 -0.161999
-0.285758 -0.162111
-0.285511 -0.162171
-0.285403 -0.161972
-0.285639 -0.162031
-0.285954 -0.162075
-0.285791 -0.161978
-0.285172 -0.162094
-0.285661 -0.162225
-0.286186 -0.162063
-0.285819 -0.162141
-0.285584 -0.162045
-0.285838 -0.161943
-0.28575 -0.161959
-0.285823 -0.162075
-0.285899 -0.162015
-0.286033 -0.161957
-0.285826 -0.162193
-0.285411 -0.162009
-0.285895 -0.162025
-0.285957 -0.162395
-0.286037 -0.162338
-0.286184 -0.162249
-0.285816 -0.162485
-0.285782 -0.162328
-0.285836 -0.162092
-0.285527 -0.162192
-0.285581 -0.162185
-0.285712 -0.162021
-0.28582 -0.162009
-0.286149 -0.162279
-0.286015 -0.162227
-0.285685 -0.162148
-0.285602 -0.16221
-0.285798 -0.162353
-0.285833 -0.162228
-0.28603 -0.162205
-0.28583 -0.162331
-0.285529 -0.162234
-0.285674 -0.162083
-0.285889 -0.162162
-0.285747 -0.162288
-0.285773 -0.162314
-0.285989 -0.162234
-0.2859 -0.162315
-0.285808 -0.162293
-0.285839 -0.162134
-0.28576 -0.162215
-0.286081 -0.162232
-0.286301 -0.162257
-0.285611 -0.162251
-0.285672 -0.162244
-0.286196 -0.162363
-0.286145 -0.162292
-0.285889 -0.162259
-0.285581 -0.16227
-0.285796 -0.16229
-0.286025 -0.162094
-0.286067 -0.162178
-0.285756 -0.162385
-0.285831 -0.162173
-0.28583 -0.162101
-0.285639 -0.162304
-0.2862 -0.162293
-0.286044 -0.162163
-0.285551 -0.162271
-0.285899 -0.162237
-0.28611 -0.162117
-0.285938 -0.162103
-0.285659 -0.162155
-0.285612 -0.162053
-0.286144 -0.1621
-0.286256 -0.162083
-0.286192 -0.162101
-0.286043 -0.162227
-0.28599 -0.162053
-0.285899 -0.161875
-0.285412 -0.162088
-0.285608 -0.162174
-0.285981 -0.161949
-0.285888 -0.162135
-0.285795 -0.16234
-0.28568 -0.162058
-0.285626 -0.161849
-0.285876 -0.162099
-0.285987 -0.162082
-0.286014 -0.161914
-0.286032 -0.162208
-0.285957 -0.162293
-0.285623 -0.162035
-0.285518 -0.16198
-0.28578 -0.162216
-0.285538 -0.162063
-0.285656 -0.161904
-0.285655 -0.162233
-0.285378 -0.162298
-0.285755 -0.162009
-0.286012 -0.162191
-0.285972 -0.16233
-0.286053 -0.162066
-0.285733 -0.161959
-0.285433 -0.162163
-0.285733 -0.162145
-0.28608 -0.161931
-0.285844 -0.162079
-0.285374 -0.162187
-0.28552 -0.161998
-0.285769 -0.161955
-0.285641 -0.162157
-0.285518 -0.162171
-0.285701 -0.16198
-0.285797 -0.162176
-0.285444 -0.162284
-0.2857 -0.162152
-0.285758 -0.162106
-0.285543 -0.162215
-0.285573 -0.162202
-0.28549 -0.161961
-0.285736 -0.162032
-0.285495 -0.162181
-0.285433 -0.162038
-0.285645 -0.161911
-0.285118 -0.162107
-0.285124 -0.162032
-0.285559 -0.161756
-0.285152 -0.161957
-0.285009 -0.162149
-0.285556 -0.161976
-0.285586 -0.162047
-0.28519 -0.162209
-0.285057 -0.162033
-0.285197 -0.161815
-0.285542 -0.162119
-0.285394 -0.162157
-0.285212 -0.161999
-0.285243 -0.161999
-0.285194 -0.161979
-0.285039 -0.161848
-0.285151 -0.161795
-0.285046 -0.161911
-0.285032 -0.16185
-0.285444 -0.161932
-0.285116 -0.161878
-0.284904 -0.161787
-0.285144 -0.161814
-0.285299 -0.161864
-0.284769 -0.161742
-0.284951 -0.161857
-0.285593 -0.162119
-0.285241 -0.161948
-0.284996 -0.16175
-0.285122 -0.161947
-0.285026 -0.161953
-0.285197 -0.161826
-0.285018 -0.161838
-0.28488 -0.161972
-0.285009 -0.161873
-0.285109 -0.161752
-0.285161 -0.161945
-0.285013 -0.161986
-0.285041 -0.161999
-0.285398 -0.162023
-0.285485 -0.162032
-0.28516 -0.162023
-0.28521 -0.161906
-0.28545 -0.161936
-0.285443 -0.162142
-0.285687 -0.162069
-0.285687 -0.161981
-0.284988 -0.162094
-0.285242 -0.162096
-0.285946 -0.161917
-0.285764 -0.162118
-0.285312 -0.162258
-0.285514 -0.162057
-0.285811 -0.161975
-0.285381 -0.162203
-0.285062 -0.162132
-0.285849 -0.162056
-0.285831 -0.16233
-0.285355 -0.16233
-0.285529 -0.162064
-0.285516 -0.162197
-0.285504 -0.162232
-0.285721 -0.162044
-0.285595 -0.16224
-0.285498 -0.162367
-0.285809 -0.162128
-0.285613 -0.162167
-0.285349 -0.162572
-0.285767 -0.162393
-0.286 -0.162272
-0.285939 -0.162724
-0.285855 -0.162589
-0.285686 -0.162335
-0.285871 -0.162564
-0.286221 -0.162621
-0.285795 -0.162292
-0.285562 -0.162198
-0.285977 -0.162477
-0.285708 -0.162368
-0.285345 -0.162244
-0.285635 -0.162493
-0.285882 -0.162526
-0.285595 -0.162206
-0.285335 -0.162039
-0.28553 -0.162253
-0.285407 -0.162195
-0.285262 -0.161983
-0.285543 -0.162216
-0.285494 -0.162261
-0.285336 -0.162087
-0.285428 -0.16202
-0.285427 -0.162126
-0.285172 -0.162054
-0.285181 -0.161852
-0.285289 -0.161848
-0.285352 -0.162025
-0.285148 -0.161995
-0.28524 -0.161955
-0.285603 -0.162047
-0.285276 -0.162186
-0.285056 -0.162056
-0.2855 -0.162061
-0.28515 -0.162196
-0.285168 -0.162185
-0.285527 -0.162094
-0.285238 -0.162081
-0.28507 -0.162069
-0.285017 -0.161985
-0.285115 -0.161983
-0.285259 -0.162085
-0.284993 -0.16213
-0.285084 -0.162036
-0.285443 -0.16201
-0.285117 -0.162247
-0.284735 -0.162142
-0.285346 -0.162122
-0.285427 -0.162395
-0.285234 -0.162318
-0.285219 -0.162036
-0.28491 -0.162142
-0.285068 -0.162184
-0.285115 -0.162002
-0.28486 -0.162028
-0.285295 -0.162325
-0.285203 -0.162158
-0.285174 -0.162221
-0.28508 -0.162223
-0.284948 -0.16206
-0.284888 -0.161905
-0.285031 -0.161973
-0.28495 -0.161974
-0.284902 -0.161933
-0.285183 -0.161944
-0.285107 -0.162012
-0.284434 -0.161934
-0.285031 -0.162089
-0.285232 -0.162201
-0.284692 -0.16221
-0.284955 -0.162206
-0.285108 -0.162174
-0.284847 -0.162146
-0.285007 -0.161974
-0.285247 -0.162069
-0.284973 -0.162103
-0.284699 -0.16202
-0.284708 -0.162015
-0.28495 -0.162019
-0.284644 -0.161924
-0.284634 -0.161888
-0.285018 -0.161928
-0.284888 -0.161946
-0.284661 -0.161894
-0.2847 -0.161776
-0.284581 -0.161795
-0.284394 -0.161755
-0.284769 -0.161826
-0.284889 -0.161864
-0.284667 -0.161862
-0.284505 -0.161842
-0.284719 -0.161795
-0.284887 -0.16179
-0.284511 -0.161776
-0.284431 -0.161801
-0.284615 -0.161927
-0.284552 -0.161897
-0.284811 -0.161894
-0.284835 -0.162011
-0.284664 -0.161957
-0.284714 -0.161803
-0.284566 -0.161757
-0.284413 -0.161884
-0.284316 -0.161726
-0.284706 -0.161818
-0.284701 -0.162132
-0.284556 -0.161979
-0.284935 -0.161869
-0.284562 -0.162087
-0.284385 -0.161873
-0.284844 -0.161926
-0.284409 -0.162225
-0.284433 -0.161991
-0.284581 -0.161743
-0.284219 -0.161811
-0.284378 -0.161701
-0.284444 -0.161507
-0.284461 -0.161739
-0.284411 -0.161911
-0.284297 -0.161708
-0.284498 -0.161752
-0.284194 -0.161853
-0.284338 -0.16175
-0.284603 -0.161617
-0.284376 -0.161686
-0.284356 -0.161798
-0.284225 -0.161646
-0.28416 -0.161555
-0.284452 -0.161751
-0.284579 -0.161784
-0.284308 -0.161643
-0.28426 -0.161661
-0.284618 -0.161781
-0.284513 -0.161776
-0.284223 -0.161502
-0.284349 -0.16169
-0.284272 -0.162081
-0.284402 -0.161832
-0.284497 -0.161834
-0.284328 -0.162298
-0.284462 -0.162125
-0.284373 -0.161762
-0.284523 -0.161978
-0.28464 -0.162124
-0.284259 -0.161756
-0.284545 -0.161572
-0.28467 -0.161804
-0.284044 -0.161749
-0.284109 -0.161434
-0.284752 -0.161619
-0.284519 -0.161906
-0.283827 -0.161728
-0.28416 -0.16151
-0.284676 -0.161823
-0.284187 -0.161808
-0.28404 -0.161567
-0.284056 -0.161546
-0.284289 -0.161698
-0.284314 -0.161675
-0.284069 -0.161499
-0.284161 -0.161572
-0.283913 -0.161669
-0.28392 -0.161538
-0.284124 -0.161402
-0.284048 -0.161772
-0.284024 -0.16181
-0.284235 -0.161709
-0.283965 -0.161759
-0.284 -0.161641
-0.283976 -0.161692
-0.283564 -0.161503
-0.284017 -0.161506
-0.283823 -0.161695
-0.283799 -0.161588
-0.28404 -0.161389
-0.283782 -0.161436
-0.283822 -0.161576
-0.283694 -0.161402
-0.283895 -0.161346
-0.283919 -0.161621
-0.283445 -0.161566
-0.283754 -0.161488
-0.283897 -0.161562
-0.283663 -0.161583
-0.283712 -0.161452
-0.283846 -0.1615
-0.283554 -0.16148
-0.283798 -0.161516
-0.284029 -0.161761
-0.283764 -0.161602
-0.283774 -0.161627
-0.283473 -0.161555
-0.283736 -0.161486
-0.283465 -0.16125
-0.283446 -0.161345
-0.283582 -0.16151
-0.28343 -0.161389
-0.283519 -0.161302
-0.283531 -0.16128
-0.283566 -0.161349
-0.283569 -0.161309
-0.283393 -0.161292
-0.283279 -0.161514
-0.283577 -0.161666
-0.283914 -0.161445
-0.283622 -0.16156
-0.283089 -0.161792
-0.283621 -0.161597
-0.283871 -0.161435
-0.283307 -0.16157
-0.283329 -0.161687
-0.283389 -0.161482
-0.283543 -0.161544
-0.283443 -0.162105
-0.283323 -0.162053
-0.283635 -0.161849
-0.283687 -0.161905
-0.283291 -0.161991
-0.283092 -0.161742
-0.283292 -0.161697
-0.283306 -0.161907
-0.283227 -0.161894
-0.283176 -0.161727
-0.283305 -0.161844
-0.283333 -0.161905
-0.283031 -0.16178
-0.283036 -0.161758
-0.28326 -0.161904
-0.282974 -0.161851
-0.283274 -0.16177
-0.283645 -0.161788
-0.283114 -0.161884
-0.282901 -0.161719
-0.283227 -0.161656
-0.283086 -0.161887
-0.28304 -0.161853
-0.283149 -0.16166
-0.283137 -0.161887
-0.283104 -0.16208
-0.283224 -0.161875
-0.283266 -0.161911
-0.283174 -0.162052
-0.283196 -0.161858
-0.28302 -0.16168
-0.283159 -0.161832
-0.283317 -0.161929
-0.283016 -0.161766
-0.283245 -0.161822
-0.283392 -0.162145
-0.283196 -0.162035
-0.28339 -0.16181
-0.283445 -0.162082
-0.283256 -0.162217
-0.283266 -0.161848
-0.283471 -0.161928
-0.283206 -0.162256
-0.282996 -0.162077
-0.274395 -0.154745
-0.272044 -0.15346
-0.271875 -0.153559
-0.272251 -0.153334
-0.27238 -0.153197
-0.272282 -0.153241
-0.272008 -0.15326
-0.27212 -0.153054
-0.27223 -0.153173
-0.271806 -0.153504
-0.272072 -0.153722
-0.272494 -0.153461
-0.272479 -0.153734
-0.272241 -0.153907
-0.272109 -0.153623
-0.272083 -0.153535
-0.271882 -0.153727
-0.271964 -0.15361
-0.271998 -0.153407
-0.271891 -0.153575
-0.272056 -0.153998
-0.271961 -0.153777
-0.271816 -0.153715
-0.272284 -0.153937
-0.272873 -0.15404
-0.272733 -0.153899
-0.272505 -0.153934
-0.27218 -0.154035
-0.271753 -0.153883
-0.271923 -0.153676
-0.272044 -0.153836
-0.271861 -0.154057
-0.271969 -0.153829
-0.27216 -0.153895
-0.272145 -0.154214
-0.272032 -0.153983
-0.271755 -0.153797
-0.271765 -0.154084
-0.27196 -0.154113
-0.271902 -0.153709
-0.272021 -0.153947
-0.271949 -0.154388
-0.271748 -0.154091
-0.271845 -0.154045
-0.271991 -0.154293
-0.271935 -0.154088
-0.271671 -0.153692
-0.272032 -0.153856
-0.272033 -0.154111
