0 0
-0.0836947 -0.0761283
-0.164453 -0.150753
-0.241964 -0.222065
-0.315955 -0.290178
-0.387785 -0.357788
-0.456678 -0.422144
-0.523891 -0.48624
-0.587282 -0.546228
-0.648154 -0.603266
-0.705859 -0.660124
-0.76061 -0.712837
-0.811842 -0.764029
-0.857914 -0.810938
-0.899004 -0.857642
-0.889984 -0.826771
-0.935581 -0.869565
-0.957815 -0.909027
-0.984227 -0.937809
-1.01012 -0.975433
-1.0238 -1.00081
-1.0163 -0.990536
-1.04178 -1.0217
-1.03851 -1.03088
-1.01111 -0.990401
-1.05368 -1.0262
-1.02955 -1.03463
-1.02344 -1.02468
-1.02618 -1.01949
-1.0305 -1.01801
-1.0463 -1.04039
-1.01029 -1.00779
-1.01555 -0.988355
-1.01119 -0.987578
-1.00716 -0.988131
-1.01043 -0.990646
-1.00917 -0.989974
-1.00987 -0.986715
-1.00965 -0.991107
-1.00786 -0.989156
-1.01016 -0.992703
-1.01042 -0.991726
-1.01247 -0.994669
-1.01155 -0.995365
-0.989395 -0.960787
-1.01042 -0.968972
-0.991071 -0.966217
-0.99754 -0.96713
-1.00119 -0.970373
-0.992165 -0.966114
-1.00294 -0.970704
-0.998853 -0.968926
-0.996203 -0.970113
-0.998932 -0.971652
-1.00128 -0.969138
-0.996144 -0.972396
-0.998064 -0.970929
-1.00363 -0.973533
-0.995951 -0.972437
-0.998395 -0.975532
-1.00255 -0.974062
-0.994838 -0.973397
-1.00156 -0.976847
-0.999156 -0.97245
-0.99607 -0.972205
-0.995597 -0.978915
-0.975419 -0.940094
-0.988068 -0.943866
-0.977674 -0.942057
-0.978856 -0.941084
-0.981827 -0.941668
-0.981584 -0.942565
-0.979227 -0.942061
-0.979919 -0.94171
-0.983097 -0.943001
-0.981054 -0.942247
-0.980993 -0.945126
-0.982969 -0.944756
-0.982434 -0.945999
-0.98072 -0.943009
-0.985906 -0.94624
-0.983845 -0.944128
-0.981795 -0.944915
-0.982342 -0.943746
-0.983874 -0.945897
-0.983141 -0.945853
-0.982452 -0.94575
-0.98426 -0.946616
-0.9807 -0.946862
-0.98152 -0.946051
-0.985073 -0.945442
-0.982721 -0.946716
-0.983595 -0.945777
-0.984148 -0.943488
-0.983006 -0.946194
-0.983743 -0.944487
-0.9823 -0.944944
-0.981719 -0.940549
-0.979788 -0.94716
-0.983086 -0.941947
-0.983363 -0.946622
-0.980397 -0.941623
-0.980992 -0.942794
-0.982481 -0.943916
-0.981498 -0.943802
-0.982846 -0.942258
-0.983011 -0.944445
-0.979208 -0.941665
-0.984285 -0.946432
-0.982709 -0.945467
-0.981986 -0.94211
-0.983161 -0.94668
-0.979874 -0.941556
-0.983215 -0.94275
-0.98061 -0.943006
-0.981588 -0.945561
-0.979939 -0.943233
-0.98203 -0.946142
-0.979946 -0.941884
-0.98182 -0.945692
-0.982759 -0.942856
-0.981316 -0.943018
-0.978819 -0.943957
-0.980546 -0.941193
-0.982234 -0.946617
-0.981349 -0.942965
-0.980604 -0.943055
-0.979575 -0.942267
-0.978008 -0.943649
-0.981236 -0.943805
-0.976615 -0.943312
-0.977404 -0.94225
-0.979734 -0.941978
-0.979176 -0.944758
-0.97738 -0.941353
-0.97736 -0.942134
-0.979211 -0.944035
-0.980368 -0.942038
-0.974672 -0.940458
-0.981287 -0.945436
-0.978409 -0.943149
-0.97722 -0.940776
-0.982073 -0.945968
-0.980455 -0.93753
-0.977493 -0.943477
-0.984373 -0.940655
-0.979825 -0.94172
-0.981958 -0.939863
-0.980283 -0.942009
-0.982299 -0.941504
-0.979431 -0.941475
-0.977819 -0.943703
-0.98207 -0.943896
-0.97542 -0.941986
-0.97809 -0.94331
-0.976153 -0.941848
-0.97592 -0.941124
-0.978247 -0.942464
-0.975706 -0.937793
-0.979178 -0.94344
-0.977589 -0.939149
-0.974429 -0.937277
-0.979109 -0.938241
-0.976533 -0.942381
-0.977696 -0.93726
-0.978155 -0.940566
-0.977508 -0.938069
-0.974775 -0.939371
-0.978211 -0.942623
-0.980683 -0.938234
-0.974561 -0.942296
-0.978996 -0.941578
-0.97794 -0.940776
-0.973162 -0.940188
-0.976746 -0.941563
-0.971563 -0.939587
-0.975836 -0.939954
-0.976277 -0.940086
-0.973592 -0.939591
-0.976575 -0.942779
-0.973585 -0.939407
-0.97519 -0.940679
-0.974706 -0.938577
-0.970088 -0.93966
-0.975043 -0.940222
-0.975407 -0.9371
-0.974601 -0.942204
-0.976175 -0.938165
-0.972166 -0.938464
-0.973647 -0.939546
-0.972114 -0.938432
-0.972572 -0.938733
-0.973499 -0.940234
-0.972656 -0.937388
-0.971041 -0.940559
-0.971197 -0.938072
-0.972343 -0.939555
-0.972136 -0.937041
-0.971793 -0.939799
-0.969648 -0.939351
-0.972059 -0.940089
-0.971486 -0.939486
-0.970308 -0.937873
-0.969593 -0.939977
-0.973139 -0.939177
-0.974117 -0.94102
-0.96962 -0.938397
-0.968579 -0.936369
-0.97253 -0.939729
-0.967539 -0.938993
-0.970875 -0.938553
-0.969889 -0.941071
-0.967339 -0.938752
-0.966912 -0.937253
-0.969612 -0.941399
-0.966012 -0.938059
-0.935854 -0.884683
-0.942527 -0.882929
-0.938394 -0.884249
-0.935615 -0.880448
-0.939281 -0.883657
-0.936369 -0.879697
-0.93638 -0.883171
-0.937092 -0.881115
-0.934742 -0.880498
-0.933415 -0.882175
-0.937833 -0.880988
-0.937439 -0.884481
-0.933313 -0.880634
-0.937524 -0.883752
-0.935005 -0.880977
-0.934493 -0.882673
-0.937793 -0.882894
-0.936132 -0.882608
-0.93555 -0.881795
-0.93536 -0.883701
-0.936643 -0.880793
-0.936326 -0.883104
-0.938572 -0.881366
-0.936245 -0.882789
-0.936693 -0.881345
-0.936492 -0.882831
-0.936817 -0.881429
-0.936832 -0.881485
-0.938254 -0.880743
-0.936973 -0.881384
-0.935516 -0.881276
-0.936084 -0.881221
-0.940388 -0.881817
-0.935473 -0.880011
-0.935991 -0.88179
-0.937861 -0.879748
-0.935895 -0.88208
-0.93626 -0.880128
-0.936264 -0.883591
-0.933975 -0.878994
-0.934353 -0.883217
-0.934049 -0.880444
-0.933486 -0.882277
-0.934409 -0.882444
-0.93781 -0.879296
-0.935546 -0.882535
-0.935232 -0.879385
-0.937313 -0.879204
-0.936971 -0.879786
-0.937219 -0.877623
-0.935472 -0.880608
-0.935767 -0.877652
-0.936177 -0.879926
-0.93505 -0.879566
-0.935082 -0.878737
-0.937599 -0.879315
-0.939462 -0.877542
-0.935826 -0.880873
-0.935908 -0.878802
-0.936359 -0.879182
-0.937049 -0.879459
-0.936209 -0.877572
-0.936448 -0.879037
-0.936892 -0.879814
-0.935175 -0.87885
-0.935334 -0.877219
-0.938143 -0.880343
-0.933722 -0.879721
-0.933255 -0.877078
-0.937592 -0.881107
-0.935626 -0.877108
-0.934107 -0.878861
-0.935523 -0.87822
-0.935009 -0.878656
-0.934342 -0.875808
-0.936267 -0.879176
-0.935141 -0.877852
-0.934023 -0.877338
-0.934746 -0.877959
-0.933028 -0.878849
-0.934715 -0.877575
-0.935117 -0.880054
-0.932574 -0.879577
-0.932549 -0.879922
-0.931771 -0.879097
-0.933431 -0.88125
-0.931078 -0.880686
-0.928943 -0.878053
-0.935245 -0.88033
-0.930206 -0.879075
-0.928958 -0.878701
-0.931598 -0.878452
-0.931838 -0.878115
-0.930788 -0.876761
-0.92877 -0.878007
-0.93217 -0.87841
-0.930951 -0.87782
-0.928609 -0.877588
-0.931637 -0.876827
-0.930265 -0.878201
-0.931158 -0.878139
-0.927142 -0.876623
-0.931202 -0.879221
-0.930274 -0.875903
-0.93017 -0.877899
-0.93112 -0.874855
-0.930924 -0.875375
-0.931624 -0.877726
-0.929268 -0.874234
-0.930962 -0.876336
-0.931459 -0.874626
-0.929273 -0.876012
-0.928497 -0.874423
-0.931128 -0.874532
-0.929954 -0.875067
-0.930066 -0.876219
-0.92979 -0.873419
-0.931718 -0.877486
-0.930931 -0.873956
-0.931328 -0.872426
-0.927824 -0.874765
-0.929616 -0.874724
-0.934138 -0.874171
-0.929677 -0.87426
-0.925717 -0.874376
-0.930223 -0.875757
-0.927306 -0.87621
-0.926974 -0.877418
-0.927275 -0.876466
-0.925605 -0.877742
-0.929045 -0.876827
-0.926153 -0.877869
-0.924968 -0.876163
-0.924951 -0.875921
-0.928925 -0.875515
-0.927941 -0.876673
-0.925747 -0.872945
-0.926029 -0.875412
-0.929579 -0.876292
-0.928629 -0.87438
-0.927787 -0.876148
-0.928352 -0.876248
-0.927808 -0.875746
-0.927593 -0.876197
-0.927189 -0.874526
-0.927138 -0.877212
-0.930104 -0.876415
-0.925469 -0.875196
-0.929201 -0.874243
-0.925673 -0.876697
-0.927619 -0.876207
-0.926099 -0.874873
-0.927791 -0.875488
-0.926426 -0.876735
-0.925804 -0.874018
-0.926531 -0.876393
-0.926329 -0.873838
-0.9242 -0.877093
-0.928341 -0.875886
-0.925401 -0.875428
-0.924756 -0.873977
-0.924345 -0.876113
-0.926481 -0.874171
-0.923546 -0.876065
-0.924071 -0.876579
-0.923491 -0.875423
-0.924055 -0.876209
-0.923148 -0.873929
-0.926302 -0.874944
-0.924154 -0.87224
-0.923157 -0.872648
-0.923682 -0.874544
-0.924512 -0.872965
-0.924778 -0.874504
-0.919467 -0.871448
-0.922848 -0.873996
-0.921934 -0.873909
-0.920159 -0.873964
-0.920143 -0.87308
-0.923028 -0.874212
-0.921078 -0.872977
-0.922861 -0.873535
-0.92409 -0.871666
-0.924261 -0.874257
-0.923384 -0.872369
-0.923035 -0.873012
-0.92267 -0.872686
-0.924415 -0.872125
-0.920793 -0.872518
-0.923401 -0.872893
-0.922715 -0.873325
-0.921759 -0.872337
-0.921542 -0.872042
-0.920252 -0.870467
-0.92037 -0.872105
-0.923249 -0.870513
-0.921858 -0.870629
-0.92077 -0.869508
-0.924498 -0.870199
-0.924099 -0.871615
-0.924035 -0.86794
-0.921301 -0.871025
-0.923823 -0.868583
-0.923619 -0.869254
-0.920089 -0.870599
-0.926116 -0.871207
-0.925038 -0.869697
-0.918309 -0.868837
-0.921817 -0.871053
-0.923062 -0.868985
-0.921249 -0.869636
-0.92208 -0.87014
-0.922515 -0.871817
-0.923082 -0.870802
-0.920864 -0.86956
-0.921618 -0.870212
-0.922648 -0.869801
-0.921551 -0.867058
-0.921544 -0.87017
-0.920594 -0.867364
-0.922188 -0.868018
-0.922743 -0.866674
-0.924037 -0.869197
-0.923624 -0.867498
-0.922834 -0.868687
-0.921692 -0.868453
-0.920199 -0.868088
-0.923041 -0.869112
-0.920952 -0.872692
-0.920708 -0.868478
-0.919205 -0.870734
-0.918462 -0.869798
-0.921518 -0.870037
-0.921167 -0.870911
-0.919888 -0.868216
-0.924071 -0.869764
-0.922627 -0.868104
-0.919824 -0.868531
-0.921131 -0.867906
-0.92033 -0.869264
-0.921919 -0.868165
-0.918513 -0.867161
-0.921283 -0.869945
-0.920625 -0.869544
-0.918346 -0.868825
-0.916675 -0.868615
-0.91935 -0.868384
-0.920031 -0.869947
-0.917525 -0.868626
-0.920637 -0.869955
-0.920599 -0.866812
-0.917872 -0.868017
-0.920642 -0.868686
-0.919252 -0.868142
-0.920932 -0.867968
-0.917981 -0.868116
-0.921207 -0.869691
-0.920786 -0.868275
-0.91941 -0.866256
-0.92058 -0.869295
-0.91826 -0.868432
-0.919651 -0.869192
-0.918631 -0.868536
-0.919045 -0.868804
-0.920609 -0.870649
-0.920031 -0.867213
-0.921104 -0.8685
-0.921507 -0.86925
-0.91794 -0.868609
-0.919294 -0.867128
-0.920164 -0.869901
-0.917519 -0.868054
-0.917636 -0.86978
-0.917918 -0.867174
-0.919186 -0.870602
-0.917186 -0.868908
-0.915569 -0.867377
-0.917131 -0.869714
-0.917326 -0.866994
-0.915681 -0.869506
-0.915606 -0.867878
-0.915531 -0.868843
-0.916938 -0.86621
-0.915738 -0.870135
-0.915295 -0.866529
-0.914773 -0.867687
-0.917399 -0.869968
-0.915814 -0.864343
-0.916803 -0.869204
-0.91761 -0.865475
-0.916994 -0.867089
-0.914659 -0.868115
-0.91605 -0.865306
-0.914058 -0.870343
-0.914904 -0.866437
-0.916737 -0.870898
-0.915605 -0.8654
-0.912484 -0.867748
-0.917266 -0.867812
-0.915221 -0.867411
-0.917728 -0.868273
-0.914326 -0.866913
-0.916082 -0.864028
-0.916937 -0.868681
-0.916897 -0.864838
-0.916098 -0.868116
-0.91748 -0.867185
-0.915804 -0.86627
-0.913916 -0.867316
-0.916905 -0.867774
-0.916901 -0.866938
-0.916488 -0.868104
-0.913804 -0.867119
-0.913949 -0.867309
-0.91436 -0.867001
-0.914412 -0.868136
-0.914066 -0.865857
-0.914394 -0.866367
-0.914131 -0.866918
-0.917876 -0.866782
-0.914303 -0.867588
-0.915811 -0.866204
-0.913922 -0.867362
-0.915838 -0.869358
-0.912186 -0.867668
-0.911358 -0.86975
-0.913255 -0.867457
-0.912369 -0.86934
-0.911681 -0.865658
-0.911276 -0.870005
-0.911201 -0.867277
-0.914644 -0.867574
-0.913452 -0.867579
-0.912304 -0.867534
-0.91258 -0.867035
-0.913042 -0.868001
-0.916767 -0.86506
-0.912572 -0.868561
-0.914346 -0.865999
-0.912983 -0.868586
-0.912843 -0.866192
-0.91533 -0.869405
-0.915693 -0.868848
-0.911564 -0.868227
-0.914703 -0.868747
-0.913065 -0.868652
-0.913607 -0.866614
-0.912114 -0.869697
-0.913843 -0.868288
-0.911628 -0.870559
-0.911733 -0.867926
-0.914943 -0.869242
-0.911229 -0.867203
-0.912881 -0.869118
-0.913304 -0.868139
-0.911768 -0.867543
-0.912103 -0.869718
-0.913278 -0.866483
-0.910507 -0.868198
-0.912262 -0.867631
-0.911318 -0.867837
-0.912755 -0.868214
-0.913517 -0.867533
-0.909963 -0.866649
-0.910805 -0.867348
-0.912311 -0.866213
-0.911217 -0.866508
-0.912582 -0.868882
-0.911931 -0.868343
-0.910617 -0.867386
-0.911069 -0.868239
-0.911355 -0.867189
-0.911756 -0.867668
-0.909563 -0.866166
-0.910813 -0.868922
-0.910114 -0.865318
-0.911368 -0.868247
-0.909691 -0.86588
-0.910039 -0.865879
-0.913025 -0.866584
-0.912296 -0.865705
-0.909357 -0.865697
-0.910912 -0.866467
-0.911417 -0.866347
-0.909284 -0.867473
-0.910939 -0.865767
-0.908241 -0.867112
-0.910495 -0.868234
-0.912214 -0.866822
-0.907683 -0.867685
-0.908617 -0.867637
-0.9103 -0.869876
-0.908009 -0.866776
-0.908651 -0.86739
-0.907051 -0.867999
-0.909154 -0.869057
-0.91126 -0.865475
-0.911069 -0.867115
-0.910426 -0.867108
-0.910157 -0.865688
-0.909187 -0.866728
-0.911383 -0.867429
-0.909375 -0.866015
-0.911539 -0.866563
-0.911198 -0.863785
-0.909616 -0.863894
-0.909356 -0.865434
-0.910321 -0.864262
-0.909605 -0.864045
-0.909343 -0.866693
-0.907019 -0.86472
-0.90871 -0.864858
-0.909703 -0.865491
-0.90289 -0.866319
-0.905276 -0.86459
-0.910291 -0.867182
-0.90482 -0.8654
-0.90221 -0.865042
-0.905663 -0.865373
-0.907181 -0.865888
-0.902594 -0.865483
-0.903963 -0.865974
-0.907728 -0.866152
-0.905133 -0.86607
-0.904154 -0.864859
-0.905381 -0.864079
-0.904662 -0.865951
-0.904531 -0.863618
-0.90136 -0.864319
-0.904831 -0.865054
-0.903298 -0.864702
-0.899713 -0.863153
-0.904707 -0.864232
-0.90303 -0.863484
-0.903828 -0.864957
-0.902185 -0.862031
-0.904335 -0.863304
-0.904024 -0.864628
-0.901757 -0.864361
-0.903726 -0.862277
-0.903526 -0.862757
-0.901262 -0.865029
-0.90404 -0.861979
-0.903582 -0.865328
-0.904915 -0.861659
-0.905021 -0.863645
-0.90351 -0.864375
-0.906482 -0.862837
-0.907049 -0.862343
-0.902495 -0.865134
-0.902613 -0.862569
-0.903637 -0.862795
-0.90333 -0.863103
-0.903596 -0.864554
-0.904079 -0.86405
-0.902523 -0.864744
-0.901483 -0.863763
-0.902198 -0.864448
-0.90244 -0.86573
-0.900488 -0.863926
-0.903235 -0.863613
-0.901542 -0.8641
-0.901118 -0.863341
-0.90198 -0.865199
-0.902663 -0.861844
-0.90088 -0.865313
-0.903979 -0.862683
-0.901251 -0.863964
-0.901233 -0.863154
-0.904714 -0.865267
-0.903009 -0.863989
-0.901827 -0.865612
-0.902077 -0.864241
-0.902179 -0.864542
-0.903306 -0.86497
-0.902325 -0.864132
-0.903771 -0.864435
-0.900916 -0.866384
-0.901478 -0.864215
-0.902706 -0.86523
-0.901245 -0.863132
-0.902038 -0.86621
-0.905389 -0.864105
-0.902341 -0.861522
-0.903454 -0.864157
-0.902022 -0.861927
-0.901666 -0.863629
-0.902534 -0.862783
-0.902198 -0.862339
-0.90234 -0.864015
-0.899811 -0.862165
-0.901024 -0.865994
-0.903109 -0.86253
-0.901635 -0.865518
-0.900202 -0.86304
-0.902035 -0.865578
-0.903289 -0.863765
-0.90142 -0.863333
-0.903448 -0.863112
-0.902291 -0.862689
-0.900327 -0.862815
-0.899698 -0.862687
-0.900615 -0.861902
-0.902292 -0.864726
-0.900678 -0.86216
-0.898617 -0.862473
-0.900042 -0.862065
-0.898801 -0.864625
-0.863944 -0.802718
-0.865164 -0.803133
-0.865162 -0.800112
-0.864675 -0.801207
-0.865194 -0.801393
-0.86493 -0.801169
-0.863804 -0.800481
-0.865773 -0.801483
-0.86444 -0.800699
-0.865567 -0.801625
-0.864671 -0.805014
-0.866848 -0.801941
-0.864146 -0.804874
-0.865735 -0.803604
-0.865902 -0.802246
-0.865392 -0.802669
-0.867528 -0.804713
-0.867454 -0.80094
-0.865094 -0.802712
-0.866993 -0.802772
-0.866244 -0.801597
-0.866284 -0.802572
-0.864185 -0.80286
-0.863017 -0.802112
-0.864351 -0.804706
-0.866108 -0.802149
-0.86171 -0.804165
-0.864159 -0.80334
-0.863448 -0.802867
-0.865887 -0.803868
-0.864105 -0.803756
-0.864199 -0.80308
-0.865468 -0.805471
-0.86373 -0.801955
-0.863824 -0.803909
-0.866051 -0.803783
-0.863854 -0.802319
-0.864668 -0.805441
-0.862989 -0.800781
-0.864263 -0.804836
-0.864332 -0.801727
-0.863735 -0.803424
-0.862998 -0.802126
-0.86687 -0.80309
-0.863204 -0.803452
-0.864814 -0.80219
-0.862947 -0.801051
-0.866397 -0.80261
-0.865142 -0.802528
-0.864862 -0.800616
-0.865179 -0.802187
-0.865202 -0.799966
-0.86462 -0.803745
-0.866588 -0.80047
-0.862727 -0.80185
-0.86399 -0.802335
-0.86459 -0.8045
-0.865315 -0.802185
-0.863844 -0.802714
-0.861926 -0.800937
-0.863624 -0.8021
-0.862448 -0.801555
-0.863986 -0.802184
-0.863523 -0.801331
-0.863448 -0.802443
-0.862383 -0.800958
-0.861995 -0.801678
-0.862093 -0.802904
-0.862176 -0.800892
-0.862019 -0.803108
-0.860947 -0.801686
-0.864161 -0.801532
-0.862167 -0.804207
-0.86447 -0.800246
-0.862697 -0.802061
-0.862348 -0.801547
-0.861884 -0.801711
-0.862349 -0.803319
-0.863768 -0.801443
-0.863916 -0.802298
-0.861894 -0.801232
-0.860768 -0.801069
-0.863081 -0.802627
-0.860664 -0.799726
-0.862774 -0.801411
-0.860729 -0.800567
-0.863828 -0.801002
-0.86222 -0.801076
-0.861831 -0.800672
-0.861347 -0.800314
-0.862465 -0.800268
-0.862234 -0.801526
-0.862023 -0.800586
-0.86093 -0.800432
-0.862102 -0.801436
-0.861638 -0.801083
-0.862138 -0.800465
-0.863203 -0.803279
-0.861259 -0.799317
-0.863027 -0.802481
-0.862842 -0.801408
-0.859767 -0.80216
-0.861137 -0.800153
-0.863227 -0.803294
-0.860931 -0.802192
-0.861862 -0.801342
-0.862985 -0.803393
-0.86128 -0.800679
-0.862147 -0.801668
-0.860995 -0.801733
-0.861248 -0.801683
-0.860268 -0.801834
-0.860229 -0.800695
-0.863011 -0.802881
-0.859606 -0.8005
-0.859266 -0.802453
-0.86198 -0.801263
-0.860618 -0.801362
-0.861953 -0.802199
-0.858664 -0.801664
-0.862119 -0.800887
-0.860319 -0.801707
-0.86082 -0.802124
-0.861078 -0.801673
-0.860432 -0.800703
-0.862693 -0.802075
-0.8594 -0.802508
-0.860217 -0.801388
-0.861908 -0.802828
-0.859684 -0.8005
-0.860967 -0.80274
-0.859381 -0.79918
-0.859407 -0.802281
-0.860867 -0.801996
-0.859831 -0.79841
-0.859579 -0.803306
-0.860656 -0.800415
-0.861142 -0.801826
-0.861566 -0.799265
-0.857911 -0.802199
-0.861701 -0.80005
-0.859177 -0.802338
-0.861603 -0.802112
-0.859253 -0.800928
-0.859751 -0.801059
-0.859944 -0.80128
-0.860121 -0.801686
-0.858132 -0.799061
-0.86003 -0.801962
-0.860539 -0.79951
-0.858677 -0.799659
-0.858423 -0.799703
-0.859157 -0.799182
-0.858761 -0.799355
-0.857932 -0.797875
-0.858118 -0.798634
-0.857932 -0.79991
-0.857681 -0.79886
-0.858147 -0.798693
-0.858114 -0.799034
-0.85816 -0.800688
-0.856752 -0.798802
-0.858423 -0.799654
-0.858252 -0.79971
-0.859696 -0.799536
-0.857373 -0.799226
-0.858366 -0.798077
-0.857636 -0.799435
-0.858052 -0.799545
-0.858 -0.799386
-0.857398 -0.80117
-0.857145 -0.797523
-0.858154 -0.801214
-0.856939 -0.796675
-0.856535 -0.800879
-0.858966 -0.798362
-0.858243 -0.79904
-0.858034 -0.798916
-0.857766 -0.798453
-0.856929 -0.799301
-0.858133 -0.798165
-0.856589 -0.798546
-0.858422 -0.797324
-0.859036 -0.798138
-0.857435 -0.797975
-0.858032 -0.798796
-0.857946 -0.79942
-0.857803 -0.797761
-0.857415 -0.798931
-0.857077 -0.79917
-0.856981 -0.800333
-0.855415 -0.798945
-0.85716 -0.799905
-0.856551 -0.799418
-0.858472 -0.798864
-0.857142 -0.800776
-0.860058 -0.799214
-0.85724 -0.800055
-0.857475 -0.801923
-0.860114 -0.799563
-0.859982 -0.802172
-0.857851 -0.800517
-0.857127 -0.799633
-0.858397 -0.801565
-0.858182 -0.799386
-0.857655 -0.801208
-0.856888 -0.801759
-0.857588 -0.800106
-0.858092 -0.801241
-0.856775 -0.800352
-0.857731 -0.801822
-0.858017 -0.801162
-0.858013 -0.800864
-0.856415 -0.799183
-0.858336 -0.799582
-0.856838 -0.799661
-0.856386 -0.79936
-0.855985 -0.799878
-0.858471 -0.79989
-0.856175 -0.800867
-0.857232 -0.800378
-0.855972 -0.7994
-0.856248 -0.800063
-0.859013 -0.800822
-0.856293 -0.798439
-0.857607 -0.80299
-0.857819 -0.799644
-0.858225 -0.799925
-0.857313 -0.80095
-0.859147 -0.799363
-0.859533 -0.801592
-0.857698 -0.799363
-0.857578 -0.799981
-0.856096 -0.800687
-0.858432 -0.799635
-0.857914 -0.801539
-0.856282 -0.799667
-0.856797 -0.800434
-0.856874 -0.800076
-0.857544 -0.798931
-0.856725 -0.79903
-0.855063 -0.799006
-0.856049 -0.800033
-0.855182 -0.799897
-0.85452 -0.798657
-0.85717 -0.801437
-0.855085 -0.798006
-0.855445 -0.802024
-0.855257 -0.79806
-0.857307 -0.801486
-0.853901 -0.796934
-0.856691 -0.799587
-0.855801 -0.7991
-0.855508 -0.796538
-0.855196 -0.799831
-0.853999 -0.797009
-0.85483 -0.799622
-0.854803 -0.797345
-0.85356 -0.800817
-0.854191 -0.797462
-0.854613 -0.799856
-0.854194 -0.79978
-0.853919 -0.798219
-0.854449 -0.800345
-0.85527 -0.799014
-0.855806 -0.800107
-0.852809 -0.798311
-0.855776 -0.799588
-0.855125 -0.797762
-0.855454 -0.798905
-0.854723 -0.798708
-0.856039 -0.799522
-0.855758 -0.797679
-0.856565 -0.7994
-0.853498 -0.796641
-0.855415 -0.798215
-0.854895 -0.798839
-0.85387 -0.797861
-0.853316 -0.800233
-0.855207 -0.797569
-0.852594 -0.800072
-0.853671 -0.799192
-0.853751 -0.798823
-0.856059 -0.799533
-0.855557 -0.797659
-0.85649 -0.798173
-0.854316 -0.79628
-0.856615 -0.799675
-0.855936 -0.797549
-0.856846 -0.798549
-0.854735 -0.797347
-0.855161 -0.799968
-0.854903 -0.799069
-0.853571 -0.799103
-0.853425 -0.798706
-0.855115 -0.800022
-0.85438 -0.797664
-0.85437 -0.799941
-0.852888 -0.798161
-0.855203 -0.797748
-0.854899 -0.800071
-0.855868 -0.796525
-0.854847 -0.799129
-0.85671 -0.796614
-0.856876 -0.798123
-0.856975 -0.798029
-0.857276 -0.797195
-0.858506 -0.798417
-0.856185 -0.797939
-0.856555 -0.798774
-0.854643 -0.796977
-0.8572 -0.799575
-0.854913 -0.797899
-0.854588 -0.797731
-0.854395 -0.799228
-0.855284 -0.797126
-0.854399 -0.798993
-0.855443 -0.797927
-0.854769 -0.797887
-0.854133 -0.798685
-0.853456 -0.797747
-0.854241 -0.798523
-0.854644 -0.79777
-0.855294 -0.798997
-0.8548 -0.79581
-0.853702 -0.798876
-0.854201 -0.796716
-0.853672 -0.797606
-0.855035 -0.79811
-0.853582 -0.796647
-0.853446 -0.796857
-0.856348 -0.796881
-0.853963 -0.796181
-0.854203 -0.796426
-0.855275 -0.798859
-0.854598 -0.796238
-0.856164 -0.797467
-0.855283 -0.797236
-0.853312 -0.797238
-0.853806 -0.796802
-0.854311 -0.797417
-0.853874 -0.797555
-0.852973 -0.796697
-0.854614 -0.799017
-0.852952 -0.79563
-0.854373 -0.796581
-0.853332 -0.795896
-0.854174 -0.797084
-0.85236 -0.795476
-0.85445 -0.798028
-0.853069 -0.79641
-0.853867 -0.797092
-0.852196 -0.796308
-0.852527 -0.796558
-0.853307 -0.796123
-0.853877 -0.797351
-0.851767 -0.797256
-0.852849 -0.795453
-0.852314 -0.797522
-0.852839 -0.795733
-0.855162 -0.798151
-0.853113 -0.79591
-0.853261 -0.796393
-0.854371 -0.796684
-0.854032 -0.797022
-0.854432 -0.79571
-0.851287 -0.796186
-0.854485 -0.797332
-0.854053 -0.797039
-0.853365 -0.796417
-0.852678 -0.794983
-0.855373 -0.797234
-0.853817 -0.795569
-0.853827 -0.795968
-0.853666 -0.796978
-0.854065 -0.796436
-0.854364 -0.79551
-0.85223 -0.79636
-0.853645 -0.797606
-0.852558 -0.796763
-0.852972 -0.796641
-0.853878 -0.796534
-0.851619 -0.795901
-0.851788 -0.796019
-0.852057 -0.796933
-0.853075 -0.797734
-0.852988 -0.796365
-0.852812 -0.794711
-0.852579 -0.798124
-0.853871 -0.7955
-0.852304 -0.796104
-0.854372 -0.795522
-0.854342 -0.797514
-0.852504 -0.796306
-0.852789 -0.795658
-0.852509 -0.794542
-0.85316 -0.79475
-0.851701 -0.797541
-0.85267 -0.794555
-0.852688 -0.797519
-0.85241 -0.795825
-0.851373 -0.795684
-0.851995 -0.797502
-0.852721 -0.794966
-0.850461 -0.797923
-0.851737 -0.794594
-0.850521 -0.796979
-0.851811 -0.79638
-0.852324 -0.795226
-0.851194 -0.795173
-0.852467 -0.798457
-0.852958 -0.794064
-0.85341 -0.795388
-0.853378 -0.795706
-0.851809 -0.794676
-0.851642 -0.794579
-0.851092 -0.796869
-0.851907 -0.794045
-0.852425 -0.796874
-0.852227 -0.793165
-0.851985 -0.797293
-0.851844 -0.794606
-0.850049 -0.79457
-0.852343 -0.797109
-0.85129 -0.794766
-0.852176 -0.795853
-0.850119 -0.796948
-0.850353 -0.795234
-0.850262 -0.795485
-0.850771 -0.796417
-0.851312 -0.796118
-0.850956 -0.796475
-0.85022 -0.794086
-0.85156 -0.794635
-0.850224 -0.794634
-0.852846 -0.795063
-0.852166 -0.793612
-0.8523 -0.794914
-0.851507 -0.793802
-0.851381 -0.794401
-0.851788 -0.794533
-0.852726 -0.794344
-0.852025 -0.795127
-0.852433 -0.794241
-0.851229 -0.795027
-0.853185 -0.793943
-0.852784 -0.792913
-0.851789 -0.795481
-0.852691 -0.793448
-0.852982 -0.794132
-0.852931 -0.793834
-0.851533 -0.793
-0.852548 -0.792967
-0.853013 -0.793948
-0.851879 -0.792753
-0.853448 -0.794161
-0.852288 -0.792371
-0.854268 -0.792977
-0.853666 -0.792988
-0.852772 -0.792934
-0.852866 -0.792683
-0.852931 -0.794025
-0.852274 -0.794011
-0.851842 -0.79368
-0.851879 -0.793453
-0.852666 -0.794505
-0.851459 -0.794394
-0.851422 -0.79628
-0.850233 -0.79235
-0.850079 -0.795421
-0.851666 -0.79473
-0.849962 -0.794631
-0.851967 -0.795882
-0.849502 -0.793463
-0.849767 -0.79403
-0.850859 -0.795126
-0.851547 -0.793772
-0.849765 -0.793918
-0.851008 -0.793437
-0.851142 -0.793159
-0.850498 -0.793022
-0.850779 -0.793006
-0.850242 -0.792211
-0.852266 -0.793854
-0.850092 -0.792553
-0.850641 -0.794433
-0.8495 -0.791327
-0.852331 -0.792238
-0.852135 -0.792146
-0.850575 -0.791873
-0.849678 -0.792842
-0.850536 -0.792434
-0.852584 -0.79403
-0.849146 -0.791533
-0.851211 -0.792028
-0.850549 -0.793283
-0.848271 -0.792427
-0.849085 -0.792047
-0.849148 -0.794165
-0.850322 -0.792112
-0.849643 -0.793536
-0.848242 -0.792757
-0.848897 -0.792811
-0.848277 -0.792959
-0.849169 -0.791449
-0.851363 -0.793337
-0.849032 -0.79336
-0.848353 -0.7916
-0.849435 -0.794238
-0.849745 -0.792575
-0.849897 -0.79293
-0.848089 -0.792684
-0.850107 -0.792993
-0.849485 -0.794069
-0.850151 -0.791384
-0.849098 -0.793164
-0.851215 -0.795184
-0.849551 -0.792079
-0.849104 -0.792635
-0.850292 -0.792151
-0.850784 -0.792366
-0.85058 -0.792839
-0.848765 -0.791919
-0.850192 -0.79276
-0.85056 -0.791147
-0.849742 -0.791916
-0.850836 -0.791262
-0.848806 -0.792342
-0.851427 -0.791016
-0.850304 -0.790791
-0.847396 -0.793044
-0.84769 -0.79067
-0.851374 -0.792161
-0.850614 -0.791967
-0.847924 -0.790503
-0.848672 -0.791478
-0.850711 -0.793614
-0.849156 -0.791723
-0.849691 -0.791318
-0.849471 -0.791418
-0.847932 -0.791746
-0.849107 -0.790625
-0.849545 -0.79172
-0.848054 -0.789979
-0.849053 -0.792155
-0.847706 -0.7876
-0.848787 -0.791918
-0.848959 -0.788733
-0.849599 -0.790008
-0.849129 -0.790437
-0.848125 -0.789984
-0.84764 -0.789753
-0.849026 -0.790935
-0.84653 -0.789074
-0.847138 -0.792399
-0.848067 -0.790324
-0.847176 -0.790535
-0.848511 -0.79184
-0.848324 -0.790416
-0.84753 -0.79043
-0.845078 -0.789065
-0.847243 -0.790766
-0.846562 -0.787969
-0.847541 -0.790015
-0.846365 -0.790284
-0.845801 -0.78915
-0.844692 -0.788149
-0.84706 -0.792682
-0.846067 -0.788881
-0.846736 -0.792502
-0.844244 -0.78949
-0.846314 -0.791536
-0.847272 -0.790225
-0.846348 -0.789139
-0.846332 -0.789708
-0.846391 -0.789245
-0.845283 -0.790917
-0.846405 -0.787716
-0.844924 -0.79207
-0.846848 -0.787703
-0.845051 -0.790515
-0.844473 -0.788812
-0.845535 -0.789426
-0.846934 -0.791639
-0.846064 -0.788862
-0.846056 -0.789278
-0.845215 -0.788522
-0.845094 -0.789688
-0.845445 -0.790739
-0.845809 -0.787633
-0.845261 -0.78893
-0.846611 -0.789207
-0.846531 -0.788259
-0.847181 -0.790207
-0.843956 -0.787588
-0.846632 -0.789349
-0.846146 -0.788426
-0.845709 -0.788314
-0.845368 -0.78921
-0.84562 -0.788667
-0.843008 -0.788332
-0.844461 -0.78914
-0.84461 -0.788947
-0.845693 -0.789219
-0.84456 -0.789372
-0.846029 -0.78896
-0.844582 -0.787704
-0.845072 -0.789474
-0.844727 -0.787837
-0.844699 -0.788317
-0.845644 -0.789406
-0.84554 -0.788961
-0.845796 -0.788459
-0.84428 -0.789464
-0.845987 -0.787042
-0.845651 -0.789352
-0.844419 -0.787877
-0.843933 -0.786691
-0.844875 -0.788803
-0.844452 -0.787876
-0.845459 -0.7878
-0.842686 -0.786298
-0.844176 -0.788584
-0.845017 -0.786796
-0.842494 -0.787685
-0.843646 -0.787909
-0.842327 -0.787264
-0.842549 -0.786407
-0.842854 -0.788271
-0.842469 -0.787794
-0.842293 -0.788689
-0.840582 -0.788182
-0.841114 -0.787601
-0.842 -0.787433
-0.842011 -0.788407
-0.842022 -0.787561
-0.842231 -0.787891
-0.84032 -0.787086
-0.841738 -0.787693
-0.842266 -0.786625
-0.843354 -0.787232
-0.843183 -0.787092
-0.841185 -0.786063
-0.842539 -0.787627
-0.842174 -0.788087
-0.841685 -0.78586
-0.842024 -0.787746
-0.844461 -0.786925
-0.841939 -0.787134
-0.844018 -0.789151
-0.841961 -0.786225
-0.842792 -0.788119
-0.842763 -0.785737
-0.843786 -0.788629
-0.842834 -0.787576
-0.842374 -0.786889
-0.841492 -0.788367
-0.843923 -0.785613
-0.842647 -0.787551
-0.842655 -0.785484
-0.840994 -0.787994
-0.841545 -0.785045
-0.842899 -0.786745
-0.841773 -0.786069
-0.84147 -0.787062
-0.840985 -0.785733
-0.841517 -0.786483
-0.842635 -0.787758
-0.841051 -0.78599
-0.84252 -0.784407
-0.84263 -0.787323
-0.842858 -0.783516
-0.841467 -0.785187
-0.84249 -0.785504
-0.841823 -0.784062
-0.842316 -0.787335
-0.841863 -0.783392
-0.841736 -0.786043
-0.840666 -0.784337
-0.840947 -0.78595
-0.841191 -0.784627
-0.839725 -0.786922
-0.841531 -0.785364
-0.840968 -0.786183
-0.839747 -0.785956
-0.842161 -0.786375
-0.839279 -0.785093
-0.840437 -0.78721
-0.841046 -0.785121
-0.843321 -0.787651
-0.840573 -0.785188
-0.841862 -0.785653
-0.838618 -0.787709
-0.841562 -0.785967
-0.840507 -0.78693
-0.8395 -0.784566
-0.839332 -0.788953
-0.839957 -0.786145
-0.838403 -0.787568
-0.838487 -0.785722
-0.84079 -0.788842
-0.83784 -0.787691
-0.838832 -0.786253
-0.838327 -0.786936
-0.837851 -0.787284
-0.839554 -0.787688
-0.838739 -0.786847
-0.839643 -0.786636
-0.838958 -0.786805
-0.839677 -0.786339
-0.838542 -0.786001
-0.840466 -0.785842
-0.840644 -0.786258
-0.838517 -0.78496
-0.837542 -0.787053
-0.839333 -0.785146
-0.838356 -0.786607
-0.839792 -0.785645
-0.837763 -0.785367
-0.838088 -0.78678
-0.839645 -0.785866
-0.837373 -0.7874
-0.838528 -0.784383
-0.837488 -0.787739
-0.839145 -0.785672
-0.839815 -0.787228
-0.838141 -0.785672
-0.839204 -0.787617
-0.837094 -0.78598
-0.838772 -0.786917
-0.837427 -0.786491
-0.840638 -0.785923
-0.836724 -0.786383
-0.840545 -0.786762
-0.836855 -0.786783
-0.841259 -0.786815
-0.838041 -0.784586
-0.840139 -0.787876
-0.838763 -0.785211
-0.838604 -0.785745
-0.839802 -0.785936
-0.839694 -0.785931
-0.838913 -0.785003
-0.837496 -0.784767
-0.838091 -0.784173
-0.840176 -0.784545
-0.836761 -0.785289
-0.838087 -0.785208
-0.836012 -0.784983
-0.837005 -0.782898
-0.837034 -0.786795
-0.837625 -0.783774
-0.837323 -0.785055
-0.837326 -0.784302
-0.837717 -0.785781
-0.83857 -0.784735
-0.837556 -0.785446
-0.839553 -0.782925
-0.840658 -0.784037
-0.840661 -0.78435
-0.838317 -0.78335
-0.841194 -0.787033
-0.838814 -0.782258
-0.839458 -0.787503
-0.838786 -0.783304
-0.839705 -0.785251
-0.837761 -0.784145
-0.840738 -0.784794
-0.838668 -0.78458
-0.839158 -0.786259
-0.838795 -0.784728
-0.839427 -0.784868
-0.837041 -0.784592
-0.83769 -0.785174
-0.838848 -0.785395
-0.837973 -0.782839
-0.837396 -0.785567
-0.839236 -0.782837
-0.836591 -0.783497
-0.838624 -0.784347
-0.838057 -0.783446
-0.83804 -0.783532
-0.837174 -0.784776
-0.838684 -0.78239
-0.838433 -0.783851
-0.837249 -0.783824
-0.839463 -0.782931
-0.837199 -0.783452
-0.837202 -0.784162
-0.837579 -0.783378
-0.836862 -0.784093
-0.837835 -0.782714
-0.837219 -0.785136
-0.839 -0.783935
-0.837555 -0.782899
-0.837099 -0.784731
-0.838015 -0.782263
-0.838272 -0.785344
-0.835942 -0.783823
-0.837876 -0.783753
-0.836668 -0.783605
-0.837832 -0.784201
-0.837444 -0.781913
-0.836179 -0.784707
-0.837222 -0.783501
-0.83645 -0.783795
-0.837463 -0.78325
-0.837893 -0.784456
-0.836852 -0.78335
-0.836284 -0.785442
-0.838159 -0.782596
-0.838036 -0.784827
-0.839054 -0.783665
-0.838359 -0.785762
-0.836474 -0.78428
-0.837732 -0.783958
-0.837275 -0.783867
-0.836458 -0.783626
-0.836621 -0.786173
-0.837297 -0.782679
-0.835931 -0.786972
-0.835479 -0.783922
-0.834984 -0.785179
-0.835577 -0.785534
-0.836314 -0.784135
-0.835968 -0.785835
-0.83455 -0.784447
-0.837361 -0.783638
-0.835415 -0.784706
-0.835704 -0.782546
-0.837746 -0.785084
-0.835097 -0.7829
-0.835909 -0.782763
-0.837486 -0.784357
-0.835714 -0.78187
-0.838731 -0.784057
-0.83668 -0.782361
-0.837611 -0.782701
-0.835469 -0.78382
-0.834903 -0.782248
-0.837459 -0.785022
-0.83497 -0.782551
-0.835974 -0.7836
-0.834787 -0.783454
-0.835114 -0.783694
-0.836224 -0.783475
-0.834629 -0.784852
-0.834673 -0.782597
-0.83593 -0.783876
-0.835321 -0.783249
-0.83535 -0.782589
-0.836836 -0.78467
-0.835017 -0.783684
-0.83511 -0.782474
-0.837055 -0.784861
-0.835639 -0.7823
-0.837328 -0.783851
-0.838063 -0.782941
-0.83523 -0.782575
-0.83601 -0.784033
-0.83541 -0.781344
-0.835754 -0.782927
-0.835922 -0.781849
-0.836211 -0.781838
-0.834754 -0.782978
-0.836161 -0.780996
-0.834153 -0.783775
-0.834173 -0.781061
-0.834536 -0.782839
-0.833697 -0.784121
-0.833465 -0.781823
-0.832712 -0.783104
-0.834223 -0.782764
-0.834112 -0.783315
-0.832348 -0.782964
-0.832264 -0.781202
-0.833975 -0.785587
-0.831619 -0.781471
-0.834243 -0.784161
-0.832297 -0.781123
-0.832926 -0.782788
-0.832601 -0.782214
-0.832524 -0.782534
-0.832499 -0.782355
-0.83262 -0.782914
-0.833904 -0.783374
-0.830741 -0.781536
-0.833049 -0.782936
-0.832426 -0.782486
-0.83204 -0.78355
-0.832896 -0.78249
-0.831994 -0.782315
-0.833264 -0.78416
-0.832061 -0.78123
-0.832633 -0.783041
-0.83361 -0.78244
-0.83294 -0.781247
-0.833606 -0.783481
-0.833355 -0.779734
-0.833494 -0.782435
-0.833084 -0.781275
-0.833825 -0.77971
-0.833247 -0.782295
-0.832513 -0.780863
-0.833011 -0.781433
-0.831898 -0.78171
-0.833636 -0.781563
-0.832682 -0.781113
-0.83153 -0.781397
-0.831054 -0.781637
-0.832583 -0.78019
-0.832279 -0.781756
-0.830925 -0.782688
-0.830745 -0.781534
-0.831207 -0.78021
-0.831252 -0.779449
-0.832893 -0.781356
-0.830802 -0.779654
-0.831167 -0.780617
-0.832074 -0.779875
-0.832133 -0.781494
-0.832432 -0.780254
-0.832298 -0.779948
-0.831147 -0.77938
-0.83263 -0.781363
-0.832131 -0.780753
-0.832656 -0.782046
-0.832232 -0.780201
-0.830658 -0.781756
-0.830866 -0.780906
-0.832544 -0.782189
-0.832786 -0.781134
-0.831302 -0.780583
-0.831778 -0.781104
-0.831436 -0.782057
-0.83208 -0.780756
-0.832774 -0.781635
-0.830552 -0.780404
-0.833299 -0.781571
-0.831541 -0.780339
-0.831265 -0.78136
-0.831057 -0.781299
-0.832828 -0.780882
-0.831424 -0.780027
-0.832148 -0.781088
-0.830895 -0.780595
-0.830636 -0.78225
-0.833038 -0.782146
-0.83305 -0.781528
-0.832762 -0.780402
-0.832059 -0.781177
-0.833634 -0.780437
-0.833808 -0.781975
-0.832184 -0.781095
-0.834539 -0.782341
-0.832945 -0.780525
-0.834538 -0.783869
-0.833769 -0.781074
-0.83213 -0.781055
-0.833248 -0.782057
-0.83209 -0.781695
-0.832835 -0.781298
-0.83331 -0.77978
-0.832524 -0.781491
-0.832531 -0.782546
-0.832501 -0.780802
-0.832077 -0.782472
-0.832747 -0.78138
-0.831693 -0.782078
-0.832078 -0.782291
-0.834113 -0.781015
-0.832293 -0.782918
-0.832637 -0.779188
-0.832458 -0.782411
-0.83407 -0.779954
-0.832363 -0.781862
-0.832655 -0.779958
-0.830556 -0.781529
-0.831975 -0.78125
-0.832558 -0.780739
-0.831485 -0.781761
-0.830747 -0.779101
-0.831355 -0.781281
-0.830658 -0.780834
-0.832037 -0.780657
-0.830106 -0.779979
-0.832663 -0.781513
-0.831849 -0.780372
-0.831536 -0.781402
-0.832128 -0.77921
-0.833106 -0.780113
-0.831016 -0.779151
-0.832643 -0.779829
-0.832342 -0.780835
-0.832058 -0.779952
-0.832721 -0.778526
-0.833287 -0.780437
-0.831191 -0.779061
-0.833524 -0.779265
-0.832574 -0.779085
-0.833336 -0.780568
-0.833292 -0.779796
-0.831651 -0.779926
-0.832131 -0.779905
-0.832113 -0.779262
-0.831219 -0.780634
-0.832402 -0.778957
-0.83307 -0.781457
-0.832441 -0.778799
-0.831911 -0.779516
-0.832801 -0.779429
-0.831757 -0.779719
-0.831889 -0.779697
-0.831193 -0.779132
-0.831918 -0.778734
-0.831957 -0.781009
-0.832406 -0.778427
-0.831838 -0.780721
-0.832688 -0.778654
-0.832654 -0.779204
-0.83266 -0.779281
-0.833002 -0.776886
-0.833581 -0.779983
-0.832154 -0.777462
-0.833469 -0.777817
-0.832149 -0.778662
-0.833676 -0.778483
-0.832773 -0.777687
-0.831637 -0.780348
-0.832141 -0.777416
-0.831462 -0.779039
-0.830436 -0.77911
-0.832101 -0.779161
-0.831933 -0.778035
-0.831308 -0.780371
-0.831329 -0.77845
-0.831609 -0.778779
-0.83307 -0.780064
-0.832848 -0.77931
-0.830756 -0.778938
-0.830999 -0.78035
-0.832303 -0.78083
-0.830856 -0.779401
-0.83111 -0.780099
-0.831152 -0.780996
-0.830722 -0.779342
-0.830366 -0.780727
-0.831415 -0.78045
-0.830913 -0.778846
-0.831628 -0.781835
-0.831179 -0.778651
-0.831906 -0.780526
-0.832649 -0.778808
-0.831966 -0.778842
-0.831157 -0.778153
-0.832424 -0.777166
-0.831731 -0.778836
-0.832401 -0.778668
-0.829856 -0.777556
-0.832541 -0.780353
-0.830335 -0.777884
-0.831384 -0.778264
-0.831015 -0.778341
-0.831305 -0.778752
-0.830325 -0.778722
-0.831862 -0.778609
-0.831276 -0.778864
-0.829526 -0.779317
-0.830078 -0.778478
-0.830626 -0.780236
-0.829615 -0.778455
-0.829355 -0.780835
-0.830355 -0.778308
-0.829251 -0.779833
-0.83166 -0.780334
-0.830796 -0.778465
-0.830669 -0.780303
-0.829533 -0.778299
-0.830043 -0.780307
-0.830154 -0.779835
-0.830889 -0.77876
-0.83061 -0.779414
-0.831081 -0.779183
-0.831957 -0.778776
-0.830926 -0.779465
-0.830389 -0.778426
-0.830696 -0.778609
-0.831232 -0.778647
-0.832684 -0.78022
-0.831911 -0.777525
-0.830669 -0.778213
-0.831988 -0.778821
-0.831675 -0.777985
-0.83293 -0.779086
-0.832574 -0.778293
-0.831914 -0.779214
-0.831532 -0.777036
-0.833576 -0.779949
-0.830477 -0.776595
-0.830569 -0.777686
-0.831065 -0.777979
-0.830855 -0.778353
-0.830865 -0.778045
-0.830457 -0.777819
-0.828382 -0.778573
-0.830099 -0.777133
-0.831189 -0.780529
-0.829759 -0.778217
-0.830221 -0.778747
-0.830923 -0.779362
-0.830423 -0.777551
-0.831036 -0.77954
-0.831839 -0.777581
-0.831489 -0.779002
-0.83128 -0.777239
-0.831322 -0.780339
-0.832098 -0.778093
-0.831772 -0.779881
-0.831834 -0.777922
-0.832421 -0.77932
-0.83158 -0.778867
-0.83198 -0.77873
-0.831605 -0.778565
-0.831426 -0.778587
-0.831803 -0.777982
-0.831927 -0.778443
-0.83173 -0.778008
-0.832599 -0.780428
-0.83164 -0.780038
-0.832868 -0.77926
-0.832838 -0.781819
-0.831914 -0.779373
-0.832867 -0.781998
-0.831881 -0.779965
-0.832125 -0.782338
-0.830495 -0.779838
-0.832576 -0.781236
-0.831277 -0.781492
-0.830838 -0.781037
-0.831151 -0.781791
-0.830895 -0.779989
-0.830498 -0.782156
-0.829858 -0.78045
-0.830164 -0.780591
-0.832154 -0.781507
-0.830394 -0.779615
-0.830275 -0.780367
-0.831135 -0.778256
-0.831354 -0.781451
-0.831782 -0.780044
-0.83159 -0.779842
-0.831349 -0.778821
-0.832368 -0.779504
-0.832166 -0.779679
-0.830953 -0.77743
-0.829819 -0.779514
-0.833454 -0.779327
-0.832797 -0.780499
-0.830551 -0.778057
-0.830303 -0.780201
-0.831261 -0.781029
-0.830387 -0.779566
-0.829353 -0.781567
-0.829833 -0.779806
-0.830094 -0.781083
-0.829806 -0.781531
-0.830877 -0.780055
-0.830005 -0.781682
-0.830253 -0.778623
-0.830236 -0.780905
-0.829062 -0.781593
-0.830654 -0.780533
-0.829194 -0.780001
-0.829625 -0.780979
-0.830423 -0.780154
-0.830817 -0.781153
-0.828273 -0.780128
-0.832059 -0.782151
-0.829168 -0.779968
-0.829613 -0.780851
-0.83065 -0.781949
-0.830936 -0.780412
-0.830363 -0.782294
-0.828793 -0.779883
-0.829717 -0.782246
-0.830133 -0.780642
-0.830946 -0.779313
-0.830869 -0.781582
-0.829157 -0.778228
-0.830591 -0.779884
-0.831309 -0.779674
-0.830661 -0.77937
-0.830421 -0.779832
-0.829683 -0.77802
-0.829309 -0.780758
-0.830244 -0.777692
-0.827926 -0.779676
-0.829746 -0.780508
-0.829956 -0.777645
-0.829901 -0.779615
-0.82816 -0.775839
-0.82947 -0.779109
-0.829592 -0.776421
-0.828952 -0.779001
-0.829127 -0.778189
-0.829678 -0.77588
-0.82914 -0.777862
-0.831329 -0.777239
-0.82845 -0.776429
-0.829195 -0.777616
-0.831971 -0.778174
-0.830675 -0.778211
-0.828584 -0.776696
-0.829947 -0.778774
-0.828227 -0.777486
-0.828604 -0.778606
-0.828042 -0.777251
-0.829155 -0.779426
-0.828997 -0.77876
-0.828956 -0.777105
-0.828459 -0.779084
-0.830308 -0.778047
-0.828713 -0.777492
-0.829662 -0.778133
-0.829672 -0.777739
-0.82912 -0.777584
-0.831947 -0.777337
-0.829302 -0.777532
-0.830856 -0.777905
-0.829726 -0.777995
-0.829989 -0.776777
-0.83059 -0.778904
-0.830079 -0.777041
-0.83014 -0.779112
-0.830123 -0.777408
-0.830747 -0.778609
-0.828333 -0.778658
-0.831821 -0.778557
-0.830931 -0.777534
-0.830195 -0.778403
-0.831076 -0.777703
-0.831042 -0.778467
-0.831425 -0.776955
-0.830639 -0.777411
-0.831116 -0.777746
-0.831942 -0.777697
-0.831655 -0.778556
-0.829802 -0.775703
-0.830953 -0.779161
-0.831205 -0.777113
-0.830877 -0.777509
-0.830497 -0.778776
-0.829474 -0.777769
-0.830119 -0.778072
-0.82997 -0.778104
-0.831286 -0.778095
-0.832005 -0.778766
-0.830047 -0.777175
-0.829467 -0.777546
-0.83058 -0.778223
-0.831175 -0.780373
-0.831585 -0.777175
-0.82872 -0.778616
-0.828741 -0.778104
-0.830787 -0.77806
-0.828309 -0.778478
-0.829331 -0.777108
-0.829924 -0.779019
-0.829255 -0.777004
-0.829193 -0.777942
-0.828571 -0.776908
-0.829603 -0.778707
-0.828081 -0.777311
-0.828107 -0.777434
-0.829396 -0.778471
-0.828346 -0.777289
-0.828975 -0.779535
