0 0
-0.0525636 -0.0494972
-0.104215 -0.0982579
-0.154692 -0.146217
-0.204225 -0.192928
-0.252737 -0.238825
-0.299787 -0.283609
-0.346117 -0.327592
-0.391431 -0.371096
-0.435595 -0.413296
-0.478679 -0.454868
-0.520673 -0.495127
-0.561859 -0.53498
-0.601618 -0.573629
-0.640102 -0.611149
-0.678157 -0.648479
-0.715292 -0.683782
-0.74973 -0.718215
-0.783993 -0.752634
-0.818549 -0.785469
-0.848521 -0.818195
-0.880672 -0.848998
-0.911605 -0.877304
-0.936465 -0.909135
-0.967931 -0.935181
-0.99192 -0.963794
-1.01737 -0.98912
-1.04056 -1.01593
-1.06356 -1.03925
-1.08386 -1.06191
-1.10329 -1.08383
-1.10332 -1.08248
-1.10024 -1.08462
-1.10173 -1.07999
-1.10179 -1.08387
-1.10054 -1.08299
-1.10058 -1.08546
-1.10324 -1.08005
-1.0996 -1.0839
-1.10109 -1.08273
-1.10118 -1.08269
-1.10077 -1.08103
-1.09874 -1.08307
-1.09893 -1.0812
-1.09897 -1.08194
-1.09946 -1.0805
-1.09903 -1.08141
-1.09739 -1.08176
-1.10188 -1.07907
-1.09802 -1.08245
-1.09868 -1.08242
-1.10072 -1.0806
-1.09755 -1.08326
-1.10059 -1.07872
-1.09918 -1.08197
-1.10038 -1.08241
-1.09848 -1.08221
-1.09889 -1.07932
-1.09807 -1.08195
-1.09705 -1.08231
-1.09928 -1.07781
-1.09767 -1.08191
-1.09962 -1.08229
-1.09887 -1.07954
-1.09884 -1.08236
-1.09479 -1.08352
-1.09999 -1.07733
-1.09482 -1.08114
-1.09694 -1.07965
-1.09758 -1.08003
-1.09407 -1.07986
-1.09772 -1.08197
-1.09948 -1.07876
-1.09584 -1.08297
-1.09876 -1.07838
-1.09664 -1.08096
-1.09838 -1.08086
-1.09517 -1.0808
-1.09893 -1.08005
-1.09603 -1.08149
-1.09517 -1.08039
-1.09853 -1.07957
-1.09589 -1.08083
-1.09645 -1.08047
-1.09598 -1.07877
-1.09654 -1.07895
-1.09494 -1.08109
-1.09849 -1.07873
-1.09498 -1.08099
-1.09738 -1.07896
-1.09699 -1.07994
-1.0968 -1.07914
-1.09475 -1.08287
-1.09604 -1.0772
-1.09576 -1.08031
-1.09296 -1.07991
-1.09655 -1.0785
-1.09383 -1.08194
-1.0949 -1.07713
-1.09484 -1.08032
-1.09332 -1.07898
-1.09327 -1.07724
-1.09428 -1.0794
-1.09179 -1.0823
-1.09455 -1.07638
-1.09406 -1.07785
-1.0945 -1.07879
-1.09261 -1.07786
-1.09669 -1.07643
-1.09243 -1.07928
-1.09434 -1.07643
-1.09218 -1.07654
-1.0946 -1.07745
-1.0922 -1.0751
-1.09319 -1.07725
-1.09332 -1.0768
-1.09451 -1.07582
-1.0944 -1.07631
-1.09323 -1.07664
-1.09574 -1.07457
-1.09317 -1.0784
-1.09394 -1.07438
-1.09283 -1.07664
-1.09338 -1.07695
-1.09408 -1.07494
-1.09286 -1.07666
-1.09296 -1.07623
-1.09393 -1.07637
-1.09233 -1.07745
-1.0936 -1.07416
-1.09312 -1.07722
-1.09 -1.0786
-1.09224 -1.07587
-1.09228 -1.07731
-1.09251 -1.07621
-1.09116 -1.07757
-1.09295 -1.07595
-1.09206 -1.07873
-1.09232 -1.07603
-1.09238 -1.07674
-1.09025 -1.07762
-1.09305 -1.07627
-1.09149 -1.07477
-1.09037 -1.07933
-1.09189 -1.07726
-1.09292 -1.07658
-1.09201 -1.07844
-1.09092 -1.07684
-1.08962 -1.07938
-1.09127 -1.07616
-1.09042 -1.07791
-1.09334 -1.07436
-1.09015 -1.07983
-1.09168 -1.07758
-1.09337 -1.07489
-1.0914 -1.07701
-1.09285 -1.07608
-1.09026 -1.07805
-1.09236 -1.07407
-1.08873 -1.07662
-1.09079 -1.07637
-1.08958 -1.07406
-1.08958 -1.0751
-1.0909 -1.07332
-1.08885 -1.07522
-1.09034 -1.07621
-1.0938 -1.07234
-1.08779 -1.07803
-1.09278 -1.07552
-1.09498 -1.07162
-1.08739 -1.07774
-1.09145 -1.0734
-1.08908 -1.07403
-1.08974 -1.07551
-1.09263 -1.0719
-1.08664 -1.07755
-1.09056 -1.0741
-1.08994 -1.07583
-1.08932 -1.0733
-1.08903 -1.07635
-1.0906 -1.07436
-1.08851 -1.0739
-1.08865 -1.07665
-1.09013 -1.07313
-1.09005 -1.07444
-1.08834 -1.07556
-1.08883 -1.07466
-1.08959 -1.07369
-1.08927 -1.07402
-1.08951 -1.07479
-1.08841 -1.0746
-1.0886 -1.07471
-1.08935 -1.07371
-1.08731 -1.0716
-1.08798 -1.07324
-1.08545 -1.07491
-1.08808 -1.06954
-1.08357 -1.07358
-1.088 -1.07306
-1.08685 -1.07277
-1.08808 -1.0736
-1.0893 -1.07175
-1.08851 -1.07321
-1.0854 -1.074
-1.08751 -1.07263
-1.08513 -1.07192
-1.08561 -1.07313
-1.08719 -1.07387
-1.08659 -1.0716
-1.08654 -1.07224
-1.08652 -1.07365
-1.08658 -1.07338
-1.08587 -1.07313
-1.08635 -1.07187
-1.08575 -1.07521
-1.0869 -1.06968
-1.08672 -1.07219
-1.08734 -1.07327
-1.08867 -1.07079
-1.08566 -1.07332
-1.08751 -1.06966
-1.08624 -1.07262
-1.08613 -1.07293
-1.08612 -1.07139
-1.08663 -1.07095
-1.08482 -1.07385
-1.08653 -1.07241
-1.08361 -1.07215
-1.08387 -1.07044
-1.08321 -1.07212
-1.08478 -1.0703
-1.08321 -1.07193
-1.08539 -1.06833
-1.08334 -1.07339
-1.08424 -1.07052
-1.08367 -1.07281
-1.08469 -1.07221
-1.08458 -1.07188
-1.08575 -1.06867
-1.08434 -1.07225
-1.08609 -1.0715
-1.0847 -1.06988
-1.08591 -1.07094
-1.08563 -1.06977
-1.08591 -1.07011
-1.08346 -1.07133
-1.08514 -1.06908
-1.08421 -1.0682
-1.08417 -1.07179
-1.08462 -1.06761
-1.08304 -1.07186
-1.08425 -1.06927
-1.08468 -1.07041
-1.08283 -1.06841
-1.08494 -1.07033
-1.08342 -1.06793
-1.08308 -1.07147
-1.08533 -1.06741
-1.08253 -1.07062
-1.08278 -1.06776
-1.08311 -1.06926
-1.0842 -1.06804
-1.08234 -1.06974
-1.08363 -1.06591
-1.08333 -1.06913
-1.08395 -1.06737
-1.08294 -1.07059
-1.08392 -1.06676
-1.08181 -1.0692
-1.08292 -1.06811
-1.0844 -1.06765
-1.08275 -1.06886
-1.08413 -1.06947
-1.082 -1.07006
-1.08471 -1.06907
-1.08241 -1.06913
-1.08278 -1.06993
-1.0826 -1.06543
-1.08183 -1.06961
-1.08101 -1.06884
-1.08209 -1.06677
-1.08337 -1.06838
-1.08147 -1.06893
-1.08545 -1.06709
-1.08468 -1.06931
-1.08137 -1.06893
-1.08513 -1.06541
-1.08043 -1.06961
-1.08316 -1.06665
-1.08163 -1.06712
-1.0836 -1.06857
-1.08252 -1.06799
-1.08394 -1.07024
-1.08418 -1.066
-1.08211 -1.07051
-1.08238 -1.06819
-1.0829 -1.06768
-1.08247 -1.0676
-1.08312 -1.06817
-1.08159 -1.06584
-1.08081 -1.06997
-1.08429 -1.06567
-1.08143 -1.06781
-1.08187 -1.0673
-1.08244 -1.06456
-1.08115 -1.06996
-1.08305 -1.06633
-1.08246 -1.06617
-1.08233 -1.06802
-1.08261 -1.06549
-1.08373 -1.06648
-1.08193 -1.06867
-1.08205 -1.06773
-1.08175 -1.06658
-1.08098 -1.06737
-1.0819 -1.06758
-1.08076 -1.06628
-1.08183 -1.0659
-1.08208 -1.06497
-1.08207 -1.06999
-1.08151 -1.06618
-1.08237 -1.065
-1.08157 -1.0672
-1.08022 -1.06599
-1.08132 -1.06631
-1.08059 -1.06428
-1.07965 -1.06761
-1.08057 -1.0643
-1.07856 -1.06746
-1.08298 -1.06418
-1.08058 -1.06668
-1.07925 -1.06493
-1.08054 -1.06532
-1.08042 -1.06245
-1.07958 -1.06549
-1.08008 -1.0637
-1.07955 -1.06547
-1.08125 -1.06303
-1.08183 -1.06616
-1.08134 -1.06503
-1.08092 -1.06427
-1.08036 -1.06443
-1.08136 -1.06272
-1.07787 -1.06598
-1.08063 -1.06408
-1.08159 -1.06365
-1.08 -1.0649
-1.08071 -1.06369
-1.07969 -1.06406
-1.07911 -1.06405
-1.07695 -1.0645
-1.0804 -1.06108
-1.07806 -1.06826
-1.07973 -1.06276
-1.07849 -1.06309
-1.0784 -1.06412
-1.07955 -1.06537
-1.07973 -1.06538
-1.07779 -1.06393
-1.07866 -1.06577
-1.07816 -1.06302
-1.07694 -1.06344
-1.07832 -1.06375
-1.07713 -1.06377
-1.07667 -1.06513
-1.07826 -1.06353
-1.07748 -1.06383
-1.0763 -1.06411
-1.07772 -1.06493
-1.0768 -1.06372
-1.07641 -1.0637
-1.07628 -1.0653
-1.07655 -1.06277
-1.07628 -1.06389
-1.07705 -1.06523
-1.07591 -1.06478
-1.07775 -1.06345
-1.07664 -1.06447
-1.07747 -1.06354
-1.07574 -1.06397
-1.07598 -1.06321
-1.07598 -1.06263
-1.07459 -1.06362
-1.07563 -1.06333
-1.07698 -1.06452
-1.0751 -1.06268
-1.07508 -1.06481
-1.07607 -1.06298
-1.07462 -1.06388
-1.07426 -1.06323
-1.07279 -1.06152
-1.07438 -1.06504
-1.07464 -1.06172
-1.07359 -1.0648
-1.07399 -1.06136
-1.07528 -1.06112
-1.07368 -1.06312
-1.07441 -1.06237
-1.07332 -1.06119
-1.07193 -1.06268
-1.07428 -1.06112
-1.07509 -1.06258
-1.07278 -1.06266
-1.07308 -1.06172
-1.07283 -1.06103
-1.07347 -1.06107
-1.07429 -1.06185
-1.07468 -1.06143
-1.07132 -1.0642
-1.07474 -1.06122
-1.07381 -1.06191
-1.07393 -1.06292
-1.07284 -1.06083
-1.07449 -1.06098
-1.07044 -1.06276
-1.07431 -1.06139
-1.07418 -1.06146
-1.07218 -1.06337
-1.07499 -1.0609
-1.07271 -1.06321
-1.07374 -1.05983
-1.07254 -1.06319
-1.07582 -1.05873
-1.07402 -1.06186
-1.07406 -1.06305
-1.07486 -1.06201
-1.07467 -1.0617
-1.07531 -1.06226
-1.07393 -1.06152
-1.07404 -1.06009
-1.07124 -1.06419
-1.07588 -1.05674
-1.07236 -1.06343
-1.07457 -1.06023
-1.07238 -1.06165
-1.07223 -1.06205
-1.07422 -1.06085
-1.07472 -1.06022
-1.07228 -1.06197
-1.07587 -1.05985
-1.07202 -1.06098
-1.07242 -1.06098
-1.07391 -1.06007
-1.07156 -1.06232
-1.07305 -1.06043
-1.07392 -1.06098
-1.07432 -1.06045
-1.07144 -1.06287
-1.07669 -1.05891
-1.0728 -1.06199
-1.0745 -1.06108
-1.07391 -1.06024
-1.07361 -1.06087
-1.07345 -1.06085
-1.07299 -1.06137
-1.07285 -1.06058
-1.07235 -1.06064
-1.07326 -1.06039
-1.0721 -1.06157
-1.07317 -1.06095
-1.07187 -1.06212
-1.07268 -1.06164
-1.07286 -1.06019
-1.07086 -1.06071
-1.07149 -1.06044
-1.07393 -1.06042
-1.07164 -1.06021
-1.07141 -1.06295
-1.07372 -1.05885
-1.07048 -1.06322
-1.0735 -1.05997
-1.07048 -1.06131
-1.07084 -1.06046
-1.07213 -1.0601
-1.07046 -1.06058
-1.07262 -1.05832
-1.07028 -1.06157
-1.07062 -1.06016
-1.07174 -1.05863
-1.07108 -1.06109
-1.0708 -1.05936
-1.07097 -1.05899
-1.07079 -1.05979
-1.07145 -1.06011
-1.07192 -1.05855
-1.07061 -1.06165
-1.0722 -1.05905
-1.07167 -1.06004
-1.07249 -1.06064
-1.07127 -1.05914
-1.0712 -1.06129
-1.07229 -1.05988
-1.06987 -1.05938
-1.06972 -1.06095
-1.0706 -1.06127
-1.07235 -1.0567
-1.06996 -1.06005
-1.07125 -1.06117
-1.07128 -1.05893
-1.06978 -1.06017
-1.07118 -1.0585
-1.06988 -1.06021
-1.07033 -1.05914
-1.0689 -1.05869
-1.0708 -1.06017
-1.0688 -1.0589
-1.07095 -1.05663
-1.06892 -1.0594
-1.06943 -1.06007
-1.06968 -1.05858
-1.07076 -1.05881
-1.06986 -1.05915
-1.06931 -1.06084
-1.06838 -1.05968
-1.06956 -1.05783
-1.07017 -1.05777
-1.06837 -1.05986
-1.0712 -1.05612
-1.07102 -1.05925
-1.06883 -1.05818
-1.06982 -1.05879
-1.06892 -1.05734
-1.06865 -1.05782
-1.06996 -1.05777
-1.06714 -1.05792
-1.07004 -1.05606
-1.07036 -1.05754
-1.07074 -1.05768
-1.07036 -1.05715
-1.07056 -1.05754
-1.06909 -1.05836
-1.06992 -1.05389
-1.0694 -1.05713
-1.06884 -1.056
-1.06956 -1.05695
-1.07032 -1.05464
-1.06869 -1.05673
-1.06916 -1.0536
-1.06732 -1.05755
-1.07036 -1.05339
-1.06974 -1.05618
-1.06754 -1.05644
-1.06896 -1.05557
-1.07006 -1.05506
-1.06662 -1.05694
-1.06905 -1.05703
-1.07004 -1.05282
-1.06733 -1.05681
-1.0692 -1.05436
-1.06795 -1.05655
-1.06942 -1.05314
-1.0672 -1.05525
-1.06811 -1.0546
-1.06855 -1.05465
-1.0675 -1.05426
-1.06782 -1.05525
-1.06702 -1.05271
-1.06805 -1.05738
-1.06734 -1.05304
-1.06743 -1.05491
-1.06733 -1.054
-1.06751 -1.05653
-1.06787 -1.05434
-1.06632 -1.05565
-1.06779 -1.05613
-1.06551 -1.05519
-1.06634 -1.05575
-1.06489 -1.05604
-1.06652 -1.05438
-1.06402 -1.05539
-1.06688 -1.05479
-1.06534 -1.05514
-1.06596 -1.05563
-1.06688 -1.05315
-1.06396 -1.05654
-1.06689 -1.05209
-1.06443 -1.05748
-1.06679 -1.0528
-1.06404 -1.05632
-1.06644 -1.05313
-1.06711 -1.05328
-1.06473 -1.05626
-1.06462 -1.0531
-1.06421 -1.05486
-1.067 -1.05172
-1.06365 -1.05749
-1.06881 -1.0523
-1.06382 -1.05446
-1.0662 -1.05356
-1.06713 -1.05269
-1.06306 -1.05563
-1.06487 -1.05332
-1.06466 -1.05213
-1.06404 -1.05613
-1.06375 -1.05348
-1.06407 -1.05139
-1.06369 -1.05557
-1.06459 -1.05253
-1.06606 -1.05195
-1.0647 -1.05433
-1.06341 -1.05359
-1.06417 -1.05294
-1.06415 -1.05266
-1.06382 -1.05469
-1.0639 -1.05135
-1.06246 -1.05532
-1.06289 -1.05282
-1.06256 -1.05375
-1.06584 -1.05293
-1.06247 -1.05409
-1.06364 -1.05352
-1.06374 -1.0512
-1.06041 -1.05534
-1.06595 -1.04951
-1.0611 -1.05634
-1.06513 -1.04888
-1.06096 -1.05368
-1.06318 -1.05303
-1.06406 -1.05132
-1.06241 -1.05277
-1.06177 -1.05177
-1.06395 -1.05033
-1.06128 -1.05224
-1.06414 -1.0518
-1.06247 -1.05271
-1.06165 -1.04943
-1.0633 -1.05132
-1.06127 -1.0514
-1.06388 -1.04974
-1.06023 -1.05364
-1.06374 -1.04882
-1.06211 -1.05026
-1.06187 -1.05013
-1.06414 -1.04889
-1.0618 -1.05173
-1.0639 -1.04925
-1.06142 -1.05119
-1.06216 -1.04955
-1.06143 -1.05016
-1.06056 -1.04982
-1.06267 -1.04886
-1.06064 -1.04916
-1.06298 -1.04926
-1.0601 -1.04996
-1.0632 -1.04873
-1.06222 -1.04824
-1.06036 -1.05146
-1.06419 -1.04652
-1.06014 -1.05011
-1.06204 -1.04944
-1.06145 -1.04525
-1.06209 -1.04971
-1.06282 -1.04591
-1.06117 -1.04918
-1.06138 -1.04769
-1.06179 -1.04802
-1.06202 -1.04844
-1.06053 -1.04955
-1.06304 -1.04604
-1.062 -1.04908
-1.06093 -1.04806
-1.06376 -1.04658
-1.05959 -1.04861
-1.0622 -1.04684
-1.06123 -1.04743
-1.06092 -1.04862
-1.06033 -1.04614
-1.0639 -1.04789
-1.05964 -1.04787
-1.06134 -1.0478
-1.06223 -1.04556
-1.06112 -1.04872
-1.06154 -1.04801
-1.05955 -1.04679
-1.06214 -1.04665
-1.06085 -1.04728
-1.06045 -1.04826
-1.05967 -1.04681
-1.05825 -1.0471
-1.06025 -1.04756
-1.06 -1.0476
-1.06012 -1.04667
-1.06092 -1.04756
-1.05967 -1.04788
-1.05902 -1.04572
-1.06101 -1.04649
-1.05813 -1.04783
-1.06056 -1.04636
-1.05949 -1.04803
-1.05894 -1.04741
-1.05917 -1.04657
-1.05923 -1.04651
-1.05901 -1.04752
-1.06116 -1.04607
-1.05951 -1.04738
-1.0586 -1.04767
-1.05931 -1.04596
-1.05857 -1.04674
-1.05956 -1.04605
-1.05854 -1.04813
-1.05939 -1.04455
-1.05815 -1.04765
-1.05888 -1.04443
-1.05716 -1.04639
-1.05928 -1.04565
-1.05808 -1.04469
-1.0578 -1.04426
-1.0572 -1.04614
-1.05913 -1.04351
-1.05775 -1.04491
-1.0562 -1.04646
-1.05825 -1.04399
-1.05676 -1.04628
-1.0573 -1.04381
-1.05639 -1.04624
-1.05857 -1.04234
-1.05507 -1.04663
-1.05815 -1.04394
-1.05808 -1.04452
-1.05761 -1.04556
-1.05671 -1.04359
-1.05879 -1.04339
-1.05579 -1.0451
-1.05646 -1.04335
-1.05667 -1.04407
-1.05594 -1.04539
-1.0564 -1.04298
-1.05618 -1.04765
-1.05839 -1.04278
-1.05579 -1.04524
-1.05654 -1.0452
-1.05703 -1.04251
-1.05666 -1.04526
-1.05623 -1.04339
-1.05645 -1.04483
-1.05692 -1.04175
-1.05562 -1.04454
-1.05779 -1.04391
-1.05649 -1.04444
-1.05842 -1.04394
-1.05757 -1.043
-1.0551 -1.04541
-1.06004 -1.04039
-1.05553 -1.04577
-1.05628 -1.04432
-1.05788 -1.04235
-1.05656 -1.0458
-1.05792 -1.04172
-1.05716 -1.04335
-1.05702 -1.04398
-1.05556 -1.04523
-1.05613 -1.04138
-1.05596 -1.04438
-1.05536 -1.04287
-1.05648 -1.04299
-1.05512 -1.04336
-1.05655 -1.04394
-1.05727 -1.0415
-1.05459 -1.04524
-1.05736 -1.04039
-1.05678 -1.04343
-1.05529 -1.04364
-1.05656 -1.04127
-1.05623 -1.04432
-1.05595 -1.04192
-1.05517 -1.04389
-1.05518 -1.04181
-1.05466 -1.04243
-1.05363 -1.04369
-1.05665 -1.04139
-1.05359 -1.04536
-1.05646 -1.04275
-1.0534 -1.04432
-1.05493 -1.04233
-1.05567 -1.04257
-1.05411 -1.0445
-1.05384 -1.04205
-1.05435 -1.04305
-1.05495 -1.04237
-1.05387 -1.04225
-1.05371 -1.04389
-1.05489 -1.04236
-1.05282 -1.04401
-1.05539 -1.04269
-1.05339 -1.04468
-1.05405 -1.04245
-1.05517 -1.04322
-1.05477 -1.04204
-1.0534 -1.04458
-1.05406 -1.04398
-1.05353 -1.04024
-1.05525 -1.04229
-1.05238 -1.04516
-1.05644 -1.04038
-1.0545 -1.04322
-1.05464 -1.04211
-1.05444 -1.04444
-1.05413 -1.04318
-1.05555 -1.04216
-1.05458 -1.04136
-1.05368 -1.0437
-1.05258 -1.04215
-1.05348 -1.04083
-1.05232 -1.04385
-1.05082 -1.04394
-1.05619 -1.04137
-1.05115 -1.04305
-1.05282 -1.04416
-1.05374 -1.04105
-1.05317 -1.04045
-1.05041 -1.044
-1.05341 -1.04027
-1.0506 -1.04223
-1.05189 -1.04406
-1.0538 -1.0428
-1.05389 -1.04077
-1.05237 -1.04268
-1.05232 -1.04141
-1.05183 -1.04178
-1.05321 -1.04226
-1.05222 -1.04075
-1.05334 -1.04199
-1.05103 -1.04343
-1.05505 -1.04077
-1.05285 -1.04233
-1.05248 -1.04109
-1.05179 -1.04235
-1.05013 -1.04276
-1.05333 -1.03949
-1.05013 -1.04441
-1.05326 -1.04128
-1.05219 -1.04128
-1.0532 -1.04148
-1.05257 -1.04094
-1.05348 -1.04138
-1.05159 -1.04128
-1.05193 -1.04087
-1.05444 -1.04237
-1.05222 -1.04071
-1.05126 -1.04488
-1.05363 -1.03984
-1.05135 -1.04305
-1.05315 -1.04024
-1.0517 -1.04341
-1.05226 -1.04216
-1.05327 -1.04171
-1.05327 -1.04172
-1.05347 -1.04132
-1.04973 -1.04397
-1.05453 -1.04001
-1.05081 -1.04369
-1.053 -1.04081
-1.05031 -1.04256
-1.05036 -1.04129
-1.05205 -1.03908
-1.04979 -1.04345
-1.05123 -1.03959
-1.04995 -1.0414
-1.05029 -1.04122
-1.05115 -1.04044
-1.05047 -1.03885
-1.05003 -1.04219
-1.05092 -1.03932
-1.04941 -1.04168
-1.05032 -1.04088
-1.04957 -1.04078
-1.05192 -1.03977
-1.04964 -1.04242
-1.05035 -1.03837
-1.04964 -1.0424
-1.0495 -1.04137
-1.05063 -1.0387
-1.04894 -1.041
-1.04884 -1.04107
-1.04844 -1.03989
-1.04819 -1.03988
-1.05002 -1.04064
-1.04994 -1.03841
-1.04904 -1.03937
-1.04906 -1.03899
-1.05011 -1.03795
-1.04814 -1.04081
-1.04775 -1.03839
-1.04743 -1.03915
-1.04915 -1.03844
-1.04794 -1.04127
-1.0472 -1.03816
-1.04799 -1.03786
-1.04542 -1.0404
-1.04872 -1.03888
-1.04586 -1.03974
-1.04795 -1.03727
-1.04621 -1.04107
-1.04792 -1.03787
-1.04477 -1.04039
-1.04624 -1.03741
-1.045 -1.0402
-1.04556 -1.03863
-1.04645 -1.03845
-1.04576 -1.03854
-1.0454 -1.03997
-1.04564 -1.04046
-1.04535 -1.03816
-1.04524 -1.03898
-1.0459 -1.03901
-1.04429 -1.03907
-1.04515 -1.03763
-1.04514 -1.03847
-1.04694 -1.03754
-1.0453 -1.03914
-1.04677 -1.03719
-1.04596 -1.04005
-1.04583 -1.03759
-1.04664 -1.03942
-1.0455 -1.03768
-1.04583 -1.0375
-1.0465 -1.03897
-1.04506 -1.04076
-1.04615 -1.03831
-1.04602 -1.03897
-1.04584 -1.03866
-1.04565 -1.03863
-1.04291 -1.03937
-1.04783 -1.03714
-1.04424 -1.0377
-1.04463 -1.04005
-1.04662 -1.03722
-1.04673 -1.03759
-1.04401 -1.04168
-1.04662 -1.03587
-1.04425 -1.039
-1.04417 -1.04109
-1.04569 -1.0376
-1.04433 -1.03786
-1.04311 -1.03931
-1.04534 -1.03779
-1.04473 -1.0391
-1.04782 -1.03814
-1.04186 -1.03981
-1.01928 -0.99513
-0.994384 -0.948269
-0.995801 -0.950149
-0.995177 -0.949472
-0.994733 -0.949676
-0.995124 -0.948839
-0.994252 -0.949265
-0.995975 -0.949106
-0.994871 -0.94943
-0.994453 -0.950561
-0.99591 -0.947926
-0.995225 -0.948223
-0.995986 -0.948491
-0.995108 -0.949714
-0.994783 -0.949618
-0.994693 -0.949088
-0.995577 -0.948444
-0.994017 -0.94962
-0.996769 -0.94814
-0.994829 -0.950552
-0.995828 -0.949079
-0.996192 -0.948617
-0.995977 -0.948075
-0.993213 -0.95056
-0.995162 -0.947194
-0.994775 -0.948218
-0.99431 -0.948446
-0.994223 -0.951283
-0.994708 -0.951853
-0.995746 -0.950167
-0.993401 -0.954629
-0.997157 -0.95014
-0.992506 -0.95263
-0.996189 -0.950736
-0.993316 -0.952127
-0.993674 -0.953143
-0.995404 -0.951192
-0.993648 -0.950581
-0.99478 -0.952792
-0.994638 -0.952498
-0.996156 -0.951127
-0.994204 -0.950659
-0.99185 -0.954701
-0.995864 -0.947354
-0.995299 -0.95471
-0.992594 -0.951044
-0.993955 -0.95169
-0.994674 -0.950145
-0.994147 -0.951192
-0.994086 -0.951605
-0.994128 -0.951773
-0.995318 -0.951554
-0.993187 -0.95091
-0.994842 -0.951062
-0.994453 -0.951537
-0.994149 -0.950674
-0.994366 -0.949765
-0.99231 -0.951154
-0.99448 -0.950589
-0.992725 -0.950126
-0.994861 -0.950516
-0.994517 -0.950908
-0.992724 -0.950611
-0.995566 -0.950291
-0.993783 -0.950754
-0.994335 -0.949909
-0.99331 -0.950906
-0.993625 -0.949536
-0.992943 -0.954382
-0.994935 -0.948471
-0.994483 -0.950905
-0.992736 -0.951414
-0.995103 -0.951926
-0.9936 -0.949853
-0.993252 -0.951157
-0.994851 -0.950863
-0.993204 -0.95144
-0.99436 -0.950022
-0.992674 -0.952096
-0.993822 -0.951147
-0.994257 -0.950025
-0.993917 -0.950936
-0.994132 -0.952165
-0.994168 -0.949376
-0.993499 -0.949916
-0.992498 -0.951251
-0.994373 -0.949888
-0.992421 -0.950706
-0.995103 -0.948798
-0.991259 -0.950812
-0.994633 -0.948122
-0.992285 -0.952124
-0.993392 -0.949567
-0.994492 -0.949458
-0.993316 -0.951365
-0.993657 -0.949757
-0.993235 -0.950808
-0.99311 -0.950024
-0.994419 -0.950216
-0.995237 -0.948052
-0.992449 -0.951844
-0.994529 -0.94924
-0.993576 -0.949478
-0.992668 -0.949972
-0.992364 -0.950594
-0.993738 -0.949711
-0.991971 -0.949898
-0.992728 -0.950551
-0.99281 -0.948626
-0.992168 -0.949374
-0.991935 -0.94975
-0.993463 -0.948939
-0.991081 -0.952137
-0.994031 -0.94711
-0.992288 -0.94915
-0.992221 -0.951643
-0.99243 -0.947005
-0.994095 -0.950129
-0.992255 -0.949076
-0.993152 -0.949201
-0.991852 -0.950501
-0.995183 -0.948313
-0.993308 -0.949559
-0.993175 -0.948348
-0.992942 -0.950048
-0.993567 -0.946968
-0.993502 -0.950033
-0.992318 -0.947251
-0.993738 -0.947998
-0.99268 -0.948694
-0.991984 -0.948425
-0.994671 -0.947118
-0.993016 -0.948798
-0.993644 -0.948778
-0.993256 -0.947441
-0.993127 -0.950215
-0.994263 -0.947107
-0.992931 -0.951203
-0.992891 -0.951074
-0.993763 -0.952476
-0.99362 -0.950445
-0.992042 -0.951718
-0.994426 -0.953031
-0.992841 -0.950432
-0.991613 -0.952718
-0.993561 -0.951633
-0.993295 -0.951909
-0.992382 -0.951754
-0.994304 -0.951712
-0.992023 -0.949972
-0.99094 -0.953093
-0.993028 -0.950788
-0.991943 -0.950197
-0.991424 -0.951145
-0.992148 -0.95084
-0.992664 -0.950242
-0.99177 -0.950453
-0.992768 -0.949755
-0.99104 -0.952375
-0.992244 -0.949073
-0.992131 -0.950952
-0.991839 -0.950706
-0.992067 -0.951281
-0.991405 -0.949486
-0.991821 -0.950652
-0.991642 -0.950309
-0.991241 -0.949595
-0.991626 -0.95019
-0.992169 -0.95123
-0.991378 -0.950025
-0.99138 -0.950486
-0.99269 -0.950811
-0.991377 -0.949604
-0.991928 -0.953912
-0.99312 -0.951815
-0.991511 -0.95576
-0.992555 -0.952346
-0.990668 -0.954483
-0.992151 -0.953808
-0.99163 -0.954738
-0.99222 -0.953309
-0.991013 -0.955348
-0.992787 -0.952097
-0.9914 -0.954289
-0.99254 -0.953624
-0.991974 -0.953142
-0.991273 -0.953596
-0.992711 -0.953343
-0.990188 -0.952885
-0.991277 -0.951893
-0.99137 -0.953044
-0.991961 -0.953149
-0.989337 -0.953532
-0.990428 -0.951778
-0.989662 -0.954039
-0.989356 -0.952392
-0.990146 -0.953404
-0.988951 -0.953326
-0.989959 -0.951896
-0.98983 -0.954709
-0.990032 -0.95275
-0.992555 -0.952396
-0.988979 -0.955051
-0.991 -0.952043
-0.991099 -0.95431
-0.989061 -0.95266
-0.990715 -0.954069
-0.990307 -0.952433
-0.98949 -0.953375
-0.991181 -0.953327
-0.989402 -0.953733
-0.991257 -0.952499
-0.989039 -0.952656
-0.98829 -0.955058
-0.990603 -0.951725
-0.990316 -0.953251
-0.988908 -0.953455
-0.990446 -0.953121
-0.99122 -0.954272
-0.990798 -0.952459
-0.98937 -0.953914
-0.990849 -0.952538
-0.990666 -0.953946
-0.989227 -0.952692
-0.989903 -0.954677
-0.989519 -0.953105
-0.989226 -0.95178
-0.988137 -0.955391
-0.989369 -0.953021
-0.989421 -0.951126
-0.989174 -0.955251
-0.989061 -0.952968
-0.989739 -0.953263
-0.989903 -0.952954
-0.989651 -0.953396
-0.987823 -0.953474
-0.989876 -0.953216
-0.98916 -0.951767
-0.988223 -0.95387
-0.989732 -0.953883
-0.988937 -0.952757
-0.989233 -0.95152
-0.988098 -0.955198
-0.989509 -0.951357
-0.989267 -0.954306
-0.987605 -0.953728
-0.989035 -0.952479
-0.987038 -0.952831
-0.986973 -0.954732
-0.988286 -0.954182
-0.985919 -0.954273
-0.987701 -0.952278
-0.986526 -0.955005
-0.986451 -0.952393
-0.989345 -0.954185
-0.985306 -0.955054
-0.990607 -0.951016
-0.985438 -0.954556
-0.987037 -0.953786
-0.989645 -0.952065
-0.985991 -0.953857
-0.987109 -0.953072
-0.985512 -0.952211
-0.986056 -0.952445
-0.986863 -0.952449
-0.986492 -0.952765
-0.987057 -0.952436
-0.986856 -0.951813
-0.987068 -0.953069
-0.987493 -0.952441
-0.985495 -0.953156
-0.98783 -0.950387
-0.985601 -0.953223
-0.987598 -0.950638
-0.986839 -0.952232
-0.98693 -0.951903
-0.98719 -0.952541
-0.987009 -0.951697
-0.987379 -0.951865
-0.986381 -0.952514
-0.985957 -0.952563
-0.985496 -0.952603
-0.988405 -0.951072
-0.98624 -0.951434
-0.984583 -0.954251
-0.987152 -0.950138
-0.985195 -0.954188
-0.986421 -0.9501
-0.98828 -0.95033
-0.983908 -0.952844
-0.986204 -0.951824
-0.98756 -0.950358
-0.984322 -0.95201
-0.988176 -0.953099
-0.985746 -0.950775
-0.987357 -0.950238
-0.985815 -0.952823
-0.98668 -0.949975
-0.986486 -0.953993
-0.985125 -0.950957
-0.987507 -0.951579
-0.984274 -0.952063
-0.985801 -0.952081
-0.984818 -0.952484
-0.983665 -0.951447
-0.986152 -0.952281
-0.985719 -0.951725
-0.982844 -0.953794
-0.987309 -0.950685
-0.986242 -0.951755
-0.984667 -0.952212
-0.984054 -0.952217
-0.987384 -0.952312
-0.983665 -0.951936
-0.983732 -0.952178
-0.985951 -0.950086
-0.983022 -0.953985
-0.985186 -0.950784
-0.983429 -0.951754
-0.985109 -0.953409
-0.984502 -0.951121
-0.982482 -0.95162
-0.984729 -0.951565
-0.984227 -0.951217
-0.982794 -0.952895
-0.983668 -0.951785
-0.983654 -0.950906
-0.98423 -0.95147
-0.983329 -0.953929
-0.98531 -0.949842
-0.981868 -0.952055
-0.985502 -0.951304
-0.982638 -0.951685
-0.985112 -0.950411
-0.983798 -0.951627
-0.984283 -0.950322
-0.98413 -0.95164
-0.985026 -0.949244
-0.982986 -0.952191
-0.984408 -0.950039
-0.984499 -0.949625
-0.982558 -0.950968
-0.984073 -0.950081
-0.984148 -0.949579
-0.983769 -0.950636
-0.984103 -0.95047
-0.985949 -0.949184
-0.984313 -0.950894
-0.984208 -0.951032
-0.984832 -0.947555
-0.982165 -0.9532
-0.984882 -0.948824
-0.98294 -0.94934
-0.982508 -0.950725
-0.983561 -0.949749
-0.982261 -0.951574
-0.983879 -0.950626
-0.983943 -0.950281
-0.982379 -0.950866
-0.982331 -0.950835
-0.98296 -0.949876
-0.983172 -0.950785
-0.983333 -0.951431
-0.98284 -0.949296
-0.983184 -0.9516
-0.984404 -0.9504
-0.981793 -0.951158
-0.983178 -0.950055
-0.983003 -0.950311
-0.981287 -0.951463
-0.983488 -0.94934
-0.984777 -0.952239
-0.983145 -0.950045
-0.984443 -0.950367
-0.982155 -0.95172
-0.983896 -0.949724
-0.982523 -0.951293
-0.980585 -0.952159
-0.982478 -0.949586
-0.984091 -0.950827
-0.982175 -0.951424
-0.983106 -0.952248
-0.982034 -0.951384
-0.982419 -0.950791
-0.983607 -0.95103
-0.981506 -0.951957
-0.983969 -0.94939
-0.980244 -0.950206
-0.98208 -0.953357
-0.981552 -0.948716
-0.981061 -0.95168
-0.982137 -0.95106
-0.982243 -0.951519
-0.981591 -0.951004
-0.980971 -0.950842
-0.982089 -0.949832
-0.981023 -0.951565
-0.981819 -0.951621
-0.98159 -0.950227
-0.979648 -0.950857
-0.981318 -0.950541
-0.981981 -0.949529
-0.980361 -0.950439
-0.981463 -0.951111
-0.980188 -0.951795
-0.981559 -0.949027
-0.980447 -0.951051
-0.980265 -0.950483
-0.980948 -0.951648
-0.979011 -0.948914
-0.981756 -0.950349
-0.978332 -0.950193
-0.980156 -0.950625
-0.981627 -0.949359
-0.980355 -0.949585
-0.981328 -0.950274
-0.979553 -0.949764
-0.982546 -0.949051
-0.980463 -0.951076
-0.979566 -0.949892
-0.980562 -0.949244
-0.980754 -0.950419
-0.979734 -0.950619
-0.980715 -0.948064
-0.980286 -0.95133
-0.979961 -0.949769
-0.981492 -0.95004
-0.981994 -0.948682
-0.978886 -0.950768
-0.980857 -0.94989
-0.982413 -0.949068
-0.980139 -0.950818
-0.982699 -0.949082
-0.979741 -0.950505
-0.981663 -0.950272
-0.981587 -0.949162
-0.982019 -0.949129
-0.980092 -0.950651
-0.981981 -0.949453
-0.979762 -0.949854
-0.980302 -0.948012
-0.981568 -0.949694
-0.979088 -0.949722
-0.982576 -0.949643
-0.981879 -0.948244
-0.979943 -0.950367
-0.981657 -0.948896
-0.981711 -0.948598
-0.980241 -0.949974
-0.979603 -0.948499
-0.981039 -0.948268
-0.979865 -0.950342
-0.979871 -0.948881
-0.982085 -0.950056
-0.979807 -0.950114
-0.980618 -0.949233
-0.981814 -0.948547
-0.978696 -0.949687
-0.981714 -0.94996
-0.979025 -0.950692
-0.981601 -0.947743
-0.978979 -0.949579
-0.979846 -0.948826
-0.979647 -0.949282
-0.979667 -0.948592
-0.979759 -0.948434
-0.979845 -0.951199
-0.980577 -0.947519
-0.980212 -0.95079
-0.980147 -0.948647
-0.979504 -0.950214
-0.980488 -0.948658
-0.980707 -0.950526
-0.978947 -0.949907
-0.980099 -0.947886
-0.980274 -0.949692
-0.9796 -0.94933
-0.97848 -0.949307
-0.981837 -0.948016
-0.977859 -0.949122
-0.980714 -0.94768
-0.978962 -0.950076
-0.979862 -0.947718
-0.979843 -0.949863
-0.97849 -0.948398
-0.979553 -0.948727
-0.979146 -0.949024
-0.979614 -0.948929
-0.980108 -0.9482
-0.977051 -0.949103
-0.98022 -0.94929
-0.979104 -0.948196
-0.979541 -0.948364
-0.979229 -0.948989
-0.977555 -0.949831
-0.98066 -0.94812
-0.978995 -0.949721
-0.978613 -0.949652
-0.978754 -0.948536
-0.978246 -0.948164
-0.97886 -0.949479
-0.978204 -0.948953
-0.979296 -0.949647
-0.979154 -0.949071
-0.979821 -0.949781
-0.978332 -0.949976
-0.979764 -0.947234
-0.977143 -0.950298
-0.978477 -0.947456
-0.977748 -0.948883
-0.977149 -0.948147
-0.97795 -0.949015
-0.978514 -0.947605
-0.979044 -0.948873
-0.978187 -0.948936
-0.981301 -0.947315
-0.977974 -0.950526
-0.979281 -0.94821
-0.979574 -0.9466
-0.979458 -0.950856
-0.978417 -0.948276
-0.978476 -0.947414
-0.978866 -0.948739
-0.97941 -0.949581
-0.97729 -0.947765
-0.980284 -0.949342
-0.979751 -0.947841
-0.979722 -0.948437
-0.978315 -0.94802
-0.979231 -0.948803
-0.979423 -0.948546
-0.979132 -0.947152
-0.979279 -0.946727
-0.978994 -0.949186
-0.97871 -0.947484
-0.97968 -0.947016
-0.977559 -0.948647
-0.979435 -0.947204
-0.9794 -0.94732
-0.981042 -0.947687
-0.978545 -0.94833
-0.979769 -0.948094
-0.981331 -0.945749
-0.977759 -0.949406
-0.979073 -0.946145
-0.978992 -0.94853
-0.97907 -0.946352
-0.979947 -0.947155
-0.978307 -0.946475
-0.980202 -0.947657
-0.977257 -0.949322
-0.980414 -0.945415
-0.977733 -0.948875
-0.979018 -0.946432
-0.978638 -0.947614
-0.976792 -0.947092
-0.97885 -0.946895
-0.977257 -0.947234
-0.977007 -0.94762
-0.980538 -0.947241
-0.97623 -0.94758
-0.976857 -0.948247
-0.979327 -0.946545
-0.97736 -0.947753
-0.977368 -0.947555
-0.979401 -0.94707
-0.976345 -0.947377
-0.975976 -0.948409
-0.979061 -0.945677
-0.97543 -0.947101
-0.978668 -0.94695
-0.976071 -0.948374
-0.977501 -0.945727
-0.978343 -0.947911
-0.97789 -0.947493
-0.977067 -0.946827
-0.976994 -0.947478
-0.976528 -0.947046
-0.978835 -0.947727
-0.978843 -0.944927
-0.976438 -0.949457
-0.976938 -0.948412
-0.977982 -0.945243
-0.978702 -0.947072
-0.976608 -0.948746
-0.977559 -0.946909
-0.976064 -0.946814
-0.978921 -0.947417
-0.977039 -0.94752
-0.976652 -0.947542
-0.977989 -0.947586
-0.976199 -0.947375
-0.976664 -0.947678
-0.976853 -0.946727
-0.976841 -0.946854
-0.975817 -0.948442
-0.975572 -0.945786
-0.977792 -0.946415
-0.975531 -0.947355
-0.976793 -0.94663
-0.974663 -0.947888
-0.978002 -0.945759
-0.975991 -0.947299
-0.976059 -0.946654
-0.976127 -0.945618
-0.975598 -0.948013
-0.976357 -0.945926
-0.975498 -0.947199
-0.975732 -0.947407
-0.975562 -0.945291
-0.975234 -0.947014
-0.974547 -0.946747
-0.975812 -0.946997
-0.976265 -0.945489
-0.975632 -0.947109
-0.976171 -0.947293
-0.976541 -0.94613
-0.975969 -0.944842
-0.976877 -0.947293
-0.974924 -0.947068
-0.975588 -0.944267
-0.975798 -0.946849
-0.97581 -0.945672
-0.977424 -0.946209
-0.97579 -0.945289
-0.976444 -0.945904
-0.97565 -0.947639
-0.976172 -0.9448
-0.975702 -0.946503
-0.975037 -0.945233
-0.974538 -0.945279
-0.975242 -0.946865
-0.973065 -0.94564
-0.975339 -0.945673
-0.974947 -0.94682
-0.975331 -0.94711
-0.975611 -0.944574
-0.976043 -0.947687
-0.973287 -0.945206
-0.976383 -0.945909
-0.975337 -0.945437
-0.974339 -0.946782
-0.975825 -0.944648
-0.976456 -0.946138
-0.97589 -0.946621
-0.975177 -0.945735
-0.976157 -0.945782
-0.974341 -0.946592
-0.974923 -0.945571
-0.976296 -0.944909
-0.973664 -0.947359
-0.976991 -0.946052
-0.974516 -0.945922
-0.975067 -0.945579
-0.975366 -0.946341
-0.975645 -0.945889
-0.972422 -0.946173
-0.974508 -0.94627
-0.974924 -0.945371
-0.974226 -0.947102
-0.973549 -0.945848
-0.976099 -0.945077
-0.975536 -0.947022
-0.975666 -0.945486
-0.975368 -0.945769
-0.975326 -0.946877
-0.974162 -0.945758
-0.975255 -0.946601
-0.974386 -0.945282
-0.975311 -0.945345
-0.974569 -0.947277
-0.975804 -0.945191
-0.974667 -0.946989
-0.97492 -0.946585
-0.975651 -0.946772
-0.973801 -0.94667
-0.976442 -0.944832
-0.973294 -0.946353
-0.975798 -0.947973
-0.975523 -0.943775
-0.974076 -0.946144
-0.97364 -0.945686
-0.973582 -0.943305
-0.973293 -0.946402
-0.974004 -0.944571
-0.97415 -0.945435
-0.973984 -0.944641
-0.974824 -0.944599
-0.972227 -0.946325
-0.973116 -0.944897
-0.971947 -0.945491
-0.97399 -0.943466
-0.971977 -0.946045
-0.97351 -0.946457
-0.97181 -0.943785
-0.974898 -0.944259
-0.971191 -0.947745
-0.97347 -0.944104
-0.972154 -0.946086
-0.97245 -0.945209
-0.973423 -0.944048
-0.970196 -0.946059
-0.973217 -0.945177
-0.972861 -0.945408
-0.97168 -0.946047
-0.973977 -0.944363
-0.97322 -0.944712
-0.97324 -0.946476
-0.972763 -0.945255
-0.973038 -0.945277
-0.974668 -0.944177
-0.972649 -0.944532
-0.971827 -0.945106
-0.972646 -0.945232
-0.972482 -0.944016
-0.972639 -0.944211
-0.972018 -0.946452
-0.973556 -0.945082
-0.97202 -0.944776
-0.971611 -0.944754
-0.971959 -0.945251
-0.973955 -0.941819
-0.970484 -0.9487
-0.973656 -0.944137
-0.971712 -0.944169
-0.972459 -0.943317
-0.972476 -0.944657
-0.971592 -0.945372
-0.9744 -0.94417
-0.972222 -0.943417
-0.972093 -0.945757
-0.975717 -0.943869
-0.971783 -0.944763
-0.974548 -0.944465
-0.972183 -0.943172
-0.972792 -0.946006
-0.972102 -0.94252
-0.97342 -0.943284
-0.971688 -0.945357
-0.972306 -0.944731
-0.974109 -0.944472
-0.971927 -0.943714
-0.9726 -0.943849
-0.972812 -0.945894
-0.97378 -0.943361
-0.971507 -0.944216
-0.9726 -0.94545
-0.971434 -0.943995
-0.973205 -0.944046
-0.971865 -0.945635
-0.971503 -0.945345
-0.97187 -0.943525
-0.972051 -0.946178
-0.972663 -0.943934
-0.97007 -0.946608
-0.97173 -0.944967
-0.972237 -0.94414
-0.970792 -0.945928
-0.971266 -0.94384
-0.972141 -0.945819
-0.969798 -0.944251
-0.972235 -0.944817
-0.970966 -0.944672
-0.970756 -0.945353
-0.971274 -0.944116
-0.970385 -0.943809
-0.971872 -0.944464
-0.969939 -0.944282
-0.970409 -0.943865
-0.972186 -0.944401
-0.970689 -0.943494
-0.971908 -0.944403
-0.969968 -0.945925
-0.973152 -0.943826
-0.971808 -0.942721
-0.971238 -0.94541
-0.969824 -0.945182
-0.973088 -0.942061
-0.970078 -0.944956
-0.970477 -0.943328
-0.970602 -0.94489
-0.971448 -0.944044
-0.970663 -0.944028
-0.970128 -0.944666
-0.971308 -0.943729
-0.970352 -0.944573
-0.969695 -0.944669
-0.97096 -0.94218
-0.969741 -0.944958
-0.969857 -0.943844
-0.968681 -0.94366
-0.97024 -0.942806
-0.968906 -0.943792
-0.969214 -0.944784
-0.969513 -0.942471
-0.968435 -0.943736
-0.968767 -0.944063
-0.97092 -0.942017
-0.967166 -0.944205
-0.969635 -0.944429
-0.969121 -0.942443
-0.97084 -0.944518
-0.968665 -0.942766
-0.969084 -0.943305
-0.968394 -0.943647
-0.969242 -0.942281
-0.968259 -0.942546
-0.967928 -0.942804
-0.968835 -0.942511
-0.969619 -0.942351
-0.969208 -0.943583
-0.970876 -0.941017
-0.968171 -0.944126
-0.970087 -0.942168
-0.968918 -0.942844
-0.968489 -0.942965
-0.968437 -0.942488
-0.968265 -0.941856
-0.967873 -0.943598
-0.968847 -0.942229
-0.968939 -0.942193
-0.968023 -0.943472
-0.967056 -0.943399
-0.969234 -0.941229
-0.966711 -0.943212
-0.967655 -0.941949
-0.968087 -0.944202
-0.967705 -0.940915
-0.967376 -0.942695
-0.968321 -0.943382
-0.968524 -0.941801
-0.966476 -0.94502
-0.969518 -0.940888
-0.96936 -0.942853
-0.96612 -0.942901
-0.968432 -0.941599
-0.967183 -0.942065
-0.965962 -0.943045
-0.967998 -0.942078
-0.966973 -0.942123
-0.96652 -0.941304
-0.9659 -0.94284
-0.967754 -0.941048
-0.96703 -0.943304
-0.967321 -0.942207
-0.966421 -0.941605
-0.967136 -0.942175
-0.9662 -0.94228
-0.967771 -0.942911
-0.965512 -0.941743
-0.968003 -0.941308
-0.965892 -0.942398
-0.968482 -0.93945
-0.965298 -0.94274
-0.966889 -0.940806
-0.964085 -0.942857
-0.966662 -0.941203
-0.967404 -0.941828
-0.964716 -0.941871
-0.967107 -0.940663
-0.966739 -0.942345
-0.966209 -0.941157
-0.966194 -0.94259
-0.967902 -0.941626
-0.966169 -0.940925
-0.966026 -0.942523
-0.965802 -0.942189
-0.966627 -0.940362
-0.966474 -0.94375
-0.967024 -0.940146
-0.966604 -0.944552
-0.967234 -0.94068
-0.966551 -0.943072
-0.968601 -0.940705
-0.964724 -0.943257
-0.969259 -0.942272
-0.967277 -0.941538
-0.967924 -0.942722
-0.966545 -0.942136
-0.9671 -0.942153
-0.968143 -0.941541
-0.967189 -0.942829
-0.96613 -0.943502
-0.966453 -0.940623
-0.96715 -0.942334
-0.96632 -0.94165
-0.967965 -0.941744
-0.96494 -0.943308
-0.967474 -0.941102
-0.966139 -0.941695
-0.96595 -0.941846
-0.965844 -0.942767
-0.965775 -0.940446
-0.965366 -0.942041
-0.965767 -0.940724
-0.966173 -0.942173
-0.964394 -0.941159
-0.966862 -0.940735
-0.965626 -0.942296
-0.964162 -0.941484
-0.967018 -0.940028
-0.964636 -0.942695
-0.966164 -0.940847
-0.965049 -0.942241
-0.965247 -0.941527
-0.966105 -0.941612
-0.966005 -0.941202
-0.96611 -0.942003
-0.966133 -0.941222
-0.965277 -0.941764
-0.964766 -0.941984
-0.965089 -0.940892
-0.967249 -0.941236
-0.964008 -0.941284
-0.966387 -0.941643
-0.965698 -0.940808
-0.966661 -0.94069
-0.965216 -0.941976
-0.966474 -0.940317
-0.963934 -0.943575
-0.967545 -0.938184
-0.965153 -0.942862
-0.965125 -0.940981
-0.965888 -0.941471
-0.965195 -0.941332
-0.96668 -0.941577
-0.965409 -0.94167
-0.966074 -0.941395
-0.966872 -0.94006
-0.965312 -0.941995
-0.965739 -0.940018
-0.965484 -0.942577
-0.966706 -0.938285
-0.96606 -0.940084
-0.965368 -0.941446
-0.967105 -0.938983
-0.966648 -0.940236
-0.966743 -0.940323
-0.966239 -0.941164
-0.966291 -0.940074
-0.967264 -0.940272
-0.965812 -0.940576
-0.96476 -0.940625
-0.966967 -0.938717
-0.964674 -0.941558
-0.968241 -0.940227
-0.966012 -0.939351
-0.965379 -0.942
-0.966518 -0.93853
-0.965576 -0.940382
-0.966129 -0.940542
-0.966499 -0.939846
-0.966684 -0.939954
-0.967621 -0.93973
-0.964426 -0.941772
-0.966596 -0.940234
-0.965547 -0.939789
-0.966552 -0.940839
-0.964247 -0.941687
-0.966304 -0.939928
-0.965242 -0.940761
-0.965837 -0.941586
-0.965155 -0.940629
-0.966616 -0.939946
-0.966072 -0.942719
-0.966281 -0.939197
-0.965644 -0.942423
-0.966881 -0.939296
-0.965233 -0.940462
-0.966191 -0.940236
-0.964421 -0.941337
-0.965769 -0.941116
-0.965001 -0.939309
-0.965555 -0.941595
-0.964569 -0.940341
-0.965369 -0.939992
-0.965626 -0.941176
-0.962069 -0.942356
-0.966299 -0.938724
-0.964103 -0.941116
-0.963406 -0.938674
-0.964396 -0.940462
-0.962523 -0.941409
-0.964736 -0.938812
-0.962904 -0.940484
-0.962835 -0.938793
-0.963582 -0.940721
-0.963358 -0.939342
-0.964731 -0.940158
-0.963643 -0.93844
-0.963352 -0.94055
-0.964305 -0.940335
-0.963536 -0.938074
-0.961695 -0.941127
-0.964541 -0.938936
-0.964104 -0.93932
-0.962708 -0.941524
-0.964744 -0.937828
-0.963949 -0.939991
-0.962823 -0.940336
-0.964014 -0.939087
-0.965065 -0.939757
-0.962907 -0.939885
-0.963749 -0.940777
-0.96569 -0.940455
-0.962732 -0.939966
-0.962581 -0.939699
-0.961535 -0.940241
-0.964038 -0.940753
-0.962075 -0.939663
-0.961611 -0.940925
-0.964073 -0.940676
-0.962838 -0.94031
-0.961657 -0.939745
-0.962741 -0.940124
-0.962112 -0.940182
-0.963246 -0.939277
-0.96174 -0.940385
-0.963863 -0.940042
-0.962116 -0.939257
-0.963901 -0.940126
-0.962552 -0.941514
-0.962735 -0.939826
-0.96299 -0.940765
-0.961602 -0.940468
-0.962726 -0.938603
-0.962813 -0.939682
-0.961946 -0.940435
-0.963048 -0.938832
-0.96255 -0.937448
-0.961545 -0.940814
-0.962116 -0.938631
-0.962916 -0.939232
-0.962851 -0.937861
-0.961348 -0.939223
-0.962671 -0.939899
-0.962982 -0.937829
-0.962131 -0.939357
-0.96255 -0.939977
-0.963143 -0.936776
-0.962809 -0.939926
-0.962178 -0.939026
-0.963292 -0.937651
-0.960767 -0.940525
-0.9633 -0.937754
-0.961771 -0.938368
-0.961035 -0.93856
-0.961861 -0.938224
-0.960733 -0.939526
-0.961218 -0.937177
-0.961937 -0.939044
-0.960518 -0.937871
-0.963189 -0.937563
-0.960286 -0.940162
-0.962282 -0.936377
-0.963635 -0.937686
-0.960294 -0.939113
-0.96136 -0.937351
-0.963768 -0.937498
-0.960445 -0.939371
-0.961572 -0.935821
-0.962284 -0.937364
