0 0
-0.0871627 -0.0820401
-0.171544 -0.161735
-0.252816 -0.238549
-0.331245 -0.313257
-0.406605 -0.385143
-0.478903 -0.454521
-0.548505 -0.521046
-0.615262 -0.585824
-0.678216 -0.646125
-0.737554 -0.706748
-0.795633 -0.762408
-0.849155 -0.815976
-0.900658 -0.865736
-0.947284 -0.91417
-0.991492 -0.960978
-1.03332 -1.00348
-1.0701 -1.04326
-1.10459 -1.08087
-1.13664 -1.11651
-1.15964 -1.1508
-1.18486 -1.17776
-1.20654 -1.20867
-1.22278 -1.23293
-1.23863 -1.25723
-1.24924 -1.27704
-1.26152 -1.29956
-1.27095 -1.31687
-1.27515 -1.33311
-1.28179 -1.34713
-1.28548 -1.36101
-1.28779 -1.36282
-1.28513 -1.36254
-1.28713 -1.35894
-1.28543 -1.36281
-1.28581 -1.36118
-1.28761 -1.35992
-1.28701 -1.36038
-1.28293 -1.36358
-1.28855 -1.36051
-1.28219 -1.36189
-1.28519 -1.35752
-1.28693 -1.36067
-1.28462 -1.3595
-1.28537 -1.36105
-1.28769 -1.35724
-1.28452 -1.35965
-1.28583 -1.35819
-1.28557 -1.35817
-1.28253 -1.36198
-1.28481 -1.35769
-1.28619 -1.36057
-1.2854 -1.35769
-1.28722 -1.35618
-1.28356 -1.36182
-1.28814 -1.35738
-1.28662 -1.35746
-1.28621 -1.35554
-1.28488 -1.36013
-1.28963 -1.35766
-1.28436 -1.35958
-1.2872 -1.35694
-1.28497 -1.35698
-1.28632 -1.35728
-1.28506 -1.35753
-1.28615 -1.35561
-1.28807 -1.35589
-1.28308 -1.35918
-1.2851 -1.35667
-1.28513 -1.35733
-1.28586 -1.3548
-1.28552 -1.35482
-1.28319 -1.36031
-1.28522 -1.35709
-1.28484 -1.35682
-1.28325 -1.35619
-1.28566 -1.35566
-1.28263 -1.35841
-1.28458 -1.35536
-1.28503 -1.35751
-1.28434 -1.35383
-1.2822 -1.35484
-1.28391 -1.3562
-1.28512 -1.35148
-1.28361 -1.35602
-1.28151 -1.35769
-1.28366 -1.35306
-1.28441 -1.35514
-1.28397 -1.35549
-1.28458 -1.35312
-1.28442 -1.35389
-1.28196 -1.35374
-1.28396 -1.35381
-1.28548 -1.35274
-1.28089 -1.36023
-1.28497 -1.35235
-1.27928 -1.35453
-1.28541 -1.35029
-1.28491 -1.35363
-1.28591 -1.35177
-1.28093 -1.35579
-1.28594 -1.3556
-1.28331 -1.35332
-1.28406 -1.35441
-1.2845 -1.35269
-1.28441 -1.35056
-1.28262 -1.35532
-1.28546 -1.35
-1.28495 -1.35275
-1.28099 -1.3535
-1.28574 -1.35163
-1.28503 -1.34974
-1.28273 -1.3523
-1.28722 -1.34761
-1.28353 -1.352
-1.28243 -1.35454
-1.28507 -1.34899
-1.2834 -1.35142
-1.28765 -1.34843
-1.28327 -1.3512
-1.28437 -1.35177
-1.28404 -1.35045
-1.28483 -1.35099
-1.28516 -1.34866
-1.28566 -1.34888
-1.28189 -1.35384
-1.28502 -1.34824
-1.28576 -1.34864
-1.28452 -1.34929
-1.28489 -1.35019
-1.2855 -1.34919
-1.28155 -1.34947
-1.2849 -1.35027
-1.28444 -1.35083
-1.28654 -1.34727
-1.2824 -1.34967
-1.28327 -1.3494
-1.28729 -1.34608
-1.28376 -1.346
-1.28382 -1.34736
-1.2872 -1.34617
-1.28361 -1.3485
-1.28066 -1.34966
-1.28541 -1.34603
-1.2845 -1.34519
-1.28346 -1.34802
-1.28303 -1.3475
-1.28304 -1.34737
-1.28304 -1.34791
-1.28422 -1.34826
-1.28213 -1.34791
-1.28438 -1.34878
-1.28522 -1.34691
-1.28186 -1.35133
-1.28227 -1.34613
-1.28516 -1.34949
-1.2834 -1.34761
-1.28242 -1.34884
-1.28282 -1.34815
-1.28241 -1.34833
-1.28244 -1.34875
-1.28373 -1.34875
-1.28136 -1.34866
-1.28362 -1.34868
-1.28272 -1.3468
-1.28269 -1.3492
-1.28351 -1.34833
-1.2814 -1.34731
-1.28257 -1.3495
-1.28048 -1.34486
-1.2821 -1.35208
-1.28265 -1.3446
-1.28201 -1.34712
-1.28283 -1.34794
-1.28407 -1.34579
-1.28022 -1.34846
-1.28159 -1.34547
-1.28329 -1.34656
-1.28243 -1.34596
-1.28293 -1.34596
-1.2838 -1.34734
-1.28391 -1.34433
-1.28043 -1.34739
-1.28415 -1.34648
-1.27968 -1.34791
-1.28329 -1.34596
-1.2802 -1.34952
-1.28381 -1.34575
-1.28109 -1.34709
-1.28232 -1.3458
-1.28243 -1.34743
-1.28242 -1.34755
-1.27908 -1.34797
-1.28263 -1.34298
-1.2819 -1.34349
-1.28035 -1.34758
-1.28199 -1.34876
-1.27855 -1.34401
-1.2812 -1.34689
-1.28005 -1.34667
-1.27875 -1.34689
-1.28085 -1.34747
-1.28224 -1.34401
-1.28004 -1.34808
-1.27997 -1.34721
-1.2782 -1.3486
-1.28049 -1.34411
-1.28169 -1.34441
-1.28117 -1.34695
-1.28135 -1.34355
-1.28136 -1.34672
-1.27863 -1.34377
-1.28161 -1.34692
-1.28337 -1.34208
-1.28083 -1.34737
-1.28226 -1.34377
-1.28087 -1.34373
-1.28439 -1.34133
-1.27997 -1.34589
-1.28162 -1.3453
-1.28209 -1.3448
-1.27747 -1.34584
-1.2822 -1.34247
-1.28271 -1.34171
-1.28078 -1.34745
-1.27885 -1.34355
-1.28138 -1.34402
-1.28067 -1.34117
-1.28061 -1.34093
-1.27722 -1.34863
-1.27948 -1.34233
-1.27813 -1.34379
-1.28122 -1.34242
-1.27914 -1.34379
-1.28127 -1.34137
-1.27853 -1.34787
-1.28183 -1.3407
-1.27731 -1.34679
-1.2811 -1.34323
-1.27842 -1.34134
-1.27818 -1.3468
-1.27914 -1.34307
-1.28154 -1.3428
-1.27606 -1.34346
-1.27934 -1.3462
-1.28147 -1.34104
-1.27944 -1.34194
-1.27964 -1.34436
-1.27901 -1.34479
-1.28203 -1.34034
-1.27848 -1.34385
-1.28184 -1.34541
-1.27894 -1.34428
-1.27954 -1.33976
-1.27681 -1.34534
-1.27703 -1.3423
-1.27745 -1.34297
-1.28039 -1.34257
-1.27951 -1.34503
-1.2804 -1.34182
-1.27681 -1.34392
-1.27889 -1.34453
-1.27942 -1.33979
-1.27813 -1.34282
-1.28198 -1.34118
-1.27859 -1.34276
-1.2802 -1.34284
-1.2794 -1.34244
-1.2762 -1.34402
-1.27833 -1.34394
-1.27818 -1.34495
-1.27968 -1.3442
-1.27786 -1.34367
-1.27908 -1.34428
-1.27895 -1.33886
-1.28053 -1.34392
-1.27956 -1.34334
-1.27699 -1.34059
-1.28209 -1.34133
-1.27606 -1.34422
-1.2794 -1.34181
-1.27795 -1.342
-1.28085 -1.34483
-1.27721 -1.34591
-1.27882 -1.34189
-1.27712 -1.34655
-1.27819 -1.3427
-1.28138 -1.34263
-1.27477 -1.34299
-1.27723 -1.34378
-1.28158 -1.34322
-1.27579 -1.3428
-1.28014 -1.34531
-1.2758 -1.34313
-1.27827 -1.33988
-1.27718 -1.342
-1.27935 -1.34221
-1.27553 -1.3453
-1.27903 -1.34081
-1.27409 -1.34531
-1.27805 -1.34096
-1.27821 -1.34206
-1.27656 -1.34447
-1.27939 -1.34108
-1.27765 -1.34133
-1.27708 -1.34348
-1.27713 -1.34227
-1.27687 -1.34321
-1.27628 -1.34183
-1.27759 -1.34272
-1.27587 -1.34027
-1.2776 -1.34217
-1.27722 -1.34049
-1.27635 -1.34275
-1.27701 -1.34512
-1.27279 -1.34149
-1.27866 -1.3405
-1.27731 -1.33983
-1.27347 -1.34294
-1.27588 -1.34109
-1.2767 -1.34177
-1.27782 -1.34057
-1.27473 -1.34264
-1.27652 -1.34106
-1.27649 -1.34403
-1.27437 -1.34
-1.27845 -1.34032
-1.27571 -1.34322
-1.27626 -1.33965
-1.27611 -1.34042
-1.27591 -1.34047
-1.277 -1.3434
-1.2752 -1.34278
-1.27825 -1.33902
-1.27751 -1.3401
-1.27609 -1.3415
-1.27608 -1.3425
-1.27863 -1.34144
-1.27802 -1.34071
-1.27479 -1.34116
-1.28037 -1.34028
-1.27633 -1.33888
-1.27728 -1.34164
-1.27624 -1.34081
-1.27803 -1.3412
-1.27797 -1.33668
-1.27751 -1.33942
-1.27756 -1.34152
-1.27844 -1.33611
-1.27857 -1.33804
-1.27699 -1.34185
-1.28032 -1.33643
-1.27578 -1.33779
-1.27894 -1.3394
-1.27671 -1.3382
-1.27913 -1.33982
-1.2797 -1.33541
-1.27641 -1.3397
-1.27999 -1.33872
-1.27562 -1.34025
-1.27679 -1.33796
-1.27964 -1.33863
-1.27595 -1.33814
-1.27759 -1.338
-1.27952 -1.33698
-1.2742 -1.34065
-1.27843 -1.33939
-1.27635 -1.33876
-1.27882 -1.33684
-1.27867 -1.33678
-1.27785 -1.34028
-1.27767 -1.33856
-1.27729 -1.33465
-1.27654 -1.3409
-1.27445 -1.34137
-1.27915 -1.33669
-1.27469 -1.339
-1.27631 -1.33948
-1.27481 -1.34054
-1.27299 -1.33712
-1.27575 -1.34011
-1.27406 -1.33855
-1.27686 -1.33806
-1.27432 -1.33825
-1.27662 -1.3389
-1.27495 -1.34049
-1.27324 -1.33943
-1.27726 -1.33365
-1.27495 -1.34205
-1.27703 -1.33826
-1.27321 -1.33665
-1.27491 -1.33874
-1.27649 -1.33569
-1.27458 -1.33759
-1.27467 -1.33701
-1.2755 -1.33709
-1.27533 -1.33727
-1.2733 -1.33722
-1.27595 -1.33505
-1.2743 -1.33733
-1.27523 -1.33508
-1.27366 -1.33886
-1.27675 -1.3357
-1.27048 -1.33885
-1.2773 -1.33512
-1.27436 -1.33978
-1.27415 -1.33446
-1.27374 -1.33699
-1.27351 -1.33955
-1.27443 -1.33645
-1.27374 -1.33713
-1.27394 -1.33706
-1.27031 -1.33772
-1.27571 -1.33563
-1.27453 -1.33998
-1.27397 -1.33453
-1.27729 -1.33616
-1.27336 -1.33548
-1.27617 -1.33306
-1.27522 -1.33542
-1.27253 -1.33766
-1.27513 -1.33318
-1.27276 -1.33757
-1.27581 -1.33207
-1.27477 -1.33732
-1.27549 -1.33552
-1.2762 -1.33223
-1.27625 -1.33576
-1.27638 -1.33497
-1.27432 -1.33723
-1.27791 -1.33329
-1.27101 -1.33716
-1.27698 -1.3362
-1.27369 -1.33596
-1.27534 -1.33557
-1.2756 -1.33124
-1.27272 -1.33865
-1.27682 -1.3323
-1.27443 -1.33483
-1.27705 -1.33696
-1.2755 -1.33091
-1.27648 -1.33328
-1.27266 -1.33389
-1.27647 -1.33624
-1.27422 -1.3322
-1.2753 -1.33385
-1.27435 -1.33335
-1.27672 -1.33318
-1.27437 -1.33373
-1.2777 -1.33283
-1.2728 -1.33113
-1.27562 -1.33317
-1.27468 -1.33244
-1.27405 -1.33411
-1.27599 -1.33126
-1.27579 -1.33009
-1.27388 -1.33205
-1.27575 -1.33146
-1.27557 -1.32884
-1.2739 -1.33231
-1.27542 -1.33438
-1.27517 -1.3316
-1.27552 -1.3306
-1.27408 -1.3286
-1.27557 -1.32997
-1.27648 -1.33288
-1.27398 -1.32962
-1.275 -1.32954
-1.27559 -1.32862
-1.27148 -1.33237
-1.27737 -1.32903
-1.27184 -1.33134
-1.2732 -1.33419
-1.27482 -1.32816
-1.27377 -1.33145
-1.27353 -1.33137
-1.27318 -1.32938
-1.27348 -1.33039
-1.2756 -1.32742
-1.27208 -1.32946
-1.27434 -1.32857
-1.27292 -1.32973
-1.27714 -1.32735
-1.27391 -1.32792
-1.27111 -1.33153
-1.27335 -1.32851
-1.27355 -1.33011
-1.27316 -1.33012
-1.27283 -1.32858
-1.27316 -1.32954
-1.27262 -1.33028
-1.27269 -1.32687
-1.2721 -1.33064
-1.27201 -1.32703
-1.27403 -1.32911
-1.27072 -1.33068
-1.27518 -1.3268
-1.27268 -1.32754
-1.27273 -1.32773
-1.27395 -1.3282
-1.27167 -1.33173
-1.27201 -1.32853
-1.27219 -1.32994
-1.27486 -1.32911
-1.2707 -1.32867
-1.27417 -1.32621
-1.27006 -1.33012
-1.27158 -1.3294
-1.27549 -1.32798
-1.27261 -1.32647
-1.27206 -1.32949
-1.27365 -1.32402
-1.27209 -1.32918
-1.2702 -1.32858
-1.27484 -1.32556
-1.27004 -1.32813
-1.27179 -1.32633
-1.27036 -1.32866
-1.2733 -1.32705
-1.26968 -1.32774
-1.27314 -1.32604
-1.27101 -1.32833
-1.27003 -1.3258
-1.27224 -1.32444
-1.26789 -1.32849
-1.27463 -1.32503
-1.267 -1.32504
-1.26985 -1.32715
-1.27438 -1.32396
-1.2702 -1.32949
-1.2718 -1.32658
-1.27143 -1.32393
-1.26879 -1.32954
-1.2716 -1.32254
-1.26849 -1.33143
-1.26995 -1.32555
-1.27195 -1.32416
-1.26976 -1.32634
-1.26996 -1.32659
-1.27086 -1.32227
-1.27025 -1.32809
-1.27015 -1.32276
-1.27022 -1.32791
-1.26968 -1.32528
-1.26873 -1.32458
-1.268 -1.32584
-1.27007 -1.32423
-1.26903 -1.32266
-1.26764 -1.32809
-1.27266 -1.32417
-1.26775 -1.32788
-1.27113 -1.32496
-1.27112 -1.32336
-1.26681 -1.32448
-1.26992 -1.32309
-1.26862 -1.32576
-1.2677 -1.32548
-1.26861 -1.32601
-1.27008 -1.32013
-1.26782 -1.32365
-1.26976 -1.32141
-1.26899 -1.32586
-1.27005 -1.32345
-1.26627 -1.32569
-1.26848 -1.32425
-1.26795 -1.3207
-1.26765 -1.32461
-1.26657 -1.32553
-1.26788 -1.32432
-1.27042 -1.32372
-1.26505 -1.32559
-1.27205 -1.3233
-1.26355 -1.32605
-1.26875 -1.32333
-1.26716 -1.32569
-1.26947 -1.32283
-1.26534 -1.32924
-1.26878 -1.32281
-1.26812 -1.32862
-1.26912 -1.32254
-1.26922 -1.32267
-1.26554 -1.32692
-1.27004 -1.32183
-1.26732 -1.32476
-1.26627 -1.32518
-1.2682 -1.32303
-1.26942 -1.32345
-1.26725 -1.32728
-1.26839 -1.32097
-1.26865 -1.32437
-1.26886 -1.32291
-1.26612 -1.32377
-1.2682 -1.32328
-1.26919 -1.32227
-1.2682 -1.32109
-1.26942 -1.319
-1.26703 -1.32134
-1.26792 -1.32245
-1.26815 -1.32311
-1.26928 -1.31934
-1.26839 -1.321
-1.26872 -1.3193
-1.26923 -1.32034
-1.26683 -1.3232
-1.27023 -1.31827
-1.2673 -1.32387
-1.26985 -1.31761
-1.26553 -1.32645
-1.26953 -1.31691
-1.2697 -1.31889
-1.26656 -1.32635
-1.26879 -1.32158
-1.269 -1.31887
-1.26806 -1.32093
-1.26863 -1.31994
-1.26783 -1.32187
-1.26861 -1.32217
-1.26979 -1.32082
-1.26818 -1.32023
-1.26659 -1.32294
-1.27148 -1.32091
-1.26838 -1.32369
-1.2687 -1.32204
-1.26866 -1.3224
-1.26971 -1.31867
-1.267 -1.32162
-1.26788 -1.32382
-1.26828 -1.32013
-1.26766 -1.32336
-1.267 -1.32074
-1.26767 -1.32073
-1.26824 -1.32212
-1.26807 -1.32211
-1.26876 -1.31996
-1.26752 -1.32024
-1.26928 -1.32107
-1.26642 -1.32134
-1.26841 -1.3202
-1.26748 -1.32104
-1.26717 -1.3206
-1.26814 -1.31957
-1.26869 -1.32004
-1.27052 -1.32189
-1.26715 -1.32013
-1.26613 -1.32034
-1.27204 -1.32124
-1.26678 -1.31815
-1.2686 -1.31988
-1.2672 -1.31969
-1.26951 -1.32246
-1.26762 -1.317
-1.26701 -1.31949
-1.26824 -1.31932
-1.26762 -1.3195
-1.26747 -1.32032
-1.26663 -1.31873
-1.26966 -1.32037
-1.26628 -1.32012
-1.26526 -1.3202
-1.26889 -1.31872
-1.26635 -1.32224
-1.26945 -1.32087
-1.26599 -1.32081
-1.27013 -1.32086
-1.2642 -1.32179
-1.26896 -1.32217
-1.26686 -1.32203
-1.26865 -1.32127
-1.2658 -1.32405
-1.26883 -1.31929
-1.26792 -1.32161
-1.26885 -1.32117
-1.26789 -1.32329
-1.26849 -1.32159
-1.27178 -1.32263
-1.26889 -1.32152
-1.27205 -1.31876
-1.2682 -1.32251
-1.26814 -1.31916
-1.27048 -1.3229
-1.26634 -1.31851
-1.26636 -1.32334
-1.26723 -1.32092
-1.26932 -1.32066
-1.26608 -1.32377
-1.27148 -1.31634
-1.2656 -1.325
-1.26556 -1.32193
-1.26834 -1.3189
-1.26601 -1.32186
-1.26742 -1.31883
-1.26791 -1.32223
-1.26728 -1.31999
-1.26974 -1.31822
-1.26537 -1.3237
-1.27046 -1.31989
-1.26853 -1.32097
-1.2669 -1.32165
-1.26919 -1.31928
-1.26794 -1.32006
-1.26816 -1.31769
-1.27082 -1.32045
-1.26691 -1.32075
-1.26993 -1.31633
-1.26913 -1.31908
-1.26797 -1.31994
-1.26977 -1.31767
-1.27077 -1.31831
-1.26921 -1.31802
-1.26898 -1.31881
-1.2718 -1.31749
-1.27001 -1.31735
-1.27049 -1.31857
-1.26924 -1.31845
-1.27023 -1.31963
-1.26915 -1.31819
-1.26804 -1.31747
-1.27051 -1.31831
-1.26846 -1.31955
-1.27033 -1.31988
-1.26986 -1.31671
-1.26899 -1.31931
-1.27106 -1.31625
-1.26982 -1.31849
-1.269 -1.31662
-1.2695 -1.31856
-1.27034 -1.31607
-1.26848 -1.31758
-1.27023 -1.31822
-1.2689 -1.31554
-1.27188 -1.31758
-1.26855 -1.31823
-1.27027 -1.31455
-1.27065 -1.31362
-1.26956 -1.31673
-1.26907 -1.31369
-1.27417 -1.31159
-1.26945 -1.31561
-1.27022 -1.31354
-1.26953 -1.31559
-1.26827 -1.31548
-1.27146 -1.3149
-1.26711 -1.31444
-1.26963 -1.31592
-1.26749 -1.31559
-1.26887 -1.31591
-1.26776 -1.31673
-1.26728 -1.31364
-1.26963 -1.31562
-1.26596 -1.32045
-1.26982 -1.31168
-1.26905 -1.31718
-1.26822 -1.31372
-1.26694 -1.31644
-1.26773 -1.31698
-1.26798 -1.31294
-1.26942 -1.31606
-1.26686 -1.31915
-1.26532 -1.31395
-1.26949 -1.31663
-1.26972 -1.31415
-1.26705 -1.31585
-1.268 -1.3141
-1.26798 -1.31525
-1.26795 -1.31531
-1.27039 -1.31404
-1.26766 -1.31641
-1.27011 -1.31457
-1.26732 -1.31689
-1.26831 -1.31484
-1.26817 -1.31439
-1.26581 -1.31911
-1.26937 -1.31598
-1.26692 -1.31491
-1.2688 -1.31787
-1.26534 -1.31485
-1.26576 -1.31972
-1.26717 -1.31546
-1.26785 -1.3159
-1.26652 -1.31653
-1.26663 -1.31423
-1.26576 -1.31879
-1.26831 -1.31609
-1.26515 -1.31725
-1.26414 -1.3198
-1.26877 -1.31452
-1.26534 -1.31924
-1.26539 -1.3169
-1.26633 -1.31665
-1.26482 -1.31563
-1.26397 -1.31845
-1.26435 -1.31574
-1.26229 -1.32001
-1.26792 -1.31182
-1.26323 -1.3187
-1.26457 -1.31609
-1.26465 -1.31938
-1.26828 -1.31187
-1.26363 -1.31678
-1.2683 -1.31726
-1.26289 -1.31917
-1.26591 -1.31449
-1.26737 -1.31619
-1.26285 -1.31407
-1.26524 -1.31632
-1.26641 -1.31384
-1.26432 -1.31506
-1.2647 -1.31485
-1.26583 -1.31836
-1.26771 -1.31548
-1.26534 -1.31355
-1.26478 -1.3149
-1.26656 -1.31472
-1.26704 -1.31603
-1.26647 -1.31322
-1.26351 -1.31644
-1.26443 -1.31483
-1.26476 -1.3138
-1.2654 -1.31631
-1.2687 -1.31303
-1.26262 -1.31917
-1.2684 -1.31269
-1.26362 -1.31733
-1.26688 -1.31533
-1.2645 -1.31715
-1.26773 -1.31323
-1.26297 -1.31429
-1.26568 -1.31763
-1.2639 -1.3181
-1.26531 -1.31549
-1.26372 -1.31494
-1.26502 -1.31641
-1.26229 -1.3169
-1.26293 -1.31642
-1.265 -1.31572
-1.26227 -1.31816
-1.26213 -1.31204
-1.26187 -1.31504
-1.26168 -1.31529
-1.26087 -1.31661
-1.26136 -1.31727
-1.26447 -1.31524
-1.2605 -1.31512
-1.2603 -1.31709
-1.26227 -1.31804
-1.26134 -1.31523
-1.26145 -1.3162
-1.26169 -1.31728
-1.26034 -1.31671
-1.2628 -1.31588
-1.26087 -1.31709
-1.2606 -1.31667
-1.26157 -1.3133
-1.2602 -1.31872
-1.26092 -1.31428
-1.26024 -1.31577
-1.26048 -1.3135
-1.26137 -1.31506
-1.25863 -1.31545
-1.26159 -1.31298
-1.25596 -1.3174
-1.25903 -1.3159
-1.26065 -1.31312
-1.2602 -1.31443
-1.25588 -1.31754
-1.26159 -1.31491
-1.25784 -1.31594
-1.25825 -1.31487
-1.26007 -1.31674
-1.25789 -1.31505
-1.25847 -1.31475
-1.25775 -1.31426
-1.26003 -1.31515
-1.25741 -1.31543
-1.25679 -1.31545
-1.2564 -1.31627
-1.25842 -1.31519
-1.25862 -1.3141
-1.25965 -1.31497
-1.25939 -1.31501
-1.25547 -1.31601
-1.25956 -1.31557
-1.25678 -1.31474
-1.25819 -1.31748
-1.25709 -1.3125
-1.25457 -1.31906
-1.26013 -1.31527
-1.25562 -1.31474
-1.25638 -1.31722
-1.26047 -1.31303
-1.25644 -1.31623
-1.25725 -1.31339
-1.25945 -1.31401
-1.25719 -1.31333
-1.26153 -1.31281
-1.2574 -1.31321
-1.25753 -1.31684
-1.25858 -1.31134
-1.25815 -1.31374
-1.25885 -1.31134
-1.25822 -1.31645
-1.26022 -1.31196
-1.25613 -1.31409
-1.25917 -1.31173
-1.25833 -1.31423
-1.25852 -1.31645
-1.2554 -1.31402
-1.25846 -1.31546
-1.25628 -1.3134
-1.26018 -1.31326
-1.2564 -1.31269
-1.25753 -1.31476
-1.25994 -1.31231
-1.25878 -1.31456
-1.25628 -1.31103
-1.25772 -1.31533
-1.25756 -1.31285
-1.25939 -1.30997
-1.26009 -1.31211
-1.25671 -1.31642
-1.25946 -1.31352
-1.25773 -1.31255
-1.25704 -1.31328
-1.25869 -1.31344
-1.25846 -1.31211
-1.25826 -1.31402
-1.2589 -1.3133
-1.25731 -1.31275
-1.25847 -1.31122
-1.25787 -1.31102
-1.2582 -1.31195
-1.2583 -1.3129
-1.25843 -1.3116
-1.25642 -1.3128
-1.25913 -1.31196
-1.25774 -1.31116
-1.26039 -1.31076
-1.25893 -1.30932
-1.25831 -1.31524
-1.25396 -1.31429
-1.25907 -1.30937
-1.25677 -1.31223
-1.25894 -1.3122
-1.25666 -1.31444
-1.2549 -1.31395
-1.25896 -1.3118
-1.25513 -1.31255
-1.25709 -1.31476
-1.2573 -1.31323
-1.25539 -1.31218
-1.25535 -1.31377
-1.25645 -1.31268
-1.25628 -1.30955
-1.26085 -1.3108
-1.25638 -1.31341
-1.2585 -1.30851
-1.25551 -1.31227
-1.25874 -1.31081
-1.25657 -1.31161
-1.25662 -1.31164
-1.25846 -1.30974
-1.25684 -1.3112
-1.25816 -1.31167
-1.25999 -1.30848
-1.25571 -1.31552
-1.26036 -1.3088
-1.25817 -1.31261
-1.25662 -1.31052
-1.25819 -1.30887
-1.25627 -1.31448
-1.25847 -1.30838
-1.25661 -1.3114
-1.25765 -1.31252
-1.25833 -1.30705
-1.25773 -1.31309
-1.25605 -1.30948
-1.25681 -1.3138
-1.25624 -1.30849
-1.25598 -1.31248
-1.2544 -1.31341
-1.25648 -1.30826
-1.25406 -1.31416
-1.25365 -1.31361
-1.2578 -1.30828
-1.25353 -1.31222
-1.25478 -1.31052
-1.25306 -1.31238
-1.2541 -1.3104
-1.25418 -1.31034
-1.2542 -1.31025
-1.25387 -1.30926
-1.25307 -1.31246
-1.25539 -1.31011
-1.2568 -1.31149
-1.25444 -1.30861
-1.25315 -1.31412
-1.25512 -1.30777
-1.25312 -1.31115
-1.25445 -1.30976
-1.25548 -1.30821
-1.25355 -1.30859
-1.25362 -1.31063
-1.25458 -1.30826
-1.25482 -1.30708
-1.25463 -1.3073
-1.25435 -1.30901
-1.25427 -1.30637
-1.25579 -1.30686
-1.25232 -1.30764
-1.2573 -1.30976
-1.25285 -1.30652
-1.25664 -1.30581
-1.2513 -1.31091
-1.25569 -1.30547
-1.25417 -1.30773
-1.25396 -1.3065
-1.2557 -1.3067
-1.25494 -1.307
-1.25542 -1.30858
-1.25602 -1.30408
-1.25644 -1.3064
-1.25602 -1.30726
-1.25398 -1.30571
-1.25569 -1.30657
-1.25416 -1.30892
-1.2563 -1.30255
-1.25193 -1.31146
-1.256 -1.30324
-1.25448 -1.30837
-1.25535 -1.30559
-1.25487 -1.30595
-1.25501 -1.30799
-1.25542 -1.30451
-1.25514 -1.30676
-1.2511 -1.30649
-1.25565 -1.30678
-1.25493 -1.30492
-1.25559 -1.30893
-1.25695 -1.3038
-1.25158 -1.31182
-1.25765 -1.30279
-1.25356 -1.30778
-1.25561 -1.30775
-1.25328 -1.30838
-1.25642 -1.30288
-1.25305 -1.30855
-1.25462 -1.30377
-1.25195 -1.30829
-1.2547 -1.30539
-1.25312 -1.30447
-1.25628 -1.30283
-1.25527 -1.30709
-1.25348 -1.30206
-1.25321 -1.30461
-1.25424 -1.30661
-1.2527 -1.3049
-1.25388 -1.30343
-1.25452 -1.30789
-1.25261 -1.30442
-1.2514 -1.30601
-1.25296 -1.30693
-1.25304 -1.30682
-1.25205 -1.30424
-1.25177 -1.30825
-1.25162 -1.30612
-1.25017 -1.30827
-1.25332 -1.30609
-1.24927 -1.30691
-1.25303 -1.30903
-1.25408 -1.30561
-1.25148 -1.3052
-1.25327 -1.30363
-1.25099 -1.3049
-1.25313 -1.30505
-1.25139 -1.3064
-1.25023 -1.30483
-1.25077 -1.30567
-1.25129 -1.30554
-1.25124 -1.30563
-1.25021 -1.30519
-1.25479 -1.30309
-1.25132 -1.30512
-1.24995 -1.30532
-1.25364 -1.30316
-1.25407 -1.30503
-1.25266 -1.30663
-1.25142 -1.30301
-1.25149 -1.30443
-1.25456 -1.3041
-1.2523 -1.30387
-1.25275 -1.30166
-1.25293 -1.30423
-1.25118 -1.30443
-1.25287 -1.2996
-1.25081 -1.30545
-1.25333 -1.30333
-1.25282 -1.30501
-1.25121 -1.30297
-1.25106 -1.30417
-1.25238 -1.30375
-1.25033 -1.30408
-1.25155 -1.30396
-1.25029 -1.3071
-1.25396 -1.30093
-1.24926 -1.30661
-1.25244 -1.30288
-1.25399 -1.3041
-1.25366 -1.30193
-1.25169 -1.30379
-1.25225 -1.30575
-1.25046 -1.30306
-1.25335 -1.30436
-1.25119 -1.30468
-1.25392 -1.30261
-1.2498 -1.30601
-1.25526 -1.30029
-1.25054 -1.30532
-1.25249 -1.30449
-1.25149 -1.30322
-1.25088 -1.30602
-1.25107 -1.30587
-1.25148 -1.30186
-1.25161 -1.30564
-1.25182 -1.30487
-1.2494 -1.3069
-1.25064 -1.30178
-1.24959 -1.30546
-1.25123 -1.30246
-1.25043 -1.30627
-1.25283 -1.30284
-1.24916 -1.30443
-1.25048 -1.30167
-1.24866 -1.30931
-1.249 -1.30392
-1.2523 -1.30339
-1.24807 -1.30449
-1.24925 -1.30714
-1.25283 -1.30398
-1.2511 -1.30424
-1.25183 -1.3025
-1.25073 -1.30175
-1.25531 -1.30218
-1.24801 -1.30573
-1.25488 -1.3018
-1.25112 -1.30088
-1.25067 -1.30489
-1.25058 -1.30053
-1.25125 -1.30453
-1.25092 -1.30515
-1.25194 -1.30052
-1.25008 -1.30466
-1.25177 -1.30181
-1.24986 -1.3044
-1.25015 -1.30305
-1.24932 -1.30461
-1.24983 -1.30395
-1.24977 -1.30214
-1.24871 -1.30324
-1.24883 -1.307
-1.24895 -1.30062
-1.25146 -1.30178
-1.24776 -1.30378
-1.24987 -1.30412
-1.2507 -1.30048
-1.25207 -1.30265
-1.2472 -1.30367
-1.25075 -1.3021
-1.24984 -1.30174
-1.25009 -1.30261
-1.2507 -1.29994
-1.24913 -1.30115
-1.24811 -1.30454
-1.25032 -1.29965
-1.25076 -1.30283
-1.24913 -1.30038
-1.24641 -1.30635
-1.24966 -1.30087
-1.24874 -1.301
-1.24613 -1.30474
-1.24715 -1.30301
-1.24718 -1.30311
-1.24965 -1.30233
-1.24626 -1.30224
-1.24849 -1.30104
-1.24541 -1.3071
-1.24902 -1.30092
-1.24624 -1.30441
-1.24974 -1.30054
-1.24768 -1.30314
-1.24659 -1.3037
-1.24836 -1.30285
-1.2479 -1.30116
-1.24801 -1.30084
-1.24613 -1.3021
-1.24728 -1.30261
-1.24717 -1.30277
-1.24911 -1.29963
-1.24685 -1.30083
-1.25172 -1.29992
-1.24623 -1.3012
-1.25076 -1.2993
-1.24702 -1.30335
-1.24858 -1.29824
-1.25 -1.3007
-1.24908 -1.29831
-1.247 -1.30317
-1.25011 -1.29701
-1.2472 -1.29919
-1.24894 -1.30312
-1.24627 -1.29914
-1.24547 -1.30241
-1.24982 -1.29899
-1.24848 -1.29955
-1.24861 -1.29864
-1.24711 -1.30181
-1.24752 -1.29775
-1.2483 -1.30206
-1.24722 -1.30091
-1.24607 -1.3006
-1.24803 -1.29998
-1.24551 -1.30077
-1.24796 -1.29748
-1.24764 -1.30086
-1.24781 -1.29875
-1.24727 -1.29999
-1.24681 -1.30079
-1.24475 -1.30191
-1.25081 -1.29564
-1.24536 -1.30227
-1.24977 -1.30026
-1.24659 -1.29734
-1.24684 -1.30094
-1.24871 -1.30003
-1.24726 -1.30134
-1.24833 -1.29702
-1.24965 -1.29967
-1.2484 -1.29957
-1.24576 -1.30076
-1.25041 -1.29898
-1.24887 -1.29792
-1.24839 -1.29853
-1.24704 -1.29852
-1.2491 -1.30224
-1.2483 -1.29861
-1.24717 -1.29896
-1.24782 -1.2973
-1.24725 -1.30147
-1.24979 -1.29774
-1.24565 -1.29991
-1.24944 -1.29824
-1.24832 -1.29935
-1.24578 -1.29791
-1.24958 -1.29937
-1.24789 -1.30044
-1.24721 -1.29867
-1.24787 -1.30115
-1.24903 -1.29799
-1.24603 -1.30025
-1.2453 -1.30103
-1.25023 -1.29697
-1.24487 -1.30416
-1.24984 -1.29905
-1.24636 -1.29833
-1.24539 -1.30229
-1.24997 -1.29753
-1.24747 -1.29884
-1.24794 -1.29847
-1.24768 -1.29722
-1.24436 -1.30266
-1.2475 -1.29458
-1.24782 -1.29795
-1.24592 -1.29797
-1.24882 -1.29619
-1.24528 -1.30051
-1.24615 -1.29936
-1.24643 -1.29638
-1.24788 -1.29956
-1.24607 -1.29845
-1.24821 -1.29978
-1.24656 -1.29766
-1.24429 -1.29787
-1.24743 -1.2956
-1.24676 -1.29929
-1.24646 -1.29778
-1.24713 -1.29859
-1.2468 -1.2967
-1.24565 -1.29677
-1.24653 -1.29705
-1.24726 -1.29744
-1.24798 -1.29673
-1.24639 -1.29942
-1.24792 -1.29605
-1.24817 -1.2961
-1.24528 -1.29892
-1.24636 -1.29637
-1.24597 -1.29575
-1.24469 -1.2985
-1.24539 -1.29343
-1.24609 -1.30014
-1.24709 -1.29553
-1.24698 -1.29472
-1.24506 -1.29725
-1.24602 -1.2952
-1.24676 -1.29719
-1.24582 -1.29782
-1.24698 -1.29494
-1.24579 -1.29663
-1.24675 -1.2964
-1.24702 -1.29612
-1.24367 -1.29581
-1.24401 -1.29751
-1.24455 -1.29601
-1.2449 -1.2963
-1.24456 -1.29742
-1.24527 -1.29651
-1.24606 -1.29599
-1.24526 -1.29646
-1.24477 -1.29434
-1.24354 -1.29846
-1.24429 -1.29504
-1.24591 -1.29541
-1.24472 -1.2979
-1.24686 -1.29229
-1.24378 -1.2991
-1.2466 -1.29365
-1.24524 -1.295
-1.24561 -1.29563
-1.24478 -1.29641
-1.24475 -1.29217
-1.24838 -1.29329
-1.24505 -1.29517
-1.24285 -1.29594
-1.24627 -1.29548
-1.24625 -1.29509
-1.24447 -1.2951
-1.24659 -1.29275
-1.24433 -1.29602
-1.24637 -1.29428
-1.24422 -1.29438
-1.24507 -1.29691
-1.24539 -1.2936
-1.24667 -1.29217
-1.24587 -1.29645
-1.24459 -1.29165
-1.2458 -1.29599
-1.24581 -1.2933
-1.24382 -1.29347
-1.24854 -1.29113
-1.24389 -1.29596
-1.24578 -1.29399
-1.24452 -1.29425
-1.24691 -1.29074
-1.24488 -1.29454
-1.24582 -1.29273
-1.24727 -1.29325
-1.24418 -1.29264
-1.24715 -1.29258
-1.24362 -1.29537
-1.24698 -1.29097
-1.24504 -1.29192
-1.24564 -1.29647
-1.2436 -1.29292
-1.24647 -1.29069
-1.24338 -1.29598
-1.24549 -1.29198
-1.2459 -1.29341
-1.24637 -1.28993
-1.24307 -1.29497
-1.24281 -1.29389
-1.24481 -1.29519
-1.24521 -1.29071
-1.24431 -1.29384
-1.24278 -1.29533
-1.24486 -1.29154
-1.24317 -1.29243
-1.24411 -1.29391
-1.24256 -1.2941
-1.24746 -1.2926
-1.24336 -1.29427
-1.24473 -1.29305
-1.24516 -1.29079
-1.24533 -1.29617
-1.24359 -1.29075
-1.24578 -1.29216
-1.24598 -1.29192
-1.24425 -1.29451
-1.24282 -1.29162
-1.24489 -1.29373
-1.24241 -1.29744
-1.24638 -1.28948
-1.24396 -1.2935
-1.24359 -1.29521
-1.24293 -1.2952
-1.2454 -1.2964
-1.24566 -1.28891
-1.24193 -1.29842
-1.2476 -1.28838
-1.24237 -1.29581
-1.2447 -1.29161
-1.2451 -1.29438
-1.2454 -1.28944
-1.24299 -1.29647
-1.2455 -1.28893
-1.24472 -1.2915
-1.24315 -1.2962
-1.24683 -1.29062
-1.24293 -1.29457
-1.24387 -1.29224
-1.24357 -1.29069
-1.24579 -1.2916
-1.24253 -1.29376
-1.24363 -1.29267
-1.24679 -1.29181
-1.24347 -1.29316
-1.24331 -1.29437
-1.24511 -1.29137
-1.24288 -1.29476
-1.24304 -1.29162
-1.2414 -1.29377
-1.24756 -1.28921
-1.241 -1.2924
-1.24625 -1.29135
-1.24409 -1.29062
-1.24271 -1.29211
-1.24609 -1.28802
-1.24272 -1.2955
-1.24546 -1.29022
-1.24255 -1.28971
-1.24263 -1.294
-1.24381 -1.29155
-1.24114 -1.29116
-1.24558 -1.28965
-1.24305 -1.29372
-1.24436 -1.2918
-1.24415 -1.2927
-1.24252 -1.29066
-1.24646 -1.2909
-1.24144 -1.2934
-1.24805 -1.28892
-1.24218 -1.29099
-1.24426 -1.28832
-1.24394 -1.29176
-1.24337 -1.28779
-1.24277 -1.29319
-1.24604 -1.28879
-1.24493 -1.28923
-1.24183 -1.2916
-1.24601 -1.28629
-1.24415 -1.29131
-1.24374 -1.28945
-1.24546 -1.28647
-1.24307 -1.2913
-1.24618 -1.28543
-1.2446 -1.28929
-1.24517 -1.28793
-1.24307 -1.28853
-1.24158 -1.28849
-1.24553 -1.28654
-1.24562 -1.28815
-1.24657 -1.28605
-1.24056 -1.28762
-1.24477 -1.28576
-1.24469 -1.28931
-1.24219 -1.28861
-1.24434 -1.28807
-1.24674 -1.28862
-1.2413 -1.28894
-1.24534 -1.28804
-1.24148 -1.29129
-1.24364 -1.2862
-1.24379 -1.28909
-1.24269 -1.28769
-1.24398 -1.28813
-1.24421 -1.28872
-1.24362 -1.29029
-1.24589 -1.28524
-1.24295 -1.29041
-1.24367 -1.28992
-1.24331 -1.28764
-1.24156 -1.29054
-1.24474 -1.28655
-1.23926 -1.29191
-1.2464 -1.28657
-1.24425 -1.28964
-1.24174 -1.28845
-1.24265 -1.28659
-1.24162 -1.2896
-1.2432 -1.28877
-1.24441 -1.28495
-1.24283 -1.28963
-1.24185 -1.2912
-1.2444 -1.28583
-1.24437 -1.28659
-1.24131 -1.28993
-1.24491 -1.28388
-1.23911 -1.28997
-1.24441 -1.28657
-1.24109 -1.29003
-1.24298 -1.28744
-1.24182 -1.28832
-1.24171 -1.28938
-1.24301 -1.28693
-1.24142 -1.289
-1.2414 -1.28665
-1.24536 -1.28712
-1.24013 -1.28699
-1.24127 -1.29027
-1.24186 -1.28624
-1.24206 -1.28706
-1.24313 -1.28663
-1.24226 -1.28305
-1.2407 -1.2882
-1.24312 -1.28687
-1.24235 -1.28678
-1.24375 -1.28604
-1.23787 -1.28915
-1.24778 -1.28319
-1.23988 -1.28833
-1.24632 -1.28604
-1.24229 -1.28371
-1.2424 -1.28827
-1.243 -1.28473
-1.24296 -1.2886
-1.24443 -1.2854
-1.24198 -1.28627
-1.24047 -1.28662
-1.24349 -1.28651
-1.24105 -1.28622
-1.24304 -1.28395
-1.24334 -1.28709
-1.24279 -1.28489
-1.23923 -1.28597
-1.24183 -1.28949
-1.24285 -1.28442
-1.24293 -1.28642
-1.24218 -1.28627
-1.24048 -1.28673
-1.24011 -1.28849
-1.24504 -1.28366
-1.23999 -1.2875
-1.24249 -1.28589
-1.24079 -1.28861
-1.24237 -1.28562
-1.24284 -1.28396
-1.24119 -1.28751
-1.24208 -1.28878
-1.24332 -1.28589
-1.23885 -1.29042
-1.24282 -1.28457
-1.24421 -1.28695
-1.24251 -1.28513
-1.24132 -1.28778
-1.24159 -1.28753
-1.24197 -1.28507
-1.24227 -1.28852
-1.24432 -1.28487
-1.23931 -1.28597
-1.24233 -1.28749
-1.24539 -1.28592
-1.24196 -1.28778
-1.24117 -1.28964
-1.24109 -1.28668
-1.24255 -1.28793
-1.24095 -1.28856
-1.24315 -1.29009
-1.24249 -1.28475
-1.23828 -1.2884
-1.24289 -1.28698
-1.2398 -1.28762
-1.24096 -1.28967
-1.24163 -1.28472
-1.23906 -1.28807
-1.24249 -1.28694
-1.23867 -1.28578
-1.24073 -1.28763
-1.24062 -1.28746
-1.24066 -1.28814
-1.2405 -1.28456
-1.23913 -1.28582
-1.24377 -1.28819
-1.24121 -1.28669
-1.24182 -1.28483
-1.24151 -1.28798
-1.24245 -1.28475
-1.2435 -1.2879
-1.24065 -1.28434
-1.24003 -1.28646
-1.2443 -1.28257
-1.24018 -1.28951
-1.24326 -1.28515
-1.24014 -1.28427
-1.24292 -1.28633
-1.24272 -1.28569
-1.23996 -1.286
-1.2383 -1.28666
-1.24212 -1.28497
-1.23996 -1.28544
-1.24185 -1.2867
-1.24015 -1.28688
-1.24044 -1.28385
-1.24101 -1.28628
-1.23991 -1.28673
-1.24081 -1.28382
-1.23991 -1.2846
-1.23954 -1.28405
-1.24151 -1.28566
-1.24056 -1.28574
-1.24242 -1.28549
-1.24168 -1.28368
-1.24232 -1.28569
-1.24187 -1.28406
-1.24271 -1.2842
-1.2418 -1.2859
-1.24157 -1.2832
-1.24093 -1.28888
-1.24333 -1.28323
-1.24233 -1.28337
-1.24016 -1.28765
-1.24248 -1.2841
-1.24106 -1.28339
-1.24431 -1.2846
-1.24257 -1.28435
-1.24086 -1.28552
-1.24199 -1.28491
-1.24344 -1.28081
-1.24044 -1.28755
-1.24303 -1.28455
-1.2434 -1.28324
-1.23983 -1.28484
-1.24167 -1.28334
-1.24255 -1.28161
-1.24122 -1.28639
-1.23965 -1.28445
-1.24354 -1.28521
-1.23987 -1.28061
-1.23853 -1.28703
-1.24364 -1.28373
-1.24056 -1.28458
-1.2432 -1.28204
-1.23747 -1.28574
-1.24106 -1.28317
-1.2428 -1.28059
-1.23823 -1.28275
-1.24061 -1.28451
-1.24005 -1.28268
-1.24141 -1.28298
-1.23797 -1.28087
-1.24217 -1.28356
-1.2398 -1.28079
-1.24117 -1.28191
-1.23872 -1.28568
-1.24268 -1.28059
-1.23825 -1.2823
-1.24111 -1.28286
-1.24158 -1.28351
-1.23962 -1.2828
-1.24067 -1.28415
-1.24147 -1.2801
-1.24004 -1.28134
-1.24165 -1.28222
-1.24004 -1.28247
-1.24091 -1.28016
-1.2385 -1.28509
-1.24187 -1.2807
-1.24034 -1.28283
-1.24261 -1.28328
-1.24094 -1.28171
-1.23962 -1.28329
-1.24178 -1.28176
-1.24059 -1.28267
-1.24087 -1.28244
-1.24079 -1.28292
-1.24134 -1.27918
-1.24019 -1.28377
-1.24183 -1.27983
-1.24062 -1.28193
-1.23849 -1.28412
-1.24185 -1.28355
-1.2408 -1.28248
-1.2438 -1.27976
-1.23952 -1.28182
-1.23924 -1.28204
-1.23939 -1.28397
-1.2421 -1.28234
-1.23942 -1.28261
-1.24195 -1.27828
-1.23942 -1.28417
-1.24222 -1.28076
-1.23974 -1.28385
-1.24029 -1.27786
-1.24189 -1.28254
-1.23852 -1.28201
-1.23959 -1.2836
-1.24198 -1.28221
-1.2417 -1.28057
-1.23837 -1.28319
-1.24167 -1.28008
-1.23998 -1.28053
-1.23949 -1.28035
-1.24223 -1.28132
-1.23886 -1.28074
-1.23988 -1.28351
-1.23989 -1.27949
-1.23929 -1.28233
-1.24025 -1.28293
-1.239 -1.28241
-1.2394 -1.28028
-1.23917 -1.28063
-1.23987 -1.2829
-1.23638 -1.28363
-1.24179 -1.28082
-1.24099 -1.27976
-1.23803 -1.28266
-1.23791 -1.28048
-1.24082 -1.28255
-1.24123 -1.27872
-1.24198 -1.27847
-1.23841 -1.28368
-1.24085 -1.28076
-1.24199 -1.2789
-1.24145 -1.28013
-1.23941 -1.28035
-1.24239 -1.2806
-1.24074 -1.28057
-1.24182 -1.27757
-1.24181 -1.27737
-1.23972 -1.2814
-1.24267 -1.27904
-1.23852 -1.2782
-1.24007 -1.2803
-1.24137 -1.2791
-1.23784 -1.2806
-1.23998 -1.27875
-1.24045 -1.27976
-1.23949 -1.27925
-1.23852 -1.28096
-1.24081 -1.27889
-1.23758 -1.28086
-1.23853 -1.28021
-1.23948 -1.27924
-1.23992 -1.27776
-1.23606 -1.28315
-1.24092 -1.2769
-1.23838 -1.27985
-1.23846 -1.28019
-1.24062 -1.27814
-1.23767 -1.28227
-1.23858 -1.27601
-1.23736 -1.28032
-1.24079 -1.27876
-1.23718 -1.28038
-1.24106 -1.2782
-1.23754 -1.27945
-1.23928 -1.28037
-1.24037 -1.27766
-1.24034 -1.27779
-1.23589 -1.28061
-1.24147 -1.27628
-1.23938 -1.27933
-1.24107 -1.27834
-1.23928 -1.27944
-1.24002 -1.27695
-1.23996 -1.28051
-1.24129 -1.27522
-1.23901 -1.2816
-1.24002 -1.27832
-1.24018 -1.27963
-1.23946 -1.27799
-1.24029 -1.27761
-1.23994 -1.27793
-1.24009 -1.27978
-1.2418 -1.27724
-1.2422 -1.27443
-1.23879 -1.27965
-1.24161 -1.27515
-1.24319 -1.27799
-1.23879 -1.27584
-1.24251 -1.2774
-1.23861 -1.27837
-1.24186 -1.27372
-1.24181 -1.27738
-1.24041 -1.27427
-1.24231 -1.27599
-1.24095 -1.27807
-1.24126 -1.27486
-1.24251 -1.27897
-1.24002 -1.27425
-1.24039 -1.27625
-1.23891 -1.27698
-1.24002 -1.2754
-1.23944 -1.27743
-1.23945 -1.27561
-1.23939 -1.27725
-1.23834 -1.27603
-1.24041 -1.27734
-1.23723 -1.27708
-1.24055 -1.2763
-1.23762 -1.275
-1.23795 -1.27816
-1.2432 -1.27334
-1.23753 -1.27451
-1.24028 -1.27491
-1.23898 -1.27566
-1.23581 -1.27586
-1.2408 -1.27449
-1.24153 -1.27395
-1.23716 -1.27859
-1.23931 -1.2729
-1.24276 -1.27566
-1.23761 -1.27782
-1.2416 -1.2726
-1.23805 -1.2747
-1.24021 -1.27427
-1.24184 -1.27435
-1.23706 -1.27589
-1.24051 -1.27258
-1.23931 -1.27526
-1.2406 -1.2744
-1.24037 -1.2758
-1.23853 -1.27678
-1.24082 -1.27311
-1.23799 -1.27575
-1.23852 -1.27391
-1.2376 -1.27672
-1.23927 -1.27275
-1.2379 -1.27943
-1.23598 -1.27745
-1.2402 -1.2737
-1.23743 -1.27679
-1.23555 -1.27608
-1.23871 -1.27779
-1.23697 -1.27565
-1.23774 -1.27543
-1.23641 -1.27709
-1.23875 -1.27594
-1.23638 -1.27753
-1.23857 -1.27649
-1.23645 -1.27648
-1.23779 -1.27492
-1.23883 -1.27388
-1.23654 -1.27649
-1.23623 -1.2736
-1.23848 -1.28086
-1.23709 -1.27159
-1.23867 -1.27741
-1.23681 -1.27199
-1.23732 -1.27813
-1.23855 -1.2744
-1.23679 -1.2733
-1.2384 -1.27502
-1.23668 -1.27557
-1.23563 -1.2752
-1.24008 -1.27186
-1.23553 -1.27678
-1.23871 -1.27291
-1.23834 -1.27607
-1.23499 -1.27475
-1.23764 -1.27462
-1.23864 -1.2715
-1.23391 -1.27712
-1.23788 -1.27268
-1.23741 -1.27695
-1.23734 -1.27643
-1.23555 -1.27438
-1.23803 -1.27432
-1.23576 -1.27423
-1.23743 -1.27481
-1.2371 -1.27407
-1.23553 -1.27456
-1.23959 -1.2744
-1.23424 -1.27666
-1.23882 -1.27266
-1.23594 -1.27903
-1.23851 -1.27235
-1.23621 -1.27779
-1.23664 -1.27661
-1.23848 -1.27144
-1.23394 -1.27579
-1.23578 -1.2759
-1.23799 -1.27519
-1.23778 -1.27422
-1.23535 -1.27607
-1.23344 -1.27408
-1.23676 -1.27435
-1.23535 -1.27506
-1.23292 -1.27695
-1.23612 -1.27204
-1.23435 -1.27808
-1.23376 -1.27488
-1.23655 -1.27257
-1.23234 -1.27755
-1.23613 -1.27642
-1.23317 -1.27481
-1.23585 -1.273
-1.23694 -1.27553
-1.23396 -1.27562
-1.23273 -1.27464
-1.23696 -1.27411
-1.23361 -1.27464
-1.23567 -1.27306
-1.23703 -1.2735
-1.23498 -1.27207
-1.23434 -1.27365
-1.23654 -1.27342
-1.23575 -1.27405
-1.23302 -1.27247
-1.23436 -1.27497
-1.23587 -1.27323
-1.23431 -1.27219
-1.23356 -1.27472
-1.23645 -1.27267
-1.23419 -1.27318
-1.23488 -1.27337
-1.23326 -1.27347
-1.23601 -1.27134
-1.23184 -1.27477
-1.23642 -1.27412
-1.23444 -1.27528
-1.23551 -1.27141
-1.2342 -1.27359
-1.23643 -1.27667
-1.23454 -1.26958
-1.23437 -1.27538
-1.23668 -1.2736
-1.23453 -1.27252
-1.23295 -1.27365
-1.23361 -1.27391
-1.23444 -1.27196
-1.23225 -1.27266
-1.23482 -1.27406
-1.23237 -1.27477
-1.23259 -1.27348
-1.23276 -1.27516
-1.23284 -1.27417
-1.23173 -1.27599
-1.23462 -1.27358
-1.23327 -1.27403
-1.23271 -1.27359
-1.23428 -1.27469
-1.23213 -1.27506
-1.23267 -1.27572
-1.23378 -1.27194
-1.23291 -1.27333
-1.22976 -1.27625
-1.23315 -1.27308
-1.23375 -1.27478
-1.23267 -1.27192
-1.2324 -1.2744
-1.23289 -1.27469
-1.23227 -1.27353
-1.23046 -1.27601
-1.23288 -1.27349
-1.23162 -1.27573
-1.23423 -1.26895
-1.23066 -1.27736
-1.23187 -1.27157
-1.2349 -1.27163
-1.23389 -1.27509
-1.23102 -1.27027
-1.23491 -1.27277
-1.23261 -1.27193
-1.23333 -1.26829
-1.23071 -1.27581
-1.23391 -1.27124
-1.23224 -1.27417
-1.23202 -1.26994
-1.23286 -1.27337
-1.23552 -1.26814
-1.23079 -1.27319
-1.23493 -1.26974
-1.23173 -1.27152
-1.2364 -1.27231
-1.22967 -1.27219
-1.23462 -1.27027
-1.2319 -1.27188
-1.2345 -1.27021
-1.23282 -1.26996
-1.23213 -1.27183
-1.23487 -1.26828
-1.23458 -1.27092
-1.23313 -1.27125
-1.23452 -1.26917
-1.23505 -1.26974
-1.23313 -1.2716
-1.23551 -1.26824
-1.23426 -1.27036
-1.23455 -1.26861
-1.23497 -1.26897
-1.23579 -1.26967
-1.2338 -1.26822
-1.23695 -1.2684
-1.23269 -1.27059
-1.23462 -1.26977
-1.23305 -1.26857
-1.23484 -1.26913
-1.23291 -1.26992
-1.23441 -1.2677
-1.23391 -1.2707
-1.23613 -1.26756
-1.23378 -1.2708
-1.23377 -1.26995
