0 0
-0.0871586 -0.0820086
-0.171523 -0.16166
-0.252886 -0.238669
-0.331219 -0.313101
-0.406658 -0.385213
-0.478937 -0.454473
-0.548531 -0.520975
-0.615325 -0.585836
-0.678323 -0.645928
-0.737622 -0.70664
-0.795769 -0.762311
-0.849366 -0.815694
-0.900872 -0.865453
-0.947393 -0.91388
-0.991665 -0.960547
-1.03408 -1.00272
-1.06998 -1.04206
-1.10491 -1.07994
-1.13567 -1.11546
-1.1604 -1.14989
-1.18571 -1.17642
-1.20773 -1.20784
-1.22429 -1.23102
-1.23892 -1.25678
-1.25378 -1.27485
-1.26295 -1.29593
-1.27163 -1.31209
-1.27581 -1.32962
-1.28261 -1.34286
-1.28839 -1.35749
-1.28706 -1.35867
-1.28973 -1.35698
-1.28428 -1.35977
-1.28704 -1.35883
-1.28852 -1.35705
-1.28625 -1.35467
-1.28554 -1.35939
-1.28852 -1.35778
-1.28539 -1.35878
-1.2875 -1.35631
-1.28683 -1.35651
-1.2893 -1.35431
-1.28437 -1.35767
-1.28501 -1.35723
-1.28913 -1.35465
-1.28504 -1.36083
-1.28652 -1.35582
-1.28877 -1.35366
-1.28491 -1.35422
-1.28723 -1.35684
-1.28723 -1.35483
-1.28511 -1.35562
-1.2875 -1.35665
-1.28614 -1.3566
-1.28409 -1.35535
-1.28868 -1.35391
-1.28314 -1.35909
-1.28589 -1.3539
-1.28478 -1.356
-1.28466 -1.3583
-1.28536 -1.35259
-1.28717 -1.35835
-1.28554 -1.3543
-1.28588 -1.35525
-1.28666 -1.35523
-1.28621 -1.35501
-1.28553 -1.35495
-1.28506 -1.3553
-1.28699 -1.3542
-1.28434 -1.3567
-1.28605 -1.35308
-1.28752 -1.35157
-1.28276 -1.35562
-1.28615 -1.35116
-1.28333 -1.35251
-1.28527 -1.35398
-1.28543 -1.35079
-1.28427 -1.35113
-1.2839 -1.35265
-1.28304 -1.35298
-1.28415 -1.35166
-1.28325 -1.3538
-1.28397 -1.35219
-1.28351 -1.35142
-1.28249 -1.35158
-1.28395 -1.35076
-1.28258 -1.35219
-1.28139 -1.35226
-1.28298 -1.35254
-1.28208 -1.34952
-1.2821 -1.35103
-1.28301 -1.35377
-1.28223 -1.35227
-1.28074 -1.35274
-1.28175 -1.35086
-1.28007 -1.35277
-1.28311 -1.35367
-1.27978 -1.3527
-1.28047 -1.35338
-1.27845 -1.35325
-1.28265 -1.35254
-1.27683 -1.35507
-1.28352 -1.34933
-1.28097 -1.35157
-1.28036 -1.3518
-1.28016 -1.35251
-1.28146 -1.3489
-1.27941 -1.35348
-1.28297 -1.34915
-1.27702 -1.35304
-1.28256 -1.35017
-1.28354 -1.35019
-1.27997 -1.3518
-1.27944 -1.35133
-1.28172 -1.35048
-1.2812 -1.34954
-1.28022 -1.35312
-1.28049 -1.35042
-1.28192 -1.35048
-1.27841 -1.35231
-1.28033 -1.34834
-1.2817 -1.35091
-1.27832 -1.35264
-1.28151 -1.3525
-1.28052 -1.34869
-1.2806 -1.35114
-1.28002 -1.35357
-1.28138 -1.35002
-1.281 -1.35076
-1.28016 -1.35046
-1.28157 -1.35037
-1.28192 -1.34913
-1.2797 -1.35247
-1.28347 -1.34967
-1.28013 -1.34942
-1.27779 -1.3553
-1.2822 -1.34607
-1.27837 -1.35364
-1.28053 -1.35239
-1.28143 -1.34621
-1.28161 -1.35119
-1.28017 -1.34974
-1.2799 -1.35258
-1.28254 -1.3485
-1.28004 -1.34873
-1.28024 -1.35066
-1.28247 -1.34979
-1.27777 -1.35246
-1.28306 -1.34779
-1.27883 -1.35076
-1.28002 -1.35108
-1.28413 -1.34934
-1.28097 -1.35428
-1.28021 -1.34846
-1.28189 -1.34974
-1.2824 -1.34853
-1.28299 -1.35038
-1.27949 -1.35524
-1.28274 -1.34561
-1.28096 -1.35505
-1.28311 -1.35128
-1.28266 -1.35165
-1.28131 -1.35011
-1.28199 -1.35211
-1.28442 -1.34961
-1.28088 -1.35066
-1.2839 -1.34726
-1.28131 -1.34878
-1.28272 -1.35262
-1.28444 -1.34681
-1.28171 -1.35049
-1.28216 -1.34997
-1.2825 -1.34755
-1.28299 -1.35097
-1.28139 -1.34919
-1.28248 -1.35035
-1.28155 -1.35066
-1.28173 -1.3507
-1.28048 -1.35005
-1.28272 -1.35066
-1.28041 -1.34689
-1.28245 -1.35018
-1.28284 -1.35044
-1.28022 -1.34974
-1.28249 -1.34959
-1.28082 -1.35198
-1.28284 -1.3498
-1.28172 -1.34893
-1.28217 -1.34892
-1.28324 -1.35055
-1.28265 -1.35094
-1.28012 -1.34759
-1.28385 -1.35054
-1.28395 -1.34665
-1.28061 -1.35068
-1.28189 -1.3516
-1.28365 -1.34834
-1.28256 -1.35011
-1.28396 -1.34762
-1.28047 -1.34898
-1.28541 -1.3481
-1.2846 -1.34694
-1.27879 -1.35015
-1.28597 -1.34938
-1.28351 -1.34604
-1.28388 -1.3475
-1.28009 -1.3525
-1.2826 -1.34827
-1.28197 -1.34842
-1.28115 -1.34897
-1.28381 -1.35169
-1.28218 -1.35173
-1.28181 -1.34742
-1.27999 -1.35052
-1.28417 -1.34822
-1.28466 -1.34911
-1.28178 -1.34951
-1.2818 -1.34968
-1.28345 -1.34783
-1.28155 -1.34776
-1.28304 -1.34462
-1.28071 -1.34938
-1.28163 -1.34771
-1.2821 -1.3503
-1.2811 -1.34522
-1.28019 -1.35101
-1.28129 -1.35193
-1.28228 -1.34753
-1.28113 -1.34674
-1.27945 -1.35077
-1.28307 -1.34781
-1.28022 -1.35126
-1.28309 -1.34597
-1.27956 -1.34917
-1.28408 -1.34978
-1.28188 -1.34751
-1.28194 -1.34928
-1.28237 -1.34808
-1.27918 -1.34962
-1.28387 -1.34392
-1.28591 -1.34851
-1.28017 -1.34805
-1.28251 -1.34433
-1.28199 -1.34623
-1.28339 -1.34936
-1.28252 -1.34722
-1.28101 -1.34571
-1.2828 -1.34623
-1.28616 -1.34878
-1.28043 -1.3472
-1.2814 -1.3456
-1.28195 -1.34977
-1.28157 -1.34771
-1.28066 -1.34844
-1.28219 -1.34802
-1.28185 -1.34523
-1.28071 -1.34793
-1.2827 -1.34769
-1.28127 -1.35008
-1.28198 -1.34507
-1.28166 -1.34417
-1.28427 -1.34462
-1.28236 -1.34522
-1.28081 -1.34784
-1.28492 -1.34207
-1.28163 -1.34582
-1.28233 -1.3442
-1.27977 -1.34552
-1.28371 -1.34494
-1.28065 -1.34401
-1.28359 -1.34302
-1.28172 -1.34415
-1.28346 -1.34393
-1.27984 -1.34452
-1.28135 -1.34324
-1.28115 -1.34684
-1.28164 -1.34122
-1.28168 -1.34567
-1.28273 -1.34295
-1.27958 -1.34489
-1.28426 -1.34051
-1.28185 -1.34235
-1.28124 -1.34383
-1.27915 -1.34398
-1.28017 -1.34292
-1.28335 -1.34131
-1.28125 -1.34367
-1.28215 -1.34325
-1.27849 -1.34463
-1.28118 -1.34129
-1.27786 -1.34565
-1.27993 -1.3448
-1.27996 -1.34446
-1.2809 -1.34354
-1.27807 -1.34429
-1.28099 -1.33953
-1.27779 -1.3471
-1.27924 -1.34176
-1.28294 -1.34176
-1.2772 -1.34533
-1.28164 -1.34131
-1.28092 -1.33965
-1.27795 -1.3439
-1.27975 -1.3425
-1.28256 -1.34191
-1.2769 -1.34542
-1.28213 -1.34335
-1.27911 -1.34338
-1.27977 -1.34307
-1.27772 -1.34267
-1.27792 -1.34596
-1.27882 -1.34054
-1.27893 -1.34499
-1.28013 -1.34395
-1.27789 -1.34451
-1.27853 -1.33878
-1.28027 -1.34674
-1.27857 -1.34064
-1.27946 -1.34125
-1.28092 -1.34232
-1.27939 -1.33868
-1.27974 -1.34335
-1.27989 -1.34111
-1.28114 -1.3409
-1.2798 -1.3418
-1.28215 -1.3368
-1.28139 -1.33895
-1.27873 -1.34091
-1.27978 -1.33969
-1.28088 -1.34198
-1.28212 -1.33942
-1.28048 -1.33956
-1.27996 -1.34252
-1.28082 -1.34086
-1.27884 -1.33839
-1.28169 -1.34086
-1.27973 -1.34023
-1.28123 -1.33864
-1.27679 -1.34554
-1.28115 -1.33706
-1.28083 -1.33694
-1.28053 -1.34049
-1.28035 -1.34009
-1.27948 -1.33773
-1.28174 -1.34031
-1.27802 -1.34032
-1.28121 -1.34071
-1.27962 -1.34051
-1.27947 -1.34117
-1.27869 -1.34262
-1.27972 -1.33894
-1.27861 -1.33948
-1.28048 -1.34219
-1.27868 -1.33957
-1.27961 -1.34121
-1.28314 -1.33987
-1.27945 -1.3393
-1.28069 -1.33821
-1.27862 -1.34248
-1.2816 -1.33856
-1.28125 -1.33868
-1.28102 -1.33699
-1.27808 -1.34212
-1.28044 -1.3366
-1.27956 -1.33969
-1.27878 -1.33992
-1.28189 -1.33724
-1.27992 -1.34085
-1.2788 -1.3374
-1.28045 -1.34108
-1.27968 -1.33994
-1.28235 -1.33702
-1.27564 -1.33872
-1.2822 -1.33743
-1.28056 -1.33456
-1.28179 -1.33712
-1.28256 -1.3384
-1.27999 -1.33314
-1.28176 -1.33346
-1.28006 -1.34077
-1.27802 -1.33421
-1.27875 -1.33953
-1.27986 -1.33457
-1.27889 -1.33749
-1.27982 -1.33656
-1.2787 -1.3364
-1.27989 -1.33857
-1.2795 -1.33901
-1.27961 -1.33503
-1.27967 -1.33318
-1.27843 -1.33778
-1.28005 -1.33394
-1.27947 -1.33638
-1.2805 -1.335
-1.27694 -1.336
-1.27898 -1.33616
-1.27911 -1.33734
-1.2762 -1.34023
-1.2782 -1.33525
-1.27897 -1.33589
-1.27888 -1.33693
-1.27938 -1.3343
-1.27597 -1.33782
-1.28028 -1.33415
-1.27673 -1.33795
-1.27985 -1.33322
-1.27716 -1.33305
-1.27805 -1.33548
-1.27753 -1.33594
-1.27747 -1.33425
-1.27718 -1.33585
-1.27889 -1.33506
-1.27779 -1.33592
-1.27826 -1.33531
-1.27756 -1.33617
-1.27911 -1.3359
-1.27773 -1.3362
-1.27928 -1.33714
-1.27783 -1.33605
-1.27845 -1.33453
-1.28029 -1.33535
-1.27866 -1.33582
-1.27709 -1.33427
-1.28019 -1.33768
-1.2782 -1.3347
-1.27796 -1.33631
-1.27954 -1.33635
-1.27771 -1.33492
-1.27749 -1.33606
-1.27857 -1.33472
-1.27866 -1.33328
-1.27813 -1.33479
-1.28056 -1.33496
-1.27871 -1.33756
-1.27873 -1.33045
-1.27938 -1.33375
-1.27766 -1.33965
-1.28072 -1.32969
-1.28009 -1.3363
-1.28143 -1.3322
-1.27882 -1.3329
-1.27987 -1.33382
-1.27651 -1.33375
-1.28358 -1.33197
-1.27982 -1.33473
-1.27933 -1.33417
-1.27962 -1.33094
-1.27718 -1.33472
-1.28111 -1.33456
-1.27793 -1.33229
-1.27614 -1.33448
-1.28034 -1.33316
-1.27632 -1.33486
-1.27651 -1.33416
-1.27846 -1.33418
-1.27894 -1.33343
-1.27707 -1.33396
-1.27987 -1.3315
-1.27744 -1.3355
-1.27696 -1.33199
-1.27835 -1.33473
-1.27616 -1.33516
-1.27876 -1.32995
-1.27546 -1.33398
-1.2789 -1.33252
-1.27653 -1.33155
-1.27904 -1.3324
-1.27906 -1.33209
-1.27557 -1.33316
-1.27773 -1.332
-1.27699 -1.3338
-1.27747 -1.33115
-1.27681 -1.33361
-1.27383 -1.33376
-1.27756 -1.33018
-1.27535 -1.33365
-1.27518 -1.33651
-1.27503 -1.33213
-1.27736 -1.33184
-1.27617 -1.3334
-1.2758 -1.33424
-1.27614 -1.33093
-1.276 -1.32987
-1.27544 -1.33364
-1.2764 -1.33246
-1.27508 -1.3314
-1.27469 -1.3329
-1.27464 -1.3342
-1.27675 -1.33353
-1.27363 -1.33471
-1.27807 -1.33139
-1.27695 -1.33292
-1.27987 -1.33107
-1.27295 -1.33551
-1.28034 -1.33165
-1.27334 -1.33628
-1.27776 -1.33167
-1.27653 -1.33208
-1.27519 -1.33644
-1.2775 -1.33264
-1.27479 -1.33372
-1.27641 -1.33473
-1.27383 -1.33419
-1.27484 -1.33447
-1.27554 -1.33555
-1.27528 -1.33016
-1.27352 -1.33531
-1.27637 -1.33294
-1.27259 -1.33514
-1.27374 -1.32967
-1.27475 -1.33305
-1.27344 -1.33134
-1.27657 -1.33038
-1.27523 -1.33007
-1.27549 -1.33462
-1.27538 -1.32988
-1.27571 -1.33201
-1.27544 -1.33358
-1.27753 -1.32928
-1.27647 -1.33161
-1.27488 -1.33279
-1.27524 -1.32739
-1.27641 -1.33164
-1.27448 -1.32979
-1.27617 -1.33287
-1.27417 -1.33304
-1.27639 -1.32929
-1.27421 -1.33083
-1.27504 -1.33071
-1.27622 -1.32833
-1.27415 -1.32697
-1.27581 -1.32922
-1.27529 -1.32654
-1.27593 -1.33116
-1.27418 -1.32902
-1.27577 -1.32919
-1.27432 -1.33246
-1.27274 -1.32841
-1.27644 -1.32973
-1.27312 -1.33244
-1.27445 -1.32794
-1.27283 -1.33274
-1.2725 -1.32763
-1.2738 -1.3311
-1.27236 -1.32984
-1.27412 -1.33145
-1.27318 -1.33088
-1.27339 -1.32941
-1.27359 -1.32863
-1.27297 -1.32937
-1.27613 -1.32602
-1.27264 -1.32974
-1.27394 -1.32735
-1.27438 -1.32351
-1.27382 -1.32997
-1.2758 -1.32571
-1.27407 -1.32771
-1.2732 -1.32792
-1.27566 -1.32757
-1.27429 -1.32763
-1.27411 -1.32764
-1.27264 -1.32777
-1.27553 -1.33072
-1.27316 -1.3248
-1.27581 -1.3288
-1.27357 -1.32783
-1.27619 -1.32828
-1.27415 -1.32415
-1.27491 -1.32632
-1.27346 -1.32736
-1.27562 -1.32637
-1.27394 -1.32473
-1.27488 -1.32415
-1.27563 -1.32544
-1.27255 -1.32339
-1.27284 -1.3272
-1.27311 -1.32603
-1.27663 -1.32671
-1.27219 -1.32589
-1.27244 -1.32553
-1.27772 -1.32495
-1.27171 -1.32655
-1.27403 -1.32689
-1.27327 -1.32286
-1.27211 -1.32576
-1.27336 -1.32639
-1.27426 -1.32488
-1.27324 -1.32894
-1.27172 -1.32648
-1.27668 -1.32557
-1.2744 -1.32516
-1.27373 -1.32569
-1.27361 -1.32614
-1.27435 -1.32783
-1.27193 -1.3227
-1.27121 -1.32856
-1.27448 -1.32585
-1.27039 -1.32432
-1.27084 -1.32882
-1.27185 -1.32595
-1.27197 -1.32688
-1.27027 -1.32704
-1.27394 -1.32275
-1.27154 -1.32756
-1.2745 -1.32353
-1.26967 -1.32711
-1.27317 -1.32442
-1.2706 -1.32762
-1.27269 -1.32296
-1.2693 -1.32922
-1.2713 -1.32374
-1.2749 -1.32677
-1.26949 -1.32301
-1.2712 -1.32456
-1.27043 -1.32682
-1.27052 -1.32532
-1.27017 -1.32627
-1.27044 -1.32452
-1.27034 -1.32438
-1.26952 -1.32598
-1.27049 -1.32915
-1.26941 -1.325
-1.27029 -1.32349
-1.27173 -1.32464
-1.26824 -1.32377
-1.26925 -1.32878
-1.26995 -1.32494
-1.27282 -1.32358
-1.26974 -1.32555
-1.26933 -1.324
-1.27147 -1.32455
-1.26947 -1.3236
-1.27316 -1.32286
-1.26882 -1.32165
-1.27168 -1.3224
-1.2716 -1.32185
-1.26999 -1.32275
-1.27291 -1.32356
-1.26794 -1.32175
-1.27151 -1.32237
-1.26967 -1.32463
-1.26771 -1.32354
-1.27098 -1.326
-1.26887 -1.32569
-1.27005 -1.32145
-1.26959 -1.32594
-1.27007 -1.32311
-1.27074 -1.32289
-1.27054 -1.32194
-1.27019 -1.32486
-1.27142 -1.32225
-1.26988 -1.3227
-1.26908 -1.32205
-1.27244 -1.32091
-1.26954 -1.32364
-1.26975 -1.32218
-1.27213 -1.32132
-1.27267 -1.31877
-1.26826 -1.3226
-1.2722 -1.32236
-1.27044 -1.31921
-1.26946 -1.32253
-1.26954 -1.32053
-1.27409 -1.3181
-1.2685 -1.32381
-1.26963 -1.31995
-1.26898 -1.3212
-1.26822 -1.32181
-1.26969 -1.31978
-1.26816 -1.32269
-1.27064 -1.31821
-1.27146 -1.32191
-1.26829 -1.31697
-1.27073 -1.32064
-1.26915 -1.32018
-1.2686 -1.32273
-1.26967 -1.31922
-1.27006 -1.32125
-1.27247 -1.31828
-1.26798 -1.32254
-1.27143 -1.31923
-1.27071 -1.32084
-1.26857 -1.31963
-1.26909 -1.32262
-1.27017 -1.31942
-1.26908 -1.32408
-1.26885 -1.31866
-1.26994 -1.32025
-1.2687 -1.31917
-1.26946 -1.32129
-1.2703 -1.32042
-1.27005 -1.31954
-1.26792 -1.32171
-1.26673 -1.3208
-1.2702 -1.32002
-1.27042 -1.31855
-1.26849 -1.32329
-1.26859 -1.31883
-1.27005 -1.32026
-1.26828 -1.31841
-1.26907 -1.31975
-1.26868 -1.31956
-1.26865 -1.32018
-1.2669 -1.32164
-1.26864 -1.31825
-1.26631 -1.3238
-1.2681 -1.3194
-1.26736 -1.32218
-1.26724 -1.31967
-1.26808 -1.31834
-1.27017 -1.32162
-1.26918 -1.32026
-1.26597 -1.32141
-1.27079 -1.32222
-1.26752 -1.31643
-1.26572 -1.32334
-1.26969 -1.31903
-1.26789 -1.32234
-1.26966 -1.31799
-1.26506 -1.32303
-1.26854 -1.31701
-1.26543 -1.32167
-1.26879 -1.31726
-1.26582 -1.32065
-1.26779 -1.31906
-1.2654 -1.31822
-1.26607 -1.31908
-1.26472 -1.31834
-1.26523 -1.32267
-1.26554 -1.31814
-1.26435 -1.31864
-1.26581 -1.31946
-1.26431 -1.31938
-1.26712 -1.31989
-1.26388 -1.32096
-1.26865 -1.31897
-1.26575 -1.32098
-1.26448 -1.31986
-1.26493 -1.31987
-1.26554 -1.3212
-1.2648 -1.32067
-1.26507 -1.32012
-1.26656 -1.32122
-1.26554 -1.31813
-1.26319 -1.32351
-1.26656 -1.31706
-1.26222 -1.3207
-1.2675 -1.31936
-1.26363 -1.31714
-1.26533 -1.32185
-1.26404 -1.32009
-1.26339 -1.3209
-1.26585 -1.31828
-1.26461 -1.31786
-1.26589 -1.32061
-1.26332 -1.31808
-1.26539 -1.32067
-1.26505 -1.31879
-1.26641 -1.31967
-1.26485 -1.31766
-1.26535 -1.31721
-1.26519 -1.31816
-1.26433 -1.31954
-1.26628 -1.31842
-1.26329 -1.31978
-1.26206 -1.31882
-1.26416 -1.31671
-1.26278 -1.31975
-1.26331 -1.31942
-1.26541 -1.31902
-1.26416 -1.31773
-1.26315 -1.31922
-1.26187 -1.31956
-1.26371 -1.31801
-1.26078 -1.31957
-1.26204 -1.32011
-1.26126 -1.31742
-1.2611 -1.32109
-1.26244 -1.31825
-1.26125 -1.31985
-1.26299 -1.31668
-1.26023 -1.32187
-1.26076 -1.31761
-1.26219 -1.31925
-1.26223 -1.31693
-1.2602 -1.31959
-1.26392 -1.31766
-1.26116 -1.3187
-1.26412 -1.31668
-1.26283 -1.31717
-1.26133 -1.31761
-1.26216 -1.31841
-1.26365 -1.31774
-1.26221 -1.31616
-1.26101 -1.3175
-1.26093 -1.3179
-1.26481 -1.31441
-1.26053 -1.31475
-1.264 -1.31924
-1.26034 -1.31622
-1.26236 -1.31718
-1.2625 -1.3144
-1.26007 -1.3167
-1.26439 -1.31439
-1.26327 -1.31684
-1.2589 -1.31837
-1.26687 -1.3138
-1.2617 -1.31498
-1.26589 -1.31664
-1.26051 -1.31618
-1.26291 -1.31421
-1.26336 -1.31541
-1.26109 -1.31587
-1.26419 -1.31252
-1.26357 -1.31286
-1.26199 -1.31559
-1.26212 -1.31194
-1.26187 -1.31737
-1.26163 -1.31732
-1.26299 -1.31447
-1.26047 -1.3155
-1.25989 -1.3162
-1.26201 -1.31579
-1.2618 -1.31595
-1.26095 -1.3195
-1.26307 -1.31295
-1.26029 -1.31695
-1.26086 -1.31602
-1.26138 -1.31353
-1.26232 -1.3158
-1.25824 -1.31741
-1.2613 -1.31721
-1.26173 -1.31731
-1.26227 -1.31447
-1.26031 -1.31543
-1.2605 -1.31695
-1.26286 -1.31295
-1.26063 -1.31832
-1.26143 -1.31294
-1.26222 -1.31381
-1.26024 -1.31612
-1.26015 -1.3144
-1.26004 -1.31646
-1.25953 -1.31678
-1.26178 -1.31341
-1.262 -1.31604
-1.2585 -1.31326
-1.25963 -1.31837
-1.26178 -1.31326
-1.26193 -1.3164
-1.26194 -1.3145
-1.26099 -1.31453
-1.26182 -1.31494
-1.26043 -1.31541
-1.25994 -1.31639
-1.26056 -1.31251
-1.26069 -1.31463
-1.26541 -1.31191
-1.25956 -1.31365
-1.26212 -1.31467
-1.25925 -1.31523
-1.26312 -1.31122
-1.25906 -1.31619
-1.25876 -1.30968
-1.25912 -1.31811
-1.25694 -1.31638
-1.25947 -1.31521
-1.25818 -1.31317
-1.25975 -1.31539
-1.25989 -1.31456
-1.25862 -1.31373
-1.25801 -1.31601
-1.25991 -1.31439
-1.261 -1.31127
-1.26183 -1.31346
-1.25751 -1.31299
-1.26136 -1.31348
-1.26386 -1.31249
-1.25907 -1.31305
-1.26031 -1.31434
-1.25962 -1.31382
-1.26058 -1.31118
-1.26258 -1.30932
-1.2598 -1.31138
-1.25838 -1.31547
-1.26222 -1.31036
-1.261 -1.31055
-1.25892 -1.31378
-1.26211 -1.3094
-1.25916 -1.31413
-1.26322 -1.30858
-1.25853 -1.31127
-1.26023 -1.31332
-1.26124 -1.30843
-1.26128 -1.3115
-1.25839 -1.30786
-1.26045 -1.3092
-1.25971 -1.3104
-1.25875 -1.30749
-1.26184 -1.3107
-1.2576 -1.30949
-1.26038 -1.30608
-1.2582 -1.31249
-1.25913 -1.31134
-1.26176 -1.30633
-1.25758 -1.30991
-1.25925 -1.30954
-1.25818 -1.30953
-1.25781 -1.30684
-1.25754 -1.31143
-1.2601 -1.30884
-1.25971 -1.3114
-1.25529 -1.31082
-1.25951 -1.30548
-1.25697 -1.31147
-1.25959 -1.30578
-1.25699 -1.31329
-1.2584 -1.30908
-1.25528 -1.30946
-1.25757 -1.30738
-1.25823 -1.30725
-1.25591 -1.30962
-1.25605 -1.30783
-1.25827 -1.30984
-1.25695 -1.30594
-1.26015 -1.30965
-1.25339 -1.3097
-1.25618 -1.30922
-1.25653 -1.30476
-1.25789 -1.31142
-1.25509 -1.30772
-1.25901 -1.30566
-1.25501 -1.31016
-1.25705 -1.30734
-1.25792 -1.30668
-1.25694 -1.30696
-1.25691 -1.30874
-1.25776 -1.30597
-1.25682 -1.30714
-1.25676 -1.30573
-1.25503 -1.30726
-1.25777 -1.30693
-1.25483 -1.30696
-1.25592 -1.3043
-1.25727 -1.30537
-1.25784 -1.30582
-1.25394 -1.30578
-1.25695 -1.30609
-1.25489 -1.30703
-1.2571 -1.30286
-1.25624 -1.3057
-1.25469 -1.30844
-1.2589 -1.30277
-1.2545 -1.30595
-1.25605 -1.30799
-1.25483 -1.30372
-1.25734 -1.3075
-1.25383 -1.30782
-1.25893 -1.30203
-1.25608 -1.30827
-1.25731 -1.30362
-1.25585 -1.3059
-1.2576 -1.30106
-1.25552 -1.30612
-1.2591 -1.30385
-1.25674 -1.30464
-1.25639 -1.30358
-1.25528 -1.30424
-1.25492 -1.30474
-1.25749 -1.30459
-1.25615 -1.30649
-1.25802 -1.30185
-1.25442 -1.30354
-1.25588 -1.30368
-1.25384 -1.303
-1.25637 -1.30397
-1.25413 -1.30297
-1.25434 -1.30511
-1.25484 -1.30472
-1.25567 -1.30341
-1.25497 -1.30647
-1.25518 -1.30402
-1.25128 -1.3028
-1.25471 -1.30726
-1.25384 -1.30357
-1.25671 -1.30487
-1.25377 -1.3031
-1.25432 -1.30385
-1.25547 -1.30217
-1.25549 -1.30353
-1.25422 -1.30638
-1.25624 -1.30016
-1.25323 -1.30522
-1.25567 -1.30385
-1.25458 -1.30279
-1.25343 -1.30322
-1.25598 -1.30427
-1.2538 -1.3033
-1.25321 -1.30546
-1.25501 -1.30081
-1.2547 -1.30249
-1.25701 -1.30335
-1.25469 -1.30172
-1.25176 -1.30478
-1.25655 -1.29997
-1.25481 -1.30487
-1.2543 -1.30016
-1.25184 -1.30049
-1.25774 -1.30049
-1.25335 -1.30069
-1.25133 -1.30448
-1.25831 -1.29733
-1.25229 -1.30486
-1.2549 -1.29716
-1.2565 -1.30064
-1.25392 -1.29986
-1.25448 -1.30152
-1.25546 -1.29908
-1.2534 -1.30158
-1.25406 -1.30197
-1.25506 -1.30193
-1.25445 -1.29907
-1.2563 -1.30129
-1.25615 -1.29952
-1.25273 -1.30208
-1.25552 -1.29993
-1.25577 -1.29822
-1.25669 -1.30017
-1.25618 -1.29713
-1.25468 -1.30294
-1.25457 -1.30116
-1.25496 -1.2989
-1.25628 -1.30119
-1.25423 -1.30079
-1.25559 -1.29771
-1.25326 -1.30035
-1.25408 -1.30112
-1.25648 -1.29624
-1.25392 -1.30087
-1.25415 -1.2984
-1.25179 -1.30347
-1.25723 -1.29757
-1.25247 -1.30023
-1.2581 -1.29655
-1.25165 -1.30289
-1.25708 -1.29713
-1.25311 -1.30074
-1.25892 -1.29811
-1.25382 -1.30081
-1.25525 -1.29949
-1.25576 -1.30116
-1.25389 -1.30044
-1.25359 -1.29766
-1.25573 -1.30303
-1.25566 -1.29625
-1.25129 -1.29965
-1.25617 -1.30213
-1.25143 -1.30089
-1.2534 -1.30136
-1.25224 -1.29771
-1.25442 -1.30065
-1.25342 -1.29721
-1.25314 -1.29883
-1.25273 -1.29958
-1.25472 -1.29837
-1.25105 -1.30101
-1.25399 -1.29828
-1.25487 -1.29789
-1.25292 -1.29919
-1.25429 -1.29667
-1.25388 -1.29844
-1.25577 -1.29665
-1.25123 -1.3016
-1.25408 -1.29825
-1.2533 -1.29838
-1.25435 -1.29748
-1.25525 -1.29739
-1.25216 -1.29808
-1.25319 -1.29563
-1.25746 -1.29883
-1.24939 -1.29983
-1.2542 -1.29719
-1.25387 -1.29784
-1.25228 -1.29677
-1.25379 -1.2966
-1.25317 -1.29949
-1.25615 -1.29631
-1.25274 -1.29928
-1.2538 -1.29639
-1.25259 -1.29581
-1.25341 -1.29821
-1.2548 -1.29757
-1.25303 -1.29736
-1.25299 -1.29653
-1.25277 -1.3004
-1.25228 -1.2941
-1.25139 -1.29786
-1.25426 -1.2985
-1.25202 -1.29671
-1.25339 -1.2974
-1.25321 -1.29532
-1.25462 -1.29469
-1.25247 -1.29743
-1.25437 -1.29401
-1.2528 -1.2959
-1.25443 -1.2968
-1.25166 -1.29682
-1.25402 -1.29515
-1.25406 -1.29666
-1.25498 -1.29513
-1.25101 -1.29953
-1.25564 -1.29494
-1.25334 -1.29498
-1.25364 -1.29526
-1.25462 -1.29855
-1.25156 -1.29294
-1.25479 -1.29553
-1.25193 -1.29783
-1.25461 -1.29273
-1.25244 -1.2963
-1.25174 -1.29508
-1.25428 -1.29526
-1.2503 -1.29575
-1.25412 -1.29562
-1.25171 -1.29578
-1.25261 -1.29539
-1.25262 -1.29633
-1.25338 -1.29485
-1.25242 -1.2995
-1.25448 -1.29612
-1.25265 -1.29474
-1.25399 -1.29478
-1.25046 -1.29583
-1.25079 -1.29611
-1.25284 -1.29695
-1.25186 -1.29389
-1.25273 -1.29623
-1.25476 -1.29299
-1.24998 -1.29812
-1.25377 -1.29325
-1.25352 -1.2953
-1.25394 -1.29449
-1.25194 -1.29593
-1.2527 -1.29111
-1.25175 -1.29282
-1.25231 -1.29596
-1.2516 -1.29325
-1.25456 -1.29326
-1.25025 -1.29348
-1.25195 -1.29694
-1.25544 -1.29229
-1.24944 -1.29346
-1.2512 -1.29703
-1.25196 -1.29055
-1.2508 -1.2959
-1.25507 -1.29293
-1.25123 -1.29516
-1.25149 -1.29279
-1.25513 -1.29102
-1.25176 -1.29365
-1.25383 -1.28973
-1.25142 -1.29349
-1.25518 -1.29061
-1.25122 -1.29049
-1.25155 -1.29225
-1.25204 -1.29307
-1.25088 -1.29314
-1.25183 -1.29105
-1.25446 -1.28947
-1.25292 -1.29125
-1.25272 -1.29033
-1.25417 -1.29258
-1.25123 -1.29125
-1.25071 -1.29475
-1.2536 -1.28766
-1.25167 -1.2926
-1.25385 -1.29025
-1.25042 -1.29145
-1.25085 -1.29252
-1.25244 -1.29302
-1.25324 -1.29132
-1.25003 -1.29176
-1.25112 -1.29022
-1.25302 -1.28976
-1.25154 -1.29154
-1.25074 -1.29185
-1.24965 -1.29183
-1.25292 -1.2878
-1.25045 -1.29161
-1.24992 -1.29042
-1.25164 -1.29207
-1.25252 -1.28968
-1.25067 -1.29042
-1.24998 -1.29178
-1.25216 -1.2894
-1.24997 -1.29046
-1.25144 -1.28883
-1.25273 -1.29104
-1.25062 -1.29138
-1.2536 -1.28641
-1.2484 -1.29098
-1.25378 -1.28733
-1.2494 -1.29019
-1.2526 -1.28846
-1.25115 -1.28794
-1.2496 -1.28967
-1.2507 -1.28967
-1.25009 -1.29097
-1.24882 -1.28944
-1.25269 -1.29004
-1.24993 -1.28688
-1.25146 -1.28889
-1.2519 -1.28884
-1.25108 -1.28734
-1.24997 -1.28822
-1.25308 -1.28746
-1.24921 -1.28932
-1.2518 -1.28619
-1.24976 -1.28666
-1.25029 -1.29097
-1.25263 -1.28399
-1.25017 -1.28747
-1.24943 -1.28774
-1.25239 -1.28515
-1.25003 -1.29027
-1.25085 -1.2859
-1.25021 -1.28555
-1.24893 -1.28906
-1.25509 -1.28299
-1.24873 -1.2877
-1.25152 -1.28722
-1.25072 -1.28581
-1.25216 -1.28586
-1.2506 -1.2861
-1.25055 -1.28587
-1.2515 -1.28662
-1.25155 -1.28718
-1.25232 -1.2855
-1.25159 -1.28654
-1.2518 -1.28704
-1.25083 -1.28859
-1.25078 -1.28628
-1.2506 -1.28584
-1.24842 -1.29095
-1.25221 -1.28474
-1.2482 -1.28919
-1.25033 -1.28689
-1.24711 -1.28763
-1.24781 -1.28423
-1.24825 -1.28812
-1.24619 -1.28878
-1.25071 -1.28505
-1.24673 -1.28789
-1.2492 -1.28513
-1.24559 -1.28693
-1.24978 -1.28606
-1.24849 -1.28515
-1.25044 -1.2853
-1.2487 -1.28639
-1.2485 -1.28968
-1.25209 -1.28021
-1.24686 -1.28788
-1.24783 -1.28378
-1.25132 -1.28406
-1.24618 -1.28554
-1.24895 -1.28237
-1.24904 -1.284
-1.2477 -1.28342
-1.2499 -1.28602
-1.249 -1.28326
-1.24772 -1.28328
-1.24646 -1.28554
-1.248 -1.28193
-1.24807 -1.28498
-1.24869 -1.28104
-1.2473 -1.28614
-1.24926 -1.28098
-1.24676 -1.28469
-1.25056 -1.28267
-1.2472 -1.28504
-1.24818 -1.28114
-1.24772 -1.28509
-1.24819 -1.27966
-1.24796 -1.28533
-1.24758 -1.28176
-1.24939 -1.28154
-1.24781 -1.28342
-1.2496 -1.28091
-1.24931 -1.27974
-1.24959 -1.28337
-1.24851 -1.2809
-1.24749 -1.2814
-1.24949 -1.28171
-1.24515 -1.28194
-1.24911 -1.28071
-1.2475 -1.27938
-1.24823 -1.28245
-1.24825 -1.28081
-1.24867 -1.27944
-1.2482 -1.27807
-1.2462 -1.28329
-1.24634 -1.27954
-1.24858 -1.27895
-1.24544 -1.28127
-1.24817 -1.28017
-1.24568 -1.28036
-1.24611 -1.28051
-1.24889 -1.27869
-1.24532 -1.27923
-1.24914 -1.2812
-1.2442 -1.28202
-1.24712 -1.27861
-1.24804 -1.27783
-1.24442 -1.28039
-1.24837 -1.2801
-1.24517 -1.27715
-1.24484 -1.28261
-1.2463 -1.27734
-1.24472 -1.28046
-1.24492 -1.28122
-1.24507 -1.27839
-1.24667 -1.27996
-1.24391 -1.28052
-1.24627 -1.28045
-1.24422 -1.27882
-1.2477 -1.27911
-1.24419 -1.28075
-1.24518 -1.28121
-1.248 -1.2773
-1.24543 -1.27818
-1.24644 -1.27847
-1.24534 -1.28188
-1.24658 -1.28083
-1.24518 -1.27937
-1.24411 -1.28019
-1.246 -1.28155
-1.24556 -1.27602
-1.24343 -1.28396
-1.24421 -1.27858
-1.24638 -1.28153
-1.24475 -1.28028
-1.24437 -1.28281
-1.24595 -1.27927
-1.24666 -1.27907
-1.24288 -1.28167
-1.24259 -1.27959
-1.24622 -1.27943
-1.24293 -1.28235
-1.24481 -1.28057
-1.24243 -1.28437
-1.24628 -1.2787
-1.24463 -1.28089
-1.24394 -1.27985
-1.24434 -1.28054
-1.24526 -1.2786
-1.24535 -1.2811
-1.24558 -1.28022
-1.24288 -1.27957
-1.24678 -1.27839
-1.24469 -1.28059
-1.24473 -1.27922
-1.24807 -1.27926
-1.24459 -1.27987
-1.24411 -1.28052
-1.24471 -1.27886
-1.24558 -1.2778
-1.24568 -1.27957
-1.24395 -1.2797
-1.24422 -1.28187
-1.2439 -1.27983
-1.24774 -1.27757
-1.24195 -1.28198
-1.2453 -1.27885
-1.24598 -1.27846
-1.24545 -1.28096
-1.24367 -1.27891
-1.24728 -1.27896
-1.24566 -1.27855
-1.24481 -1.28049
-1.24499 -1.28187
-1.24621 -1.27632
-1.24327 -1.28068
-1.24508 -1.278
-1.2446 -1.27897
-1.24406 -1.27923
-1.24384 -1.2804
-1.24553 -1.27727
-1.2427 -1.28043
-1.24741 -1.2757
-1.24457 -1.2782
-1.24245 -1.28147
-1.24335 -1.27766
-1.24541 -1.27996
-1.24401 -1.27606
-1.24398 -1.27736
-1.24597 -1.27673
-1.24242 -1.27671
-1.24658 -1.27529
-1.24094 -1.28113
-1.24647 -1.27552
-1.24276 -1.27719
-1.24525 -1.27536
-1.24324 -1.27764
-1.24463 -1.27855
-1.24431 -1.27514
-1.24447 -1.27472
-1.24408 -1.27792
-1.24488 -1.27612
-1.24196 -1.27658
-1.24649 -1.27688
-1.24297 -1.27691
-1.2472 -1.27382
-1.24309 -1.27713
-1.24643 -1.27516
-1.24352 -1.27436
-1.24443 -1.27519
-1.24419 -1.27573
-1.2451 -1.27332
-1.24457 -1.27558
-1.24459 -1.27433
-1.24229 -1.27557
-1.24506 -1.27253
-1.24308 -1.27492
-1.24488 -1.27649
-1.24022 -1.27545
-1.24473 -1.27229
-1.24185 -1.27304
-1.24224 -1.27635
-1.24316 -1.27429
-1.24218 -1.27593
-1.24251 -1.27275
-1.2416 -1.27441
-1.24244 -1.27481
-1.24525 -1.27062
-1.24179 -1.27645
-1.24285 -1.27177
-1.24352 -1.27449
-1.24165 -1.27688
-1.2413 -1.27204
-1.24149 -1.27213
-1.24483 -1.27494
-1.24094 -1.27478
-1.24156 -1.27302
-1.24348 -1.27024
-1.24323 -1.27403
-1.24205 -1.27641
-1.24448 -1.27252
-1.24228 -1.27396
-1.24204 -1.27505
-1.24292 -1.27372
-1.24291 -1.27335
-1.24175 -1.27394
-1.24285 -1.27346
-1.24335 -1.27116
-1.24072 -1.27542
-1.24264 -1.275
-1.24076 -1.27375
-1.24183 -1.27435
-1.24035 -1.27085
-1.24412 -1.2727
-1.24026 -1.27428
-1.24279 -1.27458
-1.24416 -1.26999
-1.24018 -1.27619
-1.24471 -1.27054
-1.23901 -1.27047
-1.24169 -1.27437
-1.2429 -1.27287
-1.24218 -1.27091
-1.24062 -1.27417
-1.24148 -1.27274
-1.24082 -1.27557
-1.24101 -1.2724
-1.24195 -1.27219
-1.23972 -1.27043
-1.24119 -1.2731
-1.24429 -1.26936
-1.24151 -1.2763
-1.23997 -1.2719
-1.24212 -1.27181
-1.23985 -1.27312
-1.2416 -1.26959
-1.23891 -1.27604
-1.24181 -1.27235
-1.24088 -1.27292
-1.24147 -1.27418
-1.24148 -1.2715
-1.24087 -1.26986
-1.24016 -1.27241
-1.23986 -1.2737
-1.24179 -1.27211
-1.24161 -1.27145
-1.23887 -1.27266
-1.24022 -1.27421
-1.24116 -1.26925
-1.2386 -1.2746
-1.24011 -1.26907
-1.24029 -1.26891
-1.23797 -1.27431
-1.2421 -1.26926
-1.23889 -1.2724
-1.23923 -1.27121
-1.23884 -1.27105
-1.24123 -1.27179
-1.23922 -1.27323
-1.23959 -1.2691
-1.2411 -1.27141
-1.23943 -1.27051
-1.24114 -1.26873
-1.24005 -1.27038
-1.23884 -1.271
-1.24244 -1.26821
-1.23949 -1.2707
-1.24039 -1.27005
-1.23974 -1.27115
-1.24109 -1.26718
-1.23967 -1.26984
-1.23889 -1.27174
-1.24004 -1.27011
-1.23896 -1.26717
-1.2402 -1.27226
-1.23964 -1.26817
-1.24038 -1.27155
-1.24175 -1.26767
-1.23592 -1.27172
-1.24085 -1.2688
-1.2401 -1.27171
-1.23782 -1.26985
-1.24122 -1.27036
-1.24005 -1.2724
-1.24016 -1.27054
-1.23936 -1.26962
-1.23938 -1.27
-1.23975 -1.2698
-1.23932 -1.26842
-1.23895 -1.26831
-1.23847 -1.26873
-1.24081 -1.2671
-1.23937 -1.26718
-1.23857 -1.26918
-1.23884 -1.26693
-1.24205 -1.26802
-1.23914 -1.26713
-1.24051 -1.26726
-1.23966 -1.26563
-1.24028 -1.26592
-1.23844 -1.26868
-1.23973 -1.26575
-1.23933 -1.26995
-1.23995 -1.26394
-1.23507 -1.26892
-1.23913 -1.26402
-1.23954 -1.26493
-1.23616 -1.26631
-1.24073 -1.26713
-1.23718 -1.26562
-1.23921 -1.26749
-1.2385 -1.26592
-1.24022 -1.26534
-1.23955 -1.26734
-1.24047 -1.26626
-1.23985 -1.26475
-1.23882 -1.26925
-1.23845 -1.26604
-1.23965 -1.26674
-1.23914 -1.26516
-1.23713 -1.26598
-1.24002 -1.26598
-1.24102 -1.26552
-1.24051 -1.26607
-1.24021 -1.26443
-1.24145 -1.26676
-1.24045 -1.26687
-1.24093 -1.2671
-1.24074 -1.26603
-1.24045 -1.2644
-1.24228 -1.26691
-1.2391 -1.26574
-1.24098 -1.26398
-1.24028 -1.26795
-1.23868 -1.26935
-1.24237 -1.26741
-1.23692 -1.26916
-1.24265 -1.26655
-1.23792 -1.27002
-1.2396 -1.26542
-1.24135 -1.26807
-1.24089 -1.26828
-1.23936 -1.26751
-1.23963 -1.26549
-1.23778 -1.26695
-1.24122 -1.26826
-1.23986 -1.26571
-1.2386 -1.26614
-1.24408 -1.26416
-1.23884 -1.26717
-1.24174 -1.26717
-1.23925 -1.26543
-1.2388 -1.26836
-1.23817 -1.26377
-1.24187 -1.2652
-1.23687 -1.27004
-1.23868 -1.2661
-1.23765 -1.26536
-1.24058 -1.26668
-1.23757 -1.26619
-1.23921 -1.26569
-1.24043 -1.26697
-1.23797 -1.26897
-1.2383 -1.26831
-1.24023 -1.26404
-1.24189 -1.26604
-1.23796 -1.26604
-1.24054 -1.26605
-1.23898 -1.26732
-1.24142 -1.26205
-1.23937 -1.26701
-1.24086 -1.26646
-1.23876 -1.26713
-1.2412 -1.26484
-1.24037 -1.26448
-1.24084 -1.26594
-1.23864 -1.26896
-1.24073 -1.26288
-1.23764 -1.26682
-1.24328 -1.2661
-1.24074 -1.265
-1.23926 -1.26659
-1.23928 -1.26687
-1.23846 -1.26658
-1.23992 -1.26668
-1.23915 -1.26777
-1.24087 -1.2629
-1.24052 -1.2675
-1.24006 -1.26638
-1.2386 -1.26509
-1.24104 -1.26531
-1.23871 -1.26676
-1.23901 -1.26533
-1.23933 -1.26673
-1.24105 -1.26469
-1.23892 -1.26408
-1.23921 -1.26609
-1.23818 -1.26261
-1.24073 -1.2668
-1.24036 -1.26126
-1.2394 -1.26711
-1.23986 -1.26509
-1.23753 -1.26595
-1.23871 -1.26369
-1.23994 -1.26326
-1.23883 -1.26549
-1.23733 -1.26528
-1.23761 -1.26286
-1.24059 -1.26593
-1.23764 -1.26485
-1.23853 -1.26563
-1.23956 -1.26326
-1.23853 -1.26405
-1.23888 -1.26514
-1.24121 -1.26394
-1.2389 -1.2604
-1.23852 -1.26791
-1.2386 -1.2609
-1.24021 -1.26623
-1.24004 -1.26177
-1.23869 -1.26523
-1.23669 -1.26424
-1.2387 -1.26288
-1.24109 -1.25997
-1.23733 -1.2662
-1.23804 -1.26419
-1.24021 -1.26306
-1.23785 -1.26396
-1.23957 -1.26203
-1.2382 -1.26513
-1.23927 -1.26218
-1.23597 -1.26389
-1.23988 -1.26436
-1.23979 -1.25976
-1.23812 -1.26355
-1.24089 -1.26154
-1.23587 -1.26589
-1.24197 -1.26008
-1.24085 -1.26382
-1.23703 -1.26388
-1.23911 -1.26124
-1.23944 -1.26127
-1.23896 -1.26156
-1.24055 -1.2607
-1.23808 -1.26205
-1.23838 -1.26062
-1.23914 -1.26039
-1.24085 -1.26501
-1.23796 -1.25917
-1.23925 -1.26076
-1.24019 -1.26152
-1.23938 -1.26163
-1.23977 -1.26176
-1.23948 -1.25808
-1.23734 -1.26366
-1.23855 -1.25895
-1.24066 -1.25814
-1.23973 -1.26196
-1.23806 -1.25911
-1.23892 -1.25974
-1.23869 -1.25802
-1.23932 -1.25966
-1.23866 -1.26016
-1.24015 -1.2572
-1.23863 -1.26116
-1.2385 -1.25731
-1.23647 -1.26229
-1.23933 -1.25885
-1.23716 -1.25732
-1.2387 -1.25694
-1.23577 -1.26385
-1.23976 -1.25718
-1.23456 -1.26169
-1.23906 -1.25791
-1.23627 -1.25822
-1.2388 -1.25903
-1.23743 -1.25814
-1.23767 -1.2596
-1.23419 -1.26083
-1.23868 -1.2577
-1.23527 -1.25867
-1.23713 -1.25913
-1.23619 -1.2593
-1.2374 -1.25948
-1.23501 -1.25926
-1.23619 -1.25843
-1.23842 -1.25826
-1.23493 -1.26089
-1.23932 -1.25518
-1.23386 -1.2633
-1.2377 -1.25756
-1.2379 -1.25931
-1.23827 -1.25941
-1.23672 -1.25994
-1.23388 -1.25952
-1.23803 -1.26057
-1.23671 -1.25756
-1.23596 -1.25932
-1.23564 -1.26084
-1.23889 -1.25498
-1.23529 -1.25984
-1.23664 -1.26194
-1.23755 -1.25722
-1.23449 -1.25953
-1.23777 -1.25974
-1.2359 -1.25812
-1.23543 -1.2589
-1.23883 -1.2572
-1.23609 -1.25918
-1.23572 -1.25863
-1.23587 -1.25768
-1.2341 -1.26009
-1.23758 -1.25724
-1.23609 -1.25997
-1.2354 -1.25877
-1.23592 -1.25964
-1.23586 -1.26135
-1.2361 -1.25783
-1.23457 -1.26126
-1.23767 -1.25712
-1.23437 -1.26345
-1.23606 -1.25826
-1.23545 -1.25681
-1.23466 -1.26062
-1.23572 -1.26214
-1.23394 -1.25938
-1.23688 -1.25594
-1.23463 -1.26367
-1.23528 -1.25288
-1.23374 -1.26282
-1.2359 -1.25991
-1.23439 -1.25861
-1.23586 -1.25797
-1.23623 -1.25938
-1.23405 -1.25599
-1.23667 -1.2568
-1.23439 -1.25961
-1.23581 -1.25778
-1.23521 -1.25807
-1.23292 -1.25936
-1.23805 -1.25529
-1.23417 -1.26214
-1.23772 -1.2545
-1.23653 -1.2591
-1.23249 -1.26114
-1.23693 -1.25734
-1.23503 -1.25549
-1.2351 -1.25887
-1.23533 -1.25792
-1.23582 -1.25838
-1.23567 -1.25682
-1.2335 -1.25968
-1.2363 -1.25726
-1.23495 -1.256
-1.23669 -1.25533
-1.23581 -1.25905
-1.23542 -1.25519
-1.23513 -1.25915
-1.23435 -1.25658
-1.23503 -1.25663
-1.23145 -1.25907
-1.23507 -1.25609
-1.23441 -1.25519
-1.23493 -1.26221
-1.233 -1.25423
-1.23302 -1.26008
-1.23356 -1.25862
-1.23283 -1.26006
-1.23478 -1.25668
-1.23083 -1.25775
-1.2378 -1.25575
-1.22941 -1.26078
-1.23565 -1.25594
-1.23169 -1.25869
-1.2336 -1.25864
-1.23414 -1.25549
-1.23379 -1.25684
-1.23514 -1.25509
-1.23322 -1.2557
-1.23257 -1.257
-1.23206 -1.25739
-1.23477 -1.25859
-1.23413 -1.25669
-1.23244 -1.25483
-1.2327 -1.26125
-1.23218 -1.25414
-1.23179 -1.25896
-1.2331 -1.25614
-1.23011 -1.26166
-1.23351 -1.25449
-1.23209 -1.25679
-1.23133 -1.25788
-1.23275 -1.25691
-1.23245 -1.25645
-1.23221 -1.25661
-1.23156 -1.25614
-1.23275 -1.25497
-1.23144 -1.25657
-1.23259 -1.2529
-1.23054 -1.25699
-1.23155 -1.25591
-1.23095 -1.25446
-1.23236 -1.25468
-1.22972 -1.25582
-1.23546 -1.25337
-1.23146 -1.25588
-1.23076 -1.2529
-1.23222 -1.25638
-1.23015 -1.25187
-1.23154 -1.25495
-1.23071 -1.25665
-1.23052 -1.25521
-1.23217 -1.25023
-1.22941 -1.25937
-1.23387 -1.25019
-1.22999 -1.2539
-1.23189 -1.25335
-1.22932 -1.25526
-1.23149 -1.25408
-1.23299 -1.24973
-1.22996 -1.25709
-1.23013 -1.25388
-1.23293 -1.2516
-1.2312 -1.25449
-1.23099 -1.25597
-1.23128 -1.24991
-1.23061 -1.25618
-1.23081 -1.25443
-1.2338 -1.25222
-1.23178 -1.25503
-1.2288 -1.25398
-1.23341 -1.25166
-1.23079 -1.25252
-1.22993 -1.25349
-1.2299 -1.25283
-1.2308 -1.25378
-1.23079 -1.25117
-1.23001 -1.25313
-1.23093 -1.25269
-1.23072 -1.25186
-1.23064 -1.25303
-1.22966 -1.25522
-1.22982 -1.25248
-1.23066 -1.25108
-1.23089 -1.25205
-1.2302 -1.25355
-1.22969 -1.25127
-1.233 -1.25156
-1.2314 -1.2492
-1.22879 -1.25575
-1.23061 -1.25205
-1.2323 -1.25204
-1.23344 -1.2516
-1.22999 -1.25055
-1.2299 -1.2535
-1.22832 -1.25386
-1.23229 -1.25141
-1.22768 -1.25141
-1.23141 -1.25276
-1.22888 -1.25235
-1.23148 -1.25067
-1.2289 -1.25438
-1.22658 -1.25161
-1.23225 -1.25108
-1.22823 -1.25471
-1.22918 -1.2515
-1.22888 -1.25028
-1.23112 -1.25161
-1.22908 -1.25133
-1.22981 -1.25079
-1.22782 -1.25276
-1.2293 -1.24935
-1.23069 -1.25086
-1.22807 -1.25437
-1.22979 -1.24967
-1.22923 -1.25263
-1.22912 -1.24792
-1.22891 -1.2549
-1.2307 -1.2488
-1.22889 -1.25169
-1.22899 -1.24998
-1.23182 -1.25045
-1.22853 -1.25188
-1.23024 -1.25026
-1.23016 -1.24861
-1.22913 -1.25261
-1.23056 -1.24923
-1.22766 -1.25232
-1.23024 -1.25101
-1.22986 -1.25076
-1.22866 -1.24931
-1.22935 -1.2507
-1.2308 -1.24913
-1.23004 -1.24902
-1.22957 -1.24872
-1.22927 -1.2524
-1.22817 -1.24765
-1.22873 -1.25183
-1.22763 -1.25071
-1.2301 -1.24984
-1.22551 -1.24876
-1.22927 -1.24966
-1.22812 -1.25026
-1.22753 -1.25
-1.22526 -1.24967
-1.22833 -1.24988
-1.22773 -1.25174
-1.22737 -1.24688
-1.22754 -1.2506
-1.22779 -1.24958
-1.22652 -1.24981
-1.22893 -1.2498
-1.22775 -1.24866
-1.2282 -1.24765
-1.22842 -1.25051
-1.22786 -1.24665
-1.2271 -1.24885
-1.2279 -1.24661
-1.22858 -1.25015
-1.22668 -1.24583
-1.23019 -1.24754
-1.22688 -1.25195
-1.22737 -1.24494
-1.22646 -1.25006
-1.22931 -1.24813
-1.22734 -1.2499
-1.22649 -1.24837
-1.22805 -1.24822
-1.22908 -1.25028
-1.22613 -1.24939
-1.2287 -1.25058
-1.22824 -1.24607
-1.23005 -1.24971
-1.22907 -1.24653
-1.22724 -1.24758
-1.22988 -1.24982
-1.22664 -1.24802
-1.23016 -1.2482
-1.22895 -1.24598
-1.22837 -1.24924
-1.2265 -1.24946
-1.22769 -1.24532
-1.22554 -1.24962
-1.23063 -1.2454
-1.22465 -1.24835
-1.22742 -1.24634
-1.22869 -1.24696
-1.22754 -1.24735
-1.22584 -1.24768
-1.22603 -1.24825
-1.22783 -1.24424
-1.22836 -1.24772
-1.22898 -1.24609
-1.22652 -1.24901
