0 0
-0.171454 -0.161491
-0.33118 -0.313226
-0.478316 -0.45422
-0.614541 -0.584874
-0.738765 -0.705447
-0.847661 -0.814419
-0.946204 -0.913197
-1.03304 -0.999977
-1.10139 -1.08046
-1.16115 -1.1454
-1.20643 -1.20346
-1.23678 -1.25149
-1.26174 -1.29337
-1.27655 -1.3259
-1.28503 -1.35565
-1.29188 -1.37915
-1.28645 -1.40284
-1.28838 -1.42131
-1.2825 -1.43677
-1.2813 -1.45159
-1.27568 -1.46176
-1.26567 -1.47228
-1.26014 -1.48377
-1.24344 -1.47394
-1.24879 -1.49497
-1.24359 -1.49599
-1.22024 -1.48478
-1.23957 -1.50816
-1.21814 -1.49571
-1.22862 -1.5176
-1.22685 -1.51182
-1.22016 -1.50445
-1.23157 -1.51504
-1.2299 -1.50927
-1.23023 -1.50561
-1.22934 -1.50602
-1.23077 -1.50786
-1.23054 -1.50475
-1.23044 -1.50697
-1.23318 -1.50348
-1.23128 -1.50167
-1.23098 -1.5022
-1.22994 -1.50475
-1.23441 -1.50137
-1.23254 -1.50474
-1.23345 -1.49882
-1.23518 -1.50437
-1.23271 -1.5007
-1.23408 -1.50098
-1.23514 -1.49946
-1.23517 -1.49795
-1.23324 -1.49812
-1.23384 -1.50076
-1.23536 -1.4975
-1.23323 -1.49928
-1.23844 -1.49701
-1.23315 -1.49693
-1.23456 -1.49782
-1.23656 -1.49764
-1.23732 -1.49662
-1.23417 -1.49433
-1.23481 -1.49962
-1.23464 -1.49512
-1.23647 -1.49303
-1.23682 -1.49461
-1.23586 -1.49639
-1.23415 -1.49405
-1.23585 -1.49602
-1.23761 -1.49216
-1.23621 -1.49345
-1.23865 -1.49234
-1.23846 -1.48959
-1.2363 -1.49331
-1.2385 -1.49018
-1.23792 -1.49216
-1.23793 -1.49131
-1.23813 -1.49068
-1.24022 -1.48968
-1.23626 -1.49103
-1.24073 -1.48715
-1.23778 -1.49169
-1.23931 -1.4892
-1.23968 -1.48951
-1.23986 -1.48795
-1.24149 -1.48687
-1.24123 -1.48547
-1.24165 -1.48501
-1.24293 -1.48339
-1.23985 -1.48819
-1.2411 -1.48204
-1.24135 -1.48523
-1.24236 -1.48683
-1.24074 -1.48532
-1.24078 -1.48584
-1.2412 -1.48512
-1.24211 -1.48904
-1.24252 -1.48539
-1.24278 -1.48216
-1.2437 -1.48257
-1.24104 -1.48122
-1.2448 -1.48079
-1.244 -1.48342
-1.24387 -1.4798
-1.24597 -1.47709
-1.24361 -1.4802
-1.24557 -1.47614
-1.246 -1.48032
-1.24533 -1.47825
-1.24478 -1.4769
-1.24749 -1.476
-1.2438 -1.47823
-1.24711 -1.47818
-1.24653 -1.47732
-1.24666 -1.47723
-1.24706 -1.47989
-1.24554 -1.47768
-1.24452 -1.47839
-1.24924 -1.47985
-1.2464 -1.47777
-1.24621 -1.4802
-1.24835 -1.47668
-1.24767 -1.47966
-1.24778 -1.47602
-1.24642 -1.47957
-1.24914 -1.47872
-1.24667 -1.47841
-1.24878 -1.4741
-1.2453 -1.47726
-1.2497 -1.47271
-1.24884 -1.47747
-1.24832 -1.47353
-1.24871 -1.47628
-1.24963 -1.4711
-1.24983 -1.47599
-1.24718 -1.47345
-1.24881 -1.47532
-1.25227 -1.46946
-1.2484 -1.47382
-1.25009 -1.47536
-1.25059 -1.47462
-1.25035 -1.4742
-1.24899 -1.47468
-1.25023 -1.47192
-1.24925 -1.47435
-1.24846 -1.47186
-1.24977 -1.47492
-1.25194 -1.47202
-1.24869 -1.47264
-1.25144 -1.47402
-1.25345 -1.47064
-1.24731 -1.47413
-1.25183 -1.47371
-1.25078 -1.47408
-1.25072 -1.4717
-1.24821 -1.47716
-1.24855 -1.47584
-1.25372 -1.47174
-1.2514 -1.47246
-1.25015 -1.47275
-1.25442 -1.47135
-1.25017 -1.47159
-1.25408 -1.47212
-1.2535 -1.46779
-1.25116 -1.4708
-1.25238 -1.47185
-1.25219 -1.47054
-1.25307 -1.47296
-1.25335 -1.46836
-1.25174 -1.47262
-1.25146 -1.47038
-1.25313 -1.47282
-1.25315 -1.47049
-1.25204 -1.47136
-1.253 -1.47176
-1.25471 -1.47207
-1.25012 -1.47239
-1.25393 -1.47256
-1.25354 -1.47017
-1.25419 -1.46808
-1.25508 -1.47134
-1.25163 -1.47241
-1.25614 -1.46795
-1.25482 -1.46943
-1.25176 -1.47156
-1.25583 -1.47263
-1.25611 -1.46994
-1.25074 -1.47544
-1.25447 -1.47366
-1.25324 -1.47003
-1.25164 -1.47389
-1.25747 -1.46657
-1.25632 -1.47098
-1.25461 -1.46594
-1.25591 -1.47089
-1.25752 -1.46799
-1.25679 -1.46607
-1.25706 -1.46568
-1.2562 -1.46725
-1.25934 -1.46651
-1.25808 -1.46529
-1.25536 -1.46892
-1.25797 -1.46741
-1.25882 -1.46635
-1.2584 -1.46585
-1.2557 -1.46536
-1.26234 -1.46289
-1.25933 -1.46322
-1.25892 -1.4645
-1.25885 -1.4664
-1.25985 -1.46185
-1.25817 -1.46674
-1.26162 -1.46158
-1.25948 -1.46349
-1.25761 -1.4634
-1.26008 -1.46284
-1.25805 -1.46559
-1.26072 -1.46245
-1.25977 -1.46398
-1.26021 -1.4646
-1.26177 -1.46176
-1.26105 -1.46321
-1.26104 -1.46268
-1.26088 -1.46433
-1.26069 -1.46486
-1.26207 -1.46544
-1.2614 -1.46259
-1.26102 -1.46535
-1.26062 -1.46119
-1.26012 -1.46405
-1.25959 -1.4674
-1.2605 -1.46351
-1.26204 -1.46211
-1.26086 -1.4624
-1.25989 -1.46633
-1.25973 -1.4674
-1.26363 -1.46276
-1.25895 -1.46488
-1.25996 -1.46411
-1.26051 -1.46506
-1.25994 -1.46541
-1.26135 -1.46626
-1.26334 -1.46173
-1.26107 -1.46348
-1.26138 -1.46398
-1.26194 -1.46508
-1.26151 -1.4652
-1.26139 -1.4628
-1.26019 -1.46164
-1.2612 -1.46309
-1.26082 -1.4602
-1.26094 -1.46199
-1.26092 -1.46092
-1.26104 -1.46419
-1.25976 -1.46395
-1.26216 -1.4622
-1.26114 -1.46431
-1.26224 -1.46075
-1.26191 -1.46221
-1.26101 -1.46494
-1.26303 -1.46139
-1.26253 -1.46182
-1.26156 -1.46592
-1.26059 -1.46374
-1.26221 -1.46242
-1.26411 -1.46325
-1.26046 -1.46293
-1.26106 -1.46317
-1.26488 -1.46224
-1.26466 -1.46022
-1.26063 -1.46245
-1.26211 -1.46019
-1.26253 -1.46181
-1.26363 -1.45836
-1.26528 -1.46016
-1.2622 -1.45882
-1.26515 -1.4603
-1.26496 -1.45941
-1.26353 -1.45652
-1.26464 -1.45915
-1.26551 -1.4551
-1.26554 -1.45649
-1.26343 -1.46055
-1.26357 -1.45905
-1.26333 -1.45962
-1.26611 -1.45738
-1.26556 -1.45913
-1.26413 -1.4615
-1.26687 -1.45669
-1.26385 -1.46002
-1.26389 -1.45851
-1.26459 -1.45899
-1.26625 -1.45648
-1.26552 -1.45972
-1.26447 -1.45533
-1.26756 -1.45675
-1.26683 -1.45594
-1.26555 -1.45554
-1.26476 -1.45693
-1.26585 -1.45533
-1.26656 -1.45473
-1.26549 -1.45818
-1.26386 -1.45632
-1.26462 -1.4578
-1.26666 -1.45742
-1.26564 -1.46001
-1.26633 -1.45399
-1.26874 -1.45773
-1.26612 -1.45541
-1.26561 -1.45742
-1.26786 -1.45487
-1.26592 -1.45512
-1.26918 -1.45139
-1.2671 -1.45878
-1.26975 -1.45319
-1.26685 -1.45428
-1.27003 -1.45426
-1.26952 -1.45409
-1.26865 -1.45198
-1.26943 -1.45438
-1.26898 -1.45528
-1.27053 -1.44961
-1.26815 -1.45309
-1.27036 -1.45237
-1.26937 -1.45431
-1.26959 -1.45188
-1.26973 -1.45703
-1.27065 -1.45281
-1.26755 -1.45412
-1.26936 -1.45393
-1.26976 -1.45575
-1.26715 -1.45105
-1.27286 -1.45251
-1.27008 -1.45373
-1.26954 -1.45079
-1.26928 -1.45569
-1.27277 -1.45066
-1.27066 -1.45281
-1.27155 -1.45085
-1.26989 -1.45221
-1.27194 -1.45191
-1.27254 -1.45134
-1.27027 -1.45044
-1.27054 -1.45121
-1.27339 -1.4534
-1.27126 -1.45022
-1.27308 -1.45042
-1.26966 -1.4525
-1.27639 -1.45099
-1.27236 -1.45088
-1.27188 -1.45166
-1.27336 -1.4504
-1.27173 -1.45237
-1.2731 -1.45321
-1.27137 -1.4528
-1.27346 -1.45066
-1.27365 -1.45169
-1.27414 -1.45026
-1.2722 -1.44927
-1.27477 -1.4478
-1.27451 -1.44927
-1.27754 -1.44632
-1.27093 -1.44963
-1.27707 -1.44727
-1.27343 -1.44772
-1.2729 -1.45133
-1.27438 -1.4483
-1.27109 -1.45055
-1.27543 -1.4479
-1.27215 -1.44965
-1.2737 -1.44974
-1.27231 -1.44841
-1.27301 -1.44792
-1.2735 -1.44847
-1.27318 -1.44979
-1.27472 -1.44688
-1.27479 -1.44907
-1.27325 -1.44958
-1.27887 -1.44706
-1.27414 -1.44498
-1.27431 -1.45065
-1.27654 -1.44716
-1.27813 -1.44459
-1.27616 -1.44754
-1.27592 -1.44471
-1.27679 -1.44659
-1.27298 -1.44661
-1.27647 -1.4467
-1.27443 -1.44779
-1.27572 -1.44641
-1.27701 -1.44459
-1.2757 -1.44745
-1.27491 -1.44774
-1.27587 -1.4454
-1.27701 -1.44837
-1.27618 -1.4447
-1.27674 -1.44696
-1.27559 -1.44571
-1.27575 -1.44644
-1.27544 -1.44753
-1.27703 -1.44977
-1.27581 -1.44636
-1.27746 -1.44545
-1.27754 -1.44781
-1.27465 -1.44984
-1.27733 -1.44655
-1.27799 -1.44443
-1.27692 -1.44814
-1.27547 -1.44981
-1.27673 -1.44584
-1.27666 -1.44607
-1.27578 -1.44805
-1.27439 -1.44727
-1.27674 -1.4471
-1.27806 -1.44496
-1.27805 -1.44566
-1.27524 -1.44603
-1.27966 -1.44195
-1.27722 -1.44712
-1.27642 -1.44572
-1.27576 -1.44887
-1.2748 -1.44707
-1.27798 -1.4456
-1.27676 -1.44409
-1.27561 -1.44639
-1.276 -1.44565
-1.27965 -1.44501
-1.27589 -1.44239
-1.27852 -1.44426
-1.27737 -1.44349
-1.27999 -1.44332
-1.2785 -1.44464
-1.27532 -1.44386
-1.27985 -1.44098
-1.27654 -1.4459
-1.27842 -1.44129
-1.27852 -1.44462
-1.27762 -1.44487
-1.27992 -1.43893
-1.27717 -1.44325
-1.28117 -1.44232
-1.27701 -1.44306
-1.28045 -1.44148
-1.27817 -1.44005
-1.27849 -1.44494
-1.27818 -1.44461
-1.27855 -1.44293
-1.27923 -1.44067
-1.28171 -1.44133
-1.27948 -1.44319
-1.27675 -1.44485
-1.28252 -1.44102
-1.28067 -1.44121
-1.28217 -1.44098
-1.27979 -1.43984
-1.27854 -1.44285
-1.2822 -1.4414
-1.28055 -1.44335
-1.28088 -1.4411
-1.2804 -1.44199
-1.28026 -1.4385
-1.28188 -1.44036
-1.28411 -1.4394
-1.28232 -1.43749
-1.28372 -1.43879
-1.28226 -1.4382
-1.28207 -1.43893
-1.28197 -1.43777
-1.28354 -1.4405
-1.28157 -1.43866
-1.28379 -1.43754
-1.28175 -1.4379
-1.28319 -1.43973
-1.28157 -1.43679
-1.28161 -1.44015
-1.28238 -1.44277
-1.28088 -1.43902
-1.28123 -1.44401
-1.28279 -1.43971
-1.28222 -1.43989
-1.2829 -1.4369
-1.28102 -1.43958
-1.28349 -1.4386
-1.28205 -1.44009
-1.28114 -1.43961
-1.28308 -1.43773
-1.28122 -1.43812
-1.28036 -1.43965
-1.28162 -1.44081
-1.28263 -1.43865
-1.28187 -1.43861
-1.28284 -1.43706
-1.28338 -1.43767
-1.28167 -1.44035
-1.28516 -1.43741
-1.28172 -1.44081
-1.28557 -1.43507
-1.2809 -1.43934
-1.28341 -1.4417
-1.28426 -1.43553
-1.28322 -1.43889
-1.28291 -1.43876
-1.28402 -1.43692
-1.28131 -1.44248
-1.28387 -1.4374
-1.28415 -1.43844
-1.28327 -1.43907
-1.28481 -1.43985
-1.28465 -1.43943
-1.28445 -1.43982
-1.28153 -1.43642
-1.28456 -1.4382
-1.28553 -1.43757
-1.2842 -1.43854
-1.28728 -1.43605
-1.28617 -1.43964
-1.28502 -1.4382
-1.28372 -1.43934
-1.284 -1.43859
-1.28505 -1.43897
-1.2842 -1.43778
-1.28361 -1.44236
-1.28573 -1.43894
-1.28243 -1.43882
-1.28592 -1.43971
-1.28281 -1.44046
-1.28478 -1.43894
-1.28563 -1.43686
-1.28324 -1.43964
-1.28637 -1.43762
-1.28524 -1.43767
-1.28597 -1.43877
-1.28578 -1.43615
-1.28778 -1.43484
-1.28323 -1.43945
-1.28352 -1.43718
-1.28529 -1.43672
-1.28374 -1.43915
-1.28757 -1.4361
-1.28549 -1.43294
-1.28511 -1.43662
-1.28614 -1.43591
-1.28704 -1.43609
-1.28631 -1.43697
-1.28619 -1.43726
-1.28583 -1.437
-1.28781 -1.43479
-1.28668 -1.4325
-1.28464 -1.43584
-1.28682 -1.43615
-1.28319 -1.43395
-1.28905 -1.4331
-1.28672 -1.43439
-1.28629 -1.43593
-1.28801 -1.43579
-1.28814 -1.43282
-1.28837 -1.43438
-1.28686 -1.43559
-1.28923 -1.4333
-1.28907 -1.43553
-1.28695 -1.43495
-1.29001 -1.43429
-1.28819 -1.43417
-1.28792 -1.4399
-1.28549 -1.43543
-1.28782 -1.43496
-1.28754 -1.43249
-1.28755 -1.43753
-1.28418 -1.43552
-1.28623 -1.43415
-1.28988 -1.43714
-1.28624 -1.43457
-1.28906 -1.43457
-1.28797 -1.43426
-1.28759 -1.43339
-1.28716 -1.43879
-1.28787 -1.43557
-1.28868 -1.43671
-1.2873 -1.43587
-1.28797 -1.43442
-1.28896 -1.43571
-1.28647 -1.43226
-1.29077 -1.43312
-1.28572 -1.43513
-1.28628 -1.43434
-1.28878 -1.43438
-1.28756 -1.43242
-1.28816 -1.43292
-1.28627 -1.43429
-1.28759 -1.43252
-1.28794 -1.43409
-1.2884 -1.43428
-1.2873 -1.43368
-1.28831 -1.4326
-1.28513 -1.43812
-1.29118 -1.43135
-1.28921 -1.43434
-1.28652 -1.43474
-1.28854 -1.43451
-1.28892 -1.433
-1.28875 -1.4365
-1.28734 -1.43313
-1.29163 -1.43166
-1.28864 -1.43277
-1.2884 -1.42771
-1.29091 -1.43444
-1.28878 -1.4301
-1.2912 -1.4309
-1.28976 -1.43147
-1.29076 -1.43164
-1.29178 -1.42863
-1.28982 -1.4322
-1.28998 -1.42983
-1.29023 -1.43177
-1.28949 -1.4312
-1.29054 -1.43154
-1.28968 -1.43187
-1.29113 -1.42925
-1.28962 -1.4296
-1.28884 -1.43374
-1.28972 -1.43023
-1.28661 -1.43157
-1.29111 -1.43063
-1.28665 -1.43382
-1.29197 -1.43109
-1.29018 -1.42747
-1.28853 -1.42973
-1.29078 -1.43128
-1.28626 -1.43313
-1.29066 -1.43175
-1.28641 -1.4328
-1.29092 -1.42948
-1.28716 -1.43176
-1.28882 -1.4278
-1.28939 -1.4304
-1.28641 -1.43087
-1.28866 -1.433
-1.29004 -1.42866
-1.28921 -1.43321
-1.29097 -1.42999
-1.2898 -1.42766
-1.29075 -1.42964
-1.29245 -1.42953
-1.2919 -1.42885
-1.29127 -1.42513
-1.29173 -1.42967
-1.28786 -1.43023
-1.29128 -1.42714
-1.29036 -1.43041
-1.29009 -1.43097
-1.2932 -1.42804
-1.28788 -1.43213
-1.2915 -1.42753
-1.29186 -1.4293
-1.28982 -1.42874
-1.28896 -1.42868
-1.291 -1.43185
-1.28929 -1.43017
-1.29123 -1.42725
-1.29176 -1.4269
-1.28871 -1.42879
-1.29148 -1.43084
-1.29304 -1.43041
-1.29007 -1.42758
-1.29248 -1.42956
-1.28768 -1.42957
-1.29501 -1.42436
-1.28716 -1.43382
-1.29052 -1.43229
-1.2913 -1.43118
-1.29019 -1.43081
-1.29177 -1.42833
-1.28877 -1.43128
-1.28981 -1.42968
-1.29012 -1.43083
-1.29119 -1.43107
-1.28908 -1.43413
-1.28978 -1.43179
-1.2905 -1.43047
-1.29203 -1.43207
-1.29044 -1.43231
-1.29294 -1.427
-1.29358 -1.42949
-1.29113 -1.42609
-1.29113 -1.43015
-1.29174 -1.42871
-1.29502 -1.43066
-1.29032 -1.42678
-1.29333 -1.42641
-1.292 -1.42938
-1.29382 -1.42786
-1.29043 -1.42614
-1.29282 -1.42813
-1.29563 -1.42546
-1.29188 -1.43126
-1.29345 -1.42586
-1.29349 -1.42594
-1.29476 -1.42603
-1.28976 -1.42966
-1.29637 -1.4283
-1.29218 -1.42705
-1.29665 -1.42697
-1.2941 -1.42654
-1.29279 -1.42468
-1.2934 -1.42738
-1.29286 -1.43066
-1.29665 -1.42349
-1.29333 -1.42823
-1.29513 -1.42847
-1.29344 -1.42485
-1.29414 -1.42881
-1.29517 -1.42554
-1.29519 -1.42779
-1.29443 -1.42347
-1.29437 -1.42449
-1.29591 -1.42804
-1.29344 -1.4278
-1.29589 -1.42307
-1.29438 -1.42401
-1.29433 -1.4246
-1.29715 -1.42426
-1.29329 -1.42657
-1.29534 -1.42386
-1.29724 -1.42319
-1.29553 -1.42543
-1.29805 -1.42484
-1.29766 -1.4244
-1.29692 -1.42483
-1.29628 -1.42483
-1.29482 -1.42618
-1.29798 -1.42478
-1.29687 -1.42465
-1.29706 -1.42858
-1.29417 -1.42781
-1.299 -1.42208
-1.29673 -1.42425
-1.29587 -1.42455
-1.29584 -1.42584
-1.29581 -1.42502
-1.29571 -1.42611
-1.29455 -1.4258
-1.29564 -1.42589
-1.29344 -1.42933
-1.29806 -1.41911
-1.29426 -1.42603
-1.29643 -1.42306
-1.29382 -1.42092
-1.29206 -1.425
-1.29779 -1.42307
-1.29443 -1.42134
-1.29787 -1.41952
-1.29651 -1.42224
-1.29572 -1.42244
-1.29467 -1.42311
-1.29582 -1.41921
-1.29534 -1.42319
-1.29695 -1.42014
-1.29384 -1.42138
-1.29771 -1.42304
-1.29529 -1.42274
-1.29722 -1.42038
-1.29476 -1.42384
-1.29829 -1.41997
-1.29805 -1.42255
-1.29395 -1.42384
-1.29516 -1.42238
-1.29413 -1.42587
-1.29488 -1.42335
-1.29725 -1.4229
-1.29427 -1.42475
-1.29728 -1.42223
-1.29539 -1.42366
-1.29496 -1.42341
-1.29861 -1.41717
-1.29356 -1.42419
-1.29622 -1.42233
-1.29756 -1.42008
-1.29538 -1.42104
-1.29661 -1.42155
-1.29806 -1.42228
-1.30012 -1.41629
-1.29836 -1.41791
-1.29706 -1.41876
-1.29713 -1.41854
-1.29708 -1.42298
-1.29795 -1.42382
-1.2963 -1.42092
-1.2989 -1.42125
-1.29805 -1.41996
-1.2983 -1.41951
-1.29957 -1.41914
-1.29892 -1.42048
-1.29695 -1.42191
-1.29914 -1.41895
-1.29675 -1.42125
-1.2981 -1.42272
-1.29609 -1.41919
-1.29865 -1.42222
-1.29801 -1.41926
-1.29803 -1.42309
-1.29762 -1.42063
-1.29828 -1.42213
-1.29734 -1.41866
-1.29543 -1.42137
-1.2978 -1.42143
-1.29689 -1.41972
-1.29747 -1.422
-1.29506 -1.42129
-1.30031 -1.42356
-1.29443 -1.42271
-1.29926 -1.4222
-1.29835 -1.42034
-1.29881 -1.42329
-1.29357 -1.42253
-1.29893 -1.4185
-1.29467 -1.42043
-1.29722 -1.42468
-1.29546 -1.4199
-1.29942 -1.42056
-1.29426 -1.42072
-1.3005 -1.42016
-1.296 -1.41931
-1.29698 -1.41972
-1.29779 -1.42058
-1.29675 -1.41899
-1.29895 -1.41639
-1.2993 -1.41736
-1.29489 -1.41961
-1.30003 -1.41705
-1.29718 -1.41625
-1.29771 -1.41955
-1.299 -1.41606
-1.29733 -1.41968
-1.29653 -1.41941
-1.29674 -1.41748
-1.29794 -1.4193
-1.29657 -1.42049
-1.29866 -1.41912
-1.2992 -1.41615
-1.29573 -1.41901
-1.29973 -1.41839
-1.29363 -1.41969
-1.29617 -1.41963
-1.30031 -1.41428
-1.29716 -1.41983
-1.29558 -1.4196
-1.29662 -1.41896
-1.29872 -1.42016
-1.29602 -1.41964
-1.29354 -1.41923
-1.29803 -1.41802
-1.29778 -1.4201
-1.2981 -1.41635
-1.29795 -1.41795
-1.29719 -1.41843
-1.30053 -1.41477
-1.2983 -1.41878
-1.2956 -1.41784
-1.29772 -1.41697
-1.298 -1.41987
-1.29817 -1.4192
-1.29915 -1.41713
-1.29494 -1.41713
-1.29932 -1.42066
-1.29454 -1.41648
-1.29739 -1.42179
-1.29743 -1.41757
-1.29945 -1.4201
-1.29736 -1.41613
-1.29675 -1.41924
-1.29927 -1.41853
-1.29709 -1.41471
-1.29716 -1.41836
-1.29686 -1.41586
-1.298 -1.41703
-1.29872 -1.41582
-1.29889 -1.42054
-1.29694 -1.41816
-1.29934 -1.41552
-1.29947 -1.41654
-1.3008 -1.41642
-1.29752 -1.41576
-1.30096 -1.415
-1.29739 -1.41732
-1.29781 -1.41753
-1.30176 -1.41644
-1.29595 -1.41666
-1.29917 -1.41546
-1.30028 -1.41662
-1.29969 -1.41509
-1.29987 -1.41319
-1.29709 -1.41618
-1.2963 -1.41829
-1.30142 -1.41583
-1.29596 -1.41708
-1.29822 -1.41924
-1.29955 -1.41731
-1.29705 -1.42149
-1.29738 -1.41852
-1.29784 -1.41425
-1.29838 -1.41812
-1.29832 -1.41759
-1.29762 -1.41583
-1.29533 -1.42033
-1.2989 -1.42003
-1.2982 -1.41934
-1.29492 -1.41887
-1.30052 -1.41635
-1.29645 -1.4158
-1.29859 -1.41685
-1.29708 -1.4184
-1.29897 -1.41305
-1.29804 -1.41663
-1.29837 -1.41547
-1.29732 -1.41518
-1.29618 -1.41656
-1.29852 -1.41587
-1.29875 -1.41446
-1.29992 -1.41572
-1.29677 -1.41531
-1.29751 -1.41805
-1.29643 -1.42028
-1.29484 -1.42002
-1.29954 -1.41667
-1.29493 -1.41639
-1.29521 -1.41815
-1.29608 -1.41861
-1.29881 -1.41737
-1.29581 -1.41603
-1.29506 -1.41816
-1.29511 -1.41709
-1.29861 -1.41968
-1.2936 -1.41963
-1.29786 -1.41463
-1.29631 -1.41723
-1.29773 -1.41839
-1.29563 -1.41946
-1.29918 -1.41625
-1.29577 -1.4177
-1.29767 -1.41547
-1.29626 -1.41511
-1.30043 -1.41488
-1.29712 -1.41446
-1.29763 -1.41524
-1.29335 -1.42009
-1.29803 -1.41356
-1.29634 -1.4191
-1.29272 -1.4172
-1.29616 -1.41676
-1.29287 -1.41854
-1.29478 -1.41547
-1.29749 -1.41681
-1.29608 -1.41765
-1.29457 -1.41694
-1.29807 -1.41581
-1.29741 -1.41366
-1.29504 -1.41457
-1.2984 -1.4156
-1.29575 -1.41331
-1.299 -1.41306
-1.29668 -1.41321
-1.29688 -1.41216
-1.29736 -1.41312
-1.29767 -1.41383
-1.29669 -1.4107
-1.2958 -1.41371
-1.29712 -1.41386
-1.29761 -1.41287
-1.29728 -1.41096
-1.29815 -1.411
-1.29645 -1.4136
-1.29716 -1.40939
-1.29858 -1.41285
-1.29795 -1.4104
-1.29795 -1.41099
-1.29756 -1.41227
-1.29728 -1.41255
-1.30064 -1.41122
-1.29692 -1.41193
-1.29847 -1.40862
-1.29756 -1.41098
-1.29898 -1.40916
-1.29684 -1.40944
-1.29688 -1.40922
-1.29835 -1.40953
-1.29678 -1.41097
-1.2977 -1.4132
-1.297 -1.41066
-1.29994 -1.40972
-1.29508 -1.41079
-1.29649 -1.41258
-1.29881 -1.40795
-1.29565 -1.4121
-1.29926 -1.40734
-1.29774 -1.41024
-1.29752 -1.41137
-1.29722 -1.41099
-1.29808 -1.41151
-1.2964 -1.40895
-1.29847 -1.41297
-1.29538 -1.41053
-1.29691 -1.41423
-1.29812 -1.41078
-1.29638 -1.41088
-1.29673 -1.41304
-1.29598 -1.4114
-1.29701 -1.41148
-1.29637 -1.41299
-1.29851 -1.40972
-1.29872 -1.40959
-1.29962 -1.40815
-1.29891 -1.41198
-1.29597 -1.41465
-1.2975 -1.41096
-1.29609 -1.41002
-1.29854 -1.40977
-1.29828 -1.41037
-1.29719 -1.41169
-1.29856 -1.40943
-1.29601 -1.41081
-1.30011 -1.40925
-1.29955 -1.41041
-1.29743 -1.41041
-1.29842 -1.40901
-1.2988 -1.41151
-1.30052 -1.40801
-1.2977 -1.40796
-1.29892 -1.41067
-1.30144 -1.40793
-1.29745 -1.40967
-1.29934 -1.40979
-1.29783 -1.41017
-1.29627 -1.40893
-1.30034 -1.40949
-1.29581 -1.40879
-1.29756 -1.41154
-1.29752 -1.41181
-1.29701 -1.40816
-1.30078 -1.4078
-1.29513 -1.41177
-1.30007 -1.40661
-1.30084 -1.41157
-1.29884 -1.40813
-1.29939 -1.41016
-1.29806 -1.40758
-1.2985 -1.40965
-1.29768 -1.40938
-1.29819 -1.40861
-1.2966 -1.41106
-1.2997 -1.41015
-1.29654 -1.40939
-1.29767 -1.40624
-1.29888 -1.41082
-1.29752 -1.40983
-1.29999 -1.40919
-1.29609 -1.40935
-1.29867 -1.40901
-1.29802 -1.40769
-1.29974 -1.40786
-1.29792 -1.4087
-1.29783 -1.40847
-1.29882 -1.40985
-1.29682 -1.40994
-1.29787 -1.40929
-1.29903 -1.40864
-1.29772 -1.41057
-1.29861 -1.4092
-1.29736 -1.4102
-1.29593 -1.40638
-1.29988 -1.40955
-1.2987 -1.4065
-1.29897 -1.40645
-1.30043 -1.40759
-1.29815 -1.40717
-1.2982 -1.41081
-1.30183 -1.40676
-1.2983 -1.40439
-1.30021 -1.40299
-1.30131 -1.40767
-1.29835 -1.40346
-1.30039 -1.4047
-1.30114 -1.40319
-1.29981 -1.40519
-1.2993 -1.40218
-1.30164 -1.4065
-1.29728 -1.40281
-1.3002 -1.407
-1.30086 -1.40326
-1.29946 -1.40275
-1.29991 -1.40617
-1.29671 -1.40534
-1.30006 -1.40604
-1.29613 -1.40539
-1.30167 -1.40275
-1.2984 -1.40624
-1.29865 -1.4044
-1.29783 -1.40521
-1.29869 -1.40637
-1.29952 -1.40414
-1.29849 -1.40412
-1.29886 -1.40896
-1.29955 -1.4043
-1.30075 -1.40334
-1.30167 -1.40478
-1.29599 -1.40481
-1.29973 -1.40535
-1.30011 -1.40311
-1.29946 -1.4039
-1.30089 -1.40498
-1.29909 -1.40265
-1.30015 -1.4025
-1.29882 -1.40245
-1.29893 -1.40202
-1.30226 -1.40265
-1.29913 -1.40609
-1.30043 -1.40157
-1.29891 -1.40361
-1.29954 -1.40077
-1.30113 -1.40275
-1.30035 -1.39877
-1.2982 -1.40123
-1.30127 -1.40437
-1.29842 -1.40154
-1.29906 -1.4018
-1.29949 -1.40304
-1.29981 -1.39905
-1.29736 -1.40494
-1.29703 -1.40367
-1.29756 -1.40277
-1.29616 -1.40424
-1.29812 -1.40207
-1.30248 -1.39971
-1.29706 -1.40441
-1.29918 -1.40123
-1.29865 -1.4015
-1.30001 -1.39908
-1.29898 -1.40361
-1.29658 -1.40217
-1.30034 -1.40137
-1.2988 -1.39976
-1.29893 -1.40195
-1.29839 -1.39895
-1.29678 -1.3997
-1.29955 -1.40195
-1.30066 -1.40093
-1.29571 -1.39779
-1.30267 -1.40092
-1.2997 -1.40142
-1.29943 -1.39912
-1.29769 -1.39926
-1.30036 -1.39935
-1.29782 -1.40148
-1.30083 -1.39931
-1.29751 -1.40176
-1.30198 -1.4009
-1.29599 -1.40346
-1.29858 -1.39927
-1.2994 -1.40329
-1.2984 -1.39957
-1.298 -1.40084
-1.29755 -1.40024
-1.30301 -1.39964
-1.29811 -1.39912
-1.29747 -1.40152
-1.29964 -1.39957
-1.29863 -1.40126
-1.29767 -1.40064
-1.29566 -1.40295
-1.29755 -1.40091
-1.29542 -1.40233
-1.30083 -1.39725
-1.29614 -1.40424
-1.29851 -1.40273
-1.29674 -1.39904
-1.29354 -1.39999
-1.29897 -1.40013
-1.29759 -1.39948
-1.29699 -1.39894
-1.29941 -1.39939
-1.29591 -1.40004
-1.29949 -1.40058
-1.30043 -1.39622
-1.29797 -1.39887
-1.29642 -1.40363
-1.30008 -1.39852
-1.29579 -1.39882
-1.29899 -1.39616
-1.29868 -1.39662
-1.29735 -1.39917
-1.29865 -1.39464
-1.29862 -1.39868
-1.2984 -1.40065
-1.29818 -1.39833
-1.2982 -1.39649
-1.29901 -1.39777
-1.29844 -1.39651
-1.29752 -1.39786
-1.29926 -1.39634
-1.29692 -1.40127
-1.29866 -1.39625
-1.29777 -1.39761
-1.29962 -1.39656
-1.29832 -1.39812
-1.2979 -1.39663
-1.29888 -1.39855
-1.29978 -1.39633
-1.2998 -1.39546
-1.29924 -1.39809
-1.29825 -1.39946
-1.29944 -1.39623
-1.2974 -1.39414
-1.29989 -1.39725
-1.29917 -1.39897
-1.29939 -1.39345
-1.29787 -1.39615
-1.299 -1.39548
-1.2965 -1.39423
-1.29917 -1.39685
-1.29686 -1.39543
-1.29775 -1.39649
-1.29595 -1.39849
-1.29862 -1.3976
-1.29359 -1.39901
-1.30015 -1.39521
-1.29956 -1.39204
-1.30186 -1.39625
-1.29903 -1.39245
-1.29919 -1.39574
-1.29888 -1.3958
-1.29879 -1.39614
-1.29795 -1.39621
-1.29963 -1.39387
-1.30049 -1.39417
-1.2974 -1.39791
-1.2998 -1.392
-1.2999 -1.395
-1.29846 -1.39622
-1.30075 -1.39492
-1.30212 -1.39471
-1.30264 -1.3938
-1.30055 -1.39328
-1.29851 -1.39496
-1.30026 -1.39504
-1.30267 -1.39206
-1.30046 -1.3935
-1.29997 -1.39167
-1.30024 -1.39591
-1.30177 -1.39291
-1.30082 -1.39111
-1.30197 -1.3923
-1.29996 -1.39683
-1.301 -1.39404
-1.30084 -1.39081
-1.29905 -1.39536
-1.29963 -1.39689
-1.29862 -1.39473
-1.29866 -1.39305
-1.29647 -1.39823
-1.29935 -1.39433
-1.29837 -1.39443
-1.29945 -1.39466
-1.2979 -1.39587
-1.29773 -1.39461
-1.29745 -1.39551
-1.29893 -1.39419
-1.30037 -1.39434
-1.29721 -1.39535
-1.29809 -1.3975
-1.30178 -1.3941
-1.29722 -1.39673
-1.29747 -1.39388
-1.30013 -1.39516
-1.29938 -1.39242
-1.29742 -1.3944
-1.29829 -1.39444
-1.29764 -1.39596
-1.29679 -1.39558
-1.29782 -1.39241
-1.29733 -1.39571
-1.29935 -1.39371
-1.29644 -1.39498
-1.30084 -1.39245
-1.29971 -1.39452
-1.29764 -1.39123
-1.29594 -1.3953
-1.29641 -1.39187
-1.29876 -1.3946
-1.29733 -1.39135
-1.29876 -1.39481
-1.29672 -1.39217
-1.29784 -1.3954
-1.2964 -1.39179
-1.30033 -1.39316
-1.29798 -1.39472
-1.29894 -1.39159
-1.29803 -1.39458
-1.29804 -1.39131
-1.29924 -1.39089
-1.29862 -1.394
-1.29885 -1.39359
-1.2965 -1.39308
-1.29881 -1.39295
-1.29887 -1.39027
-1.30015 -1.39143
-1.29718 -1.39015
-1.29943 -1.39722
-1.29818 -1.38971
-1.29739 -1.3945
-1.2996 -1.39409
-1.29755 -1.38827
-1.29783 -1.395
-1.29743 -1.39129
-1.30161 -1.39025
-1.29704 -1.39509
-1.29749 -1.39182
-1.29797 -1.38941
-1.29636 -1.39416
-1.29995 -1.38868
-1.29411 -1.39331
-1.29802 -1.3921
-1.29717 -1.38994
-1.29942 -1.38926
-1.29807 -1.39085
-1.29548 -1.38992
-1.29726 -1.39269
-1.29873 -1.39074
-1.29598 -1.3936
-1.29656 -1.38758
-1.29984 -1.38746
-1.29483 -1.39249
-1.29812 -1.39016
-1.2968 -1.38914
-1.29556 -1.39163
-1.29791 -1.38905
-1.29637 -1.38848
-1.2967 -1.39136
-1.29732 -1.38864
-1.29487 -1.39242
-1.29545 -1.39262
-1.29633 -1.39071
-1.29377 -1.39207
-1.2973 -1.39206
-1.2984 -1.38895
-1.2945 -1.3931
-1.29665 -1.38785
-1.2976 -1.38996
-1.29577 -1.39015
-1.29594 -1.39148
-1.29625 -1.39047
-1.29563 -1.38638
-1.30166 -1.38944
-1.29735 -1.39027
-1.29551 -1.39172
-1.29838 -1.38987
-1.29625 -1.38843
-1.29677 -1.38946
-1.29611 -1.38948
-1.29474 -1.39112
-1.29671 -1.38869
-1.29534 -1.38753
-1.29763 -1.39158
-1.2942 -1.3898
-1.29514 -1.38884
-1.29449 -1.38667
-1.29473 -1.39113
-1.2957 -1.38966
-1.29437 -1.38872
-1.29593 -1.39143
-1.29241 -1.39104
-1.29364 -1.39175
-1.29567 -1.38665
-1.29425 -1.39
-1.29778 -1.38884
-1.29107 -1.39354
-1.29463 -1.38858
-1.29744 -1.38883
-1.29377 -1.38855
-1.29583 -1.38924
-1.29447 -1.39051
-1.2941 -1.38636
-1.29171 -1.38756
-1.29574 -1.38905
-1.29546 -1.38613
-1.29352 -1.39046
-1.2923 -1.39368
-1.29518 -1.38596
-1.29279 -1.38856
-1.29609 -1.38459
-1.29365 -1.38828
-1.29526 -1.38854
-1.29432 -1.38837
-1.29609 -1.38876
-1.2969 -1.38649
-1.29628 -1.38658
-1.29413 -1.38657
-1.29492 -1.38729
-1.2963 -1.38579
-1.29498 -1.38706
-1.29409 -1.38761
-1.29508 -1.38668
-1.29561 -1.3879
-1.29319 -1.38688
-1.29361 -1.38437
-1.29583 -1.38559
-1.29656 -1.38729
-1.29406 -1.38619
-1.29441 -1.38749
-1.29705 -1.38729
-1.29342 -1.38905
-1.29442 -1.38961
-1.2934 -1.38564
-1.29337 -1.38962
-1.29498 -1.38749
-1.29222 -1.38968
-1.29549 -1.38717
-1.29506 -1.38879
-1.29532 -1.39114
-1.28937 -1.38836
-1.29759 -1.38695
-1.29457 -1.38929
-1.29461 -1.38755
-1.29375 -1.38964
-1.2934 -1.391
-1.29133 -1.39181
-1.2935 -1.38884
-1.29668 -1.39018
-1.293 -1.38974
-1.29465 -1.38956
-1.29392 -1.38716
-1.29732 -1.38741
-1.29678 -1.38766
-1.29272 -1.38624
-1.29482 -1.38852
-1.29649 -1.38692
-1.29398 -1.38589
-1.29467 -1.38585
-1.29582 -1.38614
-1.29292 -1.38991
-1.29481 -1.38472
-1.29493 -1.38458
-1.29161 -1.39061
-1.29321 -1.3878
-1.29209 -1.38854
-1.29421 -1.38709
-1.2937 -1.39063
-1.29096 -1.385
-1.29496 -1.38639
-1.29329 -1.38652
-1.29124 -1.38836
-1.29214 -1.38769
-1.29163 -1.38389
-1.29289 -1.38789
-1.29254 -1.38406
-1.29275 -1.3865
-1.29263 -1.38614
-1.29564 -1.38262
-1.29323 -1.38627
-1.2912 -1.38435
-1.29273 -1.38417
-1.29293 -1.38406
-1.29227 -1.38646
-1.29205 -1.38228
-1.2921 -1.38519
-1.29275 -1.38559
-1.29151 -1.38432
-1.29396 -1.38228
-1.29142 -1.38655
-1.28935 -1.38463
-1.29179 -1.38579
-1.29008 -1.38264
-1.29426 -1.38309
-1.28838 -1.38817
-1.29432 -1.3856
-1.29018 -1.38325
-1.29622 -1.38522
-1.29196 -1.38601
-1.29229 -1.38392
-1.29219 -1.38487
-1.29487 -1.38403
-1.29136 -1.3867
-1.29067 -1.38323
-1.2936 -1.3877
-1.29028 -1.38342
-1.29287 -1.38231
-1.29174 -1.3845
-1.29566 -1.38641
-1.2919 -1.38682
-1.29512 -1.38389
-1.29529 -1.38312
-1.29192 -1.38399
-1.29367 -1.38268
-1.29415 -1.38234
-1.29319 -1.38111
-1.29526 -1.38398
-1.29269 -1.38215
-1.28951 -1.38646
-1.29406 -1.38328
-1.2939 -1.38211
-1.29274 -1.38574
-1.29324 -1.38282
-1.29197 -1.38322
-1.29491 -1.38361
-1.29315 -1.38202
-1.29587 -1.38479
-1.29208 -1.38136
-1.29454 -1.38428
-1.29227 -1.3831
-1.29247 -1.38266
-1.29675 -1.38339
-1.29372 -1.38091
-1.29242 -1.3835
-1.29343 -1.38366
-1.29313 -1.38189
-1.29233 -1.38153
-1.29296 -1.38447
-1.2927 -1.38108
-1.29054 -1.3835
-1.29314 -1.38388
-1.29091 -1.38176
-1.29197 -1.38302
-1.29265 -1.38298
-1.29079 -1.38265
-1.29415 -1.38228
-1.29195 -1.3821
-1.29296 -1.38121
-1.2944 -1.38093
-1.29239 -1.38074
-1.29284 -1.38257
-1.2935 -1.38124
-1.29535 -1.37891
-1.29162 -1.37878
-1.29714 -1.37955
-1.29233 -1.3788
-1.29254 -1.3804
-1.29562 -1.37809
-1.29237 -1.38044
-1.29798 -1.37932
-1.29174 -1.37979
-1.29416 -1.38172
-1.29562 -1.37934
-1.29019 -1.3823
-1.29554 -1.37908
-1.295 -1.37862
-1.29261 -1.37936
-1.29384 -1.3805
-1.29457 -1.37784
-1.29435 -1.38121
-1.29569 -1.37895
-1.29647 -1.38119
-1.29334 -1.38054
-1.29519 -1.37887
-1.29838 -1.37507
-1.29337 -1.37987
-1.2961 -1.37857
-1.29515 -1.37828
-1.29348 -1.38077
-1.29427 -1.37647
-1.29384 -1.37823
-1.29709 -1.37539
-1.29271 -1.37953
-1.29567 -1.37712
-1.29551 -1.37765
-1.29419 -1.37893
-1.29443 -1.38054
-1.29291 -1.37874
-1.29324 -1.38139
-1.29513 -1.37448
-1.2908 -1.3811
-1.29632 -1.37805
-1.29624 -1.37473
-1.29286 -1.3779
-1.29405 -1.37921
-1.29161 -1.37818
-1.29588 -1.37559
-1.29363 -1.37845
-1.29554 -1.37909
-1.29419 -1.37773
-1.29368 -1.3801
-1.29402 -1.37657
-1.28977 -1.38046
-1.29213 -1.37826
-1.29483 -1.37877
-1.29239 -1.37934
-1.2926 -1.37762
-1.29367 -1.37792
-1.29258 -1.37894
-1.2901 -1.37836
-1.29076 -1.38031
-1.29204 -1.37967
-1.29067 -1.37727
-1.29377 -1.37837
-1.29265 -1.38057
-1.29364 -1.37654
-1.2915 -1.37613
-1.29072 -1.38006
-1.29239 -1.37933
-1.29185 -1.37929
-1.29223 -1.37869
-1.29146 -1.38374
-1.29265 -1.37905
-1.29174 -1.37835
-1.28996 -1.38081
-1.29095 -1.38032
-1.28806 -1.38312
-1.2904 -1.38214
-1.29171 -1.3783
-1.28706 -1.38279
-1.29184 -1.37849
-1.28879 -1.37888
-1.28904 -1.38159
-1.29111 -1.37976
-1.28645 -1.38187
-1.2924 -1.37978
-1.29072 -1.3788
-1.28712 -1.38464
-1.29265 -1.38242
-1.28741 -1.37832
-1.29214 -1.37798
-1.28885 -1.38083
-1.28969 -1.37941
-1.28807 -1.37996
-1.28975 -1.37907
-1.28955 -1.37915
-1.29183 -1.37623
-1.28836 -1.3815
-1.28925 -1.38152
-1.29096 -1.38015
-1.28852 -1.3803
-1.2902 -1.37857
-1.28781 -1.38173
-1.28931 -1.38096
-1.28812 -1.38009
-1.28943 -1.37849
-1.28747 -1.38069
-1.28918 -1.37993
-1.28716 -1.37811
-1.29068 -1.3816
-1.28763 -1.3813
-1.29046 -1.3801
-1.2894 -1.38064
-1.28832 -1.38009
-1.28882 -1.381
-1.28822 -1.38068
-1.28964 -1.3783
-1.29068 -1.37911
-1.28856 -1.37925
-1.28971 -1.38021
-1.28809 -1.38056
-1.2903 -1.37689
-1.28826 -1.37886
-1.29282 -1.37646
-1.28942 -1.37766
-1.29026 -1.37669
-1.28995 -1.3776
-1.28939 -1.37517
-1.28801 -1.377
-1.28908 -1.37709
-1.28804 -1.37804
-1.28877 -1.37706
-1.28794 -1.37751
-1.28855 -1.37489
-1.2886 -1.37823
-1.28945 -1.37436
-1.2901 -1.37689
-1.28826 -1.37827
-1.2891 -1.37281
-1.28965 -1.37427
-1.29127 -1.37564
-1.28999 -1.37542
-1.28823 -1.37985
-1.29017 -1.37381
-1.28787 -1.37367
-1.28735 -1.37711
-1.28952 -1.37855
-1.28828 -1.37483
-1.28973 -1.37546
-1.28595 -1.37795
-1.29028 -1.37424
-1.2878 -1.37789
-1.29081 -1.3742
-1.28513 -1.37488
-1.28758 -1.37219
-1.28844 -1.37935
-1.28629 -1.3765
-1.28692 -1.37431
-1.28944 -1.37679
-1.28708 -1.37291
-1.28622 -1.37548
-1.28693 -1.37446
-1.28853 -1.37221
-1.2883 -1.37238
-1.28654 -1.37537
-1.28757 -1.37241
-1.2875 -1.3753
-1.28713 -1.37339
-1.28624 -1.37699
-1.28546 -1.3755
-1.28704 -1.37489
-1.28872 -1.37399
-1.28693 -1.37245
-1.28874 -1.37321
-1.28816 -1.3719
-1.28679 -1.37457
-1.28601 -1.37255
-1.28942 -1.37301
-1.28814 -1.37309
-1.28732 -1.37258
-1.28698 -1.37126
-1.28946 -1.37431
-1.28601 -1.37555
-1.28617 -1.37222
-1.2886 -1.37372
-1.2862 -1.37443
-1.2885 -1.37088
-1.28723 -1.37098
-1.28874 -1.37048
-1.28692 -1.37461
-1.287 -1.36926
-1.28743 -1.37312
-1.28647 -1.37206
-1.28753 -1.37093
-1.28481 -1.37199
-1.29008 -1.37336
-1.28376 -1.37023
-1.2877 -1.37162
-1.28778 -1.3669
-1.2893 -1.36817
-1.28688 -1.3687
-1.28771 -1.37084
-1.28615 -1.36897
-1.28843 -1.36961
-1.28735 -1.36762
-1.28974 -1.36464
-1.28908 -1.3704
-1.28929 -1.37051
-1.28723 -1.36759
-1.28657 -1.37163
-1.28989 -1.3674
-1.28844 -1.36812
-1.2873 -1.37024
-1.28747 -1.37151
-1.28794 -1.36759
-1.2872 -1.36767
-1.28898 -1.3678
-1.28859 -1.36878
-1.28708 -1.36983
-1.28706 -1.36805
-1.28809 -1.36952
-1.28632 -1.36915
-1.28723 -1.36707
-1.28779 -1.36828
-1.28683 -1.36864
-1.28907 -1.36804
-1.2877 -1.3698
-1.28787 -1.37086
-1.28741 -1.36562
-1.28978 -1.36856
-1.28304 -1.37126
-1.28811 -1.36944
-1.29059 -1.36806
-1.28683 -1.37058
-1.28703 -1.36973
-1.28592 -1.372
-1.28771 -1.36571
-1.28588 -1.3742
-1.28749 -1.36906
-1.28697 -1.36641
-1.28774 -1.37028
-1.28665 -1.36985
-1.28697 -1.36748
-1.28567 -1.37032
-1.28811 -1.36791
-1.28591 -1.36931
-1.28661 -1.36957
-1.28624 -1.36868
-1.28642 -1.36697
-1.28485 -1.36914
-1.28656 -1.37072
-1.285 -1.3682
-1.28831 -1.36776
-1.28631 -1.37128
-1.28496 -1.36641
-1.2858 -1.36976
-1.28514 -1.36785
-1.28588 -1.36842
-1.28339 -1.37057
-1.29006 -1.36747
-1.28414 -1.36668
-1.28399 -1.37031
-1.28423 -1.36799
-1.28751 -1.3681
-1.28524 -1.36656
-1.28459 -1.36943
-1.28206 -1.3709
-1.2867 -1.36693
-1.28552 -1.3672
-1.28278 -1.36849
-1.28428 -1.36591
-1.2867 -1.36851
-1.28323 -1.36856
-1.28476 -1.36905
-1.28481 -1.36542
-1.28672 -1.36851
-1.28322 -1.36769
-1.28494 -1.36648
-1.28541 -1.37019
-1.2833 -1.3676
-1.28493 -1.36679
-1.28468 -1.3689
-1.28429 -1.3677
-1.28409 -1.36809
-1.28204 -1.36849
-1.28565 -1.36995
-1.283 -1.36833
-1.28109 -1.37042
-1.28411 -1.3671
-1.28454 -1.36909
-1.28312 -1.37057
-1.28511 -1.36513
-1.28249 -1.36776
-1.28486 -1.36814
-1.28243 -1.3683
-1.28526 -1.36574
-1.28148 -1.36808
-1.28438 -1.36717
-1.28354 -1.36898
-1.28327 -1.36487
-1.28218 -1.37039
-1.28202 -1.36766
-1.28506 -1.36446
-1.28218 -1.3657
-1.28034 -1.3695
-1.28334 -1.36564
-1.27937 -1.37195
-1.28259 -1.36715
-1.28164 -1.36904
-1.28119 -1.36714
-1.28398 -1.36629
-1.28302 -1.36619
-1.27998 -1.36646
-1.28381 -1.36619
-1.28247 -1.36662
-1.28636 -1.36461
-1.28175 -1.36792
-1.28175 -1.36178
-1.28139 -1.36892
-1.28259 -1.36599
-1.28111 -1.36741
-1.28108 -1.36641
-1.2819 -1.36707
-1.28066 -1.36569
-1.27926 -1.36819
-1.28194 -1.36534
-1.28112 -1.36775
-1.28344 -1.36579
-1.28045 -1.36874
-1.2843 -1.36391
-1.28176 -1.36689
-1.27985 -1.36547
-1.28402 -1.36551
-1.28068 -1.36982
-1.28103 -1.36359
-1.28182 -1.36771
-1.28255 -1.36774
-1.2808 -1.3664
-1.28414 -1.36383
-1.28051 -1.36778
-1.28268 -1.36551
-1.2816 -1.36504
-1.28319 -1.36455
-1.28213 -1.36555
-1.28643 -1.36369
-1.28023 -1.36741
-1.28128 -1.36365
-1.28222 -1.36456
-1.28509 -1.36462
-1.27999 -1.36919
-1.28327 -1.36355
-1.28197 -1.36385
-1.28261 -1.36536
-1.28177 -1.36575
-1.28306 -1.36271
-1.28197 -1.3625
-1.28115 -1.36457
-1.28281 -1.36468
-1.28115 -1.36573
-1.28432 -1.36056
-1.28344 -1.365
-1.27989 -1.36723
-1.28452 -1.36546
-1.28239 -1.36312
-1.2839 -1.3622
-1.28306 -1.3621
-1.28295 -1.36183
-1.27878 -1.36472
-1.28419 -1.36132
-1.28226 -1.3638
-1.2809 -1.36101
-1.28469 -1.36097
-1.27868 -1.36483
-1.2831 -1.36244
-1.28303 -1.3628
-1.2837 -1.36163
-1.28293 -1.36092
-1.28205 -1.36387
-1.28117 -1.36282
-1.28272 -1.36206
-1.28108 -1.36219
-1.28271 -1.36294
-1.27987 -1.36208
-1.28458 -1.3606
-1.28177 -1.36118
-1.2802 -1.36372
-1.2804 -1.36173
-1.28428 -1.36115
-1.27995 -1.35985
-1.28179 -1.36221
-1.28194 -1.36514
-1.28278 -1.3585
-1.28189 -1.36285
-1.27981 -1.36238
-1.28112 -1.36005
-1.28015 -1.36308
-1.28461 -1.36214
-1.27995 -1.35879
-1.28271 -1.35863
-1.28144 -1.36296
-1.28211 -1.35779
-1.28139 -1.36026
-1.28413 -1.35713
-1.28332 -1.35633
-1.28316 -1.35666
-1.28106 -1.35981
-1.28219 -1.35835
-1.28051 -1.35586
-1.28214 -1.35764
-1.28355 -1.35845
-1.2812 -1.35779
-1.28161 -1.35907
-1.28206 -1.35793
-1.28403 -1.35673
-1.27956 -1.36192
-1.28446 -1.35838
-1.28137 -1.35706
-1.28215 -1.35706
-1.28087 -1.35743
-1.28164 -1.3575
-1.28104 -1.35702
-1.28338 -1.35637
-1.2818 -1.35784
-1.28083 -1.35686
-1.28205 -1.35862
-1.27864 -1.35626
-1.28425 -1.36156
-1.28059 -1.3566
-1.28001 -1.35935
-1.28346 -1.35492
-1.27931 -1.36024
-1.27969 -1.35504
-1.28137 -1.36099
-1.28084 -1.35789
-1.28335 -1.35479
-1.28122 -1.35856
-1.27821 -1.36024
-1.2834 -1.35733
-1.28061 -1.35811
-1.27975 -1.35791
-1.27932 -1.35956
-1.28151 -1.35874
-1.28228 -1.35963
-1.27981 -1.35634
-1.28105 -1.35747
-1.28169 -1.35688
-1.27979 -1.35779
-1.27944 -1.35957
-1.28063 -1.35652
-1.27916 -1.35912
-1.28286 -1.35708
-1.27785 -1.3601
-1.27969 -1.36203
-1.27836 -1.36077
-1.27944 -1.35733
-1.28048 -1.35956
-1.27681 -1.36017
-1.28144 -1.36195
-1.27999 -1.35676
-1.27941 -1.35929
-1.27897 -1.35748
-1.27857 -1.35905
-1.27975 -1.3589
-1.28203 -1.35781
-1.2791 -1.35721
-1.27837 -1.3587
-1.28131 -1.35592
-1.28064 -1.35853
-1.28015 -1.3578
-1.28046 -1.35806
-1.28026 -1.35728
-1.28102 -1.36041
-1.28121 -1.35493
-1.28074 -1.36077
