0 0
-0.0526319 -0.0495056
-0.104259 -0.0981654
-0.154861 -0.14594
-0.204445 -0.192741
-0.252946 -0.238662
-0.300361 -0.28392
-0.346596 -0.327547
-0.392029 -0.371236
-0.436387 -0.413289
-0.479491 -0.454907
-0.521385 -0.495029
-0.562578 -0.53472
-0.602409 -0.573325
-0.640846 -0.610736
-0.679269 -0.64831
-0.715473 -0.682939
-0.750875 -0.717865
-0.785156 -0.752231
-0.818608 -0.783777
-0.849523 -0.81735
-0.882206 -0.847017
-0.910959 -0.877449
-0.939293 -0.907779
-0.967861 -0.934482
-0.993154 -0.961674
-1.01857 -0.986361
-1.04051 -1.01331
-1.06544 -1.03748
-1.08456 -1.06009
-1.10451 -1.08444
-1.10482 -1.08275
-1.10688 -1.08261
-1.1047 -1.08453
-1.10572 -1.08288
-1.10551 -1.08236
-1.10659 -1.08444
-1.10354 -1.08318
-1.1066 -1.08274
-1.10652 -1.08215
-1.1047 -1.08502
-1.10391 -1.08278
-1.10655 -1.08329
-1.10351 -1.0833
-1.1057 -1.08295
-1.10484 -1.08439
-1.10403 -1.0833
-1.10494 -1.08338
-1.1042 -1.08129
-1.10288 -1.08579
-1.10434 -1.08059
-1.10579 -1.08377
-1.10468 -1.0825
-1.1054 -1.08122
-1.10428 -1.08303
-1.10363 -1.08288
-1.10703 -1.08156
-1.10341 -1.08473
-1.10568 -1.07939
-1.10324 -1.08448
-1.10672 -1.08211
-1.10334 -1.08294
-1.10263 -1.08394
-1.10596 -1.0817
-1.10372 -1.08237
-1.10252 -1.08363
-1.10504 -1.0809
-1.10533 -1.08411
-1.10521 -1.08253
-1.10411 -1.08224
-1.10406 -1.08245
-1.10685 -1.08112
-1.10453 -1.08258
-1.10375 -1.08231
-1.10565 -1.08101
-1.10324 -1.0842
-1.10553 -1.08075
-1.10459 -1.08276
-1.10415 -1.08205
-1.10599 -1.08176
-1.1034 -1.08293
-1.10365 -1.08335
-1.10531 -1.08143
-1.1036 -1.08335
-1.10295 -1.08309
-1.10694 -1.0815
-1.09988 -1.08573
-1.10484 -1.08216
-1.10238 -1.08225
-1.10232 -1.08362
-1.10345 -1.08369
-1.10452 -1.08145
-1.10217 -1.08534
-1.10296 -1.08143
-1.10261 -1.08162
-1.10322 -1.08118
-1.10309 -1.0829
-1.10287 -1.08225
-1.10497 -1.08204
-1.10335 -1.08257
-1.10208 -1.08066
-1.10528 -1.08188
-1.10075 -1.08188
-1.10322 -1.08043
-1.10284 -1.0825
-1.10315 -1.08137
-1.10135 -1.08356
-1.10248 -1.0819
-1.10349 -1.07997
-1.10113 -1.08624
-1.10357 -1.08001
-1.10252 -1.08226
-1.10136 -1.08281
-1.10134 -1.08354
-1.10218 -1.08211
-1.10129 -1.08185
-1.10098 -1.08379
-1.10317 -1.07862
-1.10241 -1.08229
-1.10169 -1.08209
-1.10127 -1.08176
-1.10196 -1.08091
-1.10225 -1.08238
-1.10094 -1.08249
-1.10167 -1.08123
-1.10258 -1.08259
-1.10022 -1.08197
-1.10142 -1.07962
-1.102 -1.08367
-1.10202 -1.08179
-1.10042 -1.0832
-1.10134 -1.08152
-1.09951 -1.08329
-1.10215 -1.08243
-1.10258 -1.0811
-1.09974 -1.08152
-1.10129 -1.08265
-1.10008 -1.08211
-1.10435 -1.08205
-1.10055 -1.08223
-1.10185 -1.08149
-1.10202 -1.07974
-1.10151 -1.08175
-1.10126 -1.08171
-1.10227 -1.08064
-1.10007 -1.08232
-1.10176 -1.08221
-1.10162 -1.08066
-1.10031 -1.08542
-1.09943 -1.08047
-1.10139 -1.07912
-1.0978 -1.08636
-1.10162 -1.07781
-1.10104 -1.08165
-1.09953 -1.08253
-1.10226 -1.08017
-1.10257 -1.08139
-1.10002 -1.08212
-1.10113 -1.08176
-1.10134 -1.08129
-1.10147 -1.08004
-1.09765 -1.08259
-1.10244 -1.08054
-1.0997 -1.08178
-1.10125 -1.08189
-1.10075 -1.0808
-1.10093 -1.07991
-1.10084 -1.08113
-1.10034 -1.08412
-1.10141 -1.0791
-1.09944 -1.08298
-1.10221 -1.07901
-1.10211 -1.08105
-1.09891 -1.08108
-1.1028 -1.08064
-1.09942 -1.08227
-1.10053 -1.08069
-1.10121 -1.0803
-1.10132 -1.08116
-1.10185 -1.0788
-1.09914 -1.08381
-1.10333 -1.07768
-1.09872 -1.08268
-1.10286 -1.0779
-1.10071 -1.08163
-1.10224 -1.07802
-1.09811 -1.08405
-1.10344 -1.07722
-1.09909 -1.08124
-1.10168 -1.08069
-1.10185 -1.07889
-1.09953 -1.08193
-1.10181 -1.079
-1.10009 -1.08033
-1.10054 -1.08251
-1.10213 -1.0787
-1.10055 -1.08084
-1.10012 -1.08127
-1.10132 -1.07867
-1.10135 -1.07952
-1.0998 -1.08095
-1.10164 -1.08086
-1.0989 -1.08062
-1.10209 -1.07816
-1.0983 -1.08194
-1.10036 -1.07946
-1.10184 -1.08075
-1.09996 -1.0782
-1.09969 -1.08039
-1.09926 -1.07991
-1.09996 -1.08035
-1.10025 -1.07958
-1.09984 -1.07951
-1.10024 -1.08055
-1.10012 -1.07861
-1.10021 -1.0804
-1.09924 -1.07936
-1.09843 -1.08123
-1.10091 -1.07772
-1.09814 -1.0809
-1.09993 -1.07829
-1.0985 -1.08093
-1.1015 -1.07693
-1.09797 -1.0799
-1.10057 -1.07949
-1.10025 -1.07793
-1.10097 -1.08058
-1.09755 -1.07975
-1.10186 -1.07747
-1.0977 -1.08222
-1.09958 -1.07699
-1.09865 -1.08056
-1.10005 -1.0797
-1.09697 -1.08138
-1.1009 -1.07589
-1.0952 -1.08166
-1.10002 -1.07751
-1.09988 -1.07785
-1.09777 -1.08083
-1.1 -1.07555
-1.09722 -1.08153
-1.09876 -1.07629
-1.0988 -1.07832
-1.09744 -1.07863
-1.09877 -1.07913
-1.09895 -1.07634
-1.09875 -1.08017
-1.09757 -1.07822
-1.09929 -1.07795
-1.09746 -1.07779
-1.0987 -1.07896
-1.09987 -1.0773
-1.09578 -1.08122
-1.09921 -1.07727
-1.09743 -1.07953
-1.09659 -1.07968
-1.10148 -1.07649
-1.09608 -1.08011
-1.09735 -1.07875
-1.09636 -1.07849
-1.09902 -1.07834
-1.09619 -1.08036
-1.09787 -1.07749
-1.09731 -1.08073
-1.0972 -1.07826
-1.09651 -1.08023
-1.09704 -1.07935
-1.09566 -1.07929
-1.09748 -1.08084
-1.09614 -1.07924
-1.09814 -1.08035
-1.09602 -1.07791
-1.09818 -1.07986
-1.09526 -1.07962
-1.09835 -1.07909
-1.09715 -1.08086
-1.09917 -1.07534
-1.09638 -1.08119
-1.09842 -1.07727
-1.09654 -1.07901
-1.09741 -1.07859
-1.09816 -1.07939
-1.0963 -1.07844
-1.09865 -1.07729
-1.09496 -1.08075
-1.09885 -1.07729
-1.09613 -1.07922
-1.09652 -1.07911
-1.09791 -1.07726
-1.09694 -1.08005
-1.09695 -1.0791
-1.09663 -1.07614
-1.09573 -1.08021
-1.09659 -1.07984
-1.09679 -1.07723
-1.09708 -1.07877
-1.09709 -1.07959
-1.09566 -1.0792
-1.09744 -1.07989
-1.09565 -1.0793
-1.09707 -1.07768
-1.09847 -1.07824
-1.09656 -1.07883
-1.09491 -1.07969
-1.09854 -1.07677
-1.09472 -1.08174
-1.09584 -1.07556
-1.09597 -1.0791
-1.09577 -1.07999
-1.09834 -1.07848
-1.09528 -1.07857
-1.09633 -1.07865
-1.09622 -1.0783
-1.09423 -1.07967
-1.09714 -1.07655
-1.09644 -1.07998
-1.09462 -1.07816
-1.09526 -1.08024
-1.09804 -1.07643
-1.09585 -1.08106
-1.09625 -1.07762
-1.09728 -1.0781
-1.09399 -1.08038
-1.09728 -1.07686
-1.09719 -1.07812
-1.09613 -1.08001
-1.09795 -1.07569
-1.09693 -1.07844
-1.09437 -1.07876
-1.09792 -1.07797
-1.09592 -1.07823
-1.09689 -1.07898
-1.09542 -1.07705
-1.09711 -1.07766
-1.09652 -1.07849
-1.09639 -1.0783
-1.09609 -1.07667
-1.09574 -1.08
-1.09813 -1.07722
-1.09624 -1.07911
-1.09888 -1.07767
-1.09379 -1.08029
-1.09697 -1.07779
-1.09752 -1.07706
-1.09442 -1.07988
-1.09631 -1.07747
-1.09455 -1.07882
-1.09719 -1.07793
-1.09501 -1.07856
-1.09549 -1.07775
-1.09547 -1.07671
-1.09628 -1.07766
-1.09433 -1.07828
-1.0951 -1.07762
-1.09596 -1.07735
-1.09515 -1.07758
-1.0962 -1.07764
-1.09678 -1.07629
-1.09678 -1.07845
-1.0945 -1.07775
-1.09533 -1.07602
-1.09478 -1.07807
-1.09452 -1.07734
-1.09682 -1.07517
-1.09255 -1.07966
-1.09646 -1.07573
-1.09353 -1.07659
-1.09395 -1.07887
-1.09583 -1.0786
-1.09324 -1.07678
-1.09604 -1.07737
-1.09692 -1.07629
-1.09378 -1.07918
-1.09697 -1.07587
-1.09337 -1.07702
-1.0952 -1.07966
-1.09455 -1.07626
-1.09444 -1.07887
-1.09285 -1.07733
-1.09338 -1.07913
-1.09549 -1.0773
-1.09513 -1.07942
-1.09471 -1.07729
-1.09385 -1.07837
-1.09488 -1.07918
-1.09472 -1.07694
-1.09398 -1.07941
-1.09366 -1.07808
-1.09321 -1.07815
-1.09435 -1.07723
-1.09359 -1.08123
-1.09585 -1.07685
-1.09336 -1.0794
-1.09299 -1.07783
-1.09401 -1.07777
-1.09442 -1.07932
-1.09578 -1.07804
-1.09236 -1.07847
-1.09674 -1.07669
-1.09401 -1.08025
-1.09456 -1.07465
-1.09324 -1.0786
-1.09529 -1.07989
-1.09311 -1.07714
-1.09392 -1.07761
-1.09432 -1.07659
-1.09341 -1.07861
-1.09688 -1.07476
-1.09194 -1.08016
-1.09519 -1.0757
-1.09384 -1.07668
-1.09322 -1.07855
-1.09529 -1.07545
-1.09362 -1.07752
-1.09632 -1.07692
-1.09326 -1.07641
-1.09344 -1.07679
-1.09585 -1.07562
-1.09216 -1.07932
-1.09627 -1.07597
-1.09167 -1.07818
-1.09505 -1.07625
-1.09306 -1.07792
-1.09452 -1.07624
-1.09375 -1.07601
-1.09285 -1.07825
-1.09414 -1.07496
-1.09447 -1.07762
-1.09334 -1.07677
-1.09471 -1.07597
-1.09526 -1.07793
-1.0945 -1.07465
-1.09298 -1.07758
-1.09592 -1.07407
-1.09329 -1.07847
-1.09289 -1.0757
-1.09421 -1.07405
-1.09336 -1.0776
-1.09357 -1.07543
-1.09311 -1.07857
-1.0939 -1.07381
-1.09493 -1.07982
-1.09411 -1.07383
-1.09325 -1.07794
-1.09477 -1.07543
-1.09475 -1.07688
-1.09322 -1.07727
-1.09466 -1.07607
-1.0942 -1.07365
-1.09423 -1.078
-1.09371 -1.07562
-1.09505 -1.07499
-1.09502 -1.07657
-1.09384 -1.07495
-1.09348 -1.07762
-1.09576 -1.07257
-1.09399 -1.07555
-1.09496 -1.07564
-1.09375 -1.07388
-1.09643 -1.0764
-1.0936 -1.07684
-1.09599 -1.07462
-1.09409 -1.07453
-1.09514 -1.07571
-1.09378 -1.07516
-1.09358 -1.07552
-1.09485 -1.07511
-1.09445 -1.07406
-1.09302 -1.07421
-1.09398 -1.07724
-1.09476 -1.07319
-1.09511 -1.07444
-1.09311 -1.07443
-1.09467 -1.07514
-1.09373 -1.07531
-1.09661 -1.07321
-1.09338 -1.07488
-1.09488 -1.07419
-1.09647 -1.07471
-1.09375 -1.0773
-1.09511 -1.07499
-1.09472 -1.07348
-1.09338 -1.07595
-1.09318 -1.07787
-1.09432 -1.07237
-1.09373 -1.07537
-1.09615 -1.07537
-1.09324 -1.07464
-1.09545 -1.07383
-1.09519 -1.07458
-1.09389 -1.07458
-1.09409 -1.07316
-1.09549 -1.07539
-1.09496 -1.07339
-1.09524 -1.07486
-1.09471 -1.07323
-1.09489 -1.07405
-1.09345 -1.07572
-1.09564 -1.06993
-1.09366 -1.07358
-1.09309 -1.07542
-1.09489 -1.06994
-1.0931 -1.07462
-1.09346 -1.07367
-1.09579 -1.07235
-1.09264 -1.07351
-1.09394 -1.07331
-1.09468 -1.07192
-1.09144 -1.07481
-1.09582 -1.06975
-1.09306 -1.07439
-1.09427 -1.07341
-1.09293 -1.07423
-1.09454 -1.07096
-1.09288 -1.07437
-1.09613 -1.0728
-1.09465 -1.07297
-1.09258 -1.07351
-1.09629 -1.07203
-1.09308 -1.07569
-1.09523 -1.07214
-1.09359 -1.0729
-1.09533 -1.07133
-1.09267 -1.07752
-1.09547 -1.06994
-1.09707 -1.0734
-1.09226 -1.07438
-1.09573 -1.07164
-1.09363 -1.07284
-1.09245 -1.07416
-1.09656 -1.07216
-1.09253 -1.07428
-1.09255 -1.07248
-1.09499 -1.07212
-1.09237 -1.07454
-1.09333 -1.07254
-1.09573 -1.06998
-1.09138 -1.07318
-1.09383 -1.07354
-1.09346 -1.07256
-1.09336 -1.07243
-1.09425 -1.07224
-1.09399 -1.0733
-1.09289 -1.07249
-1.0926 -1.07505
-1.09644 -1.07109
-1.09148 -1.07369
-1.0927 -1.07313
-1.09355 -1.07151
-1.09353 -1.0749
-1.09264 -1.07229
-1.09439 -1.07302
-1.09312 -1.07234
-1.09287 -1.07348
-1.09281 -1.07213
-1.09242 -1.07157
-1.09371 -1.07138
-1.09145 -1.07573
-1.09291 -1.07052
-1.09267 -1.07195
-1.09112 -1.07368
-1.0929 -1.0727
-1.09368 -1.07111
-1.09212 -1.07381
-1.09202 -1.07054
-1.09147 -1.07424
-1.09168 -1.07347
-1.09462 -1.06861
-1.08864 -1.07325
-1.09427 -1.07199
-1.09102 -1.07259
-1.09243 -1.07041
-1.09225 -1.07136
-1.08943 -1.07333
-1.09361 -1.06873
-1.08993 -1.07533
-1.09184 -1.06917
-1.09213 -1.07248
-1.09174 -1.07018
-1.08979 -1.07375
-1.08998 -1.07164
-1.09488 -1.06928
-1.08874 -1.07267
-1.09012 -1.07238
-1.09185 -1.07054
-1.08943 -1.07217
-1.09011 -1.07215
-1.09016 -1.0714
-1.08976 -1.07124
-1.09117 -1.07161
-1.0889 -1.07298
-1.09187 -1.0704
-1.08833 -1.07175
-1.09183 -1.07408
-1.09096 -1.0692
-1.08748 -1.07497
-1.09189 -1.06839
-1.09149 -1.07301
-1.08951 -1.07266
-1.09185 -1.06954
-1.09075 -1.07138
-1.08963 -1.07124
-1.09343 -1.06892
-1.08971 -1.07344
-1.09325 -1.06947
-1.08961 -1.0706
-1.09204 -1.07119
-1.09125 -1.07064
-1.09137 -1.07039
-1.09094 -1.07226
-1.09214 -1.06806
-1.09045 -1.07325
-1.09209 -1.06899
-1.08994 -1.07152
-1.0909 -1.07004
-1.0908 -1.07005
-1.09116 -1.0721
-1.09076 -1.06807
-1.09099 -1.0716
-1.09029 -1.07169
-1.09 -1.06898
-1.09006 -1.07017
-1.08899 -1.07189
-1.09179 -1.06899
-1.09031 -1.07004
-1.0894 -1.07139
-1.09049 -1.07122
-1.09098 -1.07087
-1.0904 -1.07147
-1.09069 -1.07002
-1.09067 -1.07305
-1.09068 -1.06838
-1.08848 -1.07234
-1.09208 -1.07014
-1.08992 -1.07099
-1.09115 -1.06862
-1.09007 -1.07046
-1.09094 -1.06997
-1.08906 -1.07048
-1.09267 -1.069
-1.08872 -1.07146
-1.09116 -1.06905
-1.09037 -1.07054
-1.09001 -1.07056
-1.09087 -1.07059
-1.09037 -1.06826
-1.09075 -1.07296
-1.09112 -1.06781
-1.08919 -1.06915
-1.08916 -1.07149
-1.09177 -1.06778
-1.08807 -1.07093
-1.09284 -1.06884
-1.08909 -1.07016
-1.08934 -1.07033
-1.0905 -1.06753
-1.08865 -1.07087
-1.08988 -1.06807
-1.09005 -1.07019
-1.09033 -1.06652
-1.0897 -1.07091
-1.08922 -1.06738
-1.08929 -1.07107
-1.09256 -1.06633
-1.08853 -1.07035
-1.09102 -1.06675
-1.08802 -1.07283
-1.09172 -1.06592
-1.08929 -1.06941
-1.08901 -1.06851
-1.09002 -1.07065
-1.09085 -1.0669
-1.08937 -1.07063
-1.08862 -1.06901
-1.09152 -1.06848
-1.08908 -1.07029
-1.08919 -1.0693
-1.09064 -1.06761
-1.08729 -1.07096
-1.09184 -1.06784
-1.09021 -1.06959
-1.09107 -1.06848
-1.08767 -1.06989
-1.09165 -1.0675
-1.08704 -1.07142
-1.0931 -1.06518
-1.09001 -1.07049
-1.09056 -1.06825
-1.08941 -1.06804
-1.08965 -1.07042
-1.09128 -1.06886
-1.0889 -1.06856
-1.09028 -1.06928
-1.0882 -1.06825
-1.09132 -1.06777
-1.08813 -1.06903
-1.08983 -1.06897
-1.09003 -1.06648
-1.08801 -1.07245
-1.08942 -1.06763
-1.09126 -1.06986
-1.09045 -1.06889
-1.08812 -1.07037
-1.09032 -1.0675
-1.0887 -1.07014
-1.08911 -1.06877
-1.09045 -1.06914
-1.09063 -1.06883
-1.08977 -1.0695
-1.08883 -1.07018
-1.09023 -1.06782
-1.08932 -1.06683
-1.08839 -1.07331
-1.09106 -1.06599
-1.08943 -1.06829
-1.09007 -1.06912
-1.08925 -1.06824
-1.08854 -1.06953
-1.0909 -1.06882
-1.08941 -1.06969
-1.08961 -1.06996
-1.09059 -1.06608
-1.0885 -1.07213
-1.09057 -1.06633
-1.08779 -1.07144
-1.09134 -1.06635
-1.09003 -1.06722
-1.08808 -1.07258
-1.09072 -1.06718
-1.09089 -1.07069
-1.08999 -1.06668
-1.09177 -1.06766
-1.09015 -1.06846
-1.08958 -1.06954
-1.09172 -1.06753
-1.08897 -1.06803
-1.0905 -1.0691
-1.09014 -1.06852
-1.08954 -1.06829
-1.09023 -1.06884
-1.08921 -1.06936
-1.08984 -1.06711
-1.09023 -1.0681
-1.08935 -1.07004
-1.09006 -1.06632
-1.09169 -1.06812
-1.09037 -1.06798
-1.08955 -1.06799
-1.09253 -1.06826
-1.08945 -1.06915
-1.09142 -1.06682
-1.08936 -1.06968
-1.09268 -1.06428
-1.08895 -1.07027
-1.09142 -1.06612
-1.09039 -1.06786
-1.0911 -1.06872
-1.08961 -1.06683
-1.09101 -1.068
-1.08977 -1.06625
-1.09045 -1.0672
-1.09109 -1.06531
-1.09036 -1.06883
-1.09022 -1.06769
-1.09189 -1.06334
-1.08946 -1.06816
-1.08896 -1.06638
-1.09099 -1.066
-1.08899 -1.06818
-1.0903 -1.06514
-1.08957 -1.0653
-1.08885 -1.06872
-1.08924 -1.06689
-1.08959 -1.06515
-1.08983 -1.06615
-1.08993 -1.06588
-1.09029 -1.06666
-1.09017 -1.06511
-1.09111 -1.06781
-1.089 -1.06842
-1.09098 -1.06463
-1.08854 -1.06674
-1.08992 -1.06573
-1.09013 -1.06751
-1.09104 -1.06509
-1.08988 -1.06774
-1.09301 -1.0652
-1.08929 -1.06793
-1.08909 -1.06521
-1.09108 -1.06389
-1.08767 -1.06935
-1.08955 -1.06342
-1.0883 -1.06566
-1.08914 -1.06612
-1.09084 -1.06368
-1.08884 -1.06769
-1.0887 -1.06435
-1.09136 -1.065
-1.08683 -1.06781
-1.09086 -1.06437
-1.08904 -1.06388
-1.0878 -1.06522
-1.08779 -1.06687
-1.08989 -1.06315
-1.08801 -1.0672
-1.08878 -1.06421
-1.08895 -1.06631
-1.08874 -1.06509
-1.08924 -1.0644
-1.08693 -1.06663
-1.08859 -1.06332
-1.08698 -1.06505
-1.08815 -1.06487
-1.08691 -1.06664
-1.0876 -1.06465
-1.0884 -1.06439
-1.08644 -1.06625
-1.08593 -1.06814
-1.08911 -1.06345
-1.08518 -1.06505
-1.087 -1.06482
-1.08597 -1.06591
-1.08838 -1.06499
-1.08659 -1.06428
-1.08856 -1.0662
-1.08672 -1.06423
-1.08779 -1.06449
-1.08649 -1.06487
-1.08746 -1.06552
-1.08694 -1.06581
-1.08769 -1.06589
-1.08709 -1.06475
-1.08805 -1.06431
-1.08816 -1.06473
-1.08772 -1.06512
-1.08831 -1.06537
-1.08693 -1.06362
-1.08745 -1.06468
-1.08861 -1.06346
-1.08774 -1.06438
-1.08845 -1.06393
-1.08729 -1.06339
-1.08743 -1.06315
-1.08819 -1.06486
-1.0871 -1.06214
-1.08906 -1.0639
-1.08682 -1.06438
-1.08773 -1.06149
-1.08916 -1.06437
-1.08763 -1.06206
-1.08744 -1.06416
-1.08808 -1.06332
-1.08758 -1.06228
-1.08791 -1.06487
-1.09006 -1.06158
-1.0867 -1.06354
-1.08859 -1.06372
-1.08679 -1.06099
-1.0877 -1.06427
-1.08958 -1.06194
-1.08617 -1.06325
-1.08775 -1.06384
-1.08761 -1.06315
-1.08771 -1.06269
-1.08851 -1.06389
-1.0856 -1.06115
-1.08737 -1.06359
-1.08749 -1.06454
-1.08663 -1.06411
-1.08917 -1.06157
-1.0889 -1.06256
-1.08625 -1.0632
-1.08779 -1.06159
-1.08721 -1.06297
-1.08898 -1.06355
-1.08793 -1.06053
-1.08762 -1.06419
-1.08843 -1.06224
-1.08912 -1.06098
-1.08492 -1.06347
-1.08869 -1.06188
-1.08571 -1.06288
-1.09039 -1.06105
-1.08499 -1.06544
-1.08772 -1.06185
-1.08713 -1.06294
-1.08991 -1.06175
-1.08619 -1.06341
-1.08766 -1.06263
-1.08733 -1.06131
-1.08969 -1.06379
-1.08685 -1.06028
-1.08764 -1.06476
-1.0888 -1.06121
-1.08729 -1.06273
-1.0878 -1.06277
-1.08952 -1.05973
-1.08584 -1.06558
-1.08943 -1.06098
-1.08957 -1.0611
-1.08916 -1.06151
-1.087 -1.06202
-1.08824 -1.06199
-1.09051 -1.06068
-1.0864 -1.06253
-1.09016 -1.06015
-1.08742 -1.06281
-1.08788 -1.06265
-1.08731 -1.06072
-1.08745 -1.06346
-1.08872 -1.06007
-1.08857 -1.06339
-1.08751 -1.06153
-1.08759 -1.06043
-1.08681 -1.0615
-1.08783 -1.06155
-1.08762 -1.06092
-1.08676 -1.06294
-1.08688 -1.06167
-1.08771 -1.06146
-1.08589 -1.06082
-1.08667 -1.06125
-1.0878 -1.06141
-1.08546 -1.06158
-1.089 -1.06367
-1.08741 -1.06105
-1.08653 -1.0604
-1.08608 -1.0635
-1.08932 -1.06004
-1.08418 -1.06291
-1.08822 -1.063
-1.08516 -1.06088
-1.08752 -1.06373
-1.08856 -1.05846
-1.08432 -1.06345
-1.08786 -1.06211
-1.08647 -1.06144
-1.08695 -1.06113
-1.08672 -1.06269
-1.08708 -1.05835
-1.08542 -1.06319
-1.08657 -1.06008
-1.08761 -1.0613
-1.08639 -1.06211
-1.08735 -1.06006
-1.08681 -1.06086
-1.08833 -1.06101
-1.0871 -1.06125
-1.08659 -1.06111
-1.08802 -1.05926
-1.086 -1.06339
-1.08656 -1.06039
-1.08677 -1.06067
-1.08465 -1.06179
-1.0873 -1.0594
-1.08468 -1.06176
-1.08865 -1.06037
-1.08535 -1.06149
-1.08751 -1.06263
-1.08747 -1.05744
-1.08503 -1.06273
-1.08771 -1.06039
-1.08771 -1.0596
-1.08557 -1.06181
-1.08655 -1.06083
-1.08724 -1.05753
-1.08709 -1.06252
-1.08656 -1.05983
-1.08689 -1.05905
-1.08672 -1.06124
-1.08583 -1.06143
-1.08785 -1.05694
-1.08503 -1.06255
-1.08763 -1.05958
-1.08746 -1.05776
-1.08633 -1.0601
-1.08631 -1.06108
-1.08744 -1.05609
-1.08664 -1.05829
-1.08422 -1.06022
-1.08931 -1.0579
-1.08579 -1.05918
-1.08625 -1.05863
-1.0872 -1.05909
-1.08531 -1.05823
-1.08805 -1.05998
-1.08556 -1.05923
-1.08538 -1.05854
-1.08769 -1.05972
-1.08508 -1.05919
-1.08754 -1.05863
-1.08681 -1.05676
-1.08552 -1.06028
-1.08586 -1.05934
-1.08796 -1.05835
-1.08637 -1.0591
-1.08751 -1.05785
-1.08596 -1.06031
-1.08748 -1.05579
-1.0854 -1.06038
-1.08753 -1.05826
-1.08575 -1.05797
-1.08914 -1.05816
-1.08622 -1.05841
-1.08774 -1.05834
-1.08713 -1.0579
-1.08641 -1.05949
-1.0865 -1.05735
-1.08753 -1.05759
-1.08634 -1.05868
-1.08641 -1.05737
-1.08792 -1.0575
-1.08529 -1.06012
-1.08881 -1.0558
-1.08736 -1.05755
-1.08601 -1.06078
-1.08759 -1.05557
-1.08715 -1.05969
-1.08654 -1.05871
-1.08697 -1.05641
-1.08765 -1.05719
-1.08739 -1.05614
-1.08597 -1.05929
-1.08766 -1.05925
-1.08705 -1.05601
-1.08684 -1.05851
-1.08657 -1.05673
-1.0866 -1.05968
-1.08817 -1.05598
-1.08672 -1.05683
-1.08593 -1.06029
-1.09138 -1.05523
-1.08697 -1.059
-1.08747 -1.05824
-1.08753 -1.05625
-1.08847 -1.05718
-1.08703 -1.05645
-1.0869 -1.06091
-1.08827 -1.05356
-1.08815 -1.05915
-1.08712 -1.05781
-1.08675 -1.05732
-1.08849 -1.05623
-1.08865 -1.05591
-1.08602 -1.06068
-1.08983 -1.05521
-1.08674 -1.05856
-1.08847 -1.05732
-1.08685 -1.05742
-1.08873 -1.05677
-1.08556 -1.05774
-1.08901 -1.054
-1.08871 -1.05767
-1.08663 -1.05747
-1.08904 -1.05478
-1.08693 -1.0584
-1.08707 -1.05512
-1.08624 -1.05718
-1.08685 -1.05633
-1.08779 -1.0563
-1.08531 -1.05721
-1.08716 -1.05743
-1.08731 -1.05507
-1.08605 -1.05761
-1.08903 -1.05638
-1.08651 -1.05562
-1.0874 -1.05819
-1.08591 -1.0563
-1.08887 -1.05464
-1.08569 -1.05732
-1.08727 -1.05662
-1.08755 -1.05523
-1.08686 -1.05618
-1.08766 -1.05634
-1.08568 -1.05581
-1.08743 -1.0565
-1.08783 -1.05558
-1.08771 -1.05554
-1.08689 -1.05614
-1.08832 -1.0555
-1.0864 -1.05708
-1.08755 -1.0562
-1.08779 -1.05563
-1.08726 -1.05469
-1.08761 -1.05602
-1.0889 -1.05594
-1.08702 -1.05631
-1.08419 -1.05641
-1.08889 -1.05471
-1.08569 -1.05599
-1.08778 -1.05716
-1.08617 -1.05661
-1.08767 -1.05627
-1.08784 -1.05463
-1.08519 -1.05734
-1.08766 -1.05527
-1.08613 -1.05893
-1.08895 -1.05486
-1.08458 -1.05628
-1.0878 -1.05517
-1.08601 -1.05714
-1.08859 -1.05603
-1.08549 -1.05657
-1.0868 -1.05634
-1.08873 -1.0567
-1.08615 -1.05657
-1.08814 -1.05494
-1.08616 -1.05683
-1.08681 -1.0532
-1.08588 -1.05833
-1.08889 -1.05392
-1.08561 -1.05802
-1.08997 -1.05491
-1.08454 -1.05572
-1.08686 -1.05691
-1.08911 -1.0541
-1.08586 -1.05726
-1.08701 -1.05446
-1.08715 -1.05403
-1.08593 -1.05598
-1.08861 -1.05442
-1.08431 -1.05622
-1.08851 -1.05431
-1.08609 -1.05711
-1.08677 -1.05541
-1.08646 -1.0545
-1.08518 -1.05737
-1.08808 -1.05502
-1.08465 -1.05552
-1.08651 -1.05531
-1.08523 -1.05798
-1.08603 -1.05483
-1.08747 -1.05525
-1.08281 -1.05774
-1.08807 -1.05224
-1.08512 -1.05724
-1.08635 -1.05423
-1.08606 -1.05707
-1.08631 -1.05545
-1.0852 -1.05589
-1.08566 -1.05487
-1.08473 -1.05681
-1.08676 -1.05533
-1.08565 -1.05737
-1.08589 -1.0537
-1.08571 -1.05663
-1.08376 -1.05752
-1.08879 -1.05223
-1.08496 -1.05746
-1.08582 -1.05519
-1.08719 -1.05414
-1.08492 -1.05612
-1.08615 -1.05705
-1.08581 -1.05605
-1.08573 -1.05487
-1.08688 -1.05634
-1.08475 -1.05442
-1.08652 -1.05516
-1.08597 -1.05477
-1.08457 -1.05823
-1.08672 -1.05307
-1.08418 -1.05699
-1.08686 -1.0566
-1.08412 -1.05554
-1.08555 -1.05536
-1.08606 -1.05556
-1.08351 -1.05715
-1.08509 -1.05598
-1.08634 -1.05576
-1.08401 -1.0569
-1.08453 -1.05552
-1.08564 -1.05413
-1.08245 -1.05763
-1.0873 -1.05357
-1.08306 -1.05652
-1.08676 -1.05587
-1.08362 -1.05595
-1.08497 -1.05524
-1.08341 -1.05531
-1.08544 -1.0541
-1.08236 -1.05773
-1.08694 -1.05201
-1.08499 -1.05805
-1.08276 -1.05653
-1.08673 -1.05256
-1.08271 -1.05727
-1.08318 -1.05536
-1.08659 -1.05381
-1.08239 -1.05503
-1.08513 -1.05621
-1.08476 -1.05406
-1.08521 -1.05503
-1.08493 -1.05642
-1.08483 -1.05474
-1.08634 -1.05416
-1.08519 -1.05565
-1.08458 -1.05272
-1.08424 -1.05692
-1.08538 -1.05389
-1.08454 -1.05507
-1.08337 -1.05611
-1.08568 -1.05364
-1.08464 -1.05512
-1.08359 -1.05702
-1.08684 -1.05293
-1.08332 -1.05531
-1.08389 -1.05462
-1.08205 -1.05576
-1.08548 -1.05371
-1.08414 -1.0544
-1.08303 -1.05728
-1.08448 -1.05314
-1.08439 -1.05451
-1.08194 -1.05448
-1.08519 -1.05508
-1.08427 -1.05381
-1.08081 -1.05654
-1.08467 -1.05664
-1.08398 -1.05242
-1.08272 -1.05537
-1.08532 -1.05566
-1.08331 -1.05365
-1.0836 -1.05577
-1.08526 -1.0522
-1.0841 -1.05527
-1.083 -1.05508
-1.08616 -1.05371
-1.08019 -1.0552
-1.08622 -1.05332
-1.0838 -1.0546
-1.08201 -1.05496
-1.08574 -1.05264
-1.08246 -1.05497
-1.08417 -1.05356
-1.0836 -1.05671
-1.08488 -1.05233
-1.08108 -1.0562
-1.08444 -1.05377
-1.08227 -1.05473
-1.08339 -1.05548
-1.08382 -1.05289
-1.08147 -1.05459
-1.08466 -1.05556
-1.08254 -1.05514
-1.08494 -1.0544
-1.08363 -1.05232
-1.08129 -1.05708
-1.08642 -1.05326
-1.08457 -1.05553
-1.08333 -1.05357
-1.08297 -1.05671
-1.0815 -1.05292
-1.08336 -1.05601
-1.08196 -1.05464
-1.08432 -1.05489
-1.08404 -1.05357
-1.08231 -1.05394
-1.08244 -1.05527
-1.08312 -1.05357
-1.08262 -1.0558
-1.08417 -1.05418
-1.08392 -1.05381
-1.0835 -1.0541
-1.08253 -1.05527
-1.0848 -1.05311
-1.08253 -1.05451
-1.08376 -1.05478
-1.08176 -1.05519
-1.08455 -1.05432
-1.08319 -1.05397
-1.08371 -1.05477
-1.08283 -1.0536
-1.08469 -1.0569
-1.08311 -1.05258
-1.08441 -1.0551
-1.08326 -1.05396
-1.08488 -1.05397
-1.08248 -1.05423
-1.08355 -1.05522
-1.08437 -1.05172
-1.08342 -1.05429
-1.08269 -1.05467
-1.08441 -1.05277
-1.08195 -1.05525
-1.08459 -1.05525
-1.08284 -1.05389
-1.08345 -1.05488
-1.08446 -1.05248
-1.08334 -1.05539
-1.08443 -1.05391
-1.08332 -1.05446
-1.08404 -1.0538
-1.0833 -1.05409
-1.08415 -1.05254
-1.08176 -1.0542
-1.08277 -1.05297
-1.08314 -1.05424
-1.08105 -1.05505
-1.08321 -1.05257
-1.08325 -1.05283
-1.08159 -1.05448
-1.08261 -1.05254
-1.08224 -1.0527
-1.08381 -1.05475
-1.08066 -1.05421
-1.08464 -1.05081
-1.08093 -1.0552
-1.0824 -1.05161
-1.08162 -1.05378
-1.08452 -1.05132
-1.07945 -1.05566
-1.08436 -1.05151
-1.08138 -1.0538
-1.08318 -1.05231
-1.08222 -1.05426
-1.08321 -1.05464
-1.08303 -1.05291
-1.08146 -1.05448
-1.08076 -1.05493
-1.08462 -1.05076
-1.08245 -1.05481
-1.08262 -1.05493
-1.08318 -1.05135
-1.0815 -1.05455
-1.08359 -1.05336
-1.0826 -1.05528
-1.08207 -1.05348
-1.08352 -1.05372
-1.08104 -1.0545
-1.08304 -1.05281
-1.08071 -1.05597
-1.08201 -1.05226
-1.08414 -1.05501
-1.07911 -1.05531
-1.08288 -1.05107
-1.08214 -1.0553
-1.08372 -1.05458
-1.08238 -1.05097
-1.08079 -1.0558
-1.08327 -1.05268
-1.08095 -1.05398
-1.08325 -1.05119
-1.08121 -1.05544
-1.08459 -1.05144
-1.08074 -1.05396
-1.08339 -1.05274
-1.0831 -1.05418
-1.0817 -1.05072
-1.08194 -1.05522
-1.08337 -1.05138
-1.08267 -1.05432
-1.08271 -1.05167
-1.08108 -1.05436
-1.08176 -1.05238
-1.08342 -1.05153
-1.08125 -1.05539
-1.08282 -1.0509
-1.08279 -1.05314
-1.08159 -1.0541
-1.08252 -1.05123
-1.08163 -1.05294
-1.07992 -1.05422
-1.08399 -1.05089
-1.08087 -1.05503
-1.08245 -1.0511
-1.08167 -1.05234
-1.08124 -1.05312
-1.08019 -1.05169
-1.08335 -1.05499
-1.07975 -1.05257
-1.08104 -1.05109
-1.08216 -1.05385
-1.08162 -1.05041
-1.0821 -1.05363
-1.08283 -1.05128
-1.08229 -1.05265
-1.08056 -1.05271
-1.08341 -1.04985
-1.08275 -1.05275
-1.08129 -1.05251
-1.08474 -1.05094
-1.08146 -1.05249
-1.08147 -1.05125
-1.08528 -1.05036
-1.08195 -1.05296
-1.08419 -1.05207
-1.08174 -1.05059
-1.08306 -1.05206
-1.08321 -1.05041
-1.08 -1.05352
-1.08317 -1.05044
-1.08292 -1.05246
-1.08392 -1.05039
-1.08183 -1.05259
-1.08301 -1.05151
-1.0825 -1.05276
-1.0821 -1.05186
-1.08262 -1.05061
-1.08218 -1.05169
-1.08081 -1.05408
-1.08462 -1.04979
-1.07903 -1.05323
-1.08268 -1.05213
-1.08356 -1.05122
-1.08061 -1.05226
-1.08136 -1.05147
-1.08155 -1.05224
-1.08265 -1.05191
-1.08245 -1.05266
-1.08171 -1.05149
-1.08216 -1.05227
-1.08194 -1.05274
-1.08295 -1.05204
-1.08251 -1.05009
-1.08008 -1.05328
-1.08329 -1.05291
-1.08107 -1.05102
-1.08234 -1.05085
-1.08236 -1.05287
-1.08219 -1.05069
-1.07997 -1.05103
-1.08319 -1.05119
-1.0821 -1.05196
-1.0799 -1.05227
-1.08342 -1.04969
-1.0816 -1.05248
-1.08021 -1.05143
-1.08199 -1.0516
-1.0798 -1.05087
-1.08234 -1.05144
-1.08301 -1.05102
-1.08018 -1.05182
-1.0833 -1.05205
-1.08203 -1.05084
-1.08049 -1.05097
-1.08184 -1.05232
-1.08133 -1.0489
-1.08154 -1.0535
-1.08226 -1.05032
-1.08031 -1.0504
-1.08193 -1.05121
-1.08208 -1.05148
-1.08036 -1.05054
-1.08081 -1.05207
-1.08135 -1.05109
-1.07985 -1.05192
-1.08079 -1.05096
-1.08061 -1.05301
-1.07986 -1.0506
-1.08087 -1.05058
-1.08036 -1.05254
-1.08047 -1.05174
-1.08107 -1.04956
-1.07866 -1.05258
-1.08117 -1.0514
-1.08014 -1.05124
-1.08183 -1.0496
-1.0784 -1.05468
-1.0845 -1.04806
-1.07869 -1.05241
-1.07908 -1.05177
-1.08027 -1.05093
-1.08228 -1.05064
-1.07818 -1.05101
-1.0806 -1.05235
-1.08204 -1.04962
-1.0801 -1.05165
-1.08074 -1.05172
-1.07916 -1.05172
-1.08055 -1.05038
-1.08017 -1.05278
-1.07779 -1.05117
-1.08157 -1.05148
-1.07995 -1.05031
-1.0786 -1.05328
-1.0803 -1.05064
-1.07965 -1.05169
-1.08017 -1.05166
-1.07849 -1.05169
-1.08154 -1.05178
-1.07707 -1.05164
-1.08024 -1.05167
-1.07788 -1.05184
-1.08214 -1.05058
-1.07759 -1.05232
-1.08132 -1.0519
-1.07971 -1.04967
-1.07647 -1.05347
-1.0829 -1.05042
-1.07835 -1.05115
-1.08076 -1.0497
-1.08075 -1.05181
-1.07816 -1.05389
-1.08242 -1.0482
-1.07974 -1.05182
-1.07966 -1.05084
-1.08077 -1.05148
-1.07898 -1.05154
-1.0794 -1.05022
-1.0796 -1.05151
-1.07928 -1.05135
-1.08051 -1.05154
-1.08037 -1.0516
-1.07771 -1.05017
-1.08069 -1.05017
-1.07894 -1.05122
-1.07888 -1.05067
-1.07969 -1.05187
-1.07881 -1.04886
-1.07724 -1.05179
-1.08272 -1.04785
-1.07851 -1.05271
-1.08003 -1.05077
-1.08093 -1.04761
-1.07679 -1.0531
-1.08193 -1.04654
-1.07891 -1.05147
-1.07775 -1.04947
-1.0796 -1.05149
-1.08092 -1.04869
-1.07847 -1.05162
-1.08012 -1.04962
-1.07634 -1.05186
-1.08148 -1.047
-1.0772 -1.05535
-1.07985 -1.0495
-1.07949 -1.04928
-1.07598 -1.05332
-1.07953 -1.04786
-1.07791 -1.05011
-1.07784 -1.05203
-1.08046 -1.04885
-1.077 -1.0505
-1.07803 -1.05195
-1.0797 -1.04992
-1.0776 -1.05164
-1.07863 -1.04974
-1.07699 -1.05111
-1.07975 -1.051
-1.07809 -1.05189
-1.07964 -1.04743
-1.07858 -1.05214
-1.07942 -1.04994
-1.07864 -1.05043
-1.0794 -1.0508
-1.07833 -1.05009
-1.07978 -1.04987
-1.07847 -1.04984
-1.07979 -1.04987
-1.07717 -1.0506
-1.08009 -1.04905
-1.07855 -1.05045
-1.07842 -1.05015
-1.07756 -1.04928
-1.07933 -1.05025
-1.07889 -1.04929
-1.07879 -1.05
-1.07853 -1.04859
-1.0803 -1.04983
-1.07883 -1.04859
-1.07994 -1.04785
-1.07845 -1.05118
-1.07932 -1.04842
-1.07942 -1.04843
-1.07927 -1.04843
-1.07833 -1.05011
-1.07988 -1.04993
-1.08004 -1.04829
-1.07894 -1.0483
-1.07985 -1.04908
-1.07905 -1.0498
-1.07957 -1.04926
-1.07812 -1.04979
-1.081 -1.0483
-1.07891 -1.04895
-1.0784 -1.05172
-1.08157 -1.0461
-1.07775 -1.05116
-1.07919 -1.04927
-1.07974 -1.04679
-1.07817 -1.04978
-1.07939 -1.04962
-1.0788 -1.04869
-1.08246 -1.04907
-1.07816 -1.0488
-1.07754 -1.05062
-1.08037 -1.04801
-1.07752 -1.05091
-1.08106 -1.04645
-1.07975 -1.04776
-1.07701 -1.05109
-1.08111 -1.04732
-1.07771 -1.04856
-1.07732 -1.05108
-1.08038 -1.04765
-1.0788 -1.04978
-1.07754 -1.04942
-1.08039 -1.04839
-1.07909 -1.04899
-1.07771 -1.04947
-1.07969 -1.04859
-1.07715 -1.05087
-1.07937 -1.04766
-1.0785 -1.04823
-1.07944 -1.04936
-1.07995 -1.04712
-1.07964 -1.04896
-1.07781 -1.04975
-1.0813 -1.04593
-1.07774 -1.05016
-1.07941 -1.04868
-1.07737 -1.04737
-1.07991 -1.04744
-1.07779 -1.04874
-1.07764 -1.04958
-1.08075 -1.04554
-1.07797 -1.0491
-1.07722 -1.04909
-1.07831 -1.04773
-1.07734 -1.04792
-1.07801 -1.04781
-1.07934 -1.04974
-1.07763 -1.04719
-1.0789 -1.04854
-1.07755 -1.04792
-1.07734 -1.04732
-1.07943 -1.04672
-1.07639 -1.05029
-1.07692 -1.04706
-1.07623 -1.04671
-1.07766 -1.04853
-1.07714 -1.04827
-1.07775 -1.04861
-1.07577 -1.04577
-1.07802 -1.04804
-1.07798 -1.04797
-1.07489 -1.04892
-1.07932 -1.04737
-1.0751 -1.04815
-1.07773 -1.04776
-1.07818 -1.04623
-1.07631 -1.04732
-1.07719 -1.0473
-1.07886 -1.04684
-1.07632 -1.04769
-1.07784 -1.04665
-1.07869 -1.04575
-1.07755 -1.04751
-1.07751 -1.04718
-1.07726 -1.04714
-1.07952 -1.04507
-1.07701 -1.04878
-1.07681 -1.04656
-1.07878 -1.04712
-1.07801 -1.0468
-1.07721 -1.04667
-1.07717 -1.04619
-1.07872 -1.0473
-1.07781 -1.04691
-1.07688 -1.04814
-1.07743 -1.0467
-1.07683 -1.04605
-1.0783 -1.0469
-1.07576 -1.04542
-1.07758 -1.04602
-1.07575 -1.04691
-1.07691 -1.04549
-1.0754 -1.04566
-1.0781 -1.04711
-1.07664 -1.04535
-1.07739 -1.04535
-1.07717 -1.04726
-1.07571 -1.046
-1.07608 -1.0468
-1.07713 -1.04584
-1.07666 -1.04448
-1.07392 -1.04755
-1.07993 -1.04536
-1.07428 -1.04744
-1.07891 -1.04323
-1.07659 -1.045
-1.07551 -1.04786
-1.07638 -1.04553
-1.07632 -1.04522
-1.07671 -1.04689
-1.07517 -1.04484
-1.07875 -1.04612
-1.07496 -1.04486
-1.07595 -1.04593
-1.07573 -1.04645
-1.07681 -1.04482
-1.07621 -1.04508
-1.07495 -1.04806
-1.07909 -1.04379
-1.07639 -1.04626
-1.07367 -1.04712
-1.07844 -1.04359
-1.07416 -1.04876
-1.07643 -1.04573
-1.07592 -1.04617
-1.07496 -1.04714
-1.07536 -1.04422
-1.07425 -1.04691
-1.07613 -1.04634
-1.07518 -1.04552
-1.07516 -1.04546
-1.07637 -1.04585
-1.07492 -1.04642
-1.07602 -1.04525
-1.07596 -1.04499
-1.07511 -1.04668
-1.07858 -1.04433
-1.07412 -1.04648
-1.07528 -1.04556
-1.07334 -1.04633
-1.07715 -1.04328
-1.07472 -1.04785
-1.07617 -1.04425
-1.07395 -1.0479
-1.07471 -1.04358
-1.07594 -1.04669
-1.07473 -1.04552
-1.07432 -1.04556
-1.07615 -1.04701
-1.07498 -1.04435
-1.07544 -1.04629
-1.0745 -1.04674
-1.07656 -1.04304
-1.07449 -1.04717
-1.07476 -1.04545
-1.07522 -1.0465
-1.07458 -1.04589
-1.07737 -1.04605
-1.07363 -1.04647
-1.07782 -1.04462
-1.0745 -1.04717
-1.07741 -1.04362
-1.0731 -1.04747
-1.07526 -1.04466
-1.07591 -1.0435
-1.07558 -1.04526
-1.0751 -1.04669
-1.07707 -1.04394
-1.07466 -1.04424
-1.07552 -1.04535
-1.07591 -1.04622
-1.07604 -1.04537
-1.07326 -1.04565
-1.07815 -1.04384
-1.07442 -1.04587
-1.07602 -1.0448
-1.07541 -1.04581
-1.07803 -1.04325
-1.07337 -1.04599
-1.07799 -1.0453
-1.07583 -1.04233
-1.07547 -1.04739
-1.07523 -1.04315
-1.07668 -1.0449
-1.07614 -1.04386
-1.07639 -1.04577
-1.07759 -1.04295
-1.07389 -1.04663
-1.07743 -1.04314
-1.07542 -1.04425
-1.07692 -1.04599
-1.07755 -1.04276
-1.07468 -1.04732
-1.0758 -1.04235
-1.0771 -1.04382
-1.07561 -1.04471
-1.07708 -1.04394
-1.07584 -1.04411
-1.07659 -1.04369
-1.07663 -1.04416
-1.07569 -1.04469
-1.07581 -1.04609
-1.07699 -1.04214
-1.07639 -1.04508
-1.07605 -1.04465
-1.07502 -1.04534
-1.07646 -1.04549
-1.0753 -1.04351
-1.07454 -1.04405
-1.07566 -1.04484
-1.07539 -1.04454
-1.07524 -1.04367
-1.07554 -1.04547
-1.07579 -1.04463
-1.07551 -1.04455
-1.07622 -1.04471
-1.07484 -1.04495
-1.07695 -1.04217
-1.07497 -1.04516
-1.07583 -1.04504
-1.0755 -1.04282
-1.07671 -1.04555
-1.07599 -1.04478
-1.07772 -1.04286
-1.07668 -1.04443
-1.0756 -1.04439
-1.07858 -1.04053
-1.07545 -1.04514
-1.07912 -1.04317
-1.07621 -1.04418
-1.07557 -1.04409
-1.0768 -1.04323
-1.07821 -1.04328
-1.07501 -1.0439
-1.07747 -1.04283
-1.07342 -1.04371
-1.07773 -1.04251
-1.0735 -1.04477
-1.07767 -1.04329
-1.07555 -1.04274
-1.07607 -1.04333
-1.07518 -1.04381
-1.07498 -1.04298
-1.07424 -1.04447
-1.07479 -1.04434
-1.07662 -1.04209
-1.075 -1.04489
-1.07497 -1.04425
-1.07539 -1.04264
-1.07396 -1.04602
-1.07693 -1.04129
-1.07366 -1.04394
-1.07619 -1.04163
-1.07511 -1.04556
-1.07556 -1.04333
-1.07726 -1.04166
-1.07435 -1.0452
-1.07504 -1.04258
-1.07571 -1.04322
-1.07866 -1.04238
-1.07417 -1.04514
-1.07752 -1.04145
-1.07383 -1.04337
-1.07438 -1.04606
-1.07906 -1.03905
-1.07517 -1.04366
-1.07574 -1.04569
-1.07627 -1.04118
-1.07584 -1.04462
-1.07633 -1.04338
-1.07472 -1.04291
-1.07772 -1.04174
-1.07483 -1.04373
-1.07607 -1.04333
-1.07648 -1.04286
-1.07513 -1.04303
-1.07565 -1.0432
-1.07563 -1.04145
-1.07652 -1.04275
-1.0737 -1.04541
-1.07786 -1.0404
-1.07461 -1.0427
-1.07315 -1.04467
-1.07775 -1.04064
-1.07293 -1.0447
-1.07668 -1.0421
-1.07381 -1.04336
-1.07437 -1.04121
-1.07487 -1.04262
-1.07424 -1.04235
-1.074 -1.04389
-1.07481 -1.04092
-1.07473 -1.04226
-1.07387 -1.04228
-1.07779 -1.04103
-1.07105 -1.04432
-1.07667 -1.04178
-1.0726 -1.04359
-1.07554 -1.04271
-1.07357 -1.04276
-1.07457 -1.0417
-1.07323 -1.04436
-1.07531 -1.04261
-1.07242 -1.04381
-1.07671 -1.04411
-1.0737 -1.04291
-1.07411 -1.0421
-1.07375 -1.04374
-1.07359 -1.04339
-1.07357 -1.0429
-1.07522 -1.0428
-1.0735 -1.04449
-1.07374 -1.04339
-1.07519 -1.04109
-1.07311 -1.04435
-1.07442 -1.04337
-1.07343 -1.04269
-1.07461 -1.04151
-1.0739 -1.04398
-1.07424 -1.04114
-1.07392 -1.04318
-1.07271 -1.04307
-1.07559 -1.04185
-1.07234 -1.04655
-1.07527 -1.03859
-1.07017 -1.04567
-1.07475 -1.04041
-1.07325 -1.04445
-1.07276 -1.04314
-1.07306 -1.04275
-1.0739 -1.04281
-1.07326 -1.04261
-1.07353 -1.04185
-1.07161 -1.04387
-1.074 -1.04231
-1.07548 -1.04106
-1.07379 -1.04379
-1.0735 -1.04011
-1.07366 -1.04158
-1.07352 -1.04312
-1.07477 -1.04203
-1.07468 -1.04143
-1.07276 -1.04277
-1.07447 -1.04019
-1.07483 -1.04112
-1.07515 -1.04141
-1.07342 -1.04288
-1.07497 -1.04076
-1.07572 -1.04052
-1.07213 -1.04484
-1.07601 -1.03949
-1.0745 -1.04177
-1.07348 -1.04249
-1.07347 -1.04383
-1.07609 -1.04045
-1.07342 -1.04198
-1.07489 -1.0429
-1.07372 -1.04272
-1.07444 -1.04159
-1.07548 -1.04201
-1.07371 -1.04241
-1.07257 -1.04293
-1.07555 -1.04144
-1.07207 -1.04214
-1.07596 -1.0412
-1.07361 -1.04389
-1.07269 -1.04354
-1.07471 -1.04047
-1.07416 -1.04235
-1.07224 -1.04421
-1.07446 -1.04071
-1.07247 -1.04564
-1.07499 -1.03979
-1.07352 -1.04198
-1.07352 -1.04315
-1.07482 -1.04139
-1.07277 -1.04381
-1.07491 -1.04075
-1.07334 -1.04408
-1.07325 -1.04246
-1.07472 -1.04115
-1.07329 -1.0413
-1.07295 -1.0434
-1.07429 -1.04087
-1.07412 -1.04188
-1.07329 -1.04324
-1.07438 -1.0406
-1.07311 -1.04211
-1.07359 -1.04195
-1.07148 -1.04236
-1.07275 -1.04204
-1.07439 -1.0413
-1.07439 -1.04116
-1.07286 -1.04368
-1.07437 -1.03757
-1.07381 -1.04289
-1.07238 -1.04072
-1.07507 -1.04076
-1.07323 -1.04221
-1.07555 -1.04088
-1.07268 -1.04182
-1.07344 -1.03869
-1.07298 -1.04116
-1.0746 -1.04189
-1.07329 -1.0398
-1.07437 -1.04172
-1.07318 -1.04023
-1.07422 -1.04054
-1.07354 -1.04133
-1.07464 -1.03919
-1.07173 -1.04232
-1.07651 -1.04009
-1.07239 -1.04102
-1.07445 -1.04079
-1.0735 -1.03959
-1.07202 -1.04214
-1.07488 -1.03867
-1.07301 -1.04136
-1.07366 -1.04024
-1.07311 -1.04117
-1.07389 -1.04072
-1.0734 -1.04029
-1.0735 -1.03976
-1.07336 -1.04106
-1.07301 -1.04076
-1.07436 -1.03981
