0 0
-0.171479 -0.161585
-0.33116 -0.313235
-0.478254 -0.45421
-0.614494 -0.584881
-0.73875 -0.70547
-0.84752 -0.814454
-0.946215 -0.913426
-1.03281 -1.00017
-1.10114 -1.08142
-1.1598 -1.14609
-1.20514 -1.20589
-1.23617 -1.25076
-1.25924 -1.2956
-1.27426 -1.32812
-1.28494 -1.35634
-1.29047 -1.37842
-1.28765 -1.40308
-1.288 -1.42455
-1.28506 -1.43466
-1.28342 -1.44703
-1.2743 -1.46243
-1.26418 -1.45455
-1.26723 -1.47282
-1.25205 -1.46745
-1.25684 -1.49105
-1.23842 -1.4772
-1.24 -1.49548
-1.24301 -1.50246
-1.21483 -1.47
-1.23865 -1.5088
-1.23827 -1.49745
-1.23788 -1.48635
-1.24023 -1.50157
-1.23798 -1.48339
-1.24573 -1.49276
-1.24121 -1.49278
-1.24317 -1.48784
-1.24268 -1.4897
-1.24409 -1.48684
-1.24471 -1.48575
-1.24512 -1.48497
-1.2453 -1.48647
-1.24254 -1.48311
-1.24685 -1.48542
-1.24486 -1.48384
-1.24617 -1.48248
-1.24513 -1.48226
-1.24768 -1.47942
-1.24558 -1.48252
-1.24564 -1.48153
-1.24787 -1.4803
-1.24543 -1.47961
-1.24732 -1.47816
-1.24613 -1.48212
-1.2477 -1.47759
-1.25064 -1.47594
-1.25147 -1.47535
-1.24894 -1.47673
-1.25008 -1.47508
-1.24829 -1.4789
-1.25155 -1.4754
-1.2505 -1.4726
-1.24968 -1.47561
-1.25004 -1.4734
-1.25128 -1.47561
-1.24999 -1.47216
-1.25061 -1.47438
-1.24842 -1.47701
-1.25186 -1.47666
-1.25083 -1.47152
-1.24842 -1.47581
-1.25311 -1.47152
-1.25119 -1.47232
-1.25192 -1.47352
-1.25285 -1.4752
-1.25468 -1.47037
-1.25306 -1.47271
-1.25327 -1.47095
-1.25305 -1.47079
-1.25415 -1.47162
-1.25426 -1.46708
-1.25517 -1.46988
-1.25561 -1.46803
-1.25618 -1.46653
-1.25665 -1.46675
-1.25616 -1.46802
-1.25723 -1.46842
-1.25687 -1.46613
-1.25747 -1.46835
-1.2557 -1.46491
-1.26064 -1.46768
-1.25607 -1.46751
-1.26187 -1.4639
-1.25709 -1.46753
-1.25909 -1.46016
-1.25912 -1.46597
-1.25683 -1.46556
-1.25905 -1.46399
-1.25747 -1.46511
-1.25968 -1.46547
-1.25896 -1.46449
-1.25673 -1.46512
-1.2582 -1.46476
-1.26 -1.46432
-1.25917 -1.4664
-1.25929 -1.46714
-1.2589 -1.4615
-1.26047 -1.4656
-1.25794 -1.46466
-1.25999 -1.46703
-1.25948 -1.46497
-1.25976 -1.46422
-1.25929 -1.46391
-1.26058 -1.46252
-1.26361 -1.46315
-1.25974 -1.46553
-1.26306 -1.46358
-1.26103 -1.46724
-1.26138 -1.46092
-1.26208 -1.463
-1.26335 -1.46156
-1.26216 -1.4611
-1.26133 -1.46589
-1.26386 -1.45982
-1.26206 -1.46462
-1.2605 -1.46447
-1.26266 -1.46166
-1.26017 -1.46447
-1.25993 -1.46375
-1.26173 -1.46382
-1.26192 -1.46241
-1.26204 -1.46399
-1.26092 -1.459
-1.26361 -1.46408
-1.2608 -1.46303
-1.26291 -1.46063
-1.26435 -1.46133
-1.26541 -1.45674
-1.26219 -1.46012
-1.26574 -1.45744
-1.2672 -1.45401
-1.26395 -1.45917
-1.2638 -1.45765
-1.26709 -1.45685
-1.26843 -1.45488
-1.2654 -1.45717
-1.26661 -1.45718
-1.26775 -1.45553
-1.26595 -1.45285
-1.26932 -1.4558
-1.26851 -1.45347
-1.26673 -1.45742
-1.26768 -1.45382
-1.26806 -1.45769
-1.26922 -1.45337
-1.26769 -1.45505
-1.27036 -1.45204
-1.26851 -1.45474
-1.27094 -1.45221
-1.2677 -1.45564
-1.27011 -1.4532
-1.27034 -1.45369
-1.26748 -1.45646
-1.26887 -1.45063
-1.2717 -1.45506
-1.27427 -1.45145
-1.27086 -1.45144
-1.27376 -1.45349
-1.27296 -1.45044
-1.27003 -1.45403
-1.27238 -1.45365
-1.27153 -1.45025
-1.27175 -1.45259
-1.27313 -1.45106
-1.27173 -1.45596
-1.2727 -1.45065
-1.27511 -1.44759
-1.26971 -1.45151
-1.2768 -1.45107
-1.27391 -1.4497
-1.27393 -1.44793
-1.27397 -1.44839
-1.27562 -1.4476
-1.27485 -1.4478
-1.2765 -1.44493
-1.27476 -1.44794
-1.27537 -1.44678
-1.27563 -1.44793
-1.27639 -1.44696
-1.2762 -1.44491
-1.27915 -1.44678
-1.27633 -1.44471
-1.27609 -1.44626
-1.27519 -1.44612
-1.27719 -1.44646
-1.27675 -1.44422
-1.2755 -1.44618
-1.27627 -1.44355
-1.27674 -1.44452
-1.27629 -1.44508
-1.2804 -1.44312
-1.27505 -1.44569
-1.27641 -1.44423
-1.27627 -1.44624
-1.27383 -1.44401
-1.27869 -1.44449
-1.27689 -1.44278
-1.2769 -1.4445
-1.27882 -1.44099
-1.27675 -1.44445
-1.27605 -1.44352
-1.27867 -1.44127
-1.27645 -1.44353
-1.27777 -1.44225
-1.27923 -1.44304
-1.27219 -1.44807
-1.27917 -1.44188
-1.27588 -1.44127
-1.27693 -1.44775
-1.27775 -1.44493
-1.2759 -1.4437
-1.27612 -1.4453
-1.27617 -1.44517
-1.27674 -1.44662
-1.27766 -1.44376
-1.27623 -1.44469
-1.27886 -1.44466
-1.27848 -1.44278
-1.27928 -1.44527
-1.27922 -1.4413
-1.28182 -1.44127
-1.27677 -1.44282
-1.28031 -1.44186
-1.28098 -1.4404
-1.28177 -1.44186
-1.28024 -1.44186
-1.28091 -1.44216
-1.2818 -1.44037
-1.28249 -1.43802
-1.2804 -1.44059
-1.28185 -1.4407
-1.28204 -1.43945
-1.28146 -1.43883
-1.28306 -1.43814
-1.27939 -1.43877
-1.28152 -1.43947
-1.28331 -1.4378
-1.2808 -1.43833
-1.28011 -1.43715
-1.2818 -1.43794
-1.28442 -1.43775
-1.28 -1.43637
-1.28313 -1.43587
-1.28212 -1.43797
-1.28364 -1.43645
-1.28242 -1.43345
-1.28171 -1.44244
-1.28385 -1.43098
-1.2852 -1.43659
-1.28472 -1.4365
-1.28417 -1.43669
-1.28367 -1.43774
-1.28345 -1.43598
-1.28469 -1.43572
-1.28468 -1.43823
-1.28439 -1.43626
-1.28425 -1.43465
-1.28294 -1.43462
-1.28838 -1.43412
-1.2826 -1.43651
-1.28556 -1.43568
-1.28412 -1.43704
-1.28445 -1.43706
-1.28635 -1.43551
-1.28454 -1.43543
-1.28425 -1.43593
-1.28544 -1.43357
-1.28621 -1.433
-1.2834 -1.43404
-1.28553 -1.43677
-1.28686 -1.4329
-1.28156 -1.43653
-1.28173 -1.43522
-1.28479 -1.43582
-1.28604 -1.43224
-1.28443 -1.43595
-1.28518 -1.43465
-1.28316 -1.43252
-1.28722 -1.43325
-1.28151 -1.43441
-1.28596 -1.434
-1.28798 -1.43116
-1.28585 -1.43684
-1.28638 -1.4315
-1.2868 -1.4318
-1.28608 -1.43321
-1.28751 -1.43135
-1.28732 -1.42852
-1.28943 -1.43356
-1.28361 -1.43305
-1.28636 -1.43279
-1.28655 -1.43113
-1.28388 -1.43571
-1.28533 -1.43326
-1.28689 -1.43015
-1.28562 -1.43061
-1.28742 -1.43003
-1.28639 -1.42696
-1.28608 -1.43221
-1.28873 -1.42754
-1.2865 -1.42863
-1.28956 -1.43064
-1.28795 -1.42814
-1.28793 -1.42949
-1.28663 -1.43169
-1.28768 -1.43054
-1.28962 -1.43143
-1.2886 -1.4272
-1.28713 -1.4332
-1.28806 -1.42878
-1.28682 -1.43097
-1.28754 -1.43267
-1.28887 -1.42933
-1.28653 -1.43252
-1.28563 -1.43261
-1.28683 -1.43252
-1.28841 -1.43058
-1.2878 -1.43101
-1.2878 -1.43057
-1.2841 -1.42991
-1.28764 -1.43432
-1.28577 -1.43153
-1.29039 -1.4327
-1.28733 -1.42929
-1.28783 -1.43331
-1.28935 -1.43089
-1.28922 -1.43206
-1.29052 -1.42772
-1.29009 -1.43132
-1.28636 -1.43401
-1.2942 -1.42799
-1.29033 -1.43206
-1.28982 -1.42912
-1.28928 -1.42965
-1.28984 -1.43024
-1.29161 -1.42721
-1.2918 -1.42924
-1.28964 -1.42664
-1.29107 -1.42952
-1.2932 -1.4271
-1.28961 -1.43053
-1.29149 -1.42813
-1.29086 -1.42999
-1.29313 -1.42833
-1.29112 -1.42974
-1.29176 -1.42958
-1.29186 -1.42867
-1.29214 -1.43053
-1.29318 -1.42779
-1.29233 -1.42914
-1.29186 -1.42806
-1.29338 -1.42679
-1.29314 -1.42643
-1.29129 -1.4292
-1.2948 -1.42458
-1.29098 -1.42768
-1.28953 -1.43038
-1.29743 -1.42179
-1.29249 -1.42738
-1.29051 -1.42587
-1.29663 -1.42555
-1.29293 -1.42543
-1.2929 -1.4231
-1.29556 -1.42782
-1.29467 -1.42455
-1.29428 -1.4248
-1.2924 -1.42453
-1.29495 -1.42522
-1.29377 -1.42428
-1.29607 -1.42076
-1.29486 -1.4262
-1.29377 -1.42496
-1.29506 -1.42349
-1.2946 -1.42266
-1.29156 -1.42547
-1.29555 -1.42534
-1.29056 -1.42538
-1.29203 -1.42281
-1.29635 -1.42635
-1.29411 -1.42402
-1.29333 -1.42433
-1.29717 -1.42301
-1.29502 -1.42454
-1.2965 -1.42039
-1.29474 -1.42245
-1.29393 -1.42408
-1.29624 -1.42228
-1.29561 -1.41928
-1.2948 -1.42617
-1.29666 -1.42187
-1.29406 -1.42414
-1.29392 -1.42429
-1.29474 -1.42242
-1.29457 -1.42263
-1.29528 -1.42654
-1.2932 -1.42611
-1.2945 -1.42597
-1.29098 -1.42749
-1.29554 -1.42399
-1.29662 -1.42267
-1.29377 -1.42094
-1.29337 -1.42588
-1.29602 -1.42031
-1.29296 -1.42387
-1.29563 -1.42592
-1.29387 -1.4206
-1.29607 -1.42101
-1.29067 -1.42493
-1.29604 -1.4214
-1.29531 -1.42096
-1.29597 -1.4228
-1.29501 -1.42119
-1.29278 -1.42361
-1.29473 -1.42293
-1.29686 -1.42101
-1.29554 -1.4249
-1.29576 -1.42057
-1.29384 -1.42088
-1.29688 -1.42245
-1.29365 -1.42347
-1.29555 -1.41961
-1.2963 -1.421
-1.29037 -1.42407
-1.29887 -1.42244
-1.29317 -1.41991
-1.29306 -1.4222
-1.29866 -1.41802
-1.29449 -1.41985
-1.29613 -1.42171
-1.29282 -1.42224
-1.29457 -1.42093
-1.2918 -1.42411
-1.2979 -1.42085
-1.29214 -1.42122
-1.29558 -1.42353
-1.29342 -1.41955
-1.29525 -1.42289
-1.29496 -1.41984
-1.29463 -1.4225
-1.29514 -1.41965
-1.29662 -1.42032
-1.29533 -1.41918
-1.29501 -1.42201
-1.29567 -1.42084
-1.29581 -1.42061
-1.29429 -1.42321
-1.29381 -1.42107
-1.29695 -1.42
-1.29889 -1.41751
-1.29575 -1.4211
-1.29651 -1.41744
-1.29636 -1.42108
-1.2952 -1.41872
-1.29463 -1.42098
-1.29802 -1.41789
-1.2938 -1.42
-1.29732 -1.41982
-1.2956 -1.41975
-1.2953 -1.42109
-1.29733 -1.42004
-1.29593 -1.41923
-1.29533 -1.41656
-1.29813 -1.41716
-1.29459 -1.41667
-1.29555 -1.41939
-1.29783 -1.41855
-1.29475 -1.41553
-1.29719 -1.42029
-1.30008 -1.41689
-1.29672 -1.413
-1.29931 -1.42013
-1.29908 -1.4142
-1.29612 -1.41816
-1.29832 -1.41839
-1.29625 -1.4164
-1.29821 -1.42076
-1.29869 -1.42082
-1.2983 -1.41694
-1.29593 -1.41946
-1.29895 -1.41805
-1.29852 -1.41785
-1.29648 -1.41725
-1.30002 -1.41604
-1.29997 -1.41829
-1.30046 -1.41807
-1.30013 -1.41853
-1.30046 -1.41428
-1.29951 -1.41878
-1.30093 -1.41423
-1.2998 -1.41683
-1.29722 -1.41539
-1.29804 -1.41799
-1.29638 -1.41818
-1.29955 -1.41703
-1.2989 -1.41682
-1.29668 -1.41762
-1.30053 -1.41572
-1.29483 -1.41918
-1.30136 -1.41767
-1.29527 -1.41744
-1.29889 -1.41699
-1.29626 -1.41869
-1.30019 -1.41628
-1.29647 -1.41725
-1.29982 -1.41866
-1.29802 -1.41606
-1.29932 -1.41656
-1.29468 -1.41869
-1.29943 -1.41702
-1.29655 -1.4164
-1.2984 -1.41551
-1.29727 -1.42038
-1.29927 -1.4175
-1.30026 -1.4175
-1.29731 -1.41416
-1.29731 -1.41628
-1.29891 -1.41612
-1.30055 -1.41365
-1.29717 -1.42029
-1.29734 -1.41443
-1.29876 -1.41598
-1.29559 -1.41866
-1.29916 -1.41346
-1.29768 -1.4192
-1.29556 -1.4158
-1.29863 -1.41482
-1.29908 -1.41775
-1.29632 -1.419
-1.29701 -1.41662
-1.29796 -1.41428
-1.29858 -1.41582
-1.29844 -1.41678
-1.2941 -1.4169
-1.29612 -1.41948
-1.2951 -1.4185
-1.29726 -1.41776
-1.29983 -1.41509
-1.295 -1.41882
-1.29849 -1.41399
-1.29792 -1.41736
-1.29626 -1.4171
-1.29698 -1.41712
-1.29758 -1.41454
-1.29698 -1.41624
-1.29732 -1.41806
-1.29793 -1.41629
-1.29661 -1.41535
-1.29793 -1.41673
-1.29798 -1.41627
-1.29954 -1.4163
-1.29654 -1.41895
-1.29856 -1.41708
-1.29512 -1.41918
-1.29683 -1.41702
-1.29978 -1.41713
-1.29566 -1.42014
-1.29824 -1.41749
-1.29861 -1.41804
-1.29752 -1.42063
-1.29848 -1.41562
-1.29646 -1.41889
-1.29704 -1.41922
-1.29567 -1.41853
-1.29819 -1.41792
-1.29858 -1.41607
-1.30035 -1.41831
-1.29861 -1.41407
-1.29751 -1.42151
-1.29958 -1.41595
-1.29866 -1.41906
-1.29675 -1.41991
-1.29982 -1.41724
-1.30126 -1.41599
-1.29679 -1.41761
-1.30166 -1.41615
-1.30008 -1.41553
-1.29807 -1.41569
-1.2989 -1.41638
-1.30137 -1.41513
-1.30139 -1.41343
-1.29742 -1.41778
-1.30048 -1.41519
-1.29923 -1.41527
-1.29767 -1.41552
-1.30141 -1.41549
-1.29957 -1.41666
-1.30011 -1.41699
-1.29847 -1.41272
-1.30122 -1.41955
-1.30223 -1.41159
-1.29809 -1.41717
-1.30219 -1.41492
-1.29934 -1.41363
-1.30255 -1.41774
-1.29965 -1.41636
-1.30136 -1.41204
-1.30012 -1.41402
-1.301 -1.41593
-1.29911 -1.41161
-1.29977 -1.41445
-1.29824 -1.41404
-1.30176 -1.4137
-1.29727 -1.41681
-1.30582 -1.4104
-1.29793 -1.41363
-1.30037 -1.41403
-1.30176 -1.40856
-1.30019 -1.41629
-1.29985 -1.41383
-1.30217 -1.41296
-1.2984 -1.41051
-1.30064 -1.41335
-1.30133 -1.41329
-1.30217 -1.41386
-1.3008 -1.40864
-1.30181 -1.41193
-1.29979 -1.41218
-1.30059 -1.41207
-1.2985 -1.41161
-1.30535 -1.41091
-1.30215 -1.41084
-1.3002 -1.41077
-1.30037 -1.40859
-1.3007 -1.41348
-1.30245 -1.4095
-1.29952 -1.41534
-1.30233 -1.41114
-1.30229 -1.41035
-1.30144 -1.41062
-1.30137 -1.41023
-1.30017 -1.40939
-1.30226 -1.41021
-1.30197 -1.40946
-1.3003 -1.41279
-1.30099 -1.41381
-1.30148 -1.41181
-1.29803 -1.41268
-1.30266 -1.41152
-1.30068 -1.41477
-1.30147 -1.41052
-1.29989 -1.41037
-1.30033 -1.40991
-1.30091 -1.41043
-1.29783 -1.41146
-1.30147 -1.40987
-1.30041 -1.41051
-1.30054 -1.40724
-1.30061 -1.41108
-1.30195 -1.41327
-1.2996 -1.40979
-1.3011 -1.41068
-1.30106 -1.4098
-1.29962 -1.41235
-1.30015 -1.40909
-1.30086 -1.41298
-1.29938 -1.40792
-1.3065 -1.40741
-1.30044 -1.41005
-1.30196 -1.40918
-1.30051 -1.40841
-1.30213 -1.40848
-1.30293 -1.40988
-1.30117 -1.4063
-1.30436 -1.40771
-1.30359 -1.40918
-1.30209 -1.40479
-1.30414 -1.40806
-1.29964 -1.4043
-1.30106 -1.40782
-1.30008 -1.40491
-1.30376 -1.40565
-1.30244 -1.40734
-1.29938 -1.40796
-1.30295 -1.40435
-1.30015 -1.40884
-1.30299 -1.40483
-1.30336 -1.405
-1.29983 -1.40717
-1.30233 -1.40376
-1.29998 -1.40676
-1.30204 -1.40286
-1.30298 -1.40366
-1.30047 -1.40643
-1.30077 -1.40455
-1.30214 -1.40453
-1.29968 -1.4058
-1.3042 -1.40363
-1.29778 -1.40792
-1.30511 -1.40529
-1.29962 -1.40668
-1.30172 -1.40621
-1.30136 -1.40615
-1.3011 -1.40386
-1.30189 -1.40509
-1.30318 -1.4046
-1.30072 -1.40676
-1.30358 -1.40459
-1.30059 -1.40161
-1.30012 -1.40492
-1.29764 -1.40565
-1.29886 -1.40628
-1.30389 -1.40361
-1.30084 -1.40605
-1.29865 -1.4031
-1.30088 -1.40777
-1.29934 -1.40281
-1.30253 -1.40587
-1.30066 -1.40235
-1.29999 -1.40509
-1.30036 -1.40434
-1.30442 -1.40219
-1.30156 -1.40303
-1.30134 -1.4035
-1.30268 -1.40169
-1.30105 -1.39954
-1.30073 -1.40428
-1.29897 -1.40444
-1.30081 -1.4025
-1.29953 -1.40511
-1.29864 -1.40691
-1.30198 -1.40343
-1.30005 -1.40172
-1.29981 -1.4052
-1.30177 -1.40445
-1.29976 -1.40429
-1.29961 -1.4062
-1.30049 -1.40432
-1.29992 -1.40399
-1.2994 -1.40695
-1.30068 -1.40655
-1.29885 -1.40345
-1.30072 -1.40079
-1.29886 -1.40639
-1.29899 -1.40579
-1.30119 -1.40453
-1.30152 -1.40457
-1.3 -1.40429
-1.30101 -1.4007
-1.30205 -1.40176
-1.30228 -1.40578
-1.3012 -1.40584
-1.29924 -1.40275
-1.30328 -1.40626
-1.30081 -1.40492
-1.30219 -1.40488
-1.30105 -1.40389
-1.29853 -1.40647
-1.30211 -1.402
-1.30049 -1.40613
-1.29802 -1.40266
-1.30018 -1.40691
-1.29939 -1.40709
-1.30045 -1.40284
-1.2992 -1.40238
-1.29881 -1.40497
-1.30051 -1.40662
-1.29782 -1.40321
-1.30033 -1.4037
-1.30203 -1.40208
-1.29966 -1.40298
-1.29941 -1.4048
-1.29903 -1.40419
-1.30138 -1.40248
-1.30237 -1.39948
-1.29975 -1.40332
-1.30256 -1.40346
-1.30112 -1.40036
-1.30028 -1.40258
-1.30297 -1.40069
-1.29965 -1.40105
-1.30128 -1.40198
-1.3004 -1.4011
-1.30239 -1.39827
-1.29903 -1.40181
-1.30096 -1.40185
-1.30045 -1.40191
-1.29895 -1.39959
-1.30166 -1.40149
-1.30243 -1.39695
-1.29914 -1.39943
-1.30306 -1.40019
-1.30062 -1.39769
-1.30226 -1.3988
-1.29987 -1.40064
-1.29906 -1.4006
-1.29977 -1.40026
-1.30055 -1.39747
-1.29915 -1.39959
-1.30044 -1.40032
-1.29962 -1.39919
-1.30004 -1.39942
-1.30046 -1.39901
-1.30014 -1.40099
-1.3015 -1.39765
-1.30137 -1.39821
-1.30014 -1.39948
-1.2986 -1.39901
-1.30172 -1.40184
-1.30004 -1.39544
-1.30191 -1.39884
-1.29976 -1.39747
-1.29983 -1.39678
-1.29987 -1.39807
-1.2992 -1.3969
-1.30083 -1.39464
-1.3008 -1.39811
-1.30152 -1.39442
-1.29979 -1.39959
-1.29941 -1.39693
-1.29945 -1.39752
-1.29859 -1.3978
-1.29929 -1.40133
-1.29784 -1.39827
-1.29804 -1.39883
-1.29828 -1.39911
-1.29808 -1.39985
-1.2976 -1.40051
-1.29888 -1.39816
-1.29436 -1.4017
-1.29666 -1.40066
-1.29961 -1.39693
-1.29802 -1.40054
-1.29914 -1.39588
-1.29793 -1.40173
-1.29797 -1.40042
-1.29808 -1.3985
-1.30014 -1.39808
-1.29728 -1.3963
-1.29929 -1.398
-1.30036 -1.39932
-1.29811 -1.39614
-1.29928 -1.39921
-1.29717 -1.39467
-1.30075 -1.3978
-1.29781 -1.39949
-1.29723 -1.39954
-1.29875 -1.39529
-1.29744 -1.40043
-1.29403 -1.40247
-1.29998 -1.39941
-1.29917 -1.39785
-1.29932 -1.39867
-1.29775 -1.39942
-1.29902 -1.39614
-1.2977 -1.40115
-1.29872 -1.39872
-1.29966 -1.39633
-1.29797 -1.39897
-1.29991 -1.39778
-1.29827 -1.39955
-1.29756 -1.40019
-1.29821 -1.39703
-1.30086 -1.40099
-1.29563 -1.39786
-1.30319 -1.39743
-1.29758 -1.39881
-1.29709 -1.40081
-1.29694 -1.39881
-1.30019 -1.39784
-1.30061 -1.40072
-1.30057 -1.39573
-1.30121 -1.39662
-1.29893 -1.39789
-1.29813 -1.39789
-1.30052 -1.39873
-1.29641 -1.39906
-1.29721 -1.40066
-1.30011 -1.39538
-1.29554 -1.4004
-1.29988 -1.39812
-1.29665 -1.39852
-1.30085 -1.39806
-1.29876 -1.39501
-1.29989 -1.39508
-1.29794 -1.39857
-1.301 -1.39614
-1.29879 -1.3954
-1.29922 -1.39723
-1.29951 -1.3968
-1.2993 -1.39774
-1.30072 -1.39355
-1.30115 -1.39404
-1.3002 -1.40103
-1.29978 -1.39675
-1.30234 -1.39318
-1.29776 -1.39641
-1.30174 -1.39663
-1.30172 -1.39446
-1.29998 -1.3918
-1.30106 -1.3971
-1.29919 -1.39692
-1.30117 -1.39717
-1.29882 -1.39333
-1.29741 -1.39662
-1.30007 -1.39492
-1.2969 -1.39871
-1.29992 -1.39439
-1.29951 -1.39388
-1.29896 -1.39617
-1.2996 -1.39335
-1.29925 -1.39434
-1.29952 -1.39571
-1.29916 -1.39683
-1.29717 -1.39572
-1.30033 -1.39548
-1.30001 -1.39461
-1.29991 -1.39553
-1.2994 -1.39345
-1.29909 -1.39611
-1.30103 -1.398
-1.29714 -1.39794
-1.30177 -1.39528
-1.2999 -1.39368
-1.30064 -1.39751
-1.30169 -1.39366
-1.29881 -1.39615
-1.30385 -1.39706
-1.29837 -1.39594
-1.2992 -1.39785
-1.29851 -1.39613
-1.298 -1.3984
-1.30055 -1.39487
-1.29853 -1.39838
-1.3016 -1.3946
-1.29923 -1.39701
-1.2985 -1.39661
-1.29944 -1.39757
-1.29937 -1.39592
-1.29602 -1.39484
-1.30095 -1.39616
-1.2994 -1.3965
-1.29615 -1.39757
-1.29952 -1.39735
-1.29654 -1.39894
-1.29922 -1.39712
-1.29641 -1.39734
-1.29861 -1.39796
-1.29859 -1.39478
-1.29687 -1.39891
-1.29843 -1.3983
-1.29891 -1.39373
-1.29751 -1.39674
-1.2972 -1.39268
-1.29852 -1.39632
-1.29616 -1.39549
-1.29721 -1.39745
-1.29739 -1.39141
-1.2981 -1.39773
-1.29969 -1.39752
-1.29917 -1.3951
-1.30028 -1.39547
-1.29937 -1.39346
-1.30124 -1.39693
-1.29909 -1.39281
-1.29917 -1.39665
-1.29952 -1.3937
-1.29877 -1.39481
-1.29819 -1.39438
-1.29933 -1.39403
-1.29794 -1.39482
-1.29865 -1.39254
-1.29934 -1.39554
-1.29635 -1.39575
-1.29899 -1.39295
-1.2984 -1.39747
-1.29618 -1.39384
-1.29886 -1.39299
-1.29959 -1.39578
-1.29501 -1.39779
-1.29524 -1.3964
-1.29979 -1.3932
-1.30076 -1.39563
-1.29428 -1.3977
-1.29978 -1.39498
-1.29824 -1.39482
-1.30085 -1.39156
-1.2957 -1.39435
-1.29749 -1.39339
-1.29706 -1.39596
-1.29969 -1.39382
-1.29703 -1.39325
-1.29678 -1.39536
-1.30098 -1.38932
-1.29942 -1.39291
-1.30062 -1.39026
-1.30126 -1.39095
-1.3011 -1.39333
-1.29617 -1.39797
-1.30058 -1.38954
-1.29947 -1.39253
-1.29714 -1.39208
-1.29861 -1.39547
-1.29708 -1.39202
-1.29963 -1.39323
-1.29531 -1.39295
-1.29843 -1.39209
-1.297 -1.39042
-1.29771 -1.39371
-1.29531 -1.39248
-1.29861 -1.39049
-1.2972 -1.39276
-1.29376 -1.39196
-1.29883 -1.38899
-1.29702 -1.38802
-1.29725 -1.39102
-1.29618 -1.38965
-1.29646 -1.38955
-1.29591 -1.38882
-1.29638 -1.39092
-1.29753 -1.38956
-1.29644 -1.38841
-1.29329 -1.39352
-1.29596 -1.38738
-1.29488 -1.38925
-1.29645 -1.39051
-1.29657 -1.39043
-1.29528 -1.39107
-1.29839 -1.38795
-1.29805 -1.39203
-1.29718 -1.3894
-1.29856 -1.38958
-1.29907 -1.38972
-1.2961 -1.38812
-1.29587 -1.38891
-1.29543 -1.39044
-1.29944 -1.39112
-1.29727 -1.38733
-1.2965 -1.39018
-1.29542 -1.38956
-1.30165 -1.3865
-1.29287 -1.38929
-1.29752 -1.38563
-1.29636 -1.3881
-1.29673 -1.38934
-1.2954 -1.38951
-1.29601 -1.38771
-1.29816 -1.38831
-1.29543 -1.38776
-1.29794 -1.38852
-1.29341 -1.38906
-1.29815 -1.38889
-1.29914 -1.38695
-1.29458 -1.39061
-1.29677 -1.38702
-1.29741 -1.39009
-1.29831 -1.38309
-1.29651 -1.38944
-1.2992 -1.38824
-1.29536 -1.38489
-1.29899 -1.38391
-1.29433 -1.39012
-1.29698 -1.38601
-1.29803 -1.38603
-1.29645 -1.38747
-1.29725 -1.38762
-1.29447 -1.38582
-1.29812 -1.38804
-1.29674 -1.38858
-1.29423 -1.38564
-1.29407 -1.39001
-1.29618 -1.39053
-1.29621 -1.38677
-1.29772 -1.3876
-1.29458 -1.38643
-1.29639 -1.3887
-1.29813 -1.38618
-1.296 -1.38881
-1.29888 -1.38373
-1.29811 -1.38824
-1.29677 -1.38529
-1.29952 -1.38229
-1.29502 -1.38565
-1.29762 -1.38368
-1.29442 -1.38694
-1.29922 -1.38454
-1.29385 -1.38605
-1.29644 -1.38668
-1.29582 -1.38575
-1.29732 -1.38569
-1.29498 -1.38675
-1.29885 -1.38437
-1.29692 -1.38489
-1.29383 -1.38804
-1.29688 -1.38363
-1.29699 -1.38774
-1.29554 -1.38438
-1.29476 -1.3906
-1.29479 -1.38797
-1.29428 -1.3857
-1.29606 -1.38693
-1.29626 -1.3865
-1.29473 -1.3874
-1.29777 -1.38265
-1.2957 -1.3869
-1.29457 -1.38868
-1.29365 -1.38848
-1.29759 -1.38326
-1.29214 -1.38694
-1.29806 -1.38877
-1.29406 -1.38378
-1.29346 -1.38661
-1.2965 -1.38469
-1.29464 -1.38497
-1.29312 -1.38668
-1.29533 -1.38598
-1.29527 -1.38758
-1.29387 -1.38421
-1.29356 -1.38974
-1.2947 -1.38589
-1.29078 -1.38682
-1.29614 -1.38708
-1.29517 -1.38503
-1.29604 -1.38357
-1.29215 -1.38814
-1.29492 -1.38596
-1.29461 -1.38324
-1.29618 -1.38656
-1.29341 -1.3856
-1.29644 -1.38202
-1.29646 -1.38659
-1.29485 -1.38267
-1.29493 -1.38541
-1.29678 -1.38153
-1.29489 -1.38256
-1.29594 -1.38646
-1.29303 -1.38343
-1.29565 -1.38367
-1.29387 -1.38583
-1.293 -1.38297
-1.29709 -1.38276
-1.2938 -1.38506
-1.29442 -1.38375
-1.29906 -1.38214
-1.29577 -1.38134
-1.2946 -1.38635
-1.29642 -1.38286
-1.29668 -1.38103
-1.29383 -1.38471
-1.29534 -1.37724
-1.29478 -1.38444
-1.2978 -1.3804
-1.29318 -1.38299
-1.29396 -1.38162
-1.29536 -1.38067
-1.29267 -1.38326
-1.29362 -1.38456
-1.29485 -1.38129
-1.29353 -1.38176
-1.29586 -1.38538
-1.29338 -1.38498
-1.29426 -1.38022
-1.29414 -1.38458
-1.29174 -1.38271
-1.29885 -1.38219
-1.29395 -1.38396
-1.29557 -1.38074
-1.29627 -1.37853
-1.29362 -1.38095
-1.29559 -1.38338
-1.29335 -1.38238
-1.29472 -1.37904
-1.29758 -1.37861
-1.29177 -1.38542
-1.29487 -1.38052
-1.29374 -1.38079
-1.29452 -1.38079
-1.29595 -1.38083
-1.29098 -1.38433
-1.29521 -1.38069
-1.29511 -1.38318
-1.29411 -1.38021
-1.29288 -1.38069
-1.2926 -1.38258
-1.29515 -1.3805
-1.29398 -1.38256
-1.29285 -1.37964
-1.29675 -1.38039
-1.29375 -1.37885
-1.29413 -1.37864
-1.29678 -1.38004
-1.29273 -1.38143
-1.29223 -1.38042
-1.29586 -1.3801
-1.29277 -1.37875
-1.293 -1.38044
-1.29535 -1.37915
-1.29501 -1.38093
-1.29702 -1.37794
-1.29537 -1.37911
-1.2943 -1.38136
-1.29466 -1.37962
-1.2953 -1.37806
-1.29512 -1.37992
-1.29411 -1.38005
-1.29177 -1.38014
-1.29764 -1.37991
-1.29507 -1.37662
-1.29223 -1.37916
-1.2961 -1.3786
-1.29389 -1.3798
-1.29707 -1.37733
-1.29423 -1.37582
-1.29796 -1.37551
-1.29444 -1.38175
-1.29173 -1.37784
-1.29481 -1.37733
-1.29261 -1.37676
-1.29262 -1.3801
-1.29687 -1.37526
-1.29232 -1.38002
-1.29314 -1.38078
-1.29624 -1.37647
-1.29703 -1.37754
-1.29095 -1.37971
-1.29578 -1.3785
-1.29426 -1.37576
-1.29577 -1.37913
-1.29838 -1.37488
-1.29839 -1.37268
-1.29617 -1.37496
-1.2981 -1.37481
-1.29487 -1.37769
-1.29412 -1.37742
-1.29376 -1.37648
-1.29757 -1.37533
-1.29275 -1.37973
-1.29836 -1.37205
-1.29228 -1.37919
-1.29502 -1.37463
-1.29746 -1.37514
-1.29432 -1.37835
-1.29724 -1.37419
-1.29296 -1.37866
-1.29446 -1.3751
-1.29655 -1.37184
-1.29233 -1.37641
-1.29579 -1.3781
-1.29656 -1.37505
-1.29583 -1.37323
-1.29357 -1.37432
-1.29568 -1.37503
-1.29685 -1.37196
-1.29438 -1.37544
-1.2956 -1.37414
-1.29255 -1.37812
-1.29338 -1.37581
-1.29522 -1.37229
-1.29258 -1.3786
-1.29445 -1.37619
-1.2929 -1.37406
-1.29246 -1.38011
-1.29425 -1.37652
-1.2906 -1.37935
-1.29421 -1.37594
-1.29309 -1.3776
-1.29265 -1.37419
-1.29292 -1.37595
-1.29287 -1.37693
-1.29171 -1.37549
-1.29519 -1.37325
-1.29521 -1.37257
-1.29212 -1.37579
-1.29296 -1.37718
-1.29102 -1.37519
-1.29118 -1.37617
-1.29233 -1.37559
-1.2902 -1.37625
-1.29221 -1.37481
-1.29175 -1.37624
-1.29316 -1.37563
-1.28629 -1.37971
-1.29415 -1.37439
-1.2898 -1.37585
-1.28887 -1.37843
-1.29165 -1.37721
-1.28899 -1.37645
-1.28816 -1.37778
-1.28952 -1.37698
-1.29063 -1.37392
-1.28535 -1.37803
-1.28957 -1.37715
-1.28935 -1.37315
-1.28696 -1.37611
-1.29126 -1.37346
-1.28676 -1.37669
-1.2909 -1.37211
-1.28927 -1.37402
-1.29117 -1.37507
-1.28788 -1.3745
-1.28904 -1.37564
-1.28805 -1.37468
-1.294 -1.37265
-1.28677 -1.37594
-1.28971 -1.37325
-1.28757 -1.37288
-1.29031 -1.37802
-1.28908 -1.3757
-1.28833 -1.36882
-1.29178 -1.37345
-1.28838 -1.37304
-1.2896 -1.37576
-1.29148 -1.3725
-1.29206 -1.37096
-1.29043 -1.37223
-1.29354 -1.3719
-1.28877 -1.37255
-1.28914 -1.37464
-1.29094 -1.37119
-1.28843 -1.37075
-1.28938 -1.37016
-1.29075 -1.37323
-1.28843 -1.37351
-1.28984 -1.3718
-1.28824 -1.37413
-1.29043 -1.3727
-1.28583 -1.37146
-1.29134 -1.37069
-1.29098 -1.37301
-1.28763 -1.37151
-1.28931 -1.37217
-1.28904 -1.3709
-1.28947 -1.37032
-1.29038 -1.37416
-1.28708 -1.37033
-1.2897 -1.37178
-1.28749 -1.37739
-1.288 -1.36855
-1.28931 -1.37268
-1.28796 -1.37089
-1.28642 -1.37289
-1.29053 -1.37375
-1.29044 -1.37266
-1.28755 -1.36917
-1.29104 -1.37017
-1.28605 -1.3757
-1.29034 -1.37226
-1.28917 -1.37286
-1.29078 -1.37
-1.28625 -1.37379
-1.28903 -1.37428
-1.29213 -1.37025
-1.28694 -1.36996
-1.29082 -1.37414
-1.28748 -1.37205
-1.29047 -1.37232
-1.28618 -1.37431
-1.29064 -1.36995
-1.28807 -1.37296
-1.28966 -1.37116
-1.29021 -1.37159
-1.29243 -1.3709
-1.2899 -1.37142
-1.29095 -1.36855
-1.29002 -1.37122
-1.28881 -1.3694
-1.29231 -1.3694
-1.29053 -1.36686
-1.28868 -1.37228
-1.2884 -1.36768
-1.28897 -1.3678
-1.29018 -1.37234
-1.28877 -1.36742
-1.29064 -1.36909
-1.28956 -1.36983
-1.29051 -1.36788
-1.28909 -1.36841
-1.28949 -1.36857
-1.29095 -1.37076
-1.29002 -1.36989
-1.28873 -1.36825
-1.28914 -1.37075
-1.29163 -1.36607
-1.28375 -1.3714
-1.29305 -1.36645
-1.28676 -1.36701
-1.29259 -1.37099
-1.28975 -1.36489
-1.29004 -1.36389
-1.28676 -1.37044
-1.29172 -1.36721
-1.28804 -1.36776
-1.28902 -1.36987
-1.28968 -1.36614
-1.28916 -1.3664
-1.29204 -1.36655
-1.28753 -1.36633
-1.28706 -1.36805
-1.29264 -1.36193
-1.28816 -1.36622
-1.28909 -1.36845
-1.28836 -1.36417
-1.28948 -1.36711
-1.28717 -1.36721
-1.29205 -1.36459
-1.28696 -1.36786
-1.29035 -1.36603
-1.28825 -1.36823
-1.2875 -1.36505
-1.28817 -1.36663
-1.28745 -1.36855
-1.28789 -1.36474
-1.28701 -1.36654
-1.2884 -1.36443
-1.28687 -1.36624
-1.28784 -1.36976
-1.286 -1.36944
-1.28795 -1.36636
-1.28402 -1.36947
-1.28716 -1.36774
-1.28689 -1.36971
-1.28723 -1.37181
-1.2872 -1.36649
-1.28814 -1.36713
-1.28784 -1.37334
-1.28514 -1.36636
-1.28893 -1.36752
-1.28877 -1.36868
-1.28875 -1.36662
-1.28882 -1.36713
-1.28837 -1.36484
-1.28953 -1.36586
-1.29015 -1.36515
-1.28927 -1.36704
-1.28978 -1.36902
-1.28771 -1.36653
-1.28738 -1.36598
-1.29176 -1.36943
-1.28373 -1.36949
-1.29094 -1.36547
-1.28775 -1.36679
-1.28801 -1.36643
-1.2843 -1.37064
-1.28863 -1.36549
-1.28902 -1.36888
-1.28721 -1.36771
-1.2898 -1.36808
-1.28816 -1.36774
-1.28799 -1.36428
-1.28607 -1.3676
-1.29058 -1.36582
-1.2891 -1.36471
-1.28665 -1.36709
-1.28942 -1.36662
-1.28627 -1.3701
-1.28856 -1.36451
-1.28891 -1.36846
-1.28904 -1.36664
-1.28663 -1.36688
-1.28872 -1.36294
-1.28752 -1.36657
-1.2885 -1.36476
-1.28807 -1.36462
-1.2878 -1.3663
-1.28646 -1.3654
-1.28616 -1.36731
-1.29065 -1.36508
-1.28907 -1.36236
-1.28922 -1.36693
-1.28588 -1.36614
-1.29006 -1.36648
-1.28499 -1.36768
-1.29058 -1.36407
-1.28538 -1.36543
-1.29074 -1.36274
-1.28609 -1.36805
-1.28915 -1.36311
-1.2866 -1.36557
-1.28797 -1.36411
-1.28871 -1.36748
-1.28841 -1.36266
-1.28721 -1.36705
-1.28704 -1.36583
-1.28581 -1.36425
-1.28624 -1.36475
-1.28627 -1.3632
-1.28739 -1.36374
-1.28673 -1.36733
-1.28776 -1.36468
-1.28916 -1.3608
-1.28483 -1.36691
-1.28567 -1.36388
-1.29018 -1.36467
-1.28676 -1.36258
-1.28749 -1.36461
-1.28765 -1.36334
-1.28732 -1.36357
-1.29023 -1.36433
-1.28638 -1.36468
-1.29031 -1.363
-1.28542 -1.36486
-1.28889 -1.36236
-1.28761 -1.36393
-1.28577 -1.36297
-1.28852 -1.3616
-1.28582 -1.3656
-1.28846 -1.36172
-1.28905 -1.36339
-1.28657 -1.36225
-1.287 -1.36347
-1.28819 -1.36306
-1.28616 -1.36314
-1.28813 -1.36168
-1.286 -1.36605
-1.28947 -1.36213
-1.28495 -1.36395
-1.28566 -1.36256
-1.28789 -1.3622
-1.28667 -1.36091
-1.2889 -1.36153
-1.28606 -1.36344
-1.28697 -1.36091
-1.28677 -1.35812
-1.2872 -1.3622
-1.28547 -1.36208
-1.28879 -1.35914
-1.28478 -1.36333
-1.28955 -1.36129
-1.28324 -1.36268
-1.28931 -1.36154
-1.28368 -1.36326
-1.28706 -1.36178
-1.28534 -1.36324
-1.28852 -1.36055
-1.28774 -1.36139
-1.2836 -1.36072
-1.28532 -1.36521
-1.28428 -1.36158
-1.28774 -1.35974
-1.28233 -1.36262
-1.285 -1.35989
-1.28474 -1.36167
-1.28669 -1.36226
-1.28376 -1.36157
-1.28763 -1.35835
-1.28553 -1.362
-1.28588 -1.36143
-1.28578 -1.358
-1.28546 -1.36129
-1.28633 -1.36027
-1.28395 -1.3608
-1.2891 -1.35742
-1.28418 -1.36133
-1.28384 -1.3604
-1.28677 -1.3568
-1.2836 -1.35755
-1.28228 -1.36172
-1.28519 -1.36138
-1.28605 -1.36057
-1.28548 -1.35639
-1.28497 -1.35728
-1.28401 -1.35789
-1.28536 -1.35896
-1.28762 -1.3581
-1.28362 -1.3576
-1.28581 -1.35984
-1.28629 -1.35966
-1.28375 -1.3565
-1.28509 -1.36055
-1.28575 -1.35829
-1.28437 -1.35646
-1.28567 -1.35357
-1.2851 -1.35834
-1.28537 -1.35567
-1.28627 -1.35233
-1.2845 -1.35781
-1.28483 -1.35175
-1.2875 -1.35638
-1.28527 -1.35622
-1.28532 -1.35207
-1.28532 -1.35442
-1.28593 -1.35601
-1.28498 -1.35713
-1.2853 -1.35538
-1.28295 -1.35575
-1.28555 -1.35509
-1.28726 -1.35409
-1.2855 -1.35701
-1.28354 -1.35474
-1.28394 -1.35468
-1.28494 -1.35591
-1.28301 -1.35552
-1.28796 -1.35442
-1.28534 -1.35407
-1.28405 -1.35642
-1.28645 -1.35369
-1.28699 -1.35336
-1.2852 -1.35576
-1.28518 -1.35839
-1.28604 -1.35395
-1.28547 -1.35562
-1.28406 -1.35279
-1.28603 -1.3589
-1.28527 -1.35592
-1.28382 -1.35855
-1.28466 -1.35549
-1.2818 -1.35571
-1.28714 -1.3542
-1.28363 -1.35451
-1.28374 -1.35911
-1.2829 -1.3544
-1.28201 -1.35529
-1.28192 -1.35693
-1.28065 -1.35663
-1.28271 -1.35559
-1.28002 -1.35536
-1.28036 -1.35573
-1.2818 -1.35534
-1.28062 -1.35706
-1.28075 -1.35188
-1.28408 -1.3537
-1.28324 -1.35445
-1.28378 -1.35563
-1.27936 -1.35462
-1.28312 -1.35576
-1.28259 -1.35051
-1.28134 -1.35529
-1.2827 -1.35444
-1.28097 -1.35464
-1.2817 -1.35286
-1.28035 -1.35785
-1.28035 -1.35482
-1.28098 -1.3547
-1.28211 -1.35343
-1.28078 -1.35526
-1.28008 -1.35636
-1.28184 -1.35558
-1.27942 -1.35391
-1.27958 -1.35665
-1.27982 -1.35453
-1.28183 -1.35418
-1.27962 -1.35501
-1.28129 -1.35483
-1.27546 -1.35721
-1.28179 -1.35509
-1.27783 -1.35857
-1.27804 -1.35109
-1.27859 -1.35495
-1.2792 -1.35425
-1.27816 -1.35402
-1.2791 -1.35155
-1.27853 -1.35638
-1.28027 -1.3509
-1.27905 -1.35212
-1.27939 -1.35216
-1.28096 -1.35026
-1.28208 -1.35023
-1.27891 -1.35144
-1.28061 -1.35269
-1.28267 -1.3501
-1.27841 -1.35382
-1.28123 -1.34968
-1.28109 -1.35362
-1.28221 -1.35286
-1.28224 -1.35251
-1.28104 -1.35122
-1.27983 -1.35493
-1.28005 -1.35355
-1.28171 -1.35228
-1.28333 -1.35159
-1.28126 -1.35266
-1.28268 -1.35231
-1.27952 -1.35062
-1.28073 -1.35236
-1.28271 -1.35287
-1.27708 -1.35286
-1.28213 -1.3519
-1.2776 -1.35356
-1.27993 -1.35222
-1.28049 -1.35155
-1.27803 -1.35598
-1.27985 -1.35216
-1.2802 -1.35355
-1.27928 -1.3536
-1.27801 -1.35229
-1.27992 -1.3539
-1.27995 -1.35164
-1.27875 -1.353
-1.28199 -1.35299
-1.27918 -1.35493
-1.27995 -1.35327
-1.2827 -1.3531
-1.2807 -1.35194
-1.2794 -1.35257
-1.28156 -1.35141
-1.28288 -1.35349
-1.27962 -1.35046
-1.27921 -1.35273
-1.27844 -1.35201
-1.28048 -1.34984
-1.27787 -1.35587
-1.27993 -1.35108
-1.27734 -1.35513
-1.27837 -1.34927
-1.2793 -1.35109
-1.27726 -1.35271
-1.27783 -1.3497
-1.28012 -1.35224
-1.27844 -1.35181
-1.27754 -1.3501
-1.27779 -1.35358
-1.27834 -1.34873
-1.27704 -1.35259
-1.27814 -1.35655
-1.27695 -1.34708
-1.27583 -1.35341
-1.27536 -1.3542
-1.27647 -1.34988
-1.27695 -1.35409
-1.27702 -1.35194
-1.27694 -1.35308
-1.27835 -1.35134
-1.27482 -1.35444
-1.27844 -1.34947
-1.27802 -1.35101
-1.27562 -1.35109
-1.27858 -1.35085
-1.27671 -1.35123
-1.27704 -1.3535
-1.27795 -1.3515
-1.27676 -1.35066
-1.27492 -1.35136
-1.2765 -1.35128
-1.27574 -1.35053
-1.27681 -1.35403
-1.27519 -1.35043
-1.27585 -1.35161
-1.27667 -1.35045
-1.27777 -1.3496
-1.27682 -1.35257
-1.27618 -1.35017
-1.27597 -1.35062
-1.27652 -1.3521
-1.27478 -1.35177
-1.27718 -1.35121
-1.27622 -1.34626
-1.27721 -1.3523
-1.2767 -1.3473
-1.27411 -1.35342
-1.27676 -1.34826
-1.27672 -1.3525
-1.27675 -1.34756
-1.27673 -1.34715
-1.27598 -1.34829
-1.27579 -1.35123
-1.27783 -1.34983
-1.27708 -1.3496
-1.27678 -1.3481
-1.27462 -1.34806
-1.27866 -1.34873
-1.2742 -1.34877
-1.27688 -1.35017
-1.27591 -1.34932
-1.2785 -1.34659
-1.2761 -1.34769
-1.27792 -1.34705
-1.27577 -1.35009
-1.27913 -1.34416
-1.2766 -1.34915
-1.27704 -1.34683
-1.27685 -1.3473
-1.27325 -1.3496
-1.27878 -1.34729
-1.27811 -1.34503
-1.27804 -1.34691
-1.27926 -1.34606
-1.27732 -1.34441
-1.27784 -1.34678
-1.27682 -1.34852
-1.27744 -1.3462
-1.27617 -1.34951
-1.27897 -1.34541
-1.2747 -1.3499
-1.27569 -1.34764
-1.27725 -1.34971
-1.27596 -1.34504
-1.27437 -1.35044
-1.27649 -1.35123
-1.27762 -1.34626
-1.27381 -1.34912
-1.27664 -1.34904
-1.27662 -1.34607
-1.27931 -1.34811
-1.27741 -1.34617
-1.27499 -1.34586
-1.27831 -1.346
-1.27707 -1.34635
-1.27618 -1.34802
-1.27915 -1.3455
-1.27588 -1.34703
-1.27962 -1.34354
-1.27528 -1.34753
-1.27894 -1.34552
-1.27611 -1.34532
-1.27813 -1.34724
-1.27625 -1.34728
-1.27578 -1.34606
-1.27599 -1.34898
-1.27894 -1.34321
-1.2785 -1.34911
-1.27562 -1.3457
-1.27936 -1.34383
-1.27521 -1.34763
-1.27497 -1.34844
-1.28101 -1.34523
-1.27614 -1.34875
-1.27528 -1.34522
-1.27776 -1.3462
-1.27657 -1.34788
-1.27555 -1.3471
-1.27847 -1.34361
-1.27586 -1.34696
-1.27655 -1.34669
-1.27601 -1.34844
-1.27552 -1.34974
-1.27578 -1.34586
-1.27842 -1.34469
-1.27738 -1.34574
-1.27674 -1.34486
-1.27546 -1.34865
-1.27655 -1.34371
-1.27539 -1.34796
-1.27631 -1.34252
-1.2756 -1.34665
-1.27784 -1.34386
-1.27393 -1.3463
-1.27631 -1.34831
-1.27485 -1.34466
-1.27394 -1.34447
-1.27349 -1.34914
-1.27535 -1.34184
-1.27487 -1.34495
-1.27605 -1.34511
-1.27407 -1.34622
-1.27671 -1.33942
-1.27587 -1.34704
-1.27287 -1.34566
-1.27485 -1.34424
-1.27564 -1.34616
-1.27869 -1.34361
-1.27252 -1.34563
-1.27851 -1.34544
-1.27434 -1.34463
-1.27618 -1.34455
-1.27592 -1.34425
-1.27546 -1.34728
-1.27611 -1.346
-1.27372 -1.34625
-1.27672 -1.34454
-1.2777 -1.34482
-1.2744 -1.34628
-1.27417 -1.34525
-1.27491 -1.34693
-1.2739 -1.34633
-1.27471 -1.34533
-1.27212 -1.34585
-1.27506 -1.34706
-1.27213 -1.34753
-1.27198 -1.34835
-1.27455 -1.34821
-1.27175 -1.34758
-1.27416 -1.34763
-1.27408 -1.3464
-1.27307 -1.34438
-1.2747 -1.34549
-1.27263 -1.34743
-1.27194 -1.34815
-1.27472 -1.34383
-1.27304 -1.34687
-1.27241 -1.34381
-1.27195 -1.34238
-1.27361 -1.34669
-1.27088 -1.34553
-1.27201 -1.34731
-1.27143 -1.3454
-1.27232 -1.34734
-1.27469 -1.34163
-1.27086 -1.34783
-1.27401 -1.34851
-1.27301 -1.34732
-1.2745 -1.34387
-1.2728 -1.34683
-1.27329 -1.34821
-1.27359 -1.3453
-1.27581 -1.34668
-1.2727 -1.34751
-1.27399 -1.34651
-1.27135 -1.34748
-1.27451 -1.34629
-1.27131 -1.34453
-1.27582 -1.34522
-1.27183 -1.34795
-1.27347 -1.34821
-1.27258 -1.34855
-1.27772 -1.34279
-1.27543 -1.34359
-1.27317 -1.34705
-1.27449 -1.3428
-1.27283 -1.34522
-1.27316 -1.34538
-1.27086 -1.34816
-1.27411 -1.34205
-1.27244 -1.34457
-1.27383 -1.34467
-1.27385 -1.34386
-1.2727 -1.34523
-1.27433 -1.34489
-1.2722 -1.34558
-1.27391 -1.34291
-1.27331 -1.34536
-1.27358 -1.3443
-1.27138 -1.3451
-1.27154 -1.34469
-1.27372 -1.34453
-1.27413 -1.34473
-1.27143 -1.34377
-1.27344 -1.34169
-1.2717 -1.34479
-1.27098 -1.34759
-1.27269 -1.34321
-1.27133 -1.34431
-1.26966 -1.34328
-1.27455 -1.34369
-1.27094 -1.34315
-1.27297 -1.34324
-1.27517 -1.341
-1.27128 -1.34261
-1.27117 -1.34413
-1.27261 -1.34364
-1.27518 -1.34293
-1.26728 -1.34698
-1.27423 -1.34137
-1.2707 -1.34075
-1.27108 -1.34695
-1.27213 -1.34151
-1.27267 -1.34304
-1.27082 -1.34276
-1.27317 -1.34078
-1.27037 -1.34498
-1.27061 -1.34274
-1.27082 -1.34176
-1.26972 -1.34167
-1.27035 -1.34261
-1.27089 -1.34145
-1.271 -1.34348
-1.27021 -1.34169
-1.27119 -1.34091
-1.27285 -1.34272
-1.27339 -1.34164
-1.27208 -1.34328
-1.2718 -1.34137
-1.27196 -1.34165
-1.27026 -1.3408
-1.27411 -1.34359
-1.27133 -1.34319
-1.2744 -1.34228
-1.27194 -1.34238
-1.27042 -1.34453
-1.27364 -1.34222
-1.27278 -1.34064
-1.27356 -1.34353
-1.27297 -1.34101
-1.27156 -1.34292
-1.27197 -1.34164
-1.2708 -1.34522
-1.27331 -1.33911
-1.27266 -1.34507
-1.27165 -1.34189
-1.27333 -1.33803
-1.27291 -1.34147
-1.27041 -1.33946
-1.27383 -1.34064
-1.27147 -1.33995
-1.2692 -1.34447
-1.27103 -1.33909
-1.26848 -1.34229
-1.2721 -1.34177
-1.27171 -1.34242
-1.27141 -1.34254
-1.26843 -1.34061
-1.27151 -1.34206
-1.27028 -1.34267
-1.27003 -1.34565
-1.26977 -1.34435
-1.27177 -1.34064
-1.27056 -1.34159
-1.27155 -1.34366
-1.27325 -1.34062
-1.2718 -1.34165
-1.27039 -1.3414
-1.2726 -1.33877
