0 0
-0.087159 -0.0820004
-0.171528 -0.161666
-0.252889 -0.238668
-0.331211 -0.313084
-0.406649 -0.385209
-0.478954 -0.45448
-0.548542 -0.521
-0.615301 -0.585864
-0.678344 -0.646015
-0.737572 -0.706739
-0.795857 -0.762388
-0.849328 -0.815898
-0.900596 -0.865792
-0.94747 -0.914169
-0.99179 -0.960544
-1.03345 -1.00382
-1.07031 -1.04244
-1.1046 -1.08097
-1.13478 -1.11597
-1.16036 -1.15111
-1.18228 -1.17851
-1.20575 -1.20908
-1.2208 -1.23502
-1.23948 -1.25509
-1.2494 -1.27877
-1.26032 -1.29864
-1.26888 -1.316
-1.27688 -1.332
-1.27739 -1.35041
-1.28389 -1.36168
-1.28633 -1.36323
-1.28694 -1.36145
-1.28368 -1.36402
-1.28709 -1.35908
-1.28691 -1.3603
-1.28421 -1.36093
-1.28782 -1.36148
-1.28378 -1.3608
-1.28316 -1.362
-1.28822 -1.35699
-1.28545 -1.35912
-1.28395 -1.36391
-1.28432 -1.36349
-1.2852 -1.35999
-1.28511 -1.36121
-1.28383 -1.35982
-1.28319 -1.36232
-1.28639 -1.36153
-1.28495 -1.36101
-1.28257 -1.36469
-1.28377 -1.36229
-1.28331 -1.36358
-1.28351 -1.36107
-1.28569 -1.36592
-1.28362 -1.35971
-1.28452 -1.3629
-1.28468 -1.36134
-1.28428 -1.36395
-1.2856 -1.36
-1.28342 -1.3623
-1.286 -1.35916
-1.28429 -1.36121
-1.28494 -1.36011
-1.28525 -1.36047
-1.2846 -1.35755
-1.2846 -1.36135
-1.28588 -1.35687
-1.28506 -1.36095
-1.28142 -1.35794
-1.28506 -1.36218
-1.28394 -1.35753
-1.28413 -1.36051
-1.28449 -1.35784
-1.28297 -1.35867
-1.28573 -1.36038
-1.28383 -1.35649
-1.28703 -1.35683
-1.28505 -1.35929
-1.28242 -1.35803
-1.28662 -1.35583
-1.28487 -1.36082
-1.28477 -1.35824
-1.28625 -1.35927
-1.2866 -1.35595
-1.28537 -1.35873
-1.28211 -1.36026
-1.28616 -1.35405
-1.28415 -1.3592
-1.28609 -1.35562
-1.28193 -1.36119
-1.28573 -1.35856
-1.28326 -1.35595
-1.28435 -1.35786
-1.28364 -1.35678
-1.2855 -1.35774
-1.28446 -1.3554
-1.28499 -1.35737
-1.28546 -1.356
-1.28346 -1.35838
-1.28325 -1.35868
-1.2866 -1.35769
-1.2845 -1.35424
-1.28473 -1.35595
-1.285 -1.35438
-1.28258 -1.35709
-1.28385 -1.35654
-1.28418 -1.35673
-1.28521 -1.35361
-1.28348 -1.35772
-1.28399 -1.35616
-1.28347 -1.35426
-1.28568 -1.35746
-1.2819 -1.35796
-1.28469 -1.35686
-1.28353 -1.35562
-1.28064 -1.35939
-1.28337 -1.35535
-1.28115 -1.35879
-1.28138 -1.35649
-1.28044 -1.35997
-1.28294 -1.35754
-1.28341 -1.3601
-1.28058 -1.35859
-1.28288 -1.35905
-1.28064 -1.35655
-1.28367 -1.35835
-1.28175 -1.35355
-1.2807 -1.35858
-1.28385 -1.35565
-1.28267 -1.35687
-1.28025 -1.35703
-1.2856 -1.35574
-1.27909 -1.35874
-1.28011 -1.35763
-1.28008 -1.35823
-1.28269 -1.35707
-1.2833 -1.3547
-1.28174 -1.35831
-1.2823 -1.35564
-1.28255 -1.35578
-1.28109 -1.35496
-1.28527 -1.35286
-1.27979 -1.36179
-1.28335 -1.35187
-1.28585 -1.35408
-1.28352 -1.35598
-1.28297 -1.35458
-1.28143 -1.35455
-1.28364 -1.35629
-1.28192 -1.35289
-1.28163 -1.35328
-1.28137 -1.35955
-1.28386 -1.35348
-1.28137 -1.35627
-1.28063 -1.35363
-1.28287 -1.35356
-1.28304 -1.35306
-1.28041 -1.35625
-1.28181 -1.35343
-1.28194 -1.3562
-1.28125 -1.3541
-1.28239 -1.35274
-1.28107 -1.35529
-1.28214 -1.3541
-1.28222 -1.35253
-1.28254 -1.3542
-1.27986 -1.35567
-1.28066 -1.35149
-1.28195 -1.35487
-1.2806 -1.35397
-1.27954 -1.35875
-1.27877 -1.35641
-1.28524 -1.35194
-1.28202 -1.35533
-1.28105 -1.35781
-1.2809 -1.35422
-1.2822 -1.35519
-1.28352 -1.35377
-1.28344 -1.35366
-1.27987 -1.35709
-1.28336 -1.35464
-1.28159 -1.35194
-1.28336 -1.35597
-1.28141 -1.35654
-1.28409 -1.35338
-1.28369 -1.35072
-1.2828 -1.35444
-1.28151 -1.35615
-1.28183 -1.35574
-1.28509 -1.34883
-1.28056 -1.35687
-1.28214 -1.35213
-1.28191 -1.35702
-1.28033 -1.35396
-1.28545 -1.35241
-1.2834 -1.3534
-1.28407 -1.35464
-1.28091 -1.35747
-1.28165 -1.35344
-1.28349 -1.35491
-1.28464 -1.3516
-1.28116 -1.35672
-1.28021 -1.35596
-1.28517 -1.35205
-1.28161 -1.35554
-1.28369 -1.35003
-1.2799 -1.35717
-1.28254 -1.35373
-1.28116 -1.35278
-1.28063 -1.35359
-1.28241 -1.35599
-1.27949 -1.35348
-1.28251 -1.35442
-1.28251 -1.35559
-1.28473 -1.3525
-1.27811 -1.35388
-1.28331 -1.35035
-1.28359 -1.35367
-1.27879 -1.35442
-1.28268 -1.353
-1.27948 -1.3552
-1.28159 -1.35402
-1.27949 -1.35751
-1.28101 -1.35205
-1.28259 -1.35332
-1.27986 -1.35464
-1.28162 -1.35234
-1.28201 -1.35425
-1.27941 -1.35729
-1.28044 -1.35497
-1.28044 -1.35233
-1.28006 -1.35537
-1.28005 -1.34971
-1.28267 -1.35433
-1.28211 -1.35335
-1.28259 -1.35274
-1.27926 -1.35379
-1.28208 -1.3547
-1.27798 -1.35553
-1.2843 -1.35
-1.28032 -1.35378
-1.28066 -1.35555
-1.28266 -1.35033
-1.28028 -1.35346
-1.28066 -1.35247
-1.28288 -1.35278
-1.27815 -1.35469
-1.28107 -1.35438
-1.28249 -1.35326
-1.27987 -1.35406
-1.28272 -1.35298
-1.27934 -1.35358
-1.28323 -1.35347
-1.27856 -1.35364
-1.28204 -1.35185
-1.28079 -1.35406
-1.27909 -1.35405
-1.28175 -1.3551
-1.28359 -1.3472
-1.28157 -1.35518
-1.27989 -1.35171
-1.28429 -1.35077
-1.28053 -1.35574
-1.28064 -1.35215
-1.28214 -1.35256
-1.28148 -1.35279
-1.27695 -1.35356
-1.28545 -1.34935
-1.28033 -1.35208
-1.28175 -1.35455
-1.28082 -1.3529
-1.28105 -1.35123
-1.28356 -1.35007
-1.27773 -1.35415
-1.28216 -1.35431
-1.27963 -1.3529
-1.28347 -1.35436
-1.28174 -1.35371
-1.28032 -1.35275
-1.28227 -1.35223
-1.28297 -1.35262
-1.2795 -1.35497
-1.28304 -1.35291
-1.28238 -1.35263
-1.27872 -1.35062
-1.28375 -1.35222
-1.2824 -1.35274
-1.28245 -1.35288
-1.28153 -1.35251
-1.28364 -1.35023
-1.27991 -1.35265
-1.27888 -1.35191
-1.28352 -1.35176
-1.28032 -1.35121
-1.28403 -1.34962
-1.28048 -1.34994
-1.27863 -1.35246
-1.28146 -1.35274
-1.28117 -1.34848
-1.28205 -1.34998
-1.28115 -1.35135
-1.28076 -1.3523
-1.28004 -1.35141
-1.28253 -1.34923
-1.28146 -1.35194
-1.27985 -1.35058
-1.28271 -1.35047
-1.28038 -1.35076
-1.28269 -1.34913
-1.27759 -1.3554
-1.28231 -1.34775
-1.27948 -1.35148
-1.27873 -1.35215
-1.28317 -1.34908
-1.27951 -1.35262
-1.27946 -1.34893
-1.28012 -1.3495
-1.28099 -1.35167
-1.27839 -1.35194
-1.28026 -1.35109
-1.27987 -1.35134
-1.28289 -1.34861
-1.28303 -1.3512
-1.2794 -1.3499
-1.28227 -1.34943
-1.28074 -1.34943
-1.28224 -1.34946
-1.2789 -1.3489
-1.28367 -1.34951
-1.27824 -1.35049
-1.28172 -1.34873
-1.2819 -1.34994
-1.27967 -1.35032
-1.2807 -1.35279
-1.27953 -1.34853
-1.28177 -1.35056
-1.28046 -1.34833
-1.28257 -1.3469
-1.28202 -1.35154
-1.2826 -1.34859
-1.27872 -1.35132
-1.28236 -1.34908
-1.27918 -1.35008
-1.28157 -1.35249
-1.28133 -1.34746
-1.27842 -1.35381
-1.28106 -1.34719
-1.28178 -1.34852
-1.28068 -1.34923
-1.28095 -1.34727
-1.27817 -1.3512
-1.28073 -1.34906
-1.27906 -1.35025
-1.28331 -1.3471
-1.27752 -1.35083
-1.28201 -1.34739
-1.28269 -1.35005
-1.28162 -1.34703
-1.28201 -1.34371
-1.28515 -1.34826
-1.28078 -1.34658
-1.28237 -1.34665
-1.28223 -1.34726
-1.28327 -1.34798
-1.28031 -1.34872
-1.28355 -1.34194
-1.27917 -1.34819
-1.28282 -1.34653
-1.28173 -1.35032
-1.28195 -1.34628
-1.28122 -1.34508
-1.27835 -1.35072
-1.28846 -1.34225
-1.2792 -1.35048
-1.28199 -1.34356
-1.28314 -1.34988
-1.28088 -1.34654
-1.28227 -1.34895
-1.28077 -1.34647
-1.28207 -1.34844
-1.28373 -1.34753
-1.27828 -1.34863
-1.28502 -1.34699
-1.27906 -1.34878
-1.2834 -1.34525
-1.28224 -1.35022
-1.28095 -1.34605
-1.28006 -1.35127
-1.28203 -1.34544
-1.28112 -1.34902
-1.28262 -1.34906
-1.28076 -1.34499
-1.281 -1.34714
-1.28008 -1.34649
-1.28281 -1.3461
-1.28273 -1.34588
-1.28199 -1.34723
-1.28326 -1.34427
-1.28112 -1.344
-1.28244 -1.34707
-1.28607 -1.34388
-1.28271 -1.34638
-1.28217 -1.34583
-1.28271 -1.34463
-1.28399 -1.34366
-1.28282 -1.34398
-1.2829 -1.34663
-1.28029 -1.34445
-1.2833 -1.34363
-1.28334 -1.34464
-1.28226 -1.34406
-1.28305 -1.34302
-1.28236 -1.3439
-1.2831 -1.34409
-1.28362 -1.3432
-1.28086 -1.34665
-1.2818 -1.34105
-1.28297 -1.34364
-1.28241 -1.34218
-1.28156 -1.34635
-1.27961 -1.34149
-1.28288 -1.34252
-1.28009 -1.34594
-1.2837 -1.34381
-1.28298 -1.34416
-1.28033 -1.34565
-1.28049 -1.34371
-1.28233 -1.34119
-1.28277 -1.34401
-1.28374 -1.33984
-1.28315 -1.34419
-1.28159 -1.34352
-1.28452 -1.34262
-1.28166 -1.34332
-1.28262 -1.34294
-1.27956 -1.34392
-1.28195 -1.34372
-1.28249 -1.34137
-1.27975 -1.34665
-1.28371 -1.34118
-1.28186 -1.34297
-1.28129 -1.34165
-1.28164 -1.34527
-1.28373 -1.343
-1.28208 -1.34355
-1.28113 -1.34257
-1.28026 -1.34322
-1.28085 -1.34552
-1.28163 -1.34387
-1.28289 -1.34141
-1.27913 -1.34441
-1.28015 -1.34234
-1.28275 -1.34355
-1.28306 -1.33914
-1.27831 -1.3465
-1.28072 -1.34244
-1.28432 -1.3392
-1.28136 -1.34412
-1.2782 -1.34424
-1.28193 -1.34204
-1.28433 -1.3412
-1.27983 -1.34216
-1.28278 -1.33955
-1.28039 -1.34566
-1.28374 -1.33756
-1.28172 -1.33997
-1.2828 -1.34112
-1.28225 -1.34011
-1.28371 -1.34241
-1.28113 -1.33938
-1.27862 -1.3437
-1.2822 -1.34034
-1.28289 -1.33887
-1.28176 -1.34145
-1.28229 -1.34199
-1.28337 -1.3389
-1.28222 -1.33728
-1.28203 -1.33847
-1.2817 -1.34136
-1.28251 -1.33845
-1.28274 -1.34026
-1.28252 -1.33593
-1.28372 -1.33779
-1.28248 -1.33971
-1.28195 -1.33837
-1.28288 -1.33859
-1.28108 -1.34111
-1.28519 -1.33851
-1.28183 -1.33937
-1.28145 -1.33944
-1.28226 -1.33966
-1.28052 -1.33799
-1.28295 -1.3396
-1.28251 -1.34009
-1.27975 -1.34069
-1.28115 -1.33715
-1.28251 -1.34356
-1.28179 -1.33685
-1.28312 -1.33822
-1.28135 -1.33938
-1.28156 -1.34052
-1.28364 -1.33965
-1.27974 -1.33913
-1.28155 -1.3422
-1.27964 -1.34056
-1.2825 -1.33884
-1.2817 -1.34101
-1.27938 -1.34008
-1.28084 -1.34202
-1.27882 -1.3421
-1.27966 -1.33792
-1.27983 -1.33811
-1.28206 -1.34042
-1.2806 -1.33749
-1.28183 -1.34084
-1.27968 -1.33827
-1.28076 -1.33906
-1.28272 -1.33994
-1.27866 -1.33949
-1.28377 -1.33672
-1.28013 -1.34154
-1.28342 -1.33746
-1.27941 -1.33853
-1.28008 -1.34055
-1.28052 -1.33709
-1.28206 -1.33699
-1.27842 -1.343
-1.28214 -1.33753
-1.27825 -1.34012
-1.28184 -1.34183
-1.27807 -1.33916
-1.27999 -1.33546
-1.28085 -1.34226
-1.27976 -1.33985
-1.27846 -1.33905
-1.27986 -1.33921
-1.27948 -1.33851
-1.27907 -1.34018
-1.28046 -1.33847
-1.27763 -1.33946
-1.28235 -1.33823
-1.27913 -1.33806
-1.27848 -1.3433
-1.28037 -1.33819
-1.2788 -1.33964
-1.27795 -1.3403
-1.27824 -1.34119
-1.27926 -1.33694
-1.27857 -1.34043
-1.2822 -1.33728
-1.27654 -1.34255
-1.28254 -1.33654
-1.28078 -1.33781
-1.27811 -1.34034
-1.27598 -1.33821
-1.28248 -1.33784
-1.27769 -1.34046
-1.27672 -1.34079
-1.28118 -1.33648
-1.27413 -1.34117
-1.27784 -1.33892
-1.27978 -1.34319
-1.27763 -1.33599
-1.27657 -1.34086
-1.27621 -1.34143
-1.28039 -1.33946
-1.27495 -1.33849
-1.28054 -1.34004
-1.27663 -1.3389
-1.27863 -1.33989
-1.27427 -1.34189
-1.27676 -1.33871
-1.27917 -1.3393
-1.27605 -1.34206
-1.27442 -1.33882
-1.2766 -1.33928
-1.27638 -1.33826
-1.27714 -1.33928
-1.27777 -1.34014
-1.27594 -1.34156
-1.27789 -1.33776
-1.27701 -1.33702
-1.27702 -1.34001
-1.27713 -1.33768
-1.27833 -1.3365
-1.27528 -1.3413
-1.27927 -1.33472
-1.2756 -1.34015
-1.27711 -1.33722
-1.27678 -1.33992
-1.27707 -1.33795
-1.27617 -1.33977
-1.2778 -1.33781
-1.27497 -1.33751
-1.2773 -1.34071
-1.27557 -1.33854
-1.2793 -1.33859
-1.2756 -1.33878
-1.27803 -1.33796
-1.27719 -1.33702
-1.27557 -1.33705
-1.27804 -1.33827
-1.27568 -1.33755
-1.27844 -1.33946
-1.27791 -1.33585
-1.27643 -1.33775
-1.27449 -1.34024
-1.28064 -1.33765
-1.27588 -1.33666
-1.27561 -1.33925
-1.27612 -1.33957
-1.27611 -1.33808
-1.27636 -1.33969
-1.27447 -1.34013
-1.2771 -1.34021
-1.2773 -1.33841
-1.276 -1.33838
-1.2764 -1.34077
-1.27613 -1.33879
-1.274 -1.34239
-1.27829 -1.33752
-1.2754 -1.34066
-1.27309 -1.33924
-1.2767 -1.33711
-1.27659 -1.34225
-1.27308 -1.34158
-1.27506 -1.34055
-1.27605 -1.33819
-1.27482 -1.33671
-1.27591 -1.33956
-1.27404 -1.3395
-1.27654 -1.3371
-1.27606 -1.33723
-1.27828 -1.3347
-1.27744 -1.33769
-1.27377 -1.33997
-1.27697 -1.33646
-1.2753 -1.33828
-1.27434 -1.33744
-1.27595 -1.33786
-1.27668 -1.33589
-1.27397 -1.34012
-1.27659 -1.33278
-1.27634 -1.33787
-1.2768 -1.33357
-1.27555 -1.33499
-1.27651 -1.33936
-1.27645 -1.33269
-1.27782 -1.33668
-1.27172 -1.33717
-1.2786 -1.33141
-1.27624 -1.33689
-1.27485 -1.33525
-1.27782 -1.33669
-1.2758 -1.3335
-1.27846 -1.33306
-1.27738 -1.3359
-1.27409 -1.33248
-1.27641 -1.33336
-1.27696 -1.33262
-1.27696 -1.33338
-1.27751 -1.33195
-1.27372 -1.33432
-1.27801 -1.33237
-1.27627 -1.3309
-1.27673 -1.33221
-1.27651 -1.33345
-1.27561 -1.33387
-1.27894 -1.33167
-1.27548 -1.33347
-1.27564 -1.33207
-1.27687 -1.33689
-1.27699 -1.33275
-1.27647 -1.33124
-1.27789 -1.33434
-1.2751 -1.33168
-1.27775 -1.33424
-1.27804 -1.3347
-1.27691 -1.33007
-1.27656 -1.33057
-1.2771 -1.33297
-1.27727 -1.33402
-1.27517 -1.33251
-1.27692 -1.33168
-1.27491 -1.33299
-1.27607 -1.33191
-1.27691 -1.33134
-1.27493 -1.3332
-1.277 -1.33193
-1.27834 -1.33114
-1.27533 -1.33236
-1.27753 -1.33158
-1.27557 -1.33236
-1.27862 -1.32959
-1.27765 -1.33086
-1.27831 -1.33134
-1.27596 -1.33226
-1.27711 -1.33127
-1.27818 -1.3299
-1.27564 -1.33217
-1.27788 -1.3309
-1.27778 -1.32779
-1.27732 -1.33179
-1.27667 -1.33111
-1.27426 -1.33131
-1.27799 -1.32771
-1.27622 -1.33137
-1.27457 -1.33236
-1.2786 -1.32544
-1.27549 -1.33233
-1.27748 -1.32921
-1.27648 -1.33244
-1.27562 -1.32996
-1.27903 -1.33027
-1.2734 -1.33151
-1.27889 -1.33038
-1.2757 -1.33163
-1.27627 -1.33018
-1.2759 -1.33227
-1.27618 -1.33257
-1.27736 -1.32794
-1.27651 -1.33432
-1.27506 -1.33057
-1.27883 -1.33156
-1.27585 -1.33138
-1.27861 -1.33068
-1.27362 -1.33116
-1.27873 -1.33096
-1.27611 -1.32959
-1.27735 -1.33191
-1.27703 -1.32916
-1.2763 -1.33218
-1.27615 -1.33382
-1.27644 -1.33354
-1.27799 -1.32978
-1.27522 -1.33285
-1.27708 -1.3289
-1.2787 -1.32844
-1.27613 -1.33191
-1.27896 -1.32868
-1.27562 -1.33073
-1.27852 -1.32769
-1.27563 -1.33103
-1.27859 -1.33078
-1.27821 -1.32771
-1.27798 -1.3312
-1.27963 -1.32924
-1.27495 -1.33055
-1.27913 -1.32843
-1.27705 -1.32856
-1.2811 -1.32911
-1.27619 -1.32875
-1.27753 -1.328
-1.27534 -1.33123
-1.27865 -1.32797
-1.27485 -1.32997
-1.27719 -1.32687
-1.27716 -1.33149
-1.27643 -1.32923
-1.27518 -1.33009
-1.27708 -1.32985
-1.27288 -1.33077
-1.27868 -1.32694
-1.27348 -1.3339
-1.27503 -1.32799
-1.27587 -1.33021
-1.27304 -1.33119
-1.27349 -1.33152
-1.27533 -1.33075
-1.27419 -1.32888
-1.27641 -1.32766
-1.27445 -1.33309
-1.27493 -1.33006
-1.2721 -1.33223
-1.27824 -1.32974
-1.27419 -1.32978
-1.27408 -1.32903
-1.27579 -1.32783
-1.2724 -1.33144
-1.27334 -1.33299
-1.27592 -1.3272
-1.27589 -1.32757
-1.27283 -1.33108
-1.27667 -1.32657
-1.27394 -1.32798
-1.27331 -1.33104
-1.27418 -1.32791
-1.27303 -1.32911
-1.27675 -1.32895
-1.27355 -1.32874
-1.27567 -1.32892
-1.27429 -1.32835
-1.27317 -1.32593
-1.27512 -1.32667
-1.27528 -1.32718
-1.27501 -1.32817
-1.27238 -1.32745
-1.27543 -1.32905
-1.27291 -1.32649
-1.27598 -1.3258
-1.27312 -1.32803
-1.27475 -1.32856
-1.27233 -1.32895
-1.27397 -1.32692
-1.27515 -1.32967
-1.2736 -1.32711
-1.27357 -1.32883
-1.27392 -1.32723
-1.27364 -1.32664
-1.27312 -1.33063
-1.27348 -1.32664
-1.2728 -1.32672
-1.27158 -1.32857
-1.27375 -1.32697
-1.2739 -1.3263
-1.27277 -1.3272
-1.2733 -1.33077
-1.27311 -1.32796
-1.2752 -1.32575
-1.2744 -1.32712
-1.27218 -1.32987
-1.2749 -1.32578
-1.27198 -1.32597
-1.27469 -1.32753
-1.27251 -1.32677
-1.27369 -1.3252
-1.27154 -1.32904
-1.27389 -1.32805
-1.27001 -1.32665
-1.27314 -1.32626
-1.26888 -1.32851
-1.27148 -1.33132
-1.27215 -1.3243
-1.27252 -1.32795
-1.27147 -1.32652
-1.26974 -1.33201
-1.27323 -1.3266
-1.27328 -1.32693
-1.27184 -1.32564
-1.27322 -1.3263
-1.27364 -1.32821
-1.27366 -1.32742
-1.27467 -1.32702
-1.27359 -1.32353
-1.27336 -1.32287
-1.27396 -1.32829
-1.27468 -1.32463
-1.27338 -1.32208
-1.27196 -1.32826
-1.27495 -1.32444
-1.27101 -1.32642
-1.27396 -1.32451
-1.27289 -1.32684
-1.27275 -1.32366
-1.27208 -1.32627
-1.27333 -1.32072
-1.27166 -1.3282
-1.27379 -1.32367
-1.2719 -1.32492
-1.27331 -1.32709
-1.27367 -1.32514
-1.2738 -1.32372
-1.27379 -1.32799
-1.27177 -1.32381
-1.27586 -1.32315
-1.27409 -1.3277
-1.27487 -1.32131
-1.27112 -1.32963
-1.27386 -1.32366
-1.27442 -1.32495
-1.27032 -1.32799
-1.27224 -1.32845
-1.27181 -1.32642
-1.2726 -1.32939
-1.27467 -1.32729
-1.27043 -1.3276
-1.27285 -1.32572
-1.27463 -1.32593
-1.27056 -1.32639
-1.27439 -1.32566
-1.27327 -1.32819
-1.27088 -1.32446
-1.27232 -1.32802
-1.27406 -1.32477
-1.27173 -1.32666
-1.27354 -1.3251
-1.27166 -1.32921
-1.27121 -1.3228
-1.27346 -1.32541
-1.27212 -1.33059
-1.26996 -1.32729
-1.27248 -1.32661
-1.27181 -1.32715
-1.27115 -1.32497
-1.2737 -1.32775
-1.27041 -1.32633
-1.2727 -1.32732
-1.27326 -1.32331
-1.27096 -1.32768
-1.27472 -1.32559
-1.27252 -1.32599
-1.27103 -1.32868
-1.27666 -1.32196
-1.26975 -1.32631
-1.27262 -1.32571
-1.27124 -1.33103
-1.27393 -1.32353
-1.27456 -1.32625
-1.27209 -1.3239
-1.27177 -1.32556
-1.27405 -1.3264
-1.27549 -1.32536
-1.27234 -1.32314
-1.27659 -1.32265
-1.27057 -1.32651
-1.27372 -1.32527
-1.27212 -1.32286
-1.27185 -1.32545
-1.27335 -1.32375
-1.27144 -1.32533
-1.27409 -1.32198
-1.27164 -1.32679
-1.27456 -1.32216
-1.27312 -1.32533
-1.27158 -1.32541
-1.27331 -1.3264
-1.27101 -1.3249
-1.27355 -1.32399
-1.27183 -1.32621
-1.27138 -1.32699
-1.27527 -1.32231
-1.27201 -1.32984
-1.27132 -1.32313
-1.27401 -1.32459
-1.27429 -1.32527
-1.27098 -1.32758
-1.27311 -1.32219
-1.27138 -1.32521
-1.27218 -1.32594
-1.27528 -1.32408
-1.27188 -1.32207
-1.27157 -1.32536
-1.27464 -1.32432
-1.27383 -1.32497
-1.26993 -1.32787
-1.27387 -1.32252
-1.27327 -1.32487
-1.27375 -1.32438
-1.2714 -1.32524
-1.27368 -1.32529
-1.2745 -1.32421
-1.27191 -1.32662
-1.27153 -1.32646
-1.27421 -1.3255
-1.2726 -1.32593
-1.27305 -1.32479
-1.27464 -1.3232
-1.27311 -1.32511
-1.27145 -1.32451
-1.27221 -1.32259
-1.27289 -1.3253
-1.27193 -1.32407
-1.27226 -1.32127
-1.27212 -1.32371
-1.27258 -1.32389
-1.27385 -1.31847
-1.27367 -1.32667
-1.27326 -1.32091
-1.26941 -1.32329
-1.27237 -1.32365
-1.27122 -1.3246
-1.27081 -1.32247
-1.27316 -1.3248
-1.27136 -1.32229
-1.27086 -1.324
-1.27256 -1.32029
-1.27009 -1.32539
-1.27415 -1.32173
-1.27293 -1.32277
-1.27242 -1.32138
-1.27322 -1.3205
-1.27276 -1.32366
-1.27203 -1.3204
-1.2711 -1.32231
-1.27425 -1.31972
-1.27338 -1.32127
-1.2724 -1.32559
-1.27464 -1.31899
-1.27066 -1.32241
-1.2715 -1.32018
-1.27407 -1.3215
-1.26969 -1.32328
-1.27339 -1.32108
-1.27305 -1.32078
-1.27227 -1.32168
-1.27269 -1.32532
-1.27333 -1.3202
-1.27161 -1.3216
-1.27175 -1.32442
-1.27324 -1.31897
-1.2721 -1.32084
-1.27361 -1.32167
-1.27227 -1.31872
-1.27125 -1.32422
-1.27394 -1.32057
-1.27303 -1.31859
-1.27192 -1.32597
-1.27291 -1.31794
-1.27389 -1.32191
-1.2717 -1.31978
-1.2732 -1.32148
-1.27522 -1.31794
-1.27239 -1.32235
-1.27325 -1.31706
-1.27145 -1.32326
-1.27365 -1.32077
-1.27371 -1.31928
-1.27248 -1.323
-1.27239 -1.31782
-1.27423 -1.32081
-1.2718 -1.32081
-1.27263 -1.32088
-1.2724 -1.32239
-1.27263 -1.31998
-1.27212 -1.32325
-1.2727 -1.32093
-1.27432 -1.31982
-1.26939 -1.32237
-1.27262 -1.32153
-1.27393 -1.31888
-1.26944 -1.32253
-1.27284 -1.32077
-1.27089 -1.31908
-1.27461 -1.32128
-1.26956 -1.31729
-1.27293 -1.31963
-1.27364 -1.31773
-1.27157 -1.32092
-1.27138 -1.32009
-1.27168 -1.31756
-1.2727 -1.3178
-1.27087 -1.31907
-1.27125 -1.32066
-1.27443 -1.31791
-1.26882 -1.31916
-1.27272 -1.31672
-1.27061 -1.32339
-1.27261 -1.31709
-1.27269 -1.31901
-1.27015 -1.31925
-1.2743 -1.31614
-1.26959 -1.31972
-1.27138 -1.32006
-1.27138 -1.31618
-1.271 -1.31829
-1.2725 -1.31664
-1.27006 -1.31847
-1.27037 -1.31984
-1.27017 -1.31888
-1.27363 -1.31772
-1.26879 -1.31852
-1.27276 -1.31656
-1.27014 -1.31898
-1.27227 -1.31704
-1.27014 -1.31909
-1.27273 -1.31728
-1.2707 -1.31785
-1.27248 -1.3153
-1.27069 -1.31843
-1.272 -1.3145
-1.27467 -1.31614
-1.26978 -1.31896
-1.27473 -1.31785
-1.27115 -1.31446
-1.2722 -1.31749
-1.27056 -1.3151
-1.26855 -1.3185
-1.27452 -1.31481
-1.27033 -1.31716
-1.27217 -1.31497
-1.27232 -1.3158
-1.2706 -1.31403
-1.27199 -1.31695
-1.27122 -1.31538
-1.27122 -1.31483
-1.27085 -1.31358
-1.2701 -1.31533
-1.27195 -1.31682
-1.2697 -1.31475
-1.27229 -1.3151
-1.26709 -1.31581
-1.26913 -1.3157
-1.27175 -1.31354
-1.26945 -1.31712
-1.27069 -1.31532
-1.26717 -1.31775
-1.27067 -1.31457
-1.26958 -1.31731
-1.26938 -1.31569
-1.2708 -1.3149
-1.26844 -1.31339
-1.26967 -1.31489
-1.27008 -1.31527
-1.26896 -1.31225
-1.26875 -1.31594
-1.27029 -1.31358
-1.26813 -1.31138
-1.2671 -1.31788
-1.26901 -1.3147
-1.26857 -1.31321
-1.27015 -1.31352
-1.2673 -1.31231
-1.26979 -1.31405
-1.26768 -1.31154
-1.26821 -1.31245
-1.26888 -1.3139
-1.26739 -1.31338
-1.26941 -1.31449
-1.26799 -1.31087
-1.26985 -1.31129
-1.26839 -1.3144
-1.27083 -1.31219
-1.26587 -1.31445
-1.26921 -1.3111
-1.26722 -1.3114
-1.2675 -1.31374
-1.27192 -1.31177
-1.27034 -1.31335
-1.26692 -1.31566
-1.27288 -1.30679
-1.27105 -1.31131
-1.26869 -1.31206
-1.27007 -1.3104
-1.26985 -1.31119
-1.2722 -1.31097
-1.26992 -1.30898
-1.26874 -1.31537
-1.271 -1.3109
-1.26809 -1.31454
-1.27027 -1.31254
-1.26864 -1.31512
-1.2694 -1.31274
-1.26938 -1.3117
-1.2698 -1.31788
-1.26949 -1.31102
-1.26846 -1.31521
-1.26964 -1.31309
-1.2688 -1.31204
-1.26837 -1.31165
-1.26784 -1.31434
-1.26916 -1.31275
-1.27088 -1.31094
-1.26991 -1.31121
-1.26785 -1.31416
-1.26856 -1.31241
-1.27074 -1.31408
-1.26744 -1.31195
-1.26845 -1.31297
-1.26844 -1.31347
-1.26869 -1.31334
-1.26818 -1.31079
-1.26825 -1.31477
-1.2688 -1.31018
-1.2677 -1.31494
-1.26984 -1.31018
-1.26869 -1.31313
-1.26717 -1.31288
-1.26955 -1.31133
-1.26867 -1.31434
-1.26905 -1.31289
-1.27038 -1.31202
-1.26953 -1.31176
-1.26834 -1.31218
-1.26793 -1.31306
-1.27239 -1.31183
-1.2698 -1.31263
-1.26901 -1.31173
-1.27168 -1.3102
-1.26938 -1.31047
-1.27267 -1.3122
-1.26787 -1.31205
-1.26759 -1.31163
-1.27278 -1.30858
-1.26819 -1.31277
-1.27085 -1.31068
-1.26992 -1.31108
-1.27 -1.31248
-1.2695 -1.31117
-1.26989 -1.30991
-1.26746 -1.31378
-1.26985 -1.31172
-1.27122 -1.30707
-1.26803 -1.31342
-1.26992 -1.31023
-1.26946 -1.31285
-1.26782 -1.31424
-1.26942 -1.31115
-1.26743 -1.31064
-1.26962 -1.31381
-1.26963 -1.31094
-1.27106 -1.31253
-1.2703 -1.30889
-1.27001 -1.31084
-1.26935 -1.31341
-1.27006 -1.30934
-1.26955 -1.30973
-1.27152 -1.3099
-1.26695 -1.31262
-1.27092 -1.30757
-1.26957 -1.31113
-1.27039 -1.31119
-1.26808 -1.31138
-1.27088 -1.30847
-1.26901 -1.30796
-1.26809 -1.31273
-1.27078 -1.31052
-1.26992 -1.31127
-1.27014 -1.31101
-1.26992 -1.30866
-1.26874 -1.31276
-1.27117 -1.31131
-1.27134 -1.31122
-1.26824 -1.31154
-1.26923 -1.30907
-1.26772 -1.31282
-1.26824 -1.31012
-1.27017 -1.30918
-1.26627 -1.31252
-1.26711 -1.3116
-1.27039 -1.30829
-1.26605 -1.30755
-1.26555 -1.31196
-1.27168 -1.31123
-1.2662 -1.31126
-1.26897 -1.30868
-1.26697 -1.31148
-1.26943 -1.30781
-1.26938 -1.31233
-1.27069 -1.30933
-1.2675 -1.31204
-1.26819 -1.30952
-1.26974 -1.31139
-1.26723 -1.30908
-1.27096 -1.30795
-1.26723 -1.30992
-1.26678 -1.31066
-1.2692 -1.31
-1.26703 -1.31045
-1.26992 -1.30868
-1.26782 -1.3094
-1.26982 -1.31115
-1.26793 -1.30748
-1.26802 -1.30765
-1.26753 -1.3112
-1.26894 -1.30784
-1.26726 -1.31246
-1.26759 -1.30926
-1.26837 -1.30964
-1.26644 -1.30788
-1.26936 -1.31
-1.26987 -1.30858
-1.26539 -1.31079
-1.26865 -1.30949
-1.26763 -1.3104
-1.26978 -1.31007
-1.2632 -1.30818
-1.26968 -1.30947
-1.26649 -1.31148
-1.26674 -1.31041
-1.26775 -1.3092
-1.26547 -1.31361
-1.26581 -1.30764
-1.26738 -1.31229
-1.26414 -1.31132
-1.26781 -1.30977
-1.26413 -1.31082
-1.26787 -1.30769
-1.26561 -1.31016
-1.26595 -1.30981
-1.26399 -1.31097
-1.26586 -1.31116
-1.26614 -1.31091
-1.26507 -1.31284
-1.26968 -1.30719
-1.26455 -1.31112
-1.26487 -1.31099
-1.26681 -1.31032
-1.26761 -1.30975
-1.2642 -1.31314
-1.26695 -1.30894
-1.26623 -1.31019
-1.26694 -1.30976
-1.26362 -1.31161
-1.26695 -1.31011
-1.26769 -1.30986
-1.26716 -1.30775
-1.26434 -1.31212
-1.26542 -1.30856
-1.26655 -1.31151
-1.26484 -1.30897
-1.26465 -1.31015
-1.26683 -1.30755
-1.26416 -1.315
-1.26217 -1.30928
-1.26509 -1.30916
-1.26741 -1.30547
-1.26239 -1.31142
-1.26547 -1.309
-1.26502 -1.3103
-1.26712 -1.30766
-1.26307 -1.31011
-1.26596 -1.30942
-1.2655 -1.30908
-1.26442 -1.30902
-1.26214 -1.31003
-1.26675 -1.3105
-1.26304 -1.30879
-1.26778 -1.30618
-1.26458 -1.3118
-1.26663 -1.30772
-1.26677 -1.30744
-1.26456 -1.30867
-1.26647 -1.30738
-1.26202 -1.31084
-1.26637 -1.30605
-1.26584 -1.30919
-1.26363 -1.31063
-1.26435 -1.30687
-1.26416 -1.30952
-1.26788 -1.30795
-1.26296 -1.30801
-1.26637 -1.30531
-1.26432 -1.30702
-1.26695 -1.30636
-1.26441 -1.30986
-1.26408 -1.30896
-1.26655 -1.30809
-1.26108 -1.30794
-1.26628 -1.30743
-1.26625 -1.30643
-1.26436 -1.31121
-1.26328 -1.30704
-1.26732 -1.30748
-1.26362 -1.30706
-1.26622 -1.30894
-1.26411 -1.30494
-1.26726 -1.30567
-1.26217 -1.3061
-1.26522 -1.30761
-1.26364 -1.30606
-1.26553 -1.30511
-1.26518 -1.30736
-1.26387 -1.3066
-1.2642 -1.30855
-1.26708 -1.30551
-1.26264 -1.31003
-1.2649 -1.30616
-1.26592 -1.30627
-1.26363 -1.30242
-1.26489 -1.30971
-1.2655 -1.30686
-1.26454 -1.30448
-1.26486 -1.30781
-1.26348 -1.30678
-1.26496 -1.30675
-1.26565 -1.30847
-1.26556 -1.30104
-1.26129 -1.30709
-1.26516 -1.30686
-1.26339 -1.30424
-1.26416 -1.30642
-1.26443 -1.30701
-1.26244 -1.30468
-1.26631 -1.30399
-1.26283 -1.30816
-1.26403 -1.30542
-1.26634 -1.30382
-1.26224 -1.3075
-1.2653 -1.30265
-1.26587 -1.30681
-1.26235 -1.30461
-1.26178 -1.30865
-1.26628 -1.30194
-1.26386 -1.30878
-1.26649 -1.30384
-1.26247 -1.30655
-1.26632 -1.30271
-1.26251 -1.30513
-1.26201 -1.31013
-1.26428 -1.30483
-1.26308 -1.30579
-1.26396 -1.30874
-1.26295 -1.30555
-1.26247 -1.30598
-1.26547 -1.30584
-1.26326 -1.30682
-1.26812 -1.30285
-1.26262 -1.30652
-1.2667 -1.30409
-1.26474 -1.30447
-1.26471 -1.30889
-1.26554 -1.30533
-1.26154 -1.30635
-1.26382 -1.305
-1.26225 -1.30426
-1.26373 -1.3055
-1.2627 -1.30839
-1.26453 -1.30387
-1.26585 -1.30268
-1.26142 -1.30637
-1.26589 -1.30415
-1.26301 -1.30575
-1.26447 -1.30205
-1.26321 -1.30583
-1.26457 -1.30523
-1.2635 -1.30528
-1.26493 -1.30183
-1.26135 -1.30776
-1.26568 -1.30376
-1.2622 -1.30365
-1.26562 -1.30227
-1.26632 -1.30627
-1.26175 -1.30618
-1.2644 -1.30275
-1.26236 -1.30492
-1.26503 -1.30431
-1.26265 -1.30598
-1.26401 -1.30219
-1.26522 -1.30449
-1.26387 -1.30253
-1.26389 -1.30502
-1.26367 -1.3032
-1.26257 -1.30395
-1.26606 -1.30348
-1.26293 -1.30379
-1.2642 -1.30063
-1.26248 -1.30436
-1.26661 -1.30121
-1.26127 -1.30591
-1.26423 -1.30457
-1.26541 -1.30151
-1.26437 -1.30335
-1.26305 -1.30411
-1.26292 -1.30295
-1.26267 -1.30244
-1.26382 -1.30245
-1.26249 -1.3039
-1.26238 -1.3045
-1.26332 -1.30321
-1.26176 -1.30348
-1.26397 -1.30133
-1.26275 -1.30395
-1.26196 -1.30279
-1.26171 -1.30269
-1.26343 -1.30375
-1.2602 -1.30091
-1.26196 -1.30664
-1.26406 -1.30115
-1.26457 -1.30062
-1.26422 -1.30049
-1.26226 -1.30383
-1.26508 -1.30151
-1.26486 -1.30172
-1.26388 -1.30035
-1.26253 -1.30484
-1.26459 -1.30148
-1.26465 -1.30243
-1.26235 -1.3015
-1.26302 -1.30485
-1.26151 -1.30129
-1.26474 -1.30439
-1.26208 -1.30115
-1.26606 -1.30028
-1.26215 -1.30616
-1.26304 -1.30001
-1.2631 -1.307
-1.26422 -1.29947
-1.26532 -1.29991
-1.26442 -1.30445
-1.26375 -1.30131
-1.26422 -1.30379
-1.26183 -1.30447
-1.26402 -1.30146
-1.26498 -1.30137
-1.2618 -1.30516
-1.26438 -1.30332
-1.26464 -1.29991
-1.26478 -1.30358
-1.26142 -1.30428
-1.266 -1.30035
-1.26274 -1.30758
-1.26302 -1.30087
-1.26576 -1.30136
-1.26348 -1.3029
-1.26377 -1.30176
-1.26562 -1.30312
-1.26253 -1.30203
-1.26553 -1.30058
-1.2624 -1.30095
-1.26451 -1.30366
-1.262 -1.29999
-1.26411 -1.30227
-1.26358 -1.30162
-1.26464 -1.29999
-1.26368 -1.30332
-1.26313 -1.29927
-1.26523 -1.30205
-1.26391 -1.29922
-1.26302 -1.30116
-1.26421 -1.30115
-1.26387 -1.30167
-1.26147 -1.30126
-1.26113 -1.30146
-1.2625 -1.30129
-1.26353 -1.30155
-1.26222 -1.30222
-1.26114 -1.30159
-1.26363 -1.29953
-1.2621 -1.30119
-1.26146 -1.3032
-1.26138 -1.30064
-1.2633 -1.30074
-1.26314 -1.30324
-1.26229 -1.29752
-1.2647 -1.30479
-1.26332 -1.29891
-1.26121 -1.30126
-1.26391 -1.2994
-1.26082 -1.30323
-1.26464 -1.29851
-1.25956 -1.30117
-1.26231 -1.30186
-1.26122 -1.30162
-1.26297 -1.29912
-1.26269 -1.3012
-1.25866 -1.30198
-1.26667 -1.29718
-1.26145 -1.30135
-1.26172 -1.30113
-1.2657 -1.29722
-1.26178 -1.30176
-1.26083 -1.30094
-1.26536 -1.29539
-1.26291 -1.30121
-1.26357 -1.30176
-1.26331 -1.29801
-1.26327 -1.29917
-1.26255 -1.29845
-1.26411 -1.29931
-1.26319 -1.29902
-1.26339 -1.29721
-1.2624 -1.29975
-1.26405 -1.29862
-1.26172 -1.29969
-1.26352 -1.29655
-1.26378 -1.29846
-1.26246 -1.30301
-1.26255 -1.29771
-1.26462 -1.29992
-1.26257 -1.2955
-1.26237 -1.30465
-1.26213 -1.29553
-1.26401 -1.299
-1.26074 -1.29833
-1.26545 -1.29571
-1.26183 -1.29941
-1.26342 -1.30055
-1.26349 -1.30073
-1.26159 -1.29853
-1.26283 -1.29933
-1.26048 -1.29885
-1.26442 -1.29639
-1.2614 -1.29922
-1.26219 -1.29733
-1.25949 -1.29827
-1.2632 -1.29749
-1.25885 -1.29776
-1.26309 -1.29671
-1.26045 -1.30037
-1.26319 -1.29447
-1.2622 -1.29915
-1.26398 -1.29474
-1.2637 -1.29666
-1.26069 -1.29871
-1.26233 -1.29546
-1.26301 -1.2971
-1.26074 -1.29737
-1.2654 -1.29306
-1.26112 -1.29737
-1.26231 -1.29786
-1.2616 -1.29424
-1.26091 -1.2999
-1.26224 -1.29564
-1.26182 -1.29488
-1.26232 -1.29775
-1.26348 -1.29412
-1.26153 -1.29419
-1.26078 -1.29787
-1.25914 -1.29861
-1.26373 -1.29325
-1.26159 -1.29507
-1.26346 -1.29661
-1.26276 -1.29444
-1.25933 -1.29667
-1.26094 -1.29713
-1.26548 -1.29476
-1.26049 -1.29427
-1.2628 -1.29496
-1.26077 -1.29709
-1.26131 -1.29342
-1.26194 -1.29561
-1.26326 -1.29288
-1.25984 -1.29444
-1.2629 -1.29265
-1.26075 -1.29647
-1.26005 -1.29661
-1.26165 -1.29454
-1.25827 -1.29594
-1.26116 -1.29496
-1.25861 -1.29604
-1.25894 -1.29559
-1.26314 -1.29437
-1.25802 -1.29724
-1.26091 -1.29437
-1.2599 -1.29638
-1.25957 -1.2954
-1.26133 -1.29856
-1.25794 -1.29451
-1.2641 -1.29467
-1.25701 -1.29677
-1.25852 -1.29401
-1.26002 -1.29485
-1.26051 -1.29372
-1.25966 -1.29687
-1.25935 -1.29671
-1.25997 -1.29359
-1.25841 -1.29593
-1.26043 -1.29185
-1.25907 -1.29535
-1.26052 -1.29536
-1.25856 -1.29587
-1.26069 -1.29329
-1.26054 -1.29549
-1.25959 -1.29297
-1.26259 -1.29331
-1.25691 -1.29464
-1.26091 -1.2942
-1.26277 -1.29295
-1.26061 -1.29345
-1.25719 -1.29695
-1.2608 -1.29127
-1.25822 -1.29527
-1.26104 -1.29412
-1.26035 -1.29084
-1.26035 -1.29446
-1.26152 -1.29487
-1.25834 -1.29346
-1.26297 -1.29235
-1.25791 -1.29269
-1.26018 -1.29276
-1.25972 -1.29393
-1.26293 -1.29198
-1.26093 -1.29231
-1.26125 -1.29141
-1.26001 -1.2927
-1.2617 -1.29298
-1.25922 -1.29086
-1.26271 -1.29209
-1.25746 -1.29401
-1.25999 -1.29287
-1.26125 -1.29464
-1.25918 -1.28926
-1.26049 -1.29179
-1.26057 -1.29565
-1.25985 -1.29144
-1.26302 -1.28951
-1.26089 -1.29227
-1.25893 -1.2936
-1.25797 -1.29303
-1.25999 -1.29504
-1.2623 -1.29151
-1.25923 -1.29133
-1.25968 -1.29284
-1.26127 -1.29075
-1.25962 -1.29208
-1.25786 -1.29098
-1.2599 -1.29226
-1.26162 -1.2928
-1.25929 -1.29113
-1.25902 -1.2938
-1.2599 -1.29018
-1.2593 -1.29156
-1.25888 -1.29337
-1.2588 -1.29185
-1.26074 -1.2922
-1.25825 -1.29411
-1.25815 -1.29328
-1.25876 -1.29073
-1.25661 -1.29529
-1.25995 -1.29239
-1.25838 -1.29229
-1.25712 -1.29287
-1.26004 -1.29039
-1.26068 -1.28899
-1.26033 -1.29446
-1.25759 -1.29303
-1.26304 -1.29147
-1.25971 -1.28923
-1.26313 -1.28967
-1.25965 -1.29231
-1.25938 -1.29075
-1.25872 -1.29049
-1.26333 -1.29043
-1.25857 -1.29281
-1.26229 -1.29076
-1.26022 -1.29115
-1.26032 -1.28984
-1.26057 -1.29343
-1.25766 -1.29113
-1.26009 -1.292
-1.25939 -1.29198
-1.2582 -1.29325
-1.2602 -1.29272
-1.25733 -1.29239
-1.26077 -1.29139
-1.25685 -1.29486
-1.25819 -1.2904
-1.25816 -1.29325
-1.25904 -1.2917
-1.26083 -1.29152
-1.25585 -1.29416
-1.25751 -1.29395
-1.26033 -1.29149
-1.25831 -1.29146
-1.25803 -1.2914
-1.25963 -1.29198
-1.25745 -1.29378
-1.25986 -1.2873
-1.25844 -1.29278
-1.25745 -1.29258
-1.25922 -1.291
-1.25757 -1.29211
-1.25967 -1.29146
-1.25824 -1.29151
-1.25803 -1.2918
-1.25897 -1.29338
-1.25869 -1.28928
-1.26048 -1.29095
-1.25809 -1.29564
-1.25629 -1.2927
-1.25899 -1.29193
-1.2589 -1.29288
-1.25892 -1.28994
-1.26004 -1.29242
-1.25842 -1.29152
-1.25735 -1.29379
-1.25756 -1.29161
-1.2568 -1.29393
-1.25869 -1.28985
-1.26068 -1.29347
-1.25552 -1.29135
-1.26006 -1.29121
-1.25953 -1.28909
-1.25727 -1.29403
-1.26142 -1.28982
-1.25812 -1.29102
-1.25666 -1.29327
-1.25842 -1.28995
-1.25895 -1.29363
-1.25575 -1.29125
-1.25799 -1.2913
-1.2608 -1.29092
-1.25423 -1.29389
-1.2575 -1.28838
-1.2604 -1.29105
-1.25448 -1.29218
-1.25815 -1.29356
-1.25874 -1.29057
-1.25698 -1.29396
-1.25734 -1.29074
-1.25818 -1.29106
-1.25633 -1.29269
-1.25783 -1.2933
-1.25731 -1.29137
-1.25789 -1.29017
-1.26075 -1.29356
-1.25599 -1.29241
-1.25567 -1.29326
-1.25863 -1.2919
-1.25634 -1.29197
-1.25933 -1.29255
-1.25732 -1.29327
-1.25698 -1.29192
-1.25773 -1.28874
-1.25458 -1.29437
-1.25795 -1.29035
-1.25754 -1.29238
-1.25515 -1.28941
-1.25529 -1.29322
-1.25742 -1.29083
-1.25769 -1.29334
-1.25665 -1.29003
-1.25715 -1.29087
-1.25606 -1.29262
-1.25697 -1.29033
-1.25638 -1.28933
-1.25799 -1.28846
-1.25978 -1.29286
-1.25777 -1.28877
-1.25743 -1.28898
-1.25639 -1.29009
-1.25856 -1.29145
-1.25619 -1.28918
-1.25883 -1.29064
-1.25465 -1.29071
-1.25712 -1.28996
-1.25683 -1.29247
-1.25718 -1.28939
-1.25756 -1.29212
-1.25762 -1.28903
-1.25517 -1.29299
-1.25746 -1.2896
-1.25517 -1.29206
-1.25683 -1.28882
-1.25689 -1.28798
-1.25396 -1.29349
-1.25633 -1.28955
-1.25646 -1.28898
-1.25292 -1.2928
-1.25679 -1.28878
-1.25588 -1.28969
-1.25473 -1.28983
-1.25611 -1.29068
-1.25421 -1.28845
-1.25578 -1.29267
-1.25353 -1.29027
-1.25498 -1.28908
-1.25389 -1.29272
-1.25595 -1.28782
-1.2557 -1.28983
-1.25315 -1.28969
-1.25484 -1.28788
-1.25466 -1.28924
-1.25387 -1.28803
-1.25268 -1.29067
-1.25718 -1.28864
-1.25282 -1.2907
-1.25334 -1.28963
-1.25567 -1.28785
-1.25241 -1.29175
-1.25377 -1.28911
-1.25376 -1.28694
-1.25239 -1.29021
-1.25223 -1.2898
-1.25377 -1.28794
-1.25524 -1.28847
-1.25417 -1.2888
-1.25401 -1.28987
-1.25356 -1.28828
-1.25361 -1.28937
-1.25595 -1.2887
-1.25131 -1.2898
-1.25382 -1.29142
-1.25587 -1.2853
-1.25175 -1.29486
-1.25383 -1.28638
-1.25222 -1.29468
-1.2566 -1.2875
-1.25255 -1.29041
-1.25338 -1.28946
-1.2557 -1.28899
-1.25264 -1.29157
-1.2546 -1.28987
-1.2539 -1.28842
-1.25481 -1.28872
-1.25037 -1.29184
-1.2543 -1.28928
-1.25386 -1.29139
-1.25438 -1.28883
-1.25263 -1.29155
-1.25571 -1.28969
-1.25316 -1.28788
-1.25436 -1.29114
-1.2545 -1.28941
-1.25271 -1.29286
-1.25294 -1.28691
-1.25471 -1.28969
-1.25351 -1.28994
-1.25579 -1.28793
-1.25454 -1.28953
-1.2532 -1.29079
-1.25459 -1.28735
-1.25522 -1.28875
-1.2548 -1.28712
-1.25404 -1.28909
-1.25608 -1.28747
-1.25378 -1.28888
-1.25423 -1.28663
-1.25404 -1.28826
-1.2529 -1.28869
-1.25749 -1.28553
-1.25255 -1.288
-1.25557 -1.28881
-1.25373 -1.28421
-1.25341 -1.29054
-1.25321 -1.28782
-1.25469 -1.28632
-1.25484 -1.28755
-1.25484 -1.28713
-1.25209 -1.28704
-1.25182 -1.28775
-1.25268 -1.28478
-1.2561 -1.28964
-1.25096 -1.28918
-1.25348 -1.28604
-1.25296 -1.28445
-1.25548 -1.2876
-1.25119 -1.28877
-1.25409 -1.28573
-1.25186 -1.28928
-1.25185 -1.28583
-1.2523 -1.28703
-1.25194 -1.28903
-1.25215 -1.28376
-1.2513 -1.28855
-1.25089 -1.29061
-1.25267 -1.28665
-1.25233 -1.28659
-1.25192 -1.28755
-1.25172 -1.28906
-1.25034 -1.28882
-1.25158 -1.285
-1.25176 -1.29001
-1.25475 -1.2867
-1.25101 -1.28926
-1.25158 -1.28495
-1.25171 -1.28391
-1.25142 -1.28895
-1.2518 -1.28728
-1.2513 -1.28426
-1.25411 -1.28701
-1.25101 -1.28825
-1.25401 -1.28623
-1.252 -1.28647
-1.25149 -1.2887
-1.25275 -1.28725
-1.2518 -1.28508
-1.25213 -1.28694
-1.25002 -1.28839
-1.25448 -1.28416
-1.25217 -1.28408
-1.25447 -1.28504
-1.2512 -1.28785
-1.25369 -1.28331
-1.25105 -1.28714
-1.25389 -1.28351
-1.25184 -1.28545
-1.25309 -1.28196
-1.25287 -1.28694
-1.24955 -1.28449
-1.25361 -1.28377
-1.25083 -1.28473
-1.25116 -1.28751
-1.25302 -1.28283
-1.25234 -1.28584
-1.25199 -1.2848
-1.25183 -1.28544
-1.25099 -1.28238
-1.25093 -1.2869
-1.25146 -1.28486
-1.25318 -1.28606
-1.24951 -1.28257
-1.25325 -1.28488
-1.25054 -1.28445
-1.25165 -1.28656
-1.25123 -1.28553
-1.25085 -1.284
-1.25338 -1.28525
-1.25239 -1.28435
-1.25259 -1.28172
-1.25233 -1.28488
-1.25329 -1.28471
-1.25317 -1.28192
-1.25143 -1.28396
-1.25411 -1.28249
-1.25315 -1.28517
-1.25189 -1.28148
-1.25406 -1.28374
-1.25282 -1.28173
-1.25144 -1.28267
-1.25747 -1.28189
-1.25166 -1.28275
-1.25656 -1.28228
-1.25106 -1.28387
-1.25384 -1.2809
-1.25347 -1.28388
-1.25257 -1.28523
-1.25231 -1.28335
-1.25245 -1.28208
-1.25261 -1.28331
