0 0
-0.171489 -0.161609
-0.331136 -0.313165
-0.478313 -0.454348
-0.614511 -0.584913
-0.738809 -0.705554
-0.847558 -0.814556
-0.946171 -0.9135
-1.03294 -1.00027
-1.10144 -1.08095
-1.1595 -1.14664
-1.20493 -1.20533
-1.23618 -1.25083
-1.26041 -1.29404
-1.27478 -1.32557
-1.28654 -1.35456
-1.29214 -1.37965
-1.28958 -1.40032
-1.28838 -1.41995
-1.28801 -1.43481
-1.28617 -1.44453
-1.2792 -1.45681
-1.26997 -1.46845
-1.26539 -1.46641
-1.26115 -1.47738
-1.25687 -1.48073
-1.24215 -1.48099
-1.24618 -1.49359
-1.23215 -1.48686
-1.23821 -1.51115
-1.21976 -1.47858
-1.23883 -1.49549
-1.23985 -1.49245
-1.24317 -1.49389
-1.23915 -1.4962
-1.24425 -1.49009
-1.24062 -1.4904
-1.24181 -1.49051
-1.24131 -1.49066
-1.2445 -1.49049
-1.24153 -1.49109
-1.24229 -1.49562
-1.2423 -1.4869
-1.2441 -1.49279
-1.24368 -1.48672
-1.24305 -1.48898
-1.24232 -1.48907
-1.24656 -1.48784
-1.24289 -1.48615
-1.2446 -1.48659
-1.24794 -1.48383
-1.24575 -1.48618
-1.24597 -1.48232
-1.24831 -1.47882
-1.24548 -1.48518
-1.24884 -1.48171
-1.25098 -1.47669
-1.24916 -1.47859
-1.2451 -1.47911
-1.24933 -1.47942
-1.24795 -1.47915
-1.24835 -1.47873
-1.24995 -1.48053
-1.25054 -1.47637
-1.24684 -1.48068
-1.2475 -1.47937
-1.24797 -1.47687
-1.24944 -1.47994
-1.24914 -1.47844
-1.24693 -1.48137
-1.25306 -1.47568
-1.24932 -1.47736
-1.24975 -1.47957
-1.24868 -1.47878
-1.25002 -1.47525
-1.24854 -1.47918
-1.25063 -1.47766
-1.25136 -1.47756
-1.24922 -1.4761
-1.24899 -1.48005
-1.25124 -1.47708
-1.24998 -1.47916
-1.24987 -1.47747
-1.25067 -1.4797
-1.25098 -1.47634
-1.2522 -1.47717
-1.25201 -1.47404
-1.2514 -1.47573
-1.25239 -1.47447
-1.25317 -1.47384
-1.25072 -1.47389
-1.25593 -1.47179
-1.25331 -1.4713
-1.25475 -1.47058
-1.2529 -1.4729
-1.25454 -1.47046
-1.25305 -1.47247
-1.25313 -1.47294
-1.2567 -1.46647
-1.25428 -1.47525
-1.25463 -1.46975
-1.25519 -1.47112
-1.25558 -1.47034
-1.25712 -1.46938
-1.25479 -1.47295
-1.25705 -1.47124
-1.25502 -1.46837
-1.25918 -1.46509
-1.25528 -1.47257
-1.25834 -1.46562
-1.25746 -1.46456
-1.25854 -1.46526
-1.25687 -1.46694
-1.258 -1.46735
-1.25726 -1.46701
-1.25856 -1.4646
-1.25739 -1.46652
-1.25646 -1.46627
-1.25951 -1.46449
-1.25559 -1.46773
-1.25999 -1.46376
-1.25918 -1.46584
-1.25909 -1.46463
-1.2575 -1.46602
-1.25803 -1.4659
-1.2585 -1.46769
-1.26009 -1.46253
-1.25883 -1.46699
-1.25864 -1.46454
-1.26 -1.46251
-1.25777 -1.46304
-1.26096 -1.46501
-1.25777 -1.4668
-1.25753 -1.46611
-1.26213 -1.46552
-1.25867 -1.46823
-1.25925 -1.46654
-1.26011 -1.46495
-1.25881 -1.46646
-1.25933 -1.46355
-1.25892 -1.46596
-1.25991 -1.46863
-1.25884 -1.46668
-1.25954 -1.46349
-1.2582 -1.46897
-1.26019 -1.46613
-1.25849 -1.46686
-1.26032 -1.46452
-1.26011 -1.46471
-1.26146 -1.46129
-1.25828 -1.46404
-1.26248 -1.4645
-1.26053 -1.464
-1.26122 -1.46075
-1.26074 -1.46122
-1.26182 -1.46319
-1.26325 -1.46117
-1.26263 -1.45842
-1.2612 -1.46149
-1.26445 -1.45701
-1.26079 -1.46102
-1.2656 -1.45775
-1.25995 -1.45945
-1.26388 -1.45839
-1.26293 -1.4592
-1.26422 -1.45833
-1.26392 -1.4597
-1.26347 -1.45752
-1.26432 -1.45837
-1.26445 -1.45997
-1.26397 -1.46001
-1.26184 -1.45954
-1.26319 -1.46187
-1.26209 -1.46098
-1.26396 -1.45791
-1.26508 -1.45917
-1.26012 -1.46144
-1.26637 -1.45731
-1.2614 -1.45722
-1.26527 -1.45919
-1.26491 -1.4586
-1.26425 -1.45591
-1.26558 -1.45889
-1.26222 -1.45921
-1.26508 -1.45852
-1.26291 -1.45913
-1.26552 -1.45368
-1.26456 -1.45778
-1.26553 -1.45611
-1.2635 -1.45786
-1.26418 -1.45759
-1.26644 -1.45535
-1.26224 -1.45594
-1.26443 -1.45683
-1.26675 -1.45697
-1.26481 -1.45485
-1.26367 -1.45753
-1.26479 -1.46159
-1.26552 -1.45492
-1.26581 -1.45554
-1.26335 -1.46292
-1.2672 -1.45643
-1.26488 -1.45539
-1.26724 -1.4576
-1.26631 -1.45638
-1.2672 -1.45373
-1.26877 -1.45824
-1.26681 -1.45285
-1.26637 -1.45358
-1.27118 -1.45406
-1.26531 -1.45331
-1.26902 -1.45291
-1.26822 -1.45401
-1.26939 -1.45458
-1.26918 -1.45223
-1.2698 -1.45159
-1.27035 -1.45179
-1.26996 -1.44958
-1.26849 -1.45279
-1.26992 -1.45223
-1.27044 -1.45504
-1.27132 -1.44943
-1.26897 -1.45178
-1.26848 -1.45374
-1.27165 -1.45137
-1.26834 -1.45472
-1.27132 -1.45363
-1.26982 -1.4531
-1.26958 -1.45194
-1.2705 -1.45144
-1.26861 -1.45552
-1.27148 -1.44868
-1.2725 -1.4507
-1.27035 -1.45289
-1.27177 -1.44861
-1.27 -1.45372
-1.2725 -1.45022
-1.272 -1.44863
-1.27171 -1.44824
-1.27313 -1.45241
-1.27011 -1.44927
-1.27281 -1.44835
-1.27228 -1.44886
-1.27313 -1.44798
-1.27181 -1.44866
-1.27353 -1.44902
-1.27108 -1.45391
-1.27443 -1.44501
-1.27297 -1.44552
-1.275 -1.44939
-1.27488 -1.44548
-1.27843 -1.44487
-1.27499 -1.44433
-1.27277 -1.44454
-1.27596 -1.44352
-1.27686 -1.44465
-1.27529 -1.44681
-1.27435 -1.44556
-1.27713 -1.4423
-1.2746 -1.44731
-1.27506 -1.4467
-1.27401 -1.44527
-1.27515 -1.44674
-1.2748 -1.44437
-1.27372 -1.44524
-1.27475 -1.44686
-1.27438 -1.44795
-1.2759 -1.44351
-1.27373 -1.44915
-1.27548 -1.44487
-1.27374 -1.44617
-1.27597 -1.44131
-1.27602 -1.4433
-1.27521 -1.44523
-1.2755 -1.44584
-1.2739 -1.44617
-1.27492 -1.44431
-1.27582 -1.44744
-1.27544 -1.44393
-1.27471 -1.4477
-1.27495 -1.44635
-1.27628 -1.44781
-1.27431 -1.44506
-1.27999 -1.4446
-1.27445 -1.44562
-1.27883 -1.44071
-1.27432 -1.44935
-1.28073 -1.44234
-1.27579 -1.44508
-1.27712 -1.44587
-1.27795 -1.44543
-1.27781 -1.44052
-1.27635 -1.44303
-1.27884 -1.4423
-1.27778 -1.44453
-1.27791 -1.44282
-1.28043 -1.44052
-1.28052 -1.44092
-1.27806 -1.44276
-1.28214 -1.4397
-1.27882 -1.43894
-1.28205 -1.44386
-1.27826 -1.43971
-1.28036 -1.43892
-1.27932 -1.44216
-1.27916 -1.43964
-1.28287 -1.43991
-1.27976 -1.43981
-1.27944 -1.43993
-1.27968 -1.4463
-1.27708 -1.4398
-1.28178 -1.4441
-1.27784 -1.44485
-1.27975 -1.43991
-1.27992 -1.43988
-1.27832 -1.44512
-1.2819 -1.43924
-1.27826 -1.44131
-1.27779 -1.44092
-1.27933 -1.44168
-1.28172 -1.44263
-1.28286 -1.43839
-1.27872 -1.4396
-1.28258 -1.43994
-1.2783 -1.44013
-1.27979 -1.44146
-1.27948 -1.43913
-1.2806 -1.44011
-1.28165 -1.43961
-1.27925 -1.43899
-1.28031 -1.43848
-1.28186 -1.44013
-1.28062 -1.44163
-1.28214 -1.44012
-1.28154 -1.43918
-1.27896 -1.43941
-1.28534 -1.43512
-1.28072 -1.43878
-1.28192 -1.43933
-1.28423 -1.43583
-1.2831 -1.43973
-1.28437 -1.4346
-1.28329 -1.44044
-1.28101 -1.43948
-1.28478 -1.43831
-1.28208 -1.43687
-1.28391 -1.43901
-1.28728 -1.43387
-1.28488 -1.43438
-1.28162 -1.43926
-1.28728 -1.43342
-1.28479 -1.43499
-1.2828 -1.43545
-1.28386 -1.43576
-1.28407 -1.43607
-1.28705 -1.43253
-1.28466 -1.43224
-1.2834 -1.43485
-1.28703 -1.43192
-1.28338 -1.43492
-1.28448 -1.4318
-1.28446 -1.43211
-1.28379 -1.43235
-1.28565 -1.43577
-1.28364 -1.43229
-1.28651 -1.4325
-1.2853 -1.43171
-1.28389 -1.43522
-1.28479 -1.43294
-1.28549 -1.43003
-1.28481 -1.43489
-1.28562 -1.43568
-1.2842 -1.42908
-1.28658 -1.43421
-1.28576 -1.43146
-1.28497 -1.43299
-1.28535 -1.43461
-1.28645 -1.43303
-1.28631 -1.43223
-1.28441 -1.43082
-1.28607 -1.43592
-1.28647 -1.43142
-1.28611 -1.43337
-1.28472 -1.43549
-1.28431 -1.43268
-1.28868 -1.43285
-1.28636 -1.43119
-1.28609 -1.43353
-1.28288 -1.43569
-1.28482 -1.43576
-1.28612 -1.43322
-1.28672 -1.43332
-1.28321 -1.43581
-1.2835 -1.43292
-1.28666 -1.43406
-1.28626 -1.43119
-1.28477 -1.43424
-1.2839 -1.43434
-1.28657 -1.43022
-1.28515 -1.43645
-1.28512 -1.43346
-1.28665 -1.4321
-1.28364 -1.43378
-1.28213 -1.43485
-1.28723 -1.43232
-1.28396 -1.43589
-1.28416 -1.43088
-1.28632 -1.43312
-1.28643 -1.43471
-1.28291 -1.43583
-1.28456 -1.43472
-1.28469 -1.43469
-1.28694 -1.43267
-1.28434 -1.43337
-1.28447 -1.4337
-1.28601 -1.4342
-1.28507 -1.4335
-1.28494 -1.43179
-1.28474 -1.4335
-1.28559 -1.43309
-1.28591 -1.43237
-1.28506 -1.42905
-1.28849 -1.43257
-1.28666 -1.4298
-1.28387 -1.43287
-1.28709 -1.42903
-1.28667 -1.43099
-1.28869 -1.43046
-1.28447 -1.43152
-1.28873 -1.42807
-1.28883 -1.42869
-1.28843 -1.43058
-1.28817 -1.42819
-1.28764 -1.43092
-1.28749 -1.42999
-1.2886 -1.4265
-1.28847 -1.42924
-1.28833 -1.43097
-1.28806 -1.42788
-1.28712 -1.42818
-1.28653 -1.43146
-1.28742 -1.42674
-1.28639 -1.4309
-1.28752 -1.42952
-1.28652 -1.43004
-1.28917 -1.42881
-1.28904 -1.42744
-1.28802 -1.42847
-1.28969 -1.42818
-1.28809 -1.42608
-1.28936 -1.42704
-1.28817 -1.42771
-1.28731 -1.42774
-1.28964 -1.42676
-1.28943 -1.42773
-1.28787 -1.42564
-1.28759 -1.428
-1.28908 -1.42665
-1.28787 -1.42427
-1.28993 -1.42703
-1.28654 -1.42659
-1.29 -1.42785
-1.29226 -1.42417
-1.28838 -1.42417
-1.28946 -1.42838
-1.29254 -1.42573
-1.29014 -1.42398
-1.28767 -1.42701
-1.29035 -1.42461
-1.28952 -1.42548
-1.29218 -1.42539
-1.29069 -1.42553
-1.28876 -1.4285
-1.28999 -1.42551
-1.28858 -1.42807
-1.29062 -1.42408
-1.28965 -1.42832
-1.28823 -1.42571
-1.29038 -1.4277
-1.28971 -1.42611
-1.29299 -1.42498
-1.28993 -1.4262
-1.28919 -1.42981
-1.2921 -1.42782
-1.28649 -1.42801
-1.28914 -1.42557
-1.29173 -1.42832
-1.28951 -1.42753
-1.29297 -1.42322
-1.29076 -1.42702
-1.28968 -1.42665
-1.29049 -1.4275
-1.2918 -1.4251
-1.2896 -1.42737
-1.2904 -1.42664
-1.29092 -1.42584
-1.28898 -1.4264
-1.28921 -1.42744
-1.29356 -1.42465
-1.2915 -1.42586
-1.29049 -1.42563
-1.29135 -1.42597
-1.29125 -1.42399
-1.2895 -1.42633
-1.28967 -1.42647
-1.29222 -1.42473
-1.28844 -1.42767
-1.29144 -1.42704
-1.29128 -1.42332
-1.29152 -1.42406
-1.2912 -1.42516
-1.29054 -1.42372
-1.29213 -1.42491
-1.29057 -1.41906
-1.29222 -1.42352
-1.29206 -1.42342
-1.29374 -1.42202
-1.29125 -1.42398
-1.29287 -1.4208
-1.29322 -1.42281
-1.29225 -1.42317
-1.29549 -1.42293
-1.29207 -1.42153
-1.29311 -1.42456
-1.2924 -1.42153
-1.29335 -1.4218
-1.29163 -1.42263
-1.2939 -1.42405
-1.29299 -1.42307
-1.29249 -1.42395
-1.29397 -1.42181
-1.29179 -1.42139
-1.29418 -1.42182
-1.29462 -1.41949
-1.29439 -1.42375
-1.29306 -1.42248
-1.29641 -1.4215
-1.29337 -1.42022
-1.29592 -1.42049
-1.29442 -1.42045
-1.29655 -1.42055
-1.29526 -1.42186
-1.2954 -1.41945
-1.2954 -1.42038
-1.29597 -1.41859
-1.29434 -1.4217
-1.29458 -1.42075
-1.29601 -1.4212
-1.29222 -1.42333
-1.29487 -1.42159
-1.29479 -1.41919
-1.29226 -1.42511
-1.29423 -1.42475
-1.2953 -1.4219
-1.291 -1.42469
-1.29319 -1.42003
-1.29514 -1.42371
-1.29354 -1.41911
-1.29379 -1.42408
-1.29298 -1.41986
-1.29514 -1.41963
-1.29665 -1.42132
-1.29366 -1.41967
-1.29368 -1.42237
-1.29434 -1.41903
-1.29211 -1.42275
-1.29342 -1.41762
-1.29493 -1.41874
-1.29512 -1.42035
-1.29193 -1.42023
-1.2914 -1.42079
-1.29547 -1.4199
-1.29317 -1.42049
-1.2957 -1.41905
-1.29286 -1.42248
-1.29502 -1.42423
-1.29603 -1.41897
-1.29362 -1.41909
-1.29653 -1.41804
-1.29535 -1.41975
-1.29502 -1.41905
-1.2956 -1.41721
-1.29316 -1.42042
-1.29603 -1.41806
-1.29423 -1.42032
-1.29312 -1.42049
-1.29584 -1.42122
-1.29723 -1.41764
-1.29507 -1.41757
-1.29782 -1.41507
-1.29474 -1.41612
-1.29486 -1.41859
-1.29377 -1.41945
-1.29669 -1.41755
-1.29488 -1.42136
-1.29503 -1.41413
-1.29497 -1.41905
-1.29674 -1.41601
-1.29692 -1.41464
-1.29727 -1.41697
-1.29509 -1.41661
-1.29683 -1.41628
-1.29608 -1.41698
-1.29641 -1.41692
-1.29601 -1.4175
-1.29736 -1.41597
-1.29461 -1.41734
-1.29352 -1.41905
-1.29928 -1.41531
-1.29363 -1.41803
-1.29579 -1.41673
-1.29494 -1.41688
-1.29607 -1.41823
-1.2908 -1.42285
-1.29684 -1.41339
-1.29664 -1.41687
-1.29626 -1.41432
-1.29656 -1.41687
-1.29682 -1.41768
-1.29346 -1.41409
-1.30005 -1.41442
-1.29691 -1.4169
-1.29421 -1.41705
-1.29587 -1.4175
-1.29348 -1.4155
-1.30015 -1.41686
-1.29538 -1.41495
-1.2971 -1.4135
-1.29704 -1.41837
-1.30135 -1.41562
-1.29864 -1.41481
-1.29806 -1.41417
-1.29846 -1.41566
-1.29861 -1.41382
-1.29716 -1.41506
-1.29832 -1.41829
-1.29616 -1.41607
-1.30144 -1.41452
-1.29769 -1.41567
-1.30157 -1.41253
-1.29627 -1.41408
-1.29985 -1.41471
-1.29974 -1.4141
-1.30026 -1.41238
-1.30024 -1.41008
-1.2989 -1.41145
-1.2983 -1.41322
-1.29925 -1.41287
-1.29693 -1.41225
-1.29838 -1.41413
-1.297 -1.41
-1.29876 -1.41281
-1.29652 -1.41484
-1.29879 -1.41504
-1.29933 -1.41256
-1.297 -1.4109
-1.29653 -1.41732
-1.29851 -1.41097
-1.29823 -1.41405
-1.29765 -1.41256
-1.30064 -1.41046
-1.2981 -1.41263
-1.2984 -1.41111
-1.29835 -1.41441
-1.29907 -1.40971
-1.29952 -1.41175
-1.29939 -1.41328
-1.29728 -1.413
-1.29854 -1.41373
-1.2982 -1.41438
-1.30022 -1.41353
-1.29673 -1.41259
-1.29909 -1.41253
-1.29625 -1.41312
-1.29794 -1.41471
-1.29734 -1.4155
-1.29939 -1.41175
-1.29794 -1.4115
-1.2972 -1.41123
-1.29877 -1.41057
-1.29891 -1.41327
-1.29696 -1.41328
-1.29814 -1.41166
-1.29943 -1.41228
-1.29706 -1.40908
-1.29797 -1.41373
-1.29899 -1.40989
-1.29787 -1.41043
-1.29891 -1.40972
-1.30008 -1.40821
-1.29646 -1.41267
-1.29877 -1.41104
-1.30029 -1.40806
-1.29741 -1.41053
-1.30049 -1.40801
-1.29931 -1.40844
-1.30075 -1.40945
-1.29864 -1.40923
-1.29783 -1.41164
-1.29963 -1.4099
-1.29799 -1.40885
-1.30131 -1.41018
-1.29548 -1.40852
-1.30124 -1.41057
-1.29466 -1.41232
-1.29623 -1.41123
-1.29801 -1.41142
-1.29591 -1.41396
-1.2993 -1.40923
-1.29694 -1.41309
-1.29587 -1.41166
-1.29855 -1.4099
-1.30023 -1.41255
-1.29673 -1.40886
-1.29797 -1.41031
-1.29857 -1.4126
-1.29815 -1.40886
-1.3016 -1.40911
-1.2985 -1.40904
-1.29792 -1.41071
-1.30285 -1.411
-1.3008 -1.40832
-1.298 -1.41039
-1.30004 -1.41032
-1.29731 -1.41026
-1.30151 -1.40812
-1.30006 -1.40825
-1.29855 -1.40784
-1.30028 -1.40983
-1.30267 -1.40751
-1.2973 -1.40817
-1.3037 -1.40617
-1.29758 -1.40919
-1.29917 -1.40829
-1.30112 -1.40531
-1.29962 -1.41072
-1.2973 -1.4094
-1.30034 -1.40556
-1.30002 -1.40601
-1.29787 -1.40937
-1.30256 -1.40749
-1.29542 -1.40895
-1.30077 -1.4065
-1.29954 -1.40651
-1.29973 -1.40877
-1.30218 -1.40664
-1.29988 -1.4076
-1.29929 -1.40774
-1.29921 -1.40855
-1.3007 -1.40713
-1.29861 -1.40888
-1.29984 -1.41102
-1.30206 -1.40938
-1.29728 -1.40664
-1.29934 -1.41046
-1.30055 -1.40907
-1.30034 -1.41058
-1.30045 -1.40864
-1.29849 -1.41196
-1.30015 -1.40758
-1.29702 -1.4132
-1.29869 -1.4117
-1.2979 -1.41637
-1.29816 -1.41043
-1.29697 -1.41413
-1.29728 -1.41187
-1.29628 -1.41225
-1.29693 -1.41426
-1.29907 -1.40978
-1.29506 -1.41253
-1.29888 -1.41059
-1.2942 -1.40994
-1.29787 -1.41146
-1.2971 -1.40959
-1.29653 -1.40881
-1.29706 -1.40934
-1.29871 -1.40711
-1.29654 -1.41085
-1.29595 -1.40934
-1.29818 -1.41001
-1.29762 -1.40875
-1.29764 -1.40902
-1.29802 -1.40883
-1.29721 -1.40917
-1.2985 -1.41004
-1.29608 -1.41063
-1.29702 -1.40812
-1.2963 -1.41061
-1.29598 -1.4083
-1.29655 -1.41102
-1.29796 -1.40929
-1.29628 -1.40999
-1.29707 -1.40764
-1.29725 -1.40808
-1.29613 -1.40885
-1.29667 -1.40698
-1.29961 -1.40937
-1.29599 -1.40867
-1.29902 -1.40421
-1.29745 -1.40764
-1.29749 -1.40758
-1.29641 -1.40862
-1.29789 -1.40758
-1.30062 -1.40387
-1.29879 -1.40748
-1.29846 -1.40749
-1.29999 -1.40472
-1.29492 -1.40883
-1.29835 -1.40918
-1.2983 -1.40885
-1.29932 -1.40725
-1.29701 -1.40709
-1.29664 -1.41094
-1.29921 -1.40568
-1.30057 -1.40418
-1.29458 -1.40519
-1.29757 -1.41213
-1.29882 -1.40465
-1.29517 -1.40854
-1.29781 -1.40477
-1.29885 -1.41052
-1.298 -1.40794
-1.29813 -1.4062
-1.29801 -1.40825
-1.29872 -1.40329
-1.2958 -1.40874
-1.30016 -1.40497
-1.29912 -1.40132
-1.29699 -1.40679
-1.29818 -1.40468
-1.29856 -1.40401
-1.29772 -1.40381
-1.29866 -1.40565
-1.29803 -1.40378
-1.29791 -1.40837
-1.30011 -1.40496
-1.29513 -1.40626
-1.29871 -1.40577
-1.29829 -1.40809
-1.29691 -1.40518
-1.29842 -1.40496
-1.29662 -1.4039
-1.30095 -1.40204
-1.29689 -1.40406
-1.29828 -1.40366
-1.29712 -1.40524
-1.29678 -1.40343
-1.29735 -1.40501
-1.29794 -1.40253
-1.30109 -1.40271
-1.29862 -1.40385
-1.29413 -1.40713
-1.29786 -1.40273
-1.29669 -1.40315
-1.29886 -1.40371
-1.29873 -1.40338
-1.29816 -1.40239
-1.29877 -1.40296
-1.29711 -1.40509
-1.29983 -1.40415
-1.29907 -1.40435
-1.3004 -1.40348
-1.29706 -1.40443
-1.30047 -1.40296
-1.29932 -1.4023
-1.29843 -1.40353
-1.30044 -1.40006
-1.301 -1.40298
-1.29871 -1.40478
-1.29868 -1.40395
-1.29962 -1.40225
-1.30032 -1.40437
-1.29915 -1.40327
-1.30114 -1.40362
-1.29776 -1.40582
-1.29747 -1.40441
-1.30023 -1.40265
-1.2993 -1.4026
-1.29865 -1.40279
-1.30182 -1.40289
-1.29775 -1.40402
-1.30135 -1.39813
-1.30111 -1.40129
-1.30204 -1.39981
-1.2973 -1.40302
-1.29908 -1.40077
-1.29841 -1.40062
-1.29823 -1.40164
-1.29717 -1.40461
-1.2982 -1.40086
-1.29749 -1.40224
-1.30076 -1.40286
-1.30197 -1.39988
-1.2989 -1.39723
-1.30087 -1.40031
-1.30213 -1.39867
-1.3012 -1.39746
-1.29789 -1.40316
-1.3023 -1.39767
-1.29715 -1.40235
-1.29809 -1.39896
-1.29916 -1.39806
-1.29973 -1.39887
-1.30025 -1.40111
-1.30111 -1.39852
-1.29966 -1.40099
-1.29773 -1.40116
-1.29669 -1.40095
-1.30113 -1.40002
-1.29949 -1.39813
-1.29855 -1.3998
-1.29936 -1.39964
-1.29918 -1.39854
-1.29931 -1.39656
-1.30132 -1.39595
-1.30135 -1.39465
-1.3 -1.39524
-1.29687 -1.3979
-1.29805 -1.3981
-1.29923 -1.3986
-1.29965 -1.39409
-1.30084 -1.39266
-1.29719 -1.39633
-1.2981 -1.39883
-1.298 -1.3966
-1.29926 -1.39681
-1.29879 -1.39567
-1.29929 -1.39757
-1.30036 -1.39523
-1.2986 -1.39757
-1.29845 -1.39798
-1.29963 -1.39592
-1.30024 -1.39521
-1.29855 -1.39645
-1.30156 -1.3918
-1.30123 -1.39665
-1.29985 -1.39674
-1.29747 -1.39503
-1.29908 -1.39593
-1.30019 -1.39798
-1.30079 -1.39521
-1.30144 -1.39421
-1.29945 -1.39491
-1.30123 -1.39829
-1.29847 -1.39446
-1.30216 -1.39567
-1.30029 -1.39555
-1.29966 -1.39494
-1.29817 -1.39626
-1.29833 -1.3957
-1.30118 -1.39609
-1.3006 -1.39761
-1.29768 -1.39597
-1.30187 -1.39703
-1.29638 -1.39721
-1.30118 -1.39678
-1.3004 -1.39423
-1.29815 -1.39627
-1.30087 -1.39814
-1.29723 -1.39715
-1.3031 -1.39115
-1.29812 -1.39711
-1.29814 -1.39939
-1.30089 -1.39667
-1.29799 -1.39846
-1.3011 -1.39692
-1.29749 -1.39809
-1.29786 -1.39653
-1.29785 -1.39466
-1.29948 -1.40117
-1.29763 -1.39572
-1.29877 -1.39833
-1.30074 -1.39378
-1.29708 -1.39934
-1.30103 -1.39445
-1.2981 -1.39579
-1.29615 -1.39645
-1.29838 -1.39688
-1.29793 -1.39747
-1.29991 -1.39649
-1.2984 -1.39696
-1.29717 -1.39592
-1.29937 -1.39754
-1.29805 -1.40017
-1.30075 -1.39276
-1.29893 -1.39508
-1.299 -1.39639
-1.3002 -1.39546
-1.30227 -1.39506
-1.29892 -1.39503
-1.29896 -1.39644
-1.30368 -1.39765
-1.29807 -1.39996
-1.30012 -1.39461
-1.29902 -1.39828
-1.29962 -1.39938
-1.2981 -1.39547
-1.30143 -1.39759
-1.2998 -1.39943
-1.30022 -1.39432
-1.30133 -1.397
-1.29943 -1.39539
-1.30198 -1.39183
-1.29951 -1.39663
-1.30358 -1.39485
-1.30067 -1.39235
-1.30178 -1.39072
-1.2971 -1.3964
-1.30264 -1.39546
-1.29646 -1.39737
-1.29766 -1.39346
-1.30118 -1.39881
-1.29751 -1.395
-1.3013 -1.3946
-1.29738 -1.39534
-1.30134 -1.39294
-1.29711 -1.39351
-1.29972 -1.39342
-1.29827 -1.39705
-1.29824 -1.39449
-1.29855 -1.39598
-1.29941 -1.39553
-1.298 -1.3984
-1.29909 -1.39553
-1.29883 -1.39394
-1.29783 -1.39626
-1.29882 -1.39526
-1.30082 -1.39284
-1.29628 -1.39538
-1.29765 -1.39535
-1.29999 -1.39269
-1.29629 -1.39553
-1.29934 -1.39342
-1.29908 -1.39301
-1.29993 -1.3936
-1.30004 -1.39564
-1.30041 -1.39275
-1.29832 -1.395
-1.29756 -1.39461
-1.30143 -1.39282
-1.29707 -1.395
-1.30249 -1.39138
-1.3022 -1.3923
-1.30094 -1.38961
-1.29671 -1.39288
-1.30115 -1.39231
-1.29809 -1.39393
-1.30159 -1.39143
-1.29878 -1.39391
-1.29823 -1.39277
-1.29931 -1.39079
-1.29923 -1.38997
-1.2966 -1.39349
-1.29866 -1.39402
-1.29746 -1.38886
-1.29954 -1.3914
-1.2983 -1.38947
-1.29721 -1.39143
-1.29669 -1.39254
-1.29863 -1.39196
-1.29883 -1.38978
-1.29842 -1.39121
-1.29915 -1.39182
-1.299 -1.3861
-1.30171 -1.39146
-1.29927 -1.38849
-1.29651 -1.38854
-1.30074 -1.38749
-1.29595 -1.38853
-1.29835 -1.38918
-1.29894 -1.38801
-1.29727 -1.39136
-1.29683 -1.39052
-1.29876 -1.38772
-1.29769 -1.39069
-1.30007 -1.38818
-1.2987 -1.38853
-1.29971 -1.38801
-1.29819 -1.38812
-1.29718 -1.38983
-1.29763 -1.38915
-1.29785 -1.38857
-1.29971 -1.39111
-1.29713 -1.38919
-1.30051 -1.38832
-1.29862 -1.3884
-1.2992 -1.3895
-1.29799 -1.39034
-1.29863 -1.39112
-1.29705 -1.38814
-1.2977 -1.3909
-1.2971 -1.39091
-1.2964 -1.39195
-1.29699 -1.38875
-1.29775 -1.38788
-1.29687 -1.38982
-1.29851 -1.38987
-1.29949 -1.388
-1.29513 -1.38858
-1.29886 -1.3874
-1.29771 -1.38865
-1.29625 -1.38533
-1.29875 -1.38976
-1.29672 -1.38796
-1.29811 -1.38772
-1.29833 -1.38535
-1.29575 -1.38881
-1.30055 -1.38655
-1.29937 -1.38283
-1.2969 -1.38661
-1.29733 -1.3846
-1.2993 -1.38588
-1.29911 -1.38524
-1.29913 -1.3881
-1.29761 -1.38756
-1.29922 -1.38569
-1.29861 -1.38492
-1.29948 -1.38661
-1.29697 -1.38817
-1.29916 -1.3841
-1.2976 -1.38809
-1.29467 -1.38629
-1.29793 -1.38715
-1.29379 -1.392
-1.2977 -1.38821
-1.2972 -1.3871
-1.29604 -1.38818
-1.29953 -1.38444
-1.29518 -1.3904
-1.29577 -1.38715
-1.29633 -1.39008
-1.29923 -1.38405
-1.29483 -1.38813
-1.29304 -1.38853
-1.29891 -1.38716
-1.2963 -1.38598
-1.29321 -1.38766
-1.29548 -1.38878
-1.29585 -1.3912
-1.2942 -1.38782
-1.29623 -1.3869
-1.29507 -1.39045
-1.29422 -1.38643
-1.2947 -1.38963
-1.29246 -1.38931
-1.29869 -1.38484
-1.29169 -1.38887
-1.29495 -1.3846
-1.29517 -1.38629
-1.29204 -1.38818
-1.29815 -1.38665
-1.29223 -1.38655
-1.29583 -1.3834
-1.29678 -1.38629
-1.29431 -1.38947
-1.29412 -1.38418
-1.29546 -1.38804
-1.29574 -1.3855
-1.29581 -1.38425
-1.29799 -1.38394
-1.29489 -1.38525
-1.29661 -1.38547
-1.29453 -1.38633
-1.2965 -1.3854
-1.29441 -1.38506
-1.29541 -1.38589
-1.29432 -1.38476
-1.29829 -1.38508
-1.29474 -1.38766
-1.29419 -1.38541
-1.29593 -1.38496
-1.29511 -1.38449
-1.29684 -1.38636
-1.29604 -1.38556
-1.29422 -1.38545
-1.29634 -1.38617
-1.29699 -1.3829
-1.29709 -1.38236
-1.2941 -1.38722
-1.29896 -1.383
-1.29655 -1.38411
-1.29508 -1.3833
-1.29408 -1.38892
-1.29424 -1.38253
-1.29521 -1.38467
-1.29358 -1.38529
-1.29709 -1.38769
-1.29139 -1.38484
-1.29686 -1.38514
-1.29463 -1.3846
-1.29639 -1.38526
-1.29434 -1.38782
-1.29729 -1.38445
-1.29011 -1.38787
-1.294 -1.38706
-1.29446 -1.38371
-1.29268 -1.3864
-1.29568 -1.38582
-1.29394 -1.38722
-1.29508 -1.3849
-1.2937 -1.38578
-1.29622 -1.38469
-1.29377 -1.38217
-1.2959 -1.38312
-1.29528 -1.38444
-1.29639 -1.38537
-1.29497 -1.38356
-1.29557 -1.38424
-1.29489 -1.38408
-1.29303 -1.38466
-1.29657 -1.38354
-1.29309 -1.38393
-1.29691 -1.38171
-1.2955 -1.3842
-1.29502 -1.37772
-1.29459 -1.38507
-1.29785 -1.38001
-1.29307 -1.384
-1.29823 -1.3808
-1.29464 -1.38043
-1.29514 -1.38359
-1.29648 -1.37901
-1.29477 -1.38169
-1.29714 -1.38156
-1.2928 -1.38427
-1.29587 -1.38141
-1.29473 -1.37929
-1.29327 -1.38351
-1.29603 -1.3834
-1.293 -1.38325
-1.2936 -1.37892
-1.29456 -1.38306
-1.29367 -1.38176
-1.29551 -1.38281
-1.29541 -1.37862
-1.29695 -1.37787
-1.29311 -1.3824
-1.29447 -1.38177
-1.29659 -1.37951
-1.29477 -1.37741
-1.29329 -1.38277
-1.29349 -1.38105
-1.29378 -1.38105
-1.29237 -1.379
-1.29302 -1.38368
-1.29154 -1.38022
-1.29277 -1.38047
-1.29275 -1.38087
-1.29236 -1.38185
-1.2938 -1.38128
-1.29261 -1.37978
-1.29397 -1.38062
-1.29336 -1.3803
-1.29186 -1.38392
-1.29385 -1.37867
-1.29358 -1.37863
-1.29276 -1.38095
-1.2925 -1.38121
-1.29653 -1.37901
-1.29396 -1.3809
-1.29481 -1.37591
-1.29475 -1.38158
-1.29224 -1.37702
-1.29481 -1.37829
-1.29236 -1.38087
-1.29482 -1.37871
-1.29179 -1.37918
-1.29387 -1.37779
-1.29052 -1.38204
-1.29386 -1.37697
-1.29146 -1.37922
-1.29247 -1.37916
-1.29139 -1.38092
-1.28949 -1.37957
-1.2928 -1.38252
-1.29295 -1.37665
-1.29365 -1.38343
-1.29172 -1.38081
-1.28921 -1.37899
-1.2936 -1.38326
-1.29203 -1.38063
-1.29086 -1.38176
-1.2912 -1.38255
-1.29162 -1.379
-1.29384 -1.37917
-1.29049 -1.38201
-1.29198 -1.38373
-1.29073 -1.3819
-1.29033 -1.38048
-1.29364 -1.38333
-1.29049 -1.37799
-1.29254 -1.38308
-1.29273 -1.37994
-1.2922 -1.38119
-1.29356 -1.37613
-1.29183 -1.38002
-1.2942 -1.37999
-1.29484 -1.37986
-1.2901 -1.37795
-1.29369 -1.37735
-1.28895 -1.38254
-1.2932 -1.37925
-1.29238 -1.38108
-1.29177 -1.37771
-1.2906 -1.3795
-1.29006 -1.38477
-1.29087 -1.37697
-1.29225 -1.37855
-1.29069 -1.38202
-1.28839 -1.38
-1.29206 -1.38191
-1.29006 -1.37799
-1.29197 -1.3813
-1.29086 -1.38041
-1.2913 -1.38051
-1.29061 -1.37992
-1.29047 -1.37852
-1.29194 -1.38198
-1.29024 -1.37953
-1.29086 -1.38276
-1.29006 -1.37983
-1.29132 -1.38255
-1.28915 -1.37747
-1.2929 -1.38038
-1.29316 -1.37793
-1.29018 -1.38048
-1.29184 -1.37586
-1.28985 -1.37867
-1.29286 -1.37866
-1.28942 -1.37851
-1.29228 -1.37581
-1.29293 -1.37654
-1.29111 -1.37676
-1.29016 -1.37822
-1.29259 -1.37673
-1.29189 -1.37387
-1.29208 -1.37415
-1.29358 -1.37482
-1.29188 -1.37392
-1.29446 -1.37555
-1.29246 -1.37737
-1.29255 -1.37732
-1.29615 -1.37616
-1.28847 -1.37629
-1.29426 -1.37625
-1.29146 -1.37695
-1.29265 -1.37643
-1.28991 -1.375
-1.29306 -1.37852
-1.29353 -1.37642
-1.2927 -1.37662
-1.2926 -1.37813
-1.29086 -1.37587
-1.29018 -1.37817
-1.29251 -1.37664
-1.29249 -1.37485
-1.29193 -1.37657
-1.29052 -1.3776
-1.29033 -1.37564
-1.29176 -1.37815
-1.29347 -1.37534
-1.28852 -1.37932
-1.29017 -1.37853
-1.29272 -1.37759
-1.29427 -1.37567
-1.28843 -1.37857
-1.29285 -1.37487
-1.29102 -1.37746
-1.29052 -1.37891
-1.2912 -1.37589
-1.29234 -1.37645
-1.29139 -1.37622
-1.29428 -1.37817
-1.29353 -1.37027
-1.29044 -1.3784
-1.29541 -1.37305
-1.2932 -1.3741
-1.2926 -1.37705
-1.29156 -1.37316
-1.29441 -1.37762
-1.29438 -1.3728
-1.29091 -1.37876
-1.29275 -1.37173
-1.29564 -1.37504
-1.28981 -1.37638
-1.29084 -1.37338
-1.29519 -1.37522
-1.2927 -1.37282
-1.29315 -1.37365
-1.29306 -1.37306
-1.29459 -1.37337
-1.29358 -1.37453
-1.29226 -1.37525
-1.29093 -1.3753
-1.29383 -1.37526
-1.2899 -1.37695
-1.29515 -1.37352
-1.28964 -1.37466
-1.29197 -1.37465
-1.29413 -1.37241
-1.29235 -1.3729
-1.29339 -1.3736
-1.29453 -1.3749
-1.29166 -1.37632
-1.29261 -1.37257
-1.29215 -1.37171
-1.29272 -1.37293
-1.29155 -1.37368
-1.29553 -1.373
-1.29316 -1.37427
-1.29505 -1.37371
-1.29141 -1.37625
-1.29398 -1.37117
-1.29169 -1.37377
-1.29116 -1.37092
-1.2962 -1.37178
-1.29044 -1.37373
-1.29236 -1.37061
-1.29622 -1.37077
-1.29093 -1.37382
-1.29353 -1.36895
-1.29197 -1.37461
-1.2942 -1.37236
-1.29247 -1.37125
-1.29356 -1.37179
-1.29288 -1.37356
-1.29584 -1.37078
-1.29245 -1.3707
-1.28939 -1.37437
-1.2922 -1.37377
-1.29257 -1.37444
-1.29296 -1.3709
-1.29026 -1.37075
-1.2914 -1.37169
-1.29047 -1.37304
-1.2919 -1.37212
-1.28927 -1.37189
-1.29298 -1.37164
-1.29057 -1.37509
-1.29093 -1.37134
-1.29268 -1.37175
-1.29154 -1.37241
-1.29129 -1.37442
-1.29205 -1.37267
-1.29339 -1.37053
-1.29058 -1.37008
-1.2944 -1.37214
-1.29112 -1.37185
-1.29142 -1.37035
-1.29049 -1.37564
-1.29121 -1.37096
-1.29231 -1.37
-1.29141 -1.36903
-1.29163 -1.37166
-1.29048 -1.36935
-1.29252 -1.37225
-1.2929 -1.36576
-1.29165 -1.37132
-1.2914 -1.37436
-1.29404 -1.36727
-1.29141 -1.37069
-1.29291 -1.36956
-1.29168 -1.37184
-1.29241 -1.36854
-1.29237 -1.36927
-1.29029 -1.37098
-1.29242 -1.37023
-1.29228 -1.36721
-1.28963 -1.36767
-1.29443 -1.36941
-1.28945 -1.36848
-1.29117 -1.36852
-1.29102 -1.37026
-1.29421 -1.36825
-1.29031 -1.36996
-1.29432 -1.36551
-1.29016 -1.37003
-1.29372 -1.36818
-1.29283 -1.36698
-1.29022 -1.37166
-1.29549 -1.36623
-1.28749 -1.36857
-1.29495 -1.36835
-1.29022 -1.37113
-1.29258 -1.36557
-1.29199 -1.36894
-1.29256 -1.36801
-1.29067 -1.36874
-1.29481 -1.3646
-1.28965 -1.36926
-1.29204 -1.3685
-1.29007 -1.36938
-1.29159 -1.36902
-1.29039 -1.36823
-1.29162 -1.37016
-1.29262 -1.36604
-1.28988 -1.36801
-1.29042 -1.36647
-1.29227 -1.36782
-1.29016 -1.36948
-1.29114 -1.36464
-1.29163 -1.36862
-1.28848 -1.36804
-1.29143 -1.36817
-1.29087 -1.36808
-1.28917 -1.36768
-1.2916 -1.36844
-1.29001 -1.36832
-1.28953 -1.36585
-1.29138 -1.36952
-1.29136 -1.36442
-1.29205 -1.36718
-1.29001 -1.36924
-1.29225 -1.3689
-1.28974 -1.36707
-1.29096 -1.36526
-1.29128 -1.36779
-1.29105 -1.36695
-1.29 -1.36634
-1.28859 -1.36723
-1.29112 -1.36581
-1.28905 -1.36623
-1.29264 -1.3647
-1.28962 -1.36637
-1.29013 -1.36595
-1.29121 -1.36766
-1.29128 -1.36562
-1.29118 -1.36747
-1.29041 -1.36393
-1.29135 -1.36927
-1.29003 -1.36609
-1.28966 -1.36699
-1.29031 -1.36639
-1.29086 -1.36962
-1.28836 -1.36787
-1.28928 -1.36716
-1.29015 -1.36671
-1.29091 -1.37042
-1.28812 -1.36678
-1.28953 -1.36761
-1.28937 -1.36703
-1.28849 -1.36786
-1.29186 -1.36596
-1.28865 -1.3648
-1.28989 -1.36762
-1.28876 -1.36849
-1.29067 -1.36897
-1.29031 -1.36617
-1.29063 -1.36579
-1.28887 -1.36713
-1.28959 -1.36881
-1.29057 -1.36958
-1.28979 -1.36619
-1.29173 -1.36623
-1.28816 -1.36748
-1.28944 -1.36872
-1.28956 -1.36726
-1.28984 -1.3671
-1.29031 -1.3659
-1.28967 -1.36503
-1.28827 -1.36851
-1.28978 -1.36657
-1.28786 -1.36554
-1.28748 -1.36711
-1.2882 -1.36905
-1.28674 -1.36536
-1.28535 -1.36642
-1.29121 -1.36392
-1.28703 -1.3647
-1.2893 -1.36399
-1.29041 -1.36657
-1.28789 -1.36644
-1.28798 -1.3654
-1.28755 -1.36233
-1.28838 -1.36541
-1.28559 -1.36637
-1.28686 -1.36276
-1.28835 -1.36614
-1.28547 -1.3662
-1.28778 -1.36505
-1.28537 -1.36592
-1.29104 -1.36377
-1.28414 -1.3662
-1.29031 -1.36287
-1.28866 -1.36242
-1.28638 -1.36215
-1.2884 -1.36416
-1.28738 -1.36255
-1.28831 -1.36107
-1.28713 -1.36439
-1.29033 -1.36219
-1.28911 -1.36134
-1.28679 -1.36123
-1.29018 -1.36421
-1.28794 -1.36376
-1.28727 -1.36221
-1.28891 -1.36154
-1.2886 -1.35916
-1.28976 -1.36384
-1.28913 -1.3596
-1.28772 -1.36112
-1.2892 -1.35843
-1.2891 -1.35969
-1.28819 -1.36277
-1.28775 -1.36255
-1.28805 -1.3607
-1.28941 -1.35975
-1.28482 -1.36073
-1.2867 -1.36351
-1.28839 -1.36209
-1.28806 -1.36312
-1.29038 -1.36265
-1.28587 -1.35952
-1.28776 -1.36435
-1.28781 -1.36085
-1.2871 -1.36472
-1.28927 -1.35923
-1.28598 -1.36148
-1.2865 -1.36467
-1.28377 -1.36119
-1.28813 -1.36199
-1.28498 -1.36308
-1.28601 -1.36048
-1.28495 -1.36285
-1.28378 -1.36098
-1.28652 -1.3608
-1.28781 -1.36151
-1.28403 -1.36077
-1.28673 -1.36155
-1.28735 -1.35881
-1.28305 -1.36137
-1.28662 -1.35933
-1.28706 -1.36116
-1.28343 -1.36046
-1.2874 -1.36021
-1.28452 -1.36312
-1.28657 -1.36067
-1.28356 -1.36005
-1.28955 -1.35958
-1.282 -1.36376
-1.28656 -1.3633
-1.28426 -1.36039
-1.28586 -1.36008
-1.28752 -1.36171
-1.28586 -1.36243
-1.28278 -1.36241
-1.2865 -1.36109
-1.28819 -1.36092
-1.28474 -1.36487
-1.28856 -1.36014
-1.28537 -1.36265
-1.28696 -1.36127
-1.28513 -1.36097
-1.28451 -1.36446
-1.28411 -1.36118
-1.28662 -1.36376
-1.28414 -1.36193
-1.28504 -1.36278
-1.28346 -1.3594
-1.2832 -1.3643
-1.28177 -1.36322
-1.28385 -1.36579
-1.2829 -1.36171
-1.28543 -1.36272
-1.28289 -1.35975
-1.28268 -1.3632
-1.27987 -1.36286
-1.28454 -1.36141
-1.28427 -1.35997
-1.28141 -1.36074
-1.28183 -1.36046
-1.28449 -1.36031
-1.28409 -1.35892
-1.27983 -1.36567
-1.2844 -1.3601
-1.28213 -1.36256
-1.2834 -1.36054
-1.28384 -1.36015
-1.28302 -1.35807
-1.2844 -1.36242
-1.28506 -1.3604
-1.2813 -1.3623
-1.28224 -1.36006
-1.28589 -1.35985
-1.283 -1.3623
-1.28449 -1.36146
-1.28495 -1.35703
-1.28148 -1.36352
-1.28487 -1.3615
-1.2835 -1.35914
-1.28483 -1.36092
-1.2817 -1.36191
-1.28394 -1.35998
-1.2826 -1.35773
-1.28533 -1.35766
-1.2836 -1.35745
-1.2836 -1.36308
-1.28376 -1.35729
-1.28402 -1.35898
-1.28537 -1.35652
-1.28363 -1.3605
-1.2843 -1.3566
-1.28133 -1.35837
-1.2863 -1.35762
-1.28421 -1.35725
-1.28495 -1.35941
-1.28329 -1.35755
-1.28452 -1.3602
-1.28424 -1.35898
-1.28291 -1.35725
-1.28364 -1.3573
-1.28161 -1.36123
-1.27991 -1.36219
-1.28368 -1.3588
-1.2813 -1.35803
-1.284 -1.35634
-1.28229 -1.35652
-1.28343 -1.35894
-1.28405 -1.3575
-1.28218 -1.35675
-1.28144 -1.35856
-1.28141 -1.36011
-1.28392 -1.3571
-1.28208 -1.35716
-1.27956 -1.3603
-1.28363 -1.35966
-1.28055 -1.36062
-1.28304 -1.35917
-1.28238 -1.35786
-1.27941 -1.36182
-1.28348 -1.35506
-1.28013 -1.36049
-1.28349 -1.35923
-1.27781 -1.35795
-1.28168 -1.35847
-1.28022 -1.36075
-1.28063 -1.3586
-1.2815 -1.35867
-1.28231 -1.35843
-1.27866 -1.3582
-1.28085 -1.35616
-1.28316 -1.36091
-1.27909 -1.35988
-1.28426 -1.35669
-1.28143 -1.35925
-1.28109 -1.35768
-1.28274 -1.35748
-1.28195 -1.35618
-1.27945 -1.35966
-1.28072 -1.35718
-1.28234 -1.35824
-1.28018 -1.36056
-1.28043 -1.35343
-1.28101 -1.35717
-1.28156 -1.35825
-1.28092 -1.35892
-1.27884 -1.35731
-1.28102 -1.35795
-1.27966 -1.3572
-1.28087 -1.35672
-1.27971 -1.35865
-1.28254 -1.3567
-1.27793 -1.35844
-1.28089 -1.35836
-1.27915 -1.35667
-1.27986 -1.35808
-1.28235 -1.35338
-1.27995 -1.358
-1.27994 -1.35783
-1.28206 -1.35361
-1.28019 -1.35778
-1.28128 -1.35595
-1.27973 -1.35611
-1.28152 -1.35798
-1.27864 -1.35827
-1.28004 -1.35426
-1.2797 -1.35892
-1.27842 -1.35612
-1.27975 -1.35743
-1.28189 -1.35672
-1.2767 -1.36151
-1.28071 -1.35756
-1.279 -1.35927
-1.28069 -1.355
-1.28035 -1.36015
-1.28035 -1.35502
-1.28414 -1.3554
-1.27788 -1.35731
-1.28138 -1.35578
-1.28071 -1.35462
-1.2836 -1.35248
-1.28084 -1.35619
-1.28057 -1.3558
-1.28112 -1.35581
-1.28163 -1.35382
-1.28157 -1.35633
-1.28006 -1.35351
-1.28011 -1.35751
-1.2788 -1.35433
-1.28226 -1.35605
-1.28064 -1.35451
-1.28246 -1.35476
-1.27931 -1.35708
-1.28101 -1.35463
-1.27955 -1.35358
-1.28064 -1.35641
-1.28098 -1.35401
-1.28069 -1.35222
-1.28009 -1.35455
-1.28333 -1.35448
-1.28084 -1.35434
-1.28101 -1.35404
-1.28189 -1.35165
-1.28053 -1.35363
-1.28293 -1.35141
-1.27873 -1.35552
-1.28192 -1.35209
-1.28037 -1.35237
-1.28347 -1.35435
-1.28012 -1.35081
-1.2816 -1.35276
-1.28154 -1.35223
-1.2824 -1.35179
-1.28079 -1.35259
-1.2787 -1.35755
-1.28091 -1.35309
-1.27863 -1.35313
-1.27885 -1.35598
-1.28156 -1.35292
-1.2768 -1.35793
-1.27981 -1.35314
-1.28009 -1.35292
-1.28025 -1.3538
-1.27986 -1.35241
-1.27843 -1.35388
-1.28099 -1.35229
-1.27821 -1.35165
-1.27924 -1.35499
-1.2782 -1.35449
-1.27893 -1.35108
-1.27881 -1.35178
-1.2823 -1.35104
-1.27932 -1.35242
-1.27892 -1.35162
-1.28043 -1.35042
-1.2778 -1.35404
-1.28108 -1.34969
-1.27858 -1.3523
-1.27976 -1.35076
-1.27587 -1.35408
-1.27925 -1.35188
-1.2801 -1.34911
-1.2774 -1.35255
-1.28165 -1.35361
-1.27821 -1.34841
-1.28001 -1.35127
-1.27715 -1.35404
-1.27687 -1.35216
-1.27988 -1.35201
-1.28103 -1.35009
-1.27972 -1.35572
-1.27867 -1.34945
-1.27934 -1.35316
-1.27744 -1.34872
-1.28072 -1.35265
-1.27685 -1.35411
-1.28009 -1.35191
-1.27883 -1.35192
-1.27845 -1.34973
-1.27885 -1.35308
-1.27943 -1.35063
-1.27845 -1.3523
-1.27692 -1.35043
-1.28076 -1.35174
-1.27588 -1.35118
-1.28344 -1.34751
-1.278 -1.34958
-1.28056 -1.35018
-1.28058 -1.34928
-1.27675 -1.35022
-1.2806 -1.35098
-1.27895 -1.34702
-1.28149 -1.34758
-1.27685 -1.34948
-1.27772 -1.34894
-1.28036 -1.34564
-1.2752 -1.35134
-1.27805 -1.34919
-1.27881 -1.35041
-1.27974 -1.3466
-1.27857 -1.34826
-1.27939 -1.34848
-1.27767 -1.34871
-1.27749 -1.34756
-1.28085 -1.34653
-1.27658 -1.34733
-1.27918 -1.34831
-1.27937 -1.34598
-1.27723 -1.34954
-1.28142 -1.34725
-1.27658 -1.34684
-1.27902 -1.3482
-1.27956 -1.34588
-1.27863 -1.34514
-1.27656 -1.35116
-1.27751 -1.34893
-1.27623 -1.34682
-1.28148 -1.34664
-1.27605 -1.34808
-1.27865 -1.34855
-1.27654 -1.34782
-1.27951 -1.3465
-1.27815 -1.34633
-1.27969 -1.34556
-1.27611 -1.34625
-1.27947 -1.34713
-1.27684 -1.34875
-1.28181 -1.34752
-1.2798 -1.34868
-1.28068 -1.34555
-1.28033 -1.3458
-1.27866 -1.34441
-1.27884 -1.34615
-1.27791 -1.34496
-1.27661 -1.34637
-1.2777 -1.34493
-1.2805 -1.34534
-1.27615 -1.34637
-1.2793 -1.34558
-1.27917 -1.34488
-1.28099 -1.34322
-1.2772 -1.345
-1.27917 -1.34527
-1.28063 -1.34557
-1.2758 -1.34574
-1.28248 -1.34258
-1.27795 -1.34515
-1.27839 -1.34495
-1.2806 -1.34346
-1.27868 -1.34294
-1.28167 -1.34602
-1.28023 -1.34517
-1.28025 -1.34372
-1.28069 -1.34538
-1.27694 -1.34285
-1.27703 -1.34803
-1.2813 -1.34365
-1.27923 -1.34424
-1.27855 -1.34548
-1.27745 -1.34375
-1.27661 -1.34403
-1.27788 -1.3461
-1.27799 -1.34469
-1.27849 -1.34093
-1.27807 -1.34678
-1.27773 -1.34509
-1.27551 -1.34539
-1.28006 -1.34335
-1.27809 -1.34409
-1.27827 -1.34378
-1.28157 -1.34437
-1.27703 -1.34468
-1.27812 -1.3433
-1.27957 -1.34126
-1.28001 -1.3441
-1.27772 -1.34554
-1.27772 -1.3449
-1.27758 -1.34376
-1.27792 -1.34241
-1.28007 -1.34624
-1.27529 -1.34445
-1.28037 -1.34214
-1.27718 -1.34563
-1.27894 -1.34441
-1.27757 -1.34811
-1.27557 -1.34417
-1.27774 -1.34452
-1.2762 -1.34559
-1.28217 -1.34376
-1.27648 -1.34427
-1.27848 -1.3402
-1.27959 -1.34259
-1.27978 -1.342
-1.27814 -1.34407
-1.27913 -1.34336
-1.2789 -1.34486
-1.27903 -1.34258
-1.27546 -1.34304
-1.27775 -1.34231
-1.27947 -1.34208
-1.28069 -1.34309
-1.27713 -1.34227
-1.27749 -1.34326
-1.27963 -1.34084
-1.27803 -1.34158
-1.2805 -1.33961
-1.27679 -1.34335
-1.27787 -1.34022
-1.27748 -1.34341
-1.27896 -1.33698
-1.281 -1.3405
