0 0
-0.0526322 -0.0495052
-0.104259 -0.0981659
-0.154861 -0.145942
-0.204443 -0.192738
-0.252945 -0.238662
-0.30036 -0.28392
-0.346595 -0.327545
-0.39203 -0.371236
-0.436388 -0.413288
-0.479494 -0.454908
-0.521384 -0.495027
-0.56258 -0.53472
-0.602414 -0.573323
-0.640847 -0.610735
-0.679274 -0.648303
-0.715463 -0.682928
-0.75088 -0.717856
-0.785163 -0.752223
-0.818596 -0.783754
-0.849529 -0.817334
-0.882193 -0.846998
-0.910978 -0.877445
-0.939238 -0.907739
-0.967881 -0.934404
-0.993068 -0.961698
-1.01857 -0.9863
-1.0405 -1.01311
-1.06541 -1.03748
-1.08432 -1.0601
-1.10487 -1.08427
-1.10475 -1.08265
-1.10718 -1.08213
-1.10482 -1.08454
-1.10512 -1.08373
-1.10636 -1.08185
-1.10622 -1.08408
-1.10336 -1.08397
-1.10584 -1.08262
-1.10666 -1.08213
-1.10491 -1.08476
-1.10479 -1.08318
-1.10603 -1.08441
-1.10397 -1.08197
-1.10446 -1.08374
-1.10465 -1.08437
-1.10593 -1.0837
-1.10338 -1.08279
-1.10587 -1.08345
-1.10288 -1.08343
-1.10523 -1.08312
-1.10535 -1.08255
-1.1032 -1.08302
-1.10392 -1.08254
-1.10603 -1.08075
-1.10237 -1.08652
-1.10512 -1.08345
-1.1056 -1.08045
-1.10394 -1.08514
-1.10279 -1.08108
-1.10569 -1.08411
-1.10356 -1.0819
-1.1042 -1.08444
-1.10362 -1.08089
-1.10493 -1.08499
-1.10317 -1.08239
-1.10435 -1.08108
-1.10327 -1.08436
-1.10611 -1.08173
-1.10175 -1.08624
-1.10531 -1.08021
-1.10098 -1.08316
-1.1057 -1.08504
-1.10432 -1.08127
-1.10306 -1.08168
-1.1022 -1.08425
-1.10611 -1.08131
-1.10297 -1.08397
-1.10483 -1.08262
-1.10243 -1.08195
-1.10259 -1.08481
-1.10451 -1.0824
-1.10277 -1.08342
-1.10336 -1.08352
-1.10246 -1.08365
-1.10398 -1.08454
-1.10314 -1.08186
-1.10208 -1.08472
-1.10368 -1.08272
-1.10122 -1.08518
-1.10407 -1.0808
-1.10305 -1.08472
-1.10473 -1.08144
-1.1025 -1.08555
-1.10284 -1.08287
-1.10334 -1.08173
-1.10235 -1.08455
-1.10464 -1.08253
-1.10176 -1.08304
-1.10348 -1.08492
-1.1024 -1.08262
-1.10125 -1.0834
-1.10119 -1.08302
-1.10219 -1.08275
-1.10236 -1.08256
-1.1012 -1.08335
-1.10202 -1.08505
-1.10304 -1.07922
-1.10056 -1.08395
-1.10311 -1.08345
-1.10449 -1.08071
-1.09956 -1.0842
-1.10272 -1.08284
-1.10248 -1.08272
-1.10209 -1.08355
-1.10404 -1.0828
-1.10084 -1.08241
-1.10235 -1.08255
-1.10257 -1.08269
-1.10305 -1.08173
-1.10152 -1.08354
-1.10289 -1.08304
-1.10442 -1.07796
-1.10233 -1.08713
-1.1047 -1.07858
-1.10464 -1.08388
-1.10359 -1.08257
-1.10376 -1.08142
-1.1031 -1.08137
-1.10256 -1.0823
-1.10301 -1.08009
-1.10318 -1.08308
-1.10234 -1.08045
-1.10396 -1.08022
-1.10254 -1.08273
-1.10328 -1.07874
-1.10233 -1.08351
-1.10229 -1.08131
-1.10504 -1.07859
-1.10245 -1.08294
-1.10206 -1.08141
-1.10219 -1.08046
-1.1021 -1.08319
-1.10338 -1.07937
-1.10121 -1.08383
-1.10341 -1.07867
-1.10125 -1.08331
-1.1032 -1.08036
-1.10434 -1.08175
-1.10149 -1.08059
-1.10356 -1.08186
-1.10158 -1.08109
-1.10378 -1.08021
-1.10104 -1.08284
-1.10349 -1.07958
-1.103 -1.0801
-1.10131 -1.08207
-1.10181 -1.08073
-1.10401 -1.07948
-1.1004 -1.08118
-1.10259 -1.08075
-1.10242 -1.08177
-1.10466 -1.07971
-1.09873 -1.08381
-1.10507 -1.07717
-1.09957 -1.08328
-1.10431 -1.07729
-1.10171 -1.08316
-1.10249 -1.07896
-1.10179 -1.08036
-1.10338 -1.08166
-1.10075 -1.08002
-1.10127 -1.08151
-1.10346 -1.08139
-1.10063 -1.07917
-1.10107 -1.08272
-1.10216 -1.08127
-1.10115 -1.08106
-1.10329 -1.07973
-1.10101 -1.08099
-1.10168 -1.08112
-1.10242 -1.07882
-1.10159 -1.08291
-1.10255 -1.07927
-1.10127 -1.08098
-1.10298 -1.08059
-1.10026 -1.0801
-1.1023 -1.07939
-1.10233 -1.08057
-1.10179 -1.08092
-1.10188 -1.0807
-1.10105 -1.08103
-1.10263 -1.07898
-1.10099 -1.08026
-1.10161 -1.08063
-1.10149 -1.07962
-1.10347 -1.08055
-1.1012 -1.08102
-1.0995 -1.08037
-1.1031 -1.07905
-1.10103 -1.08064
-1.10062 -1.07998
-1.10041 -1.08244
-1.10075 -1.08075
-1.10267 -1.0782
-1.10093 -1.08073
-1.10047 -1.07897
-1.10209 -1.08188
-1.10007 -1.0788
-1.10298 -1.0794
-1.09966 -1.08225
-1.10412 -1.07691
-1.09926 -1.08046
-1.10246 -1.07891
-1.10243 -1.07958
-1.10109 -1.07975
-1.10117 -1.07716
-1.1008 -1.0812
-1.10101 -1.07799
-1.10076 -1.08171
-1.10197 -1.07686
-1.10045 -1.08073
-1.10157 -1.0796
-1.09895 -1.08034
-1.10434 -1.07751
-1.0989 -1.08105
-1.10255 -1.07652
-1.10012 -1.08072
-1.10202 -1.07844
-1.10087 -1.07822
-1.10193 -1.0782
-1.09918 -1.08014
-1.1011 -1.07822
-1.10129 -1.07996
-1.10087 -1.0799
-1.09913 -1.07957
-1.10091 -1.07964
-1.09955 -1.08019
-1.09917 -1.08034
-1.10159 -1.07876
-1.09962 -1.07912
-1.10218 -1.07866
-1.09757 -1.08265
-1.10222 -1.07634
-1.10009 -1.07994
-1.09945 -1.07969
-1.10173 -1.07844
-1.09959 -1.07986
-1.09924 -1.08039
-1.10178 -1.07771
-1.09921 -1.07937
-1.10137 -1.07911
-1.1001 -1.07873
-1.10103 -1.07973
-1.10036 -1.0788
-1.10132 -1.07963
-1.09849 -1.0787
-1.10002 -1.07865
-1.10187 -1.07931
-1.09924 -1.08192
-1.10377 -1.07596
-1.09861 -1.08168
-1.1019 -1.07803
-1.10117 -1.0757
-1.09711 -1.08145
-1.10111 -1.07796
-1.09976 -1.07693
-1.09961 -1.08137
-1.10127 -1.07769
-1.09949 -1.07952
-1.1003 -1.07871
-1.10105 -1.07842
-1.09924 -1.07861
-1.10029 -1.07753
-1.1005 -1.07714
-1.09966 -1.07882
-1.0993 -1.07681
-1.10019 -1.07781
-1.0995 -1.07698
-1.10413 -1.07671
-1.09793 -1.07975
-1.10213 -1.07564
-1.10012 -1.07675
-1.09968 -1.07794
-1.0996 -1.0774
-1.1004 -1.0764
-1.09984 -1.07785
-1.1005 -1.07548
-1.09932 -1.07709
-1.10013 -1.0775
-1.10072 -1.07592
-1.09868 -1.07686
-1.10026 -1.07682
-1.10048 -1.07637
-1.10001 -1.07593
-1.09999 -1.07516
-1.10001 -1.0792
-1.10118 -1.07468
-1.09842 -1.07765
-1.1021 -1.07402
-1.09802 -1.07812
-1.10148 -1.075
-1.10043 -1.07536
-1.10013 -1.07773
-1.10089 -1.07495
-1.10001 -1.07579
-1.09909 -1.07775
-1.10079 -1.07447
-1.09665 -1.07908
-1.10119 -1.07473
-1.09874 -1.07684
-1.09853 -1.07532
-1.1007 -1.07371
-1.09881 -1.07751
-1.10027 -1.07492
-1.10087 -1.07473
-1.09853 -1.0758
-1.09977 -1.07612
-1.10071 -1.07386
-1.09987 -1.07701
-1.09727 -1.07462
-1.09903 -1.07657
-1.09946 -1.07461
-1.09806 -1.07743
-1.09832 -1.07646
-1.09915 -1.07501
-1.09886 -1.07722
-1.09724 -1.07508
-1.10034 -1.07646
-1.09734 -1.07556
-1.09915 -1.07479
-1.09908 -1.07589
-1.09787 -1.07713
-1.09638 -1.07645
-1.09825 -1.07569
-1.09796 -1.07477
-1.09699 -1.07669
-1.09828 -1.07455
-1.09809 -1.0732
-1.09788 -1.07721
-1.09855 -1.07472
-1.09822 -1.07599
-1.09752 -1.07377
-1.09727 -1.07699
-1.09895 -1.07339
-1.09816 -1.07609
-1.09799 -1.07453
-1.09838 -1.07463
-1.09743 -1.07614
-1.0986 -1.07378
-1.09835 -1.07662
-1.09922 -1.07334
-1.09973 -1.0767
-1.09741 -1.07543
-1.0976 -1.07662
-1.09955 -1.07413
-1.09941 -1.07374
-1.09819 -1.07577
-1.09758 -1.07547
-1.09936 -1.07484
-1.09759 -1.07664
-1.09935 -1.07362
-1.09699 -1.07449
-1.09771 -1.07486
-1.10053 -1.07356
-1.09797 -1.07661
-1.0991 -1.07488
-1.09969 -1.073
-1.09742 -1.07597
-1.09816 -1.07441
-1.09809 -1.076
-1.09901 -1.0745
-1.09837 -1.07452
-1.09761 -1.0754
-1.09796 -1.07556
-1.09935 -1.07307
-1.098 -1.07679
-1.09912 -1.07323
-1.09802 -1.07618
-1.09624 -1.07603
-1.10005 -1.07182
-1.09644 -1.07726
-1.09869 -1.07301
-1.09786 -1.07469
-1.09739 -1.07489
-1.09745 -1.07392
-1.09783 -1.07564
-1.09962 -1.07442
-1.09729 -1.07708
-1.09829 -1.07211
-1.09779 -1.07674
-1.09717 -1.07417
-1.09879 -1.07491
-1.09652 -1.07562
-1.09834 -1.07482
-1.09727 -1.07491
-1.09729 -1.07555
-1.09937 -1.07395
-1.09651 -1.07536
-1.09789 -1.07419
-1.09747 -1.07496
-1.09689 -1.07598
-1.09688 -1.07375
-1.09748 -1.07589
-1.09755 -1.07306
-1.09725 -1.0745
-1.09666 -1.07528
-1.09721 -1.07322
-1.09831 -1.07449
-1.09735 -1.07587
-1.09762 -1.07408
-1.09727 -1.07225
-1.09673 -1.07531
-1.09674 -1.07235
-1.09817 -1.07533
-1.09752 -1.0745
-1.09856 -1.07175
-1.09732 -1.07553
-1.09724 -1.07326
-1.09776 -1.07414
-1.09892 -1.07581
-1.09729 -1.07328
-1.09812 -1.07445
-1.09608 -1.07524
-1.0998 -1.07512
-1.09714 -1.07258
-1.09598 -1.07595
-1.09753 -1.07477
-1.09861 -1.07398
-1.09652 -1.07387
-1.09661 -1.07631
-1.09742 -1.0724
-1.09976 -1.07323
-1.09494 -1.07792
-1.09848 -1.07268
-1.09636 -1.07533
-1.09552 -1.07449
-1.09678 -1.07486
-1.0965 -1.07594
-1.09646 -1.07547
-1.0964 -1.07473
-1.09622 -1.07684
-1.09896 -1.07221
-1.09491 -1.07642
-1.09751 -1.07446
-1.09732 -1.07592
-1.09736 -1.07322
-1.09836 -1.07449
-1.09627 -1.07585
-1.09807 -1.0739
-1.09627 -1.07683
-1.09554 -1.07365
-1.09666 -1.07505
-1.09794 -1.07361
-1.09676 -1.07522
-1.09565 -1.07444
-1.09856 -1.07202
-1.09658 -1.07709
-1.09957 -1.07086
-1.09613 -1.07781
-1.09869 -1.07273
-1.09705 -1.07548
-1.09772 -1.07296
-1.09606 -1.07415
-1.09816 -1.07503
-1.09609 -1.07366
-1.09646 -1.07456
-1.09735 -1.07283
-1.09716 -1.07346
-1.09717 -1.07395
-1.09696 -1.07381
-1.0958 -1.07508
-1.09787 -1.07272
-1.0949 -1.07372
-1.09636 -1.07529
-1.09869 -1.07171
-1.0943 -1.07562
-1.0964 -1.07214
-1.09635 -1.07402
-1.09762 -1.07263
-1.09486 -1.07452
-1.09757 -1.07223
-1.09436 -1.07545
-1.097 -1.07376
-1.09777 -1.07301
-1.09549 -1.07435
-1.09704 -1.07337
-1.09531 -1.07357
-1.09522 -1.07363
-1.09654 -1.07284
-1.09581 -1.07283
-1.09395 -1.07515
-1.09886 -1.07071
-1.09363 -1.07399
-1.09763 -1.07529
-1.09737 -1.07135
-1.09416 -1.07464
-1.09789 -1.0732
-1.09505 -1.07218
-1.0972 -1.07339
-1.09623 -1.07223
-1.09488 -1.07573
-1.09708 -1.07107
-1.09584 -1.07414
-1.09709 -1.07197
-1.09477 -1.07324
-1.09694 -1.07199
-1.09509 -1.07165
-1.09758 -1.07243
-1.09595 -1.07276
-1.09602 -1.07196
-1.09876 -1.0719
-1.095 -1.07347
-1.09632 -1.07314
-1.09554 -1.07167
-1.09744 -1.07275
-1.09554 -1.07334
-1.09656 -1.06916
-1.09808 -1.07406
-1.09443 -1.07238
-1.09636 -1.07151
-1.09682 -1.07038
-1.09562 -1.07269
-1.09629 -1.07281
-1.09765 -1.06952
-1.09379 -1.07257
-1.09898 -1.07081
-1.09454 -1.07483
-1.09764 -1.06897
-1.09586 -1.07239
-1.09535 -1.07292
-1.09659 -1.06982
-1.09573 -1.07132
-1.09647 -1.07212
-1.09572 -1.06968
-1.09512 -1.07267
-1.09897 -1.07066
-1.09546 -1.07189
-1.09728 -1.07055
-1.09552 -1.07064
-1.09754 -1.06959
-1.09569 -1.07227
-1.0962 -1.06956
-1.09712 -1.06975
-1.09515 -1.07084
-1.09815 -1.07113
-1.09551 -1.0709
-1.09593 -1.06978
-1.09682 -1.07006
-1.09557 -1.07073
-1.09646 -1.07047
-1.09747 -1.07094
-1.09587 -1.06957
-1.0963 -1.07196
-1.09625 -1.07046
-1.09633 -1.07053
-1.09566 -1.07075
-1.09563 -1.07173
-1.0989 -1.0686
-1.09433 -1.07232
-1.09723 -1.06915
-1.0958 -1.07107
-1.09763 -1.07051
-1.09572 -1.0701
-1.09633 -1.07132
-1.09822 -1.07056
-1.09505 -1.0709
-1.09528 -1.06966
-1.09592 -1.06994
-1.09524 -1.07127
-1.09515 -1.07179
-1.09583 -1.06811
-1.09286 -1.07197
-1.09503 -1.07051
-1.09787 -1.06964
-1.09333 -1.07005
-1.09581 -1.0708
-1.09442 -1.07201
-1.0967 -1.07115
-1.09341 -1.06995
-1.09616 -1.0711
-1.0959 -1.06895
-1.09414 -1.07205
-1.09618 -1.06791
-1.09414 -1.07139
-1.09171 -1.07161
-1.09768 -1.06763
-1.09353 -1.07197
-1.09521 -1.06937
-1.09548 -1.06874
-1.09291 -1.0729
-1.0963 -1.06836
-1.09357 -1.0714
-1.09673 -1.07027
-1.09467 -1.06953
-1.09368 -1.0701
-1.09501 -1.06895
-1.09548 -1.07134
-1.09563 -1.07001
-1.09484 -1.06994
-1.09149 -1.0703
-1.09594 -1.07101
-1.09392 -1.06974
-1.09421 -1.07151
-1.09406 -1.06961
-1.09371 -1.0718
-1.09641 -1.0697
-1.09088 -1.07095
-1.09601 -1.07009
-1.09552 -1.06844
-1.09375 -1.06969
-1.09438 -1.07108
-1.094 -1.06982
-1.09649 -1.06868
-1.0927 -1.07016
-1.09544 -1.07005
-1.09356 -1.06999
-1.09444 -1.06954
-1.09585 -1.06882
-1.0945 -1.0707
-1.09459 -1.06808
-1.09447 -1.06883
-1.09476 -1.07066
-1.09694 -1.06781
-1.09327 -1.07194
-1.09629 -1.06768
-1.09463 -1.06989
-1.09453 -1.06906
-1.09524 -1.06864
-1.09293 -1.06824
-1.09583 -1.06954
-1.09571 -1.06947
-1.09346 -1.06805
-1.09704 -1.06603
-1.09263 -1.07055
-1.0943 -1.06719
-1.09576 -1.06946
-1.09507 -1.06889
-1.09453 -1.06911
-1.09503 -1.06893
-1.09431 -1.0701
-1.09561 -1.06853
-1.09256 -1.0709
-1.0957 -1.06833
-1.09426 -1.06983
-1.0947 -1.06852
-1.09297 -1.06955
-1.0952 -1.06764
-1.09285 -1.0718
-1.09393 -1.06964
-1.09613 -1.06824
-1.0927 -1.07066
-1.0942 -1.06837
-1.0944 -1.07057
-1.09252 -1.06947
-1.09456 -1.06917
-1.09525 -1.06969
-1.09228 -1.06926
-1.09354 -1.06968
-1.09257 -1.06934
-1.09498 -1.07006
-1.09284 -1.06761
-1.09491 -1.0677
-1.09285 -1.06986
-1.09469 -1.06979
-1.09255 -1.06875
-1.09339 -1.06837
-1.09253 -1.0701
-1.0943 -1.06644
-1.09251 -1.07075
-1.0937 -1.07097
-1.09354 -1.06921
-1.0922 -1.06926
-1.09382 -1.0679
-1.0943 -1.0702
-1.09443 -1.06867
-1.09147 -1.07131
-1.09599 -1.06736
-1.09298 -1.07018
-1.09226 -1.07122
-1.09358 -1.06807
-1.09181 -1.06912
-1.09351 -1.06957
-1.09302 -1.06931
-1.09127 -1.06928
-1.09282 -1.0707
-1.09175 -1.06743
-1.0921 -1.06923
-1.09183 -1.0702
-1.09303 -1.06933
-1.09179 -1.07027
-1.09143 -1.07026
-1.09431 -1.06828
-1.09059 -1.06956
-1.09251 -1.07013
-1.09093 -1.06922
-1.09263 -1.0702
-1.08999 -1.06878
-1.09426 -1.06808
-1.09142 -1.06869
-1.09324 -1.06819
-1.09078 -1.06916
-1.0919 -1.06747
-1.09238 -1.06981
-1.0919 -1.06851
-1.09226 -1.06832
-1.09318 -1.0676
-1.09041 -1.06974
-1.09215 -1.0674
-1.0913 -1.069
-1.09439 -1.06815
-1.09155 -1.06767
-1.09494 -1.06832
-1.09125 -1.06813
-1.09254 -1.06788
-1.09125 -1.06742
-1.09465 -1.06734
-1.09175 -1.06746
-1.09134 -1.06937
-1.0928 -1.06692
-1.09232 -1.06726
-1.09031 -1.0686
-1.09466 -1.06801
-1.09031 -1.06841
-1.09173 -1.06871
-1.09261 -1.06515
-1.09093 -1.07057
-1.09207 -1.06866
-1.0917 -1.06607
-1.08899 -1.07056
-1.09372 -1.06553
-1.09056 -1.06889
-1.09231 -1.06776
-1.09183 -1.06735
-1.0924 -1.06555
-1.08883 -1.07138
-1.09194 -1.06509
-1.09059 -1.0685
-1.09171 -1.06707
-1.0899 -1.06857
-1.09119 -1.0674
-1.08918 -1.06912
-1.09037 -1.06882
-1.09005 -1.06697
-1.09007 -1.06782
-1.08774 -1.07062
-1.09416 -1.06513
-1.0878 -1.06761
-1.09035 -1.06811
-1.09099 -1.06752
-1.0896 -1.06641
-1.09009 -1.06852
-1.09157 -1.06615
-1.09126 -1.06768
-1.08966 -1.06759
-1.09044 -1.06712
-1.09213 -1.06651
-1.08883 -1.06782
-1.09079 -1.06649
-1.0912 -1.06628
-1.09052 -1.06734
-1.0897 -1.06626
-1.09199 -1.06663
-1.09084 -1.06773
-1.08973 -1.06887
-1.0931 -1.065
-1.09074 -1.06683
-1.08993 -1.06681
-1.0908 -1.06592
-1.0919 -1.0662
-1.09219 -1.06533
-1.08973 -1.06907
-1.09244 -1.06679
-1.09 -1.06663
-1.09137 -1.06671
-1.09223 -1.06632
-1.08871 -1.06747
-1.0921 -1.06633
-1.09097 -1.06563
-1.08861 -1.06839
-1.09338 -1.06497
-1.08985 -1.06881
-1.09304 -1.06548
-1.09151 -1.06526
-1.09089 -1.06815
-1.09005 -1.0676
-1.09184 -1.06554
-1.09096 -1.06709
-1.09108 -1.0665
-1.09106 -1.06453
-1.09294 -1.06605
-1.09018 -1.06565
-1.09169 -1.06653
-1.09127 -1.06703
-1.09097 -1.06544
-1.09127 -1.06537
-1.09104 -1.06755
-1.0913 -1.06547
-1.09031 -1.06685
-1.09063 -1.0665
-1.09073 -1.06541
-1.09016 -1.0673
-1.0911 -1.06592
-1.08919 -1.0672
-1.09027 -1.06763
-1.09221 -1.06329
-1.08862 -1.06856
-1.08975 -1.06724
-1.09219 -1.06391
-1.08931 -1.06734
-1.09006 -1.06586
-1.09073 -1.06533
-1.09133 -1.06558
-1.08894 -1.06848
-1.09264 -1.06513
-1.08878 -1.06776
-1.09234 -1.0642
-1.09057 -1.06659
-1.09005 -1.06769
-1.09035 -1.0635
-1.08905 -1.06806
-1.09146 -1.06612
-1.09013 -1.06616
-1.0905 -1.06486
-1.09146 -1.06612
-1.09062 -1.06598
-1.0905 -1.06784
-1.09163 -1.06503
-1.088 -1.06756
-1.09289 -1.06391
-1.09108 -1.06675
-1.08714 -1.06709
-1.09245 -1.06372
-1.08814 -1.06824
-1.09202 -1.06404
-1.08908 -1.0669
-1.09235 -1.065
-1.08832 -1.06685
-1.09054 -1.06373
-1.09123 -1.06701
-1.09026 -1.06493
-1.09035 -1.06588
-1.0911 -1.06778
-1.09043 -1.06347
-1.09086 -1.06604
-1.08733 -1.065
-1.09214 -1.06431
-1.08969 -1.06761
-1.09139 -1.06489
-1.09124 -1.06485
-1.08993 -1.06415
-1.09138 -1.06558
-1.09114 -1.06516
-1.09087 -1.06313
-1.09041 -1.06502
-1.09099 -1.06462
-1.091 -1.06477
-1.09192 -1.06336
-1.08876 -1.06553
-1.0938 -1.06144
-1.08855 -1.06711
-1.09081 -1.06308
-1.09055 -1.06515
-1.09075 -1.06286
-1.08947 -1.06697
-1.09123 -1.06319
-1.0911 -1.06471
-1.0907 -1.06214
-1.09167 -1.06581
-1.09095 -1.06375
-1.08981 -1.06674
-1.09177 -1.06164
-1.09019 -1.06412
-1.09046 -1.06428
-1.09063 -1.06164
-1.091 -1.06475
-1.08956 -1.06307
-1.09199 -1.06334
-1.09037 -1.06365
-1.08946 -1.064
-1.0924 -1.06066
-1.0885 -1.06601
-1.09012 -1.06202
-1.09096 -1.06352
-1.09063 -1.06372
-1.09036 -1.06252
-1.09117 -1.06257
-1.08778 -1.06448
-1.09254 -1.06082
-1.08893 -1.06253
-1.08946 -1.0637
-1.09143 -1.06299
-1.09046 -1.06262
-1.08925 -1.06418
-1.09016 -1.06358
-1.09021 -1.06313
-1.09153 -1.06247
-1.08762 -1.06277
-1.09071 -1.06506
-1.09093 -1.06063
-1.08883 -1.06361
-1.08981 -1.06279
-1.08944 -1.06194
-1.09014 -1.06371
-1.08921 -1.06285
-1.08987 -1.06338
-1.09168 -1.06338
-1.08877 -1.06274
-1.09163 -1.06227
-1.08928 -1.06174
-1.08839 -1.06622
-1.09209 -1.05951
-1.08921 -1.06241
-1.09075 -1.06266
-1.08993 -1.06221
-1.08882 -1.06262
-1.08983 -1.06242
-1.08992 -1.06198
-1.08762 -1.06381
-1.09114 -1.06061
-1.08723 -1.06407
-1.09157 -1.06159
-1.08883 -1.06227
-1.08994 -1.06113
-1.09044 -1.06209
-1.0888 -1.06346
-1.08963 -1.06109
-1.08952 -1.06234
-1.08841 -1.06417
-1.09015 -1.06102
-1.08881 -1.06442
-1.08833 -1.06329
-1.08998 -1.0617
-1.08671 -1.06482
-1.08898 -1.06187
-1.08705 -1.06381
-1.08693 -1.0636
-1.08896 -1.06285
-1.08749 -1.06372
-1.09019 -1.06252
-1.08688 -1.06285
-1.08811 -1.06283
-1.08906 -1.06191
-1.08831 -1.06289
-1.08827 -1.06227
-1.08796 -1.06127
-1.0877 -1.06397
-1.08729 -1.06236
-1.08739 -1.06038
-1.0885 -1.06319
-1.08747 -1.06208
-1.08867 -1.06294
-1.08863 -1.06234
-1.0883 -1.06111
-1.08851 -1.06247
-1.0898 -1.0612
-1.08646 -1.06245
-1.09093 -1.06202
-1.08882 -1.06076
-1.08701 -1.06284
-1.09018 -1.06098
-1.08547 -1.0621
-1.08802 -1.06261
-1.08758 -1.0621
-1.09038 -1.06287
-1.08531 -1.06171
-1.08763 -1.06168
-1.08796 -1.06362
-1.08809 -1.05993
-1.08677 -1.06336
-1.08764 -1.06159
-1.08954 -1.06133
-1.08652 -1.0631
-1.08778 -1.06137
-1.08739 -1.06029
-1.08721 -1.06275
-1.08781 -1.06219
-1.08794 -1.06116
-1.08753 -1.06198
-1.08789 -1.06219
-1.08739 -1.0616
-1.08959 -1.06149
-1.08664 -1.06131
-1.09129 -1.06043
-1.08543 -1.06384
-1.08991 -1.05797
-1.08833 -1.06309
-1.08805 -1.058
-1.08883 -1.06273
-1.08841 -1.0611
-1.09088 -1.05908
-1.08502 -1.06418
-1.08936 -1.05908
-1.08896 -1.06079
-1.08771 -1.05928
-1.08816 -1.06246
-1.08931 -1.06049
-1.08866 -1.0603
-1.08923 -1.06084
-1.08864 -1.05939
-1.08962 -1.06143
-1.08876 -1.06153
-1.08969 -1.05749
-1.08741 -1.06278
-1.08857 -1.05864
-1.09001 -1.06002
-1.08785 -1.06128
-1.08734 -1.06093
-1.08681 -1.05976
-1.08908 -1.0609
-1.08824 -1.05981
-1.0886 -1.06218
-1.09003 -1.05957
-1.08696 -1.06203
-1.08911 -1.05945
-1.08833 -1.06086
-1.0895 -1.06065
-1.088 -1.06111
-1.08876 -1.05974
-1.08892 -1.0594
-1.08791 -1.06192
-1.08807 -1.06079
-1.08972 -1.05717
-1.08649 -1.06206
-1.08776 -1.06141
-1.08914 -1.05885
-1.08792 -1.06034
-1.08852 -1.0601
-1.08707 -1.06168
-1.08778 -1.05945
-1.08784 -1.06151
-1.08875 -1.05945
-1.08623 -1.06169
-1.08926 -1.05976
-1.08722 -1.05969
-1.08783 -1.06212
-1.08887 -1.05979
-1.08717 -1.05938
-1.08933 -1.06081
-1.08847 -1.05917
-1.08589 -1.06204
-1.08875 -1.05851
-1.08732 -1.06011
-1.08837 -1.06095
-1.08745 -1.05856
-1.08706 -1.06238
-1.08873 -1.05963
-1.08672 -1.06116
-1.08899 -1.05882
-1.08579 -1.06087
-1.08799 -1.06109
-1.08794 -1.05934
-1.08781 -1.0613
-1.0877 -1.06146
-1.08765 -1.05923
-1.08755 -1.0621
-1.08902 -1.05897
-1.08403 -1.063
-1.08827 -1.05895
-1.08617 -1.06147
-1.08697 -1.06058
-1.08661 -1.06073
-1.08769 -1.0604
-1.08681 -1.05917
-1.086 -1.064
-1.08728 -1.05902
-1.08706 -1.06049
-1.08662 -1.06117
-1.08903 -1.05852
-1.08629 -1.06193
-1.08743 -1.06025
-1.08691 -1.05982
-1.08737 -1.06228
-1.08767 -1.05883
-1.08693 -1.06034
-1.08624 -1.06104
-1.08962 -1.06039
-1.08681 -1.06045
-1.08649 -1.062
-1.08891 -1.05851
-1.08657 -1.06017
-1.0868 -1.06141
-1.08895 -1.06006
-1.08445 -1.0606
-1.08737 -1.06209
-1.08708 -1.0587
-1.08487 -1.06273
-1.0896 -1.05866
-1.08498 -1.06178
-1.08802 -1.05912
-1.08579 -1.05997
-1.08837 -1.05966
-1.0862 -1.06065
-1.08662 -1.06185
-1.08722 -1.05984
-1.08685 -1.06081
-1.08579 -1.06016
-1.0887 -1.05967
-1.08516 -1.06252
-1.08945 -1.05757
-1.08517 -1.06063
-1.08711 -1.06036
-1.08771 -1.05947
-1.08692 -1.0616
-1.08674 -1.05814
-1.08809 -1.06155
-1.08755 -1.0604
-1.08662 -1.06049
-1.08865 -1.05914
-1.08777 -1.05935
-1.08632 -1.06036
-1.08807 -1.0619
-1.08813 -1.05707
-1.08662 -1.06137
-1.08621 -1.06011
-1.08844 -1.06066
-1.08687 -1.05886
-1.08925 -1.05968
-1.08415 -1.06248
-1.08962 -1.05765
-1.08655 -1.06077
-1.08798 -1.05991
-1.08867 -1.06016
-1.08752 -1.05866
-1.08765 -1.06164
-1.08887 -1.06047
-1.08752 -1.06009
-1.09007 -1.05839
-1.0872 -1.0608
-1.08858 -1.05968
-1.08769 -1.05934
-1.08765 -1.06153
-1.08809 -1.05838
-1.08704 -1.06051
-1.08802 -1.05932
-1.08954 -1.06067
-1.08528 -1.06049
-1.08998 -1.05911
-1.08659 -1.05943
-1.08564 -1.06223
-1.08709 -1.05761
-1.08865 -1.06112
-1.08518 -1.06104
-1.08855 -1.05783
-1.08495 -1.06177
-1.08825 -1.05895
-1.08532 -1.06084
-1.08765 -1.05935
-1.08696 -1.05928
-1.08657 -1.06203
-1.0871 -1.05853
-1.08569 -1.05952
-1.08781 -1.05863
-1.08717 -1.06215
-1.08614 -1.05775
-1.08778 -1.06092
-1.08648 -1.05933
-1.08996 -1.05745
-1.0854 -1.06062
-1.08819 -1.05841
-1.08761 -1.05823
-1.08531 -1.06093
-1.08999 -1.05818
-1.08551 -1.05922
-1.08692 -1.05987
-1.08799 -1.05914
-1.08551 -1.05869
-1.08821 -1.05899
-1.08707 -1.06007
-1.08745 -1.05958
-1.08625 -1.05864
-1.08749 -1.05938
-1.08601 -1.05964
-1.08665 -1.05911
-1.08829 -1.05755
-1.08576 -1.06002
-1.08561 -1.05886
-1.08884 -1.05873
-1.0861 -1.05908
-1.08619 -1.0605
-1.08644 -1.05837
-1.08737 -1.05835
-1.08542 -1.05876
-1.08564 -1.05939
-1.08579 -1.05789
-1.08606 -1.05812
-1.08752 -1.05868
-1.08576 -1.05981
-1.08592 -1.05845
-1.08627 -1.05804
-1.08791 -1.05618
-1.08503 -1.06164
-1.088 -1.05605
-1.0869 -1.05835
-1.08411 -1.06089
-1.08809 -1.05649
-1.08602 -1.06011
-1.08774 -1.05614
-1.08571 -1.06146
-1.08678 -1.05786
-1.08623 -1.05778
-1.08536 -1.05841
-1.08665 -1.0594
-1.08674 -1.05797
-1.08613 -1.05856
-1.08588 -1.06006
-1.08639 -1.05455
-1.08479 -1.06014
-1.08645 -1.05927
-1.08549 -1.05598
-1.08748 -1.05726
-1.08368 -1.06038
-1.08732 -1.05809
-1.08602 -1.05767
-1.08672 -1.0573
-1.08766 -1.05716
-1.08508 -1.05919
-1.0861 -1.05674
-1.08734 -1.05834
-1.08566 -1.05694
-1.08591 -1.05854
-1.08526 -1.05707
-1.08663 -1.05718
-1.0863 -1.05773
-1.08475 -1.05934
-1.08607 -1.05614
-1.08616 -1.05895
-1.0856 -1.05802
-1.08481 -1.05825
-1.08329 -1.05829
-1.08697 -1.05745
-1.08388 -1.05857
-1.08795 -1.05494
-1.08311 -1.05945
-1.08674 -1.05844
-1.08606 -1.05629
-1.08603 -1.05859
-1.08602 -1.05722
-1.08562 -1.05714
-1.08449 -1.05843
-1.08752 -1.05593
-1.08601 -1.05677
-1.08492 -1.05926
-1.08588 -1.05589
-1.0865 -1.057
-1.0859 -1.05782
-1.08757 -1.05547
-1.08501 -1.05744
-1.08381 -1.05923
-1.08579 -1.05567
-1.08667 -1.05654
-1.08641 -1.05753
-1.08481 -1.05705
-1.08471 -1.05557
-1.08623 -1.05769
-1.08473 -1.05633
-1.08485 -1.05619
-1.08746 -1.05568
-1.08187 -1.0593
-1.08652 -1.05564
-1.08568 -1.05465
-1.08434 -1.05792
-1.08556 -1.05538
-1.08774 -1.05422
-1.08383 -1.05908
-1.08754 -1.05399
-1.0856 -1.05571
-1.08631 -1.05763
-1.08698 -1.0533
-1.08591 -1.0568
-1.08641 -1.05559
-1.0866 -1.05534
-1.0847 -1.05589
-1.08697 -1.0566
-1.08566 -1.05564
-1.08505 -1.05776
-1.08596 -1.05596
-1.08696 -1.05433
-1.08484 -1.05799
-1.08694 -1.05491
-1.08454 -1.05744
-1.08677 -1.05501
-1.08638 -1.05683
-1.08478 -1.05703
-1.08456 -1.05646
-1.08796 -1.05528
-1.08385 -1.05726
-1.0854 -1.05742
-1.0861 -1.05627
-1.08449 -1.05585
-1.08522 -1.05643
-1.08432 -1.05815
-1.08533 -1.05401
-1.08552 -1.05689
-1.08594 -1.05582
-1.08369 -1.05539
-1.08553 -1.05493
-1.08603 -1.05792
-1.08502 -1.05648
-1.08337 -1.05473
-1.08419 -1.05783
-1.08477 -1.05605
-1.08512 -1.05704
-1.08411 -1.05582
-1.08276 -1.0558
-1.08454 -1.0567
-1.0835 -1.05512
-1.08405 -1.05654
-1.08285 -1.05645
-1.08209 -1.05832
-1.08509 -1.0545
-1.08247 -1.05748
-1.08437 -1.05509
-1.08324 -1.05755
-1.08297 -1.05457
-1.0833 -1.05678
-1.08296 -1.05638
-1.08298 -1.05607
-1.08471 -1.05822
-1.0836 -1.05422
-1.0819 -1.05845
-1.08379 -1.05693
-1.08339 -1.0563
-1.08338 -1.05587
-1.08274 -1.05578
-1.08184 -1.05721
-1.08603 -1.05453
-1.08272 -1.05782
-1.08464 -1.0557
-1.08333 -1.05505
-1.08426 -1.05933
-1.08348 -1.05379
-1.08241 -1.0586
-1.08578 -1.05566
-1.08389 -1.05654
-1.08366 -1.05696
-1.08342 -1.05442
-1.08307 -1.05708
-1.08486 -1.05513
-1.08283 -1.05627
-1.084 -1.05643
-1.08465 -1.05392
-1.08293 -1.05762
-1.08328 -1.05522
-1.08586 -1.05431
-1.08179 -1.05659
-1.0843 -1.05506
-1.08402 -1.055
-1.08406 -1.05477
-1.08449 -1.05443
-1.08202 -1.05504
-1.08453 -1.05601
-1.08243 -1.05566
-1.08366 -1.05471
-1.08301 -1.05596
-1.08358 -1.05406
-1.08395 -1.0559
-1.08284 -1.05525
-1.08455 -1.05502
-1.08056 -1.05654
-1.08384 -1.05379
-1.08426 -1.05501
-1.08259 -1.05396
-1.08364 -1.05564
-1.08363 -1.05368
-1.0834 -1.05515
-1.08487 -1.05377
-1.08149 -1.05545
-1.08429 -1.05417
-1.08478 -1.05312
-1.08132 -1.05675
-1.0847 -1.05157
-1.08241 -1.05321
-1.08341 -1.05658
-1.08319 -1.0524
-1.08592 -1.0536
-1.08158 -1.0561
-1.0845 -1.05295
-1.08538 -1.05556
-1.08352 -1.05356
-1.08225 -1.05639
-1.08357 -1.05396
-1.08455 -1.05417
-1.08333 -1.05464
-1.08295 -1.05497
-1.08419 -1.0529
-1.08176 -1.05577
-1.08464 -1.05282
-1.08343 -1.055
-1.08312 -1.05554
-1.08077 -1.05474
-1.08459 -1.05389
-1.08013 -1.05715
-1.08504 -1.05626
-1.0825 -1.05268
-1.08458 -1.05445
-1.08146 -1.05662
-1.08313 -1.05278
-1.0845 -1.05504
-1.08278 -1.05576
-1.08368 -1.05471
-1.083 -1.05561
-1.08232 -1.05368
-1.08251 -1.05494
-1.08087 -1.05677
-1.08516 -1.05232
-1.07995 -1.05589
-1.08326 -1.05357
-1.08421 -1.05545
-1.0816 -1.05456
-1.08339 -1.05534
-1.08209 -1.05458
-1.08473 -1.05219
-1.08149 -1.05538
-1.08175 -1.05454
-1.08428 -1.05315
-1.082 -1.05594
-1.08396 -1.05408
-1.08239 -1.05428
-1.0823 -1.05599
-1.08331 -1.05317
-1.0834 -1.05416
-1.08294 -1.05441
-1.08304 -1.05475
-1.08389 -1.05338
-1.08306 -1.05492
-1.08206 -1.05284
-1.08177 -1.05419
-1.0828 -1.05404
-1.08222 -1.05474
-1.08215 -1.05332
-1.08084 -1.05431
-1.08239 -1.05327
-1.08173 -1.05324
-1.08414 -1.05535
-1.08158 -1.05339
-1.08343 -1.05268
-1.08344 -1.05335
-1.08036 -1.05467
-1.08746 -1.05112
-1.07967 -1.05274
-1.08402 -1.05206
-1.08065 -1.05301
-1.08524 -1.05336
-1.08077 -1.05222
-1.08485 -1.05335
-1.08132 -1.05281
-1.08308 -1.05128
-1.08161 -1.05328
-1.08194 -1.05209
-1.08282 -1.0538
-1.08082 -1.05177
-1.08283 -1.05325
-1.08249 -1.05274
-1.08178 -1.05324
-1.08255 -1.05201
-1.0803 -1.05431
-1.08354 -1.05325
-1.08124 -1.05355
-1.0847 -1.05158
-1.08141 -1.05546
-1.08393 -1.05216
-1.08203 -1.0539
-1.08306 -1.05323
-1.08517 -1.05085
-1.08209 -1.05673
-1.08288 -1.0502
-1.08394 -1.05398
-1.08289 -1.05126
-1.08532 -1.05332
-1.08054 -1.05342
-1.08421 -1.0538
-1.08234 -1.05291
-1.0848 -1.05267
-1.08328 -1.05372
-1.08211 -1.05298
-1.08308 -1.05479
-1.08356 -1.05118
-1.08372 -1.0535
-1.08204 -1.05548
-1.08345 -1.05239
-1.08355 -1.05068
-1.08205 -1.05486
-1.08214 -1.05349
-1.08415 -1.05252
-1.08093 -1.05502
-1.08383 -1.05164
-1.08118 -1.05377
-1.08319 -1.05267
-1.08352 -1.05295
-1.08246 -1.05148
-1.08174 -1.05429
-1.08438 -1.05165
-1.08307 -1.05429
-1.08331 -1.05257
-1.0823 -1.05149
-1.0838 -1.05289
-1.08158 -1.05301
-1.08422 -1.05362
-1.08496 -1.05079
-1.08228 -1.05529
-1.08337 -1.0519
-1.0824 -1.0515
-1.08393 -1.05271
-1.08136 -1.0551
-1.08424 -1.04959
-1.08001 -1.05354
-1.0842 -1.05203
-1.08197 -1.05248
-1.08329 -1.05135
-1.08211 -1.05288
-1.08336 -1.05358
-1.08349 -1.05146
-1.08331 -1.05258
-1.0803 -1.05305
-1.08398 -1.05346
-1.0843 -1.04862
-1.07915 -1.05517
-1.08324 -1.05108
-1.08362 -1.05115
-1.08321 -1.05113
-1.08048 -1.05448
-1.08409 -1.04993
-1.08198 -1.05211
-1.0829 -1.05372
-1.08362 -1.05097
-1.08124 -1.05434
-1.08291 -1.05161
-1.08145 -1.05295
-1.08216 -1.05126
-1.07975 -1.05352
-1.0834 -1.05167
-1.08076 -1.05444
-1.08062 -1.05118
-1.08384 -1.05374
-1.08019 -1.05351
-1.08459 -1.05113
-1.08071 -1.05244
-1.08023 -1.05361
-1.083 -1.05082
-1.08152 -1.05308
-1.08203 -1.05207
-1.08159 -1.05309
-1.08217 -1.05161
-1.08011 -1.05239
-1.08255 -1.05205
-1.08126 -1.05237
-1.08037 -1.05361
-1.0829 -1.05128
-1.08072 -1.05354
-1.08061 -1.05159
-1.07991 -1.05179
-1.08247 -1.05324
-1.07916 -1.05327
-1.08381 -1.05199
-1.08044 -1.05204
-1.08051 -1.05361
-1.08188 -1.05123
-1.08056 -1.0531
-1.08219 -1.05232
-1.08034 -1.05157
-1.0801 -1.05226
-1.08089 -1.0531
-1.08165 -1.05091
-1.08165 -1.05202
-1.0785 -1.05224
-1.08365 -1.05156
-1.08001 -1.05157
-1.08014 -1.0533
-1.08232 -1.05058
-1.07926 -1.0529
-1.0827 -1.05053
-1.07884 -1.05126
-1.08093 -1.0526
-1.08125 -1.05034
-1.08116 -1.05262
-1.08053 -1.04956
-1.07998 -1.05212
-1.08115 -1.05129
-1.08051 -1.05046
-1.0812 -1.05069
-1.08068 -1.05206
-1.08073 -1.0518
-1.0807 -1.04884
-1.0801 -1.05425
-1.08273 -1.04779
-1.07926 -1.0536
-1.08152 -1.05045
-1.08228 -1.05059
-1.08026 -1.05166
-1.08143 -1.05099
-1.07925 -1.05063
-1.08089 -1.05274
-1.08244 -1.04935
-1.07959 -1.05179
-1.08051 -1.05056
-1.08057 -1.05087
-1.08061 -1.05095
-1.08104 -1.05336
-1.08063 -1.04834
-1.08086 -1.05139
-1.08079 -1.04966
-1.08109 -1.05219
-1.08263 -1.05009
-1.08089 -1.05011
-1.08018 -1.05331
-1.08285 -1.04776
-1.07994 -1.05109
-1.07979 -1.05084
-1.08077 -1.05082
-1.08127 -1.0492
-1.08111 -1.05162
-1.0809 -1.05104
-1.07993 -1.04954
-1.08103 -1.04978
-1.08009 -1.04938
-1.0793 -1.05076
-1.08033 -1.04884
-1.08138 -1.05151
-1.08041 -1.04991
-1.08141 -1.04975
-1.07968 -1.05182
-1.0803 -1.04999
-1.08135 -1.04769
-1.08042 -1.05071
-1.08062 -1.05125
-1.08082 -1.04834
-1.07987 -1.05083
-1.07977 -1.04897
-1.08021 -1.05079
-1.07972 -1.04913
-1.08138 -1.04851
-1.08012 -1.0504
-1.08091 -1.04827
-1.08031 -1.04896
-1.08072 -1.04716
-1.07955 -1.05024
-1.08073 -1.04842
-1.07984 -1.04878
-1.07878 -1.04885
-1.08178 -1.04811
-1.07887 -1.04973
-1.08081 -1.0477
-1.08183 -1.04919
-1.08123 -1.04772
-1.0776 -1.0508
-1.08229 -1.04577
-1.07807 -1.0508
-1.08047 -1.04693
-1.07769 -1.05108
-1.08164 -1.04823
-1.07773 -1.04772
-1.08127 -1.04895
-1.07865 -1.04966
-1.08086 -1.0467
-1.08026 -1.04848
-1.07849 -1.05013
-1.07998 -1.04904
-1.07936 -1.04616
-1.07899 -1.05078
-1.08216 -1.04649
-1.07849 -1.05019
-1.08059 -1.0482
-1.07995 -1.0475
-1.07962 -1.04787
-1.07924 -1.04741
-1.07949 -1.04914
-1.07953 -1.04599
-1.07847 -1.04902
-1.081 -1.0473
-1.07939 -1.04858
-1.07821 -1.04772
-1.08073 -1.04751
-1.07965 -1.0505
-1.07913 -1.04625
-1.08007 -1.04789
-1.08027 -1.04803
-1.07989 -1.0482
-1.07973 -1.04924
-1.07815 -1.04778
-1.08055 -1.0482
-1.07905 -1.04764
-1.08147 -1.04646
-1.0781 -1.04953
-1.08195 -1.0478
-1.07842 -1.04996
-1.07994 -1.04605
-1.07941 -1.04871
-1.07896 -1.04794
-1.07955 -1.04752
-1.07905 -1.04871
-1.07964 -1.04601
-1.07892 -1.04921
-1.08006 -1.04763
-1.07823 -1.04758
-1.08049 -1.04803
-1.07922 -1.04713
-1.07712 -1.05029
-1.07908 -1.04711
-1.08039 -1.04652
-1.07707 -1.05216
-1.08056 -1.0449
-1.07995 -1.04916
-1.07741 -1.04793
-1.08014 -1.04852
-1.07848 -1.04695
-1.07914 -1.04732
-1.07845 -1.04916
-1.07965 -1.0469
-1.07845 -1.04675
-1.07993 -1.04744
-1.07841 -1.04828
-1.07798 -1.04631
-1.08107 -1.04642
-1.07806 -1.04994
-1.07897 -1.0473
-1.08028 -1.04612
-1.07936 -1.04723
-1.0793 -1.04847
-1.07957 -1.04556
-1.07744 -1.04837
-1.0809 -1.04433
-1.07791 -1.04653
-1.07939 -1.04863
-1.08087 -1.04385
-1.07739 -1.04852
-1.08204 -1.04635
-1.07932 -1.04559
-1.07803 -1.04714
-1.08073 -1.04445
-1.07962 -1.04565
-1.07892 -1.04756
-1.08079 -1.04557
-1.07916 -1.04549
-1.07832 -1.04748
-1.08115 -1.0448
-1.07727 -1.04773
-1.08118 -1.0448
-1.07915 -1.04663
-1.07861 -1.04526
-1.08054 -1.04702
-1.07899 -1.04573
-1.08127 -1.04696
-1.07809 -1.04618
-1.08095 -1.04613
-1.07806 -1.047
-1.07963 -1.04624
-1.08053 -1.04707
-1.07915 -1.0449
-1.07864 -1.04704
-1.07996 -1.04795
-1.08008 -1.04382
-1.07916 -1.04667
-1.07754 -1.04658
-1.08047 -1.04488
-1.07822 -1.04699
-1.07975 -1.04706
-1.0788 -1.04644
-1.07982 -1.04437
-1.07839 -1.0483
-1.0791 -1.04536
-1.08139 -1.04568
-1.07739 -1.04784
-1.08053 -1.04666
-1.07994 -1.0458
-1.0796 -1.04519
-1.07974 -1.04779
-1.08005 -1.04514
-1.08021 -1.04631
-1.07913 -1.04653
-1.07957 -1.04492
-1.08055 -1.04438
-1.07761 -1.04796
-1.07937 -1.04569
-1.08018 -1.04587
-1.08017 -1.04655
-1.07719 -1.04733
-1.08173 -1.04567
-1.08008 -1.04682
-1.0816 -1.0445
-1.07955 -1.04695
-1.07841 -1.04603
-1.07968 -1.04512
-1.07921 -1.04686
-1.0805 -1.04502
-1.07902 -1.04697
-1.08032 -1.04449
-1.07897 -1.04675
-1.08082 -1.04565
-1.07687 -1.04664
-1.08106 -1.04412
-1.07872 -1.04583
-1.08049 -1.04546
-1.0784 -1.04617
-1.07978 -1.0458
-1.08098 -1.04476
-1.07873 -1.04734
-1.07929 -1.0459
-1.0802 -1.04613
-1.07701 -1.046
-1.07988 -1.04573
-1.0774 -1.04617
-1.078 -1.04649
-1.07868 -1.04545
-1.07838 -1.04673
-1.07814 -1.04623
-1.07912 -1.04586
-1.07833 -1.04617
-1.07749 -1.04664
-1.07976 -1.04573
-1.07931 -1.04643
-1.07674 -1.04711
-1.07993 -1.04408
-1.07675 -1.04864
-1.07744 -1.0464
-1.07888 -1.04535
-1.07632 -1.04872
-1.08034 -1.04484
-1.07719 -1.04899
-1.0799 -1.04542
-1.0757 -1.04854
-1.08096 -1.04409
-1.07626 -1.04794
-1.07781 -1.04757
-1.07711 -1.04346
-1.07565 -1.05153
-1.08035 -1.04282
-1.0753 -1.04936
-1.07918 -1.0456
-1.07736 -1.04618
-1.07666 -1.04644
-1.07816 -1.04525
-1.07775 -1.04678
-1.07667 -1.04545
-1.07748 -1.04719
-1.07834 -1.04459
-1.07619 -1.04654
-1.07683 -1.04739
-1.07838 -1.04563
-1.0774 -1.04731
-1.07902 -1.04575
-1.07734 -1.04537
-1.07656 -1.04798
-1.07894 -1.04429
-1.07848 -1.047
-1.07598 -1.04627
-1.07929 -1.04603
-1.07907 -1.04616
-1.07758 -1.04614
-1.0767 -1.04747
-1.07843 -1.04509
-1.07756 -1.04605
-1.07758 -1.04725
-1.07741 -1.04639
-1.07808 -1.04543
-1.07576 -1.04847
-1.08059 -1.04465
-1.07668 -1.04565
-1.07761 -1.04441
-1.07741 -1.04756
-1.07774 -1.0449
-1.0778 -1.04473
-1.07795 -1.04599
-1.07667 -1.04692
-1.07798 -1.04546
-1.07914 -1.04557
-1.07424 -1.04715
-1.07991 -1.04411
-1.07671 -1.04502
-1.07822 -1.04509
-1.07796 -1.04669
-1.07887 -1.04398
-1.07743 -1.04659
-1.07746 -1.04605
-1.08039 -1.04551
-1.07832 -1.04357
-1.07691 -1.04716
-1.0774 -1.04563
-1.07913 -1.04417
-1.07498 -1.04758
-1.07827 -1.04239
-1.07796 -1.04618
-1.07606 -1.04558
-1.07788 -1.04516
-1.07633 -1.04577
-1.07839 -1.04408
-1.0782 -1.04388
-1.07685 -1.04679
-1.07805 -1.04475
-1.07932 -1.0449
-1.07718 -1.04652
-1.0778 -1.0439
-1.07779 -1.04389
-1.07884 -1.04685
-1.0783 -1.04303
-1.07808 -1.04808
-1.07911 -1.04242
-1.07791 -1.04572
-1.07881 -1.04502
-1.07735 -1.04371
-1.07688 -1.04465
-1.07689 -1.0447
-1.07782 -1.04413
-1.07687 -1.04345
-1.07786 -1.04486
-1.07692 -1.04404
-1.07783 -1.04424
-1.0779 -1.045
-1.0788 -1.04327
-1.07736 -1.04469
-1.07733 -1.04534
-1.07776 -1.04442
-1.07865 -1.04275
-1.0741 -1.04652
-1.07603 -1.04409
-1.07883 -1.04227
-1.07584 -1.04625
-1.07687 -1.04392
-1.07657 -1.04579
-1.07894 -1.04361
-1.07598 -1.04475
-1.07684 -1.04474
-1.0772 -1.04396
-1.07826 -1.04319
-1.07586 -1.04525
-1.077 -1.0444
-1.07948 -1.04343
-1.07514 -1.04556
-1.07707 -1.04446
-1.07696 -1.04374
-1.07737 -1.0447
-1.07829 -1.0435
-1.07651 -1.04396
-1.07755 -1.04472
-1.0766 -1.04473
-1.07621 -1.04465
-1.0778 -1.04262
-1.07484 -1.04578
-1.07639 -1.04491
-1.07779 -1.0437
-1.0761 -1.04448
-1.07647 -1.04433
-1.0777 -1.04228
-1.07602 -1.04603
-1.07646 -1.04469
-1.0767 -1.04476
-1.07577 -1.04489
-1.07501 -1.04431
-1.07834 -1.0442
-1.07563 -1.04452
-1.07584 -1.04465
-1.07651 -1.04402
-1.07492 -1.04256
-1.07492 -1.0461
-1.07683 -1.0432
-1.075 -1.04546
-1.07506 -1.04457
-1.07614 -1.04234
-1.07623 -1.04608
-1.07524 -1.04387
-1.07603 -1.04328
-1.07607 -1.04391
-1.07676 -1.04326
-1.07552 -1.0437
-1.07594 -1.04346
-1.07726 -1.04224
-1.07466 -1.04524
-1.07632 -1.04317
-1.07588 -1.04368
-1.07587 -1.04232
-1.07733 -1.04375
-1.07613 -1.04279
-1.0759 -1.04269
-1.07503 -1.04238
-1.0757 -1.04374
-1.076 -1.04459
-1.07568 -1.04446
-1.07689 -1.04307
-1.07323 -1.04575
-1.07745 -1.04127
-1.07321 -1.04423
-1.07641 -1.04301
-1.07467 -1.04459
-1.07649 -1.0427
-1.07546 -1.04433
-1.07458 -1.04219
-1.07613 -1.04369
-1.07457 -1.04458
-1.07543 -1.04259
-1.07672 -1.04321
-1.07405 -1.04617
-1.07569 -1.04149
-1.07602 -1.04275
-1.07442 -1.0452
-1.07707 -1.04334
-1.07529 -1.0418
-1.07672 -1.04458
-1.07463 -1.0428
-1.07491 -1.04374
-1.07796 -1.04203
-1.07441 -1.04337
