0 0
-0.0870593 -0.0820417
-0.17145 -0.162011
-0.252499 -0.238984
-0.331163 -0.313727
-0.406176 -0.385157
-0.478531 -0.455006
-0.548052 -0.52151
-0.614812 -0.586409
-0.67755 -0.647345
-0.737477 -0.70792
-0.795103 -0.76352
-0.848915 -0.818459
-0.89984 -0.86787
-0.947953 -0.917372
-0.990468 -0.963558
-1.03237 -1.00717
-1.06953 -1.04665
-1.10083 -1.0878
-1.13425 -1.11665
-1.15554 -1.15365
-1.18199 -1.17618
-1.19756 -1.20893
-1.21717 -1.22768
-1.23007 -1.2542
-1.2418 -1.27162
-1.22975 -1.25718
-1.24494 -1.27548
-1.25464 -1.29047
-1.26143 -1.30343
-1.2675 -1.31994
-1.26604 -1.31594
-1.24301 -1.28353
-1.24819 -1.28491
-1.24581 -1.28548
-1.24648 -1.28352
-1.24484 -1.28234
-1.24727 -1.28005
-1.24777 -1.2798
-1.24777 -1.28013
-1.2447 -1.28279
-1.24704 -1.27913
-1.24325 -1.27742
-1.2446 -1.2794
-1.24388 -1.27637
-1.24167 -1.27671
-1.24201 -1.27459
-1.2389 -1.27722
-1.24413 -1.27618
-1.24334 -1.27543
-1.24181 -1.27814
-1.24385 -1.27311
-1.24371 -1.27639
-1.23848 -1.2743
-1.23901 -1.27228
-1.23675 -1.27492
-1.2109 -1.232
-1.21615 -1.22564
-1.21111 -1.22909
-1.21454 -1.22277
-1.20971 -1.22751
-1.2147 -1.22098
-1.21141 -1.22592
-1.2132 -1.22225
-1.21349 -1.22274
-1.21188 -1.22315
-1.21346 -1.22021
-1.2144 -1.22248
-1.21237 -1.22326
-1.214 -1.21943
-1.21603 -1.21989
-1.21535 -1.22218
-1.21284 -1.22159
-1.21682 -1.22017
-1.21633 -1.21865
-1.21073 -1.2218
-1.21089 -1.21814
-1.21306 -1.21875
-1.21327 -1.22054
-1.21156 -1.22032
-1.2146 -1.21725
-1.21045 -1.219
-1.21083 -1.22059
-1.2115 -1.21603
-1.2103 -1.21851
-1.21408 -1.21591
-1.21196 -1.21872
-1.21154 -1.2172
-1.20913 -1.21893
-1.20981 -1.21799
-1.21302 -1.21506
-1.21181 -1.2194
-1.21014 -1.21678
-1.20958 -1.21646
-1.20839 -1.21455
-1.20912 -1.21441
-1.20576 -1.21409
-1.20903 -1.21332
-1.20747 -1.21707
-1.20916 -1.21234
-1.21012 -1.21215
-1.2052 -1.21611
-1.20725 -1.20913
-1.20945 -1.21466
-1.20694 -1.20895
-1.21016 -1.21301
-1.20592 -1.21008
-1.20556 -1.21147
-1.20648 -1.20792
-1.20356 -1.21329
-1.20874 -1.20809
-1.20673 -1.21497
-1.20545 -1.20724
-1.20527 -1.21235
-1.20156 -1.20798
-1.20325 -1.21034
-1.20234 -1.20916
-1.20434 -1.21166
-1.20636 -1.20836
-1.20319 -1.21012
-1.20089 -1.21164
-1.20214 -1.20893
-1.19928 -1.21036
-1.20345 -1.21136
-1.20028 -1.21092
-1.19986 -1.21365
-1.2025 -1.21182
-1.20381 -1.2095
-1.20033 -1.21113
-1.20083 -1.20767
-1.20443 -1.20567
-1.20223 -1.21312
-1.20478 -1.2037
-1.20066 -1.20882
-1.20042 -1.20497
-1.20047 -1.20639
-1.20167 -1.2059
-1.2004 -1.2077
-1.2013 -1.20565
-1.20005 -1.20863
-1.19913 -1.20361
-1.19805 -1.20813
-1.20166 -1.20185
-1.19912 -1.20501
-1.19922 -1.20594
-1.19942 -1.20366
-1.19875 -1.20684
-1.19789 -1.20252
-1.19696 -1.20866
-1.19981 -1.20112
-1.19707 -1.20657
-1.19885 -1.20222
-1.19529 -1.20471
-1.198 -1.20249
-1.19738 -1.20405
-1.19459 -1.20374
-1.19557 -1.20467
-1.1965 -1.20119
-1.19302 -1.20428
-1.19559 -1.20209
-1.19052 -1.20436
-1.19435 -1.19824
-1.19482 -1.20442
-1.19219 -1.20193
-1.19292 -1.19999
-1.19366 -1.20085
-1.19239 -1.20227
-1.19301 -1.2013
-1.1942 -1.19866
-1.19313 -1.2008
-1.19391 -1.19982
-1.19097 -1.19879
-1.19174 -1.19749
-1.19014 -1.19605
-1.19088 -1.19737
-1.18819 -1.19666
-1.18971 -1.19648
-1.19085 -1.19737
-1.18932 -1.19751
-1.18952 -1.19693
-1.18945 -1.19649
-1.18911 -1.19677
-1.18889 -1.19715
-1.18734 -1.19505
-1.18938 -1.19598
-1.18933 -1.19547
-1.18688 -1.19606
-1.18658 -1.1948
-1.18532 -1.1943
-1.19031 -1.19316
-1.18436 -1.19463
-1.18933 -1.19491
-1.18477 -1.19405
-1.18766 -1.19343
-1.18705 -1.19443
-1.18531 -1.19603
-1.18515 -1.19289
-1.18543 -1.19542
-1.18498 -1.19456
-1.18435 -1.19335
-1.18788 -1.19269
-1.18538 -1.19651
-1.18896 -1.19203
-1.18885 -1.1907
-1.18152 -1.19459
-1.18947 -1.18978
-1.18671 -1.19201
-1.18513 -1.19324
-1.18664 -1.18982
-1.18507 -1.19444
-1.18453 -1.18987
-1.18323 -1.19076
-1.18147 -1.19065
-1.18405 -1.19131
-1.18111 -1.19265
-1.1837 -1.18631
-1.18282 -1.18991
-1.18029 -1.18953
-1.18417 -1.18832
-1.18263 -1.18986
-1.18362 -1.18738
-1.18412 -1.18994
-1.18257 -1.19059
-1.1825 -1.18811
-1.18044 -1.18966
-1.18185 -1.18888
-1.17948 -1.18845
-1.18391 -1.18894
-1.18135 -1.18851
-1.18145 -1.18787
-1.18175 -1.19017
-1.18156 -1.18529
-1.18143 -1.18897
-1.18148 -1.18626
-1.17963 -1.18722
-1.18262 -1.18728
-1.18239 -1.18507
-1.17726 -1.18911
-1.18411 -1.18428
-1.17906 -1.1867
-1.17989 -1.18462
-1.18063 -1.18823
-1.17786 -1.18714
-1.17985 -1.18725
-1.1778 -1.18783
-1.17819 -1.18713
-1.17875 -1.18608
-1.17749 -1.18723
-1.17652 -1.18746
-1.17635 -1.18548
-1.17797 -1.18751
-1.17542 -1.18685
-1.1795 -1.18433
-1.1769 -1.18658
-1.17853 -1.18477
-1.17534 -1.18583
-1.17664 -1.18285
-1.1757 -1.18492
-1.1767 -1.18282
-1.17582 -1.18667
-1.17923 -1.18276
-1.17497 -1.18641
-1.17807 -1.18291
-1.17815 -1.18432
-1.17491 -1.18557
-1.17553 -1.18187
-1.17511 -1.18366
-1.17616 -1.18186
-1.17288 -1.1834
-1.17762 -1.18631
-1.17565 -1.18122
-1.17372 -1.18089
-1.17325 -1.1831
-1.17356 -1.18194
-1.17586 -1.18177
-1.17174 -1.18441
-1.17334 -1.18144
-1.175 -1.18322
-1.17631 -1.17979
-1.17477 -1.18051
-1.17373 -1.18078
-1.17594 -1.18056
-1.17343 -1.17988
-1.17286 -1.18115
-1.17438 -1.18195
-1.17254 -1.17964
-1.17073 -1.18126
-1.17493 -1.18029
-1.16972 -1.18155
-1.17229 -1.1766
-1.17204 -1.18276
-1.17235 -1.17895
-1.17326 -1.18019
-1.17117 -1.18177
-1.17054 -1.18018
-1.1702 -1.17956
-1.17083 -1.17875
-1.17114 -1.17878
-1.1689 -1.17765
-1.17459 -1.17781
-1.17016 -1.17734
-1.17234 -1.17708
-1.16855 -1.17715
-1.17239 -1.17369
-1.16979 -1.17707
-1.1714 -1.17367
-1.17147 -1.17741
-1.17284 -1.17662
-1.16876 -1.17485
-1.17083 -1.17495
-1.16947 -1.17713
-1.17217 -1.1755
-1.16934 -1.17912
-1.17243 -1.17408
-1.16834 -1.1779
-1.17197 -1.17582
-1.16863 -1.17762
-1.17051 -1.17459
-1.16891 -1.17557
-1.17012 -1.17765
-1.17059 -1.17287
-1.16599 -1.17601
-1.17124 -1.17339
-1.16858 -1.17598
-1.16877 -1.1734
-1.17023 -1.17342
-1.16805 -1.17609
-1.16908 -1.17338
-1.16777 -1.17546
-1.16792 -1.17375
-1.16824 -1.17349
-1.16671 -1.17322
-1.1651 -1.17452
-1.16836 -1.17309
-1.16666 -1.17276
-1.16826 -1.17363
-1.17131 -1.17183
-1.1701 -1.17351
-1.16854 -1.17122
-1.16949 -1.17385
-1.16617 -1.17509
-1.16964 -1.17346
-1.16828 -1.17354
-1.16695 -1.17371
-1.16995 -1.17285
-1.16637 -1.17532
-1.1703 -1.16952
-1.16475 -1.17482
-1.17219 -1.16939
-1.1679 -1.17436
-1.16906 -1.17266
-1.16923 -1.16957
-1.16757 -1.17421
-1.16896 -1.16942
-1.16572 -1.17323
-1.16932 -1.16886
-1.16561 -1.17146
-1.16809 -1.17004
-1.16806 -1.1699
-1.16583 -1.17234
-1.16611 -1.16741
-1.16461 -1.17256
-1.16596 -1.17059
-1.16253 -1.17153
-1.16459 -1.17057
-1.16274 -1.17172
-1.16718 -1.1707
-1.16341 -1.1721
-1.16343 -1.1712
-1.16608 -1.16917
-1.16527 -1.16953
-1.16681 -1.16732
-1.163 -1.17069
-1.16494 -1.16722
-1.16317 -1.16871
-1.165 -1.16665
-1.16371 -1.16947
-1.16486 -1.16515
-1.16533 -1.16974
-1.16303 -1.16382
-1.16435 -1.17036
-1.16361 -1.16408
-1.16146 -1.16848
-1.16246 -1.16542
-1.16478 -1.16677
-1.16404 -1.16265
-1.16408 -1.16629
-1.16295 -1.16373
-1.16144 -1.16531
-1.16361 -1.16375
-1.16198 -1.16794
-1.16527 -1.16586
-1.16138 -1.16944
-1.16286 -1.16606
-1.16156 -1.16561
-1.15996 -1.16688
-1.16185 -1.16672
-1.1627 -1.16502
-1.15859 -1.16981
-1.15981 -1.16369
-1.16174 -1.16423
-1.16069 -1.16785
-1.15902 -1.16404
-1.16208 -1.16435
-1.16158 -1.16401
-1.16224 -1.16411
-1.16038 -1.16515
-1.16046 -1.16176
-1.16179 -1.16286
-1.15892 -1.16213
-1.15985 -1.16017
-1.15993 -1.16156
-1.16027 -1.16284
-1.15918 -1.16164
-1.16255 -1.16066
-1.15609 -1.16492
-1.16254 -1.15818
-1.1601 -1.1644
-1.15942 -1.1643
-1.15694 -1.16284
-1.15708 -1.16349
-1.15756 -1.16114
-1.156 -1.16256
-1.15994 -1.15979
-1.15803 -1.16139
-1.16013 -1.16029
-1.15684 -1.1605
-1.15947 -1.16161
-1.15815 -1.15787
-1.15665 -1.16139
-1.15759 -1.15663
-1.15528 -1.16092
-1.15642 -1.1579
-1.15897 -1.15833
-1.15575 -1.16038
-1.15612 -1.15991
-1.15664 -1.15821
-1.15742 -1.15805
-1.15426 -1.15921
-1.15464 -1.15732
-1.15669 -1.15816
-1.15631 -1.15655
-1.15647 -1.15813
-1.15601 -1.15776
-1.15514 -1.15666
-1.15582 -1.15777
-1.15388 -1.15288
-1.15192 -1.15765
-1.15549 -1.15578
-1.15365 -1.15655
-1.15325 -1.15476
-1.1525 -1.15644
-1.15367 -1.15219
-1.15269 -1.15534
-1.15376 -1.15345
-1.15286 -1.15637
-1.15409 -1.15422
-1.15332 -1.15711
-1.1538 -1.15424
-1.15272 -1.15485
-1.15241 -1.15362
-1.1513 -1.15526
-1.15286 -1.15309
-1.15304 -1.15597
-1.1526 -1.15556
-1.15189 -1.15543
-1.14954 -1.15518
-1.15113 -1.15434
-1.15167 -1.15479
-1.15009 -1.15441
-1.15076 -1.15566
-1.14873 -1.15515
-1.15044 -1.15174
-1.14898 -1.15687
-1.15156 -1.15215
-1.14799 -1.15511
-1.15047 -1.15324
-1.14915 -1.15418
-1.14809 -1.15146
-1.14944 -1.15439
-1.1497 -1.15177
-1.14794 -1.154
-1.15105 -1.15226
-1.14857 -1.15228
-1.14759 -1.15417
-1.15013 -1.15013
-1.14643 -1.15453
-1.14655 -1.15281
-1.14888 -1.15191
-1.14819 -1.15333
-1.14872 -1.15095
-1.15068 -1.1554
-1.15299 -1.15061
-1.14791 -1.15212
-1.15017 -1.14999
-1.1468 -1.15112
-1.14803 -1.15234
-1.14487 -1.15166
-1.14681 -1.15194
-1.14707 -1.15376
-1.145 -1.15322
-1.14719 -1.1508
-1.14509 -1.15108
-1.14526 -1.15174
-1.14377 -1.14958
-1.14326 -1.15072
-1.14622 -1.1488
-1.14227 -1.15218
-1.14542 -1.14816
-1.14467 -1.15039
-1.14505 -1.15048
-1.144 -1.1498
-1.14405 -1.14963
-1.14455 -1.14966
-1.14245 -1.15005
-1.14442 -1.14887
-1.14269 -1.15165
-1.14507 -1.14771
-1.1429 -1.15104
-1.14398 -1.14778
-1.14502 -1.14981
-1.14485 -1.14842
-1.14236 -1.15122
-1.14285 -1.14646
-1.14492 -1.14997
-1.14294 -1.14755
-1.14118 -1.1501
-1.14362 -1.14573
-1.14153 -1.14916
-1.1436 -1.14454
-1.14044 -1.15022
-1.14344 -1.14598
-1.13829 -1.14935
-1.13991 -1.14718
-1.14019 -1.14794
-1.14085 -1.14612
-1.1394 -1.14829
-1.14186 -1.14735
-1.1386 -1.14913
-1.14136 -1.14697
-1.13967 -1.14806
-1.14181 -1.1484
-1.13856 -1.14812
-1.13981 -1.14795
-1.1398 -1.14804
-1.13763 -1.14941
-1.14037 -1.14993
-1.13902 -1.14803
-1.13673 -1.1491
-1.1394 -1.14845
-1.13937 -1.14733
-1.13748 -1.14907
-1.14032 -1.1467
-1.13687 -1.14799
-1.13754 -1.1448
-1.13653 -1.14758
-1.13744 -1.14807
-1.13908 -1.1455
-1.13763 -1.14628
-1.13942 -1.14414
-1.13563 -1.14785
-1.13973 -1.14273
-1.13404 -1.14817
-1.1394 -1.14471
-1.1373 -1.14474
-1.13658 -1.14534
-1.1365 -1.14741
-1.13557 -1.14346
-1.13565 -1.14809
-1.13698 -1.14274
-1.13429 -1.14664
-1.13704 -1.14355
-1.13521 -1.14592
-1.13452 -1.14429
-1.13308 -1.14494
-1.13561 -1.14318
-1.13285 -1.1425
-1.13366 -1.14584
-1.13628 -1.14189
-1.13535 -1.14625
-1.13448 -1.14222
-1.13485 -1.14461
-1.13376 -1.14319
-1.13317 -1.14322
-1.13344 -1.1454
-1.1361 -1.14221
-1.13101 -1.14677
-1.13444 -1.14342
-1.13175 -1.14679
-1.13186 -1.1422
-1.1296 -1.14519
-1.13072 -1.14308
-1.10363 -1.09475
-1.10231 -1.08665
-1.1051 -1.08688
-1.1019 -1.08634
-1.10403 -1.08723
-1.10543 -1.08616
-1.10405 -1.08683
-1.10269 -1.08524
-1.10211 -1.08526
-1.10234 -1.08736
-1.10389 -1.08758
-1.10289 -1.08842
-1.10466 -1.08721
-1.10241 -1.08681
-1.1026 -1.08727
-1.10155 -1.08681
-1.10271 -1.08755
-1.10105 -1.08921
-1.10128 -1.08635
-1.10601 -1.08818
-1.1021 -1.08681
-1.10144 -1.08882
-1.10568 -1.08605
-1.1025 -1.08643
-1.10184 -1.08603
-1.10172 -1.08671
-1.10206 -1.08595
-1.102 -1.08752
-1.1016 -1.0874
-1.1036 -1.08596
-1.10214 -1.08897
-1.10345 -1.08492
-1.1013 -1.08616
-1.10146 -1.08689
-1.10306 -1.08499
-1.10004 -1.08733
-1.10344 -1.08656
-1.10341 -1.08907
-1.10243 -1.08907
-1.10307 -1.0888
-1.10266 -1.08772
-1.10067 -1.09165
-1.10339 -1.08544
-1.10134 -1.0896
-1.10056 -1.08912
-1.10404 -1.08667
-1.10171 -1.08956
-1.10398 -1.08743
-1.10151 -1.08705
-1.10123 -1.091
-1.10199 -1.08552
-1.09964 -1.09078
-1.10127 -1.0878
-1.10116 -1.08812
-1.10306 -1.09157
-1.10331 -1.08516
-1.10065 -1.09008
-1.10084 -1.08827
-1.10093 -1.08657
-1.10003 -1.08719
-1.10037 -1.08733
-1.103 -1.08777
-1.09971 -1.08879
-1.10395 -1.08583
-1.10355 -1.08754
-1.10294 -1.08793
-1.10366 -1.08281
-1.10213 -1.08763
-1.10365 -1.08419
-1.10264 -1.0848
-1.10338 -1.08762
-1.10319 -1.08529
-1.10064 -1.08763
-1.10484 -1.08513
-1.10381 -1.08537
-1.10254 -1.08772
-1.10232 -1.08511
-1.10092 -1.08533
-1.10268 -1.08535
-1.10211 -1.08667
-1.10073 -1.08591
-1.10296 -1.08423
-1.10036 -1.0858
-1.10184 -1.08644
-1.10062 -1.0848
-1.10024 -1.08592
-1.09919 -1.0851
-1.10007 -1.08539
-1.09872 -1.08512
-1.09943 -1.0864
-1.09912 -1.08458
-1.09852 -1.08426
-1.09876 -1.08685
-1.09996 -1.08342
-1.10022 -1.08252
-1.09785 -1.08768
-1.10099 -1.08377
-1.10036 -1.08394
-1.09925 -1.08397
-1.09963 -1.08478
-1.09951 -1.08277
-1.0991 -1.08632
-1.09968 -1.08367
-1.10146 -1.08352
-1.09761 -1.08386
-1.09895 -1.08258
-1.10026 -1.085
-1.0986 -1.08307
-1.09713 -1.08281
-1.10021 -1.0833
-1.09802 -1.08347
-1.09978 -1.08333
-1.09904 -1.08144
-1.09787 -1.08473
-1.10258 -1.08268
-1.0987 -1.08305
-1.10105 -1.08406
-1.0994 -1.08426
-1.09982 -1.08216
-1.09938 -1.0836
-1.09895 -1.08168
-1.09883 -1.08337
-1.09924 -1.08231
-1.09939 -1.08251
-1.10158 -1.08156
-1.10104 -1.08229
-1.1007 -1.0811
-1.09936 -1.08344
-1.09781 -1.08355
-1.09987 -1.08225
-1.09785 -1.08276
-1.09993 -1.08233
-1.09815 -1.08381
-1.0983 -1.08088
-1.09765 -1.0848
-1.10098 -1.08034
-1.09877 -1.0841
-1.10001 -1.08245
-1.1003 -1.08226
-1.09974 -1.08212
-1.10001 -1.08192
-1.10087 -1.08194
-1.10051 -1.08083
-1.10006 -1.08166
-1.09889 -1.08254
-1.10134 -1.08059
-1.09749 -1.08356
-1.10108 -1.08181
-1.09797 -1.08053
-1.10183 -1.08179
-1.09973 -1.08243
-1.10117 -1.08158
-1.09765 -1.08332
-1.10182 -1.08078
-1.09973 -1.0822
-1.10028 -1.08167
-1.09909 -1.08128
-1.09847 -1.08215
-1.10021 -1.08084
-1.09887 -1.08067
-1.10003 -1.08181
-1.10136 -1.07892
-1.10089 -1.08111
-1.10229 -1.08115
-1.10146 -1.08218
-1.10209 -1.08022
-1.09883 -1.0818
-1.10083 -1.0824
-1.09883 -1.0793
-1.10045 -1.08386
-1.09852 -1.08322
-1.10214 -1.08036
-1.09997 -1.08273
-1.09974 -1.08283
-1.10004 -1.07986
-1.10052 -1.08026
-1.09748 -1.08354
-1.09725 -1.08019
-1.09902 -1.08142
-1.09915 -1.0831
-1.09731 -1.08077
-1.09782 -1.08381
-1.0977 -1.08096
-1.09951 -1.08129
-1.1008 -1.08205
-1.09958 -1.08225
-1.09774 -1.08106
-1.10069 -1.08163
-1.09947 -1.08149
-1.09491 -1.08114
-1.09941 -1.08126
-1.09755 -1.08111
-1.09735 -1.08144
-1.09897 -1.08277
-1.10036 -1.08067
-1.09865 -1.08223
-1.09907 -1.08089
-1.09871 -1.08201
-1.09648 -1.07877
-1.097 -1.08189
-1.09681 -1.08103
-1.09784 -1.08042
-1.09645 -1.08249
-1.0984 -1.08199
-1.09789 -1.08157
-1.09873 -1.08144
-1.09696 -1.08302
-1.09811 -1.08046
-1.09495 -1.08299
-1.09698 -1.08047
-1.09604 -1.08102
-1.09561 -1.08323
-1.09816 -1.07936
-1.09712 -1.08098
-1.09601 -1.08131
-1.09811 -1.07975
-1.09588 -1.08192
-1.09539 -1.08032
-1.09549 -1.08006
-1.09819 -1.07972
-1.09676 -1.08076
-1.09781 -1.07949
-1.09529 -1.08109
-1.09582 -1.07947
-1.09732 -1.07975
-1.09369 -1.08
-1.09539 -1.07967
-1.09484 -1.0806
-1.09394 -1.08065
-1.09443 -1.07844
-1.09374 -1.0809
-1.09757 -1.07895
-1.09543 -1.07987
-1.09761 -1.08038
-1.09513 -1.07659
-1.09587 -1.07863
-1.09628 -1.07651
-1.0947 -1.07914
-1.09337 -1.07977
-1.09606 -1.07854
-1.09376 -1.07986
-1.09494 -1.07938
-1.0957 -1.07639
-1.09345 -1.08025
-1.09464 -1.07808
-1.09576 -1.07825
-1.09378 -1.0783
-1.09598 -1.07968
-1.09444 -1.07829
-1.09548 -1.07849
-1.09633 -1.07779
-1.09371 -1.0795
-1.09514 -1.07863
-1.09303 -1.07894
-1.09218 -1.07887
-1.09351 -1.07896
-1.09223 -1.07873
-1.08997 -1.0813
-1.09567 -1.07582
-1.09209 -1.08274
-1.09329 -1.07917
-1.09369 -1.08036
-1.09359 -1.07836
-1.09289 -1.08021
-1.09386 -1.07834
-1.09267 -1.07801
-1.09256 -1.07992
-1.09317 -1.07773
-1.09115 -1.07819
-1.09184 -1.0803
-1.09274 -1.07638
-1.0919 -1.07969
-1.09371 -1.07867
-1.09216 -1.07845
-1.09255 -1.0767
-1.09047 -1.07768
-1.08984 -1.07969
-1.09195 -1.07598
-1.09056 -1.07649
-1.09125 -1.07879
-1.0925 -1.07715
-1.09405 -1.07727
-1.09053 -1.07879
-1.09317 -1.07844
-1.09138 -1.07636
-1.09087 -1.0778
-1.08842 -1.0773
-1.0914 -1.07517
-1.09082 -1.07867
-1.09018 -1.07687
-1.09207 -1.07548
-1.09237 -1.07631
-1.09035 -1.07769
-1.09239 -1.07665
-1.09169 -1.0749
-1.09113 -1.07751
-1.09284 -1.0742
-1.09196 -1.07696
-1.09356 -1.07581
-1.09141 -1.07604
-1.0926 -1.07611
-1.09086 -1.07643
-1.09271 -1.07582
-1.09346 -1.07839
-1.09068 -1.07713
-1.0916 -1.0765
-1.09268 -1.07557
-1.09065 -1.07876
-1.09085 -1.07602
-1.09027 -1.07672
-1.09054 -1.07841
-1.09252 -1.07568
-1.09166 -1.07835
-1.09221 -1.07644
-1.09178 -1.0756
-1.0906 -1.07665
-1.09201 -1.07649
-1.08877 -1.07671
-1.09058 -1.0758
-1.09095 -1.07582
-1.08825 -1.07993
-1.09063 -1.07423
-1.08683 -1.07944
-1.09076 -1.07478
-1.08649 -1.0785
-1.08939 -1.07446
-1.08641 -1.07972
-1.08903 -1.07433
-1.08879 -1.07832
-1.09108 -1.07463
-1.0894 -1.0789
-1.08857 -1.07416
-1.08734 -1.07871
-1.08978 -1.07447
-1.08816 -1.07764
-1.08864 -1.07509
-1.08696 -1.07729
-1.09081 -1.07627
-1.08861 -1.07856
-1.0887 -1.07585
-1.08797 -1.07546
-1.08814 -1.0744
-1.0865 -1.0757
-1.08803 -1.07648
-1.08944 -1.07401
-1.08944 -1.07726
-1.08914 -1.07457
-1.08668 -1.07652
-1.0899 -1.07392
-1.08735 -1.07616
-1.08759 -1.07646
-1.08721 -1.07431
-1.08644 -1.07617
-1.08889 -1.07371
-1.08596 -1.07709
-1.08891 -1.07326
-1.08785 -1.07653
-1.08844 -1.07449
-1.08591 -1.07614
-1.08727 -1.07571
-1.08534 -1.07459
-1.0876 -1.07597
-1.08682 -1.07649
-1.09017 -1.0736
-1.08677 -1.07601
-1.08781 -1.07386
-1.08709 -1.07628
-1.089 -1.07483
-1.08624 -1.0741
-1.08658 -1.07556
-1.0888 -1.07536
-1.08862 -1.07427
-1.08909 -1.07462
-1.08791 -1.07566
-1.08874 -1.07295
-1.08949 -1.07768
-1.08984 -1.07513
-1.08944 -1.07369
-1.08914 -1.07386
-1.08911 -1.07564
-1.08948 -1.0734
-1.08624 -1.07424
-1.08956 -1.07192
-1.08592 -1.07548
-1.09067 -1.07236
-1.09054 -1.075
-1.08776 -1.07346
-1.09066 -1.07374
-1.09126 -1.07328
-1.08846 -1.07452
-1.08909 -1.07368
-1.08853 -1.07267
-1.08878 -1.07237
-1.08867 -1.0724
-1.08709 -1.0742
-1.08668 -1.07252
-1.08725 -1.07247
-1.08639 -1.0739
-1.08743 -1.07189
-1.08935 -1.07339
-1.086 -1.07151
-1.0867 -1.07312
-1.08561 -1.07217
-1.0878 -1.07392
-1.08628 -1.07283
-1.08861 -1.07132
-1.08748 -1.07185
-1.08849 -1.07263
-1.08712 -1.07176
-1.08949 -1.06981
-1.0837 -1.07257
-1.08895 -1.07019
-1.08721 -1.07164
-1.08656 -1.07227
-1.08776 -1.07249
-1.0868 -1.0699
-1.08698 -1.07145
-1.08672 -1.07082
-1.08702 -1.07072
-1.08822 -1.07124
-1.08605 -1.07137
-1.08818 -1.0723
-1.08621 -1.07204
-1.08606 -1.0707
-1.08386 -1.07287
-1.08607 -1.07024
-1.08375 -1.07492
-1.08503 -1.06844
-1.08194 -1.0753
-1.08487 -1.06994
-1.08359 -1.0735
-1.08528 -1.07135
-1.08545 -1.07111
-1.08412 -1.07002
-1.08573 -1.07392
-1.08713 -1.06819
-1.08159 -1.0724
-1.08645 -1.07084
-1.08643 -1.07032
-1.08475 -1.07106
-1.0841 -1.07212
-1.08337 -1.07049
-1.08307 -1.07357
-1.08441 -1.06794
-1.0828 -1.07254
-1.08405 -1.07022
-1.08599 -1.06945
-1.08495 -1.07102
-1.08453 -1.06984
-1.08255 -1.07041
-1.08169 -1.07064
-1.08266 -1.07047
-1.08041 -1.06976
-1.08026 -1.07101
-1.08102 -1.06877
-1.08075 -1.07005
-1.08155 -1.07254
-1.08133 -1.07133
-1.08171 -1.07321
-1.0828 -1.07152
-1.08156 -1.07527
-1.08271 -1.06973
-1.08186 -1.07257
-1.08396 -1.07271
-1.08005 -1.07295
-1.08198 -1.07124
-1.08093 -1.07288
-1.08164 -1.07306
-1.07852 -1.07107
-1.08208 -1.07272
-1.07899 -1.07294
-1.08116 -1.07062
-1.08097 -1.07219
-1.08193 -1.0704
-1.0799 -1.06992
-1.08145 -1.06964
-1.07865 -1.07112
-1.08177 -1.06903
-1.08024 -1.07155
-1.08352 -1.07141
-1.07929 -1.07043
-1.08448 -1.0685
-1.07753 -1.07318
-1.0832 -1.06822
-1.07709 -1.07189
-1.08238 -1.06844
-1.07782 -1.07069
-1.07991 -1.0699
-1.07883 -1.06978
-1.08138 -1.06792
-1.0791 -1.0731
-1.083 -1.06942
-1.079 -1.07078
-1.07997 -1.0713
-1.07983 -1.07101
-1.07967 -1.06999
-1.07946 -1.07029
-1.07871 -1.07155
-1.08049 -1.06919
-1.07992 -1.07322
-1.08171 -1.0681
-1.08085 -1.07053
-1.07956 -1.0699
-1.07989 -1.0687
-1.07927 -1.07048
-1.07902 -1.06958
-1.08081 -1.06936
-1.08006 -1.07077
-1.08093 -1.06806
-1.08014 -1.07015
-1.07994 -1.07066
-1.08048 -1.06804
-1.07898 -1.06912
-1.08016 -1.06872
-1.08186 -1.06844
-1.07922 -1.06929
-1.08108 -1.06889
-1.08138 -1.0681
-1.07886 -1.06877
-1.08064 -1.07016
-1.07793 -1.06932
-1.07863 -1.06935
-1.07723 -1.0695
-1.07896 -1.06929
-1.07907 -1.06826
-1.07811 -1.06814
-1.07903 -1.06904
-1.07926 -1.06761
-1.0787 -1.07134
-1.08063 -1.06675
-1.07931 -1.07051
-1.08 -1.06815
-1.07841 -1.07022
-1.07854 -1.06832
-1.07671 -1.07052
-1.07938 -1.06725
-1.07601 -1.07033
-1.07865 -1.0689
-1.07689 -1.0685
-1.07706 -1.07156
-1.07727 -1.0686
-1.07858 -1.0681
-1.07662 -1.07112
-1.0783 -1.06678
-1.07813 -1.07091
-1.07704 -1.06814
-1.07896 -1.06834
-1.07713 -1.06881
-1.07637 -1.06799
-1.07789 -1.06894
-1.07537 -1.07069
-1.07812 -1.06759
-1.07647 -1.06897
-1.07808 -1.06645
-1.07632 -1.07238
-1.07708 -1.0691
-1.07732 -1.0685
-1.07695 -1.06701
-1.07706 -1.0689
-1.07768 -1.06766
-1.07802 -1.06794
-1.07649 -1.06836
-1.07694 -1.06955
-1.07782 -1.06761
-1.07796 -1.06976
-1.07671 -1.06807
-1.07824 -1.06953
-1.07648 -1.06846
-1.07866 -1.06742
-1.07354 -1.07103
-1.07698 -1.06642
-1.07786 -1.07034
-1.0765 -1.06856
-1.07855 -1.06821
-1.07769 -1.0699
-1.07762 -1.07058
-1.07649 -1.06835
-1.07959 -1.06754
-1.07666 -1.06885
-1.07764 -1.06827
-1.07803 -1.06515
-1.07715 -1.07067
-1.08032 -1.06745
-1.07673 -1.0674
-1.07808 -1.0685
-1.07839 -1.06626
-1.07564 -1.06752
-1.07815 -1.06716
-1.07572 -1.06792
-1.07912 -1.06526
-1.0756 -1.0681
-1.07907 -1.06677
-1.07636 -1.06847
-1.07888 -1.06624
-1.07654 -1.06875
-1.0769 -1.06612
-1.07558 -1.06941
-1.07759 -1.06658
-1.07389 -1.07006
-1.07806 -1.06791
-1.07646 -1.06785
-1.07844 -1.06632
-1.0768 -1.06922
-1.07856 -1.06632
-1.07486 -1.06762
-1.07692 -1.06691
-1.07507 -1.06971
-1.07638 -1.06801
-1.07586 -1.06895
-1.07795 -1.06645
-1.07633 -1.0697
-1.07808 -1.06761
-1.0781 -1.06749
-1.07671 -1.06808
-1.07626 -1.0675
-1.07578 -1.06739
-1.07633 -1.06701
-1.07338 -1.06852
-1.07738 -1.06502
-1.07567 -1.06838
-1.07604 -1.06609
-1.07646 -1.06781
-1.07661 -1.06714
-1.07512 -1.06582
-1.07577 -1.06627
-1.07589 -1.0674
-1.07635 -1.06477
-1.07456 -1.06633
-1.07384 -1.06787
-1.0782 -1.06703
-1.07399 -1.06714
-1.07498 -1.06772
-1.07485 -1.06708
-1.07555 -1.06555
-1.07426 -1.06819
-1.07535 -1.06629
-1.07569 -1.06571
-1.0748 -1.06906
-1.07498 -1.0653
-1.07661 -1.06771
-1.07658 -1.06654
-1.07812 -1.06676
-1.07347 -1.06757
-1.07608 -1.06427
-1.07378 -1.06733
-1.07393 -1.06748
-1.07472 -1.06487
-1.07426 -1.06614
-1.07512 -1.06724
-1.07613 -1.06673
-1.07523 -1.06579
-1.07352 -1.06526
-1.0759 -1.06457
-1.07262 -1.06729
-1.07376 -1.06544
-1.07283 -1.06438
-1.07434 -1.0648
-1.07406 -1.06575
-1.07401 -1.06567
-1.07443 -1.06419
-1.07393 -1.06471
-1.07508 -1.06346
-1.07429 -1.06469
-1.07534 -1.06438
-1.07468 -1.06293
-1.07459 -1.06369
-1.07574 -1.06483
-1.07336 -1.06342
-1.07604 -1.06279
-1.07389 -1.06495
-1.07492 -1.06259
-1.07285 -1.06543
-1.07366 -1.06325
-1.07456 -1.06552
-1.0742 -1.06218
-1.07539 -1.06465
-1.07707 -1.06411
-1.07513 -1.06309
-1.07476 -1.06568
-1.07554 -1.06215
-1.07381 -1.06469
-1.07434 -1.06389
-1.07386 -1.06452
-1.07554 -1.0639
-1.07273 -1.06538
-1.07502 -1.0622
-1.07284 -1.06492
-1.07306 -1.06323
-1.0732 -1.06505
-1.07512 -1.06237
-1.07441 -1.06455
-1.07244 -1.06375
-1.0747 -1.06519
-1.07394 -1.06422
-1.07165 -1.06355
-1.07317 -1.06578
-1.07376 -1.06311
-1.0735 -1.06342
-1.07046 -1.06544
-1.0753 -1.06181
-1.07063 -1.06637
-1.07446 -1.06307
-1.07374 -1.06514
-1.07335 -1.0646
-1.07371 -1.06463
-1.07291 -1.06471
-1.0726 -1.06356
-1.07183 -1.0646
-1.07354 -1.06327
-1.07309 -1.06404
-1.074 -1.06239
-1.07266 -1.06423
-1.07069 -1.06438
-1.07256 -1.06355
-1.06848 -1.06402
-1.07133 -1.06205
-1.07188 -1.06467
-1.07082 -1.06148
-1.07251 -1.06435
-1.07191 -1.06196
-1.07124 -1.06287
-1.07195 -1.06253
-1.07169 -1.06153
-1.06961 -1.06222
-1.07031 -1.0631
-1.0683 -1.06116
-1.06988 -1.06181
-1.07013 -1.06184
-1.07009 -1.06359
-1.0698 -1.06096
-1.06927 -1.06274
-1.06751 -1.06286
-1.07048 -1.06032
-1.07025 -1.06259
-1.06786 -1.06264
-1.07035 -1.05973
-1.07038 -1.06317
-1.06839 -1.0595
-1.07057 -1.0606
-1.06837 -1.06149
-1.07099 -1.06158
-1.0686 -1.06153
-1.07276 -1.06164
-1.06916 -1.06239
-1.07117 -1.06093
-1.06924 -1.06299
-1.06824 -1.06138
-1.06884 -1.06144
-1.06967 -1.06023
-1.06631 -1.06277
-1.07111 -1.05997
-1.06632 -1.06309
-1.06915 -1.06214
-1.06833 -1.05977
-1.06737 -1.0631
-1.06817 -1.06236
-1.06759 -1.05944
-1.0654 -1.06179
-1.0689 -1.05996
-1.06711 -1.06163
-1.06708 -1.06144
-1.06858 -1.05989
-1.06525 -1.06192
-1.06795 -1.05811
-1.06768 -1.06179
-1.06666 -1.0586
-1.0691 -1.05971
-1.06707 -1.06043
-1.06873 -1.05818
-1.06606 -1.05921
-1.06764 -1.06206
-1.06682 -1.05611
-1.06793 -1.05956
-1.0669 -1.05977
-1.07014 -1.05784
-1.06522 -1.05973
-1.06914 -1.05694
-1.0693 -1.05771
-1.06591 -1.05956
-1.06855 -1.05803
-1.06977 -1.05629
-1.06598 -1.06046
-1.06608 -1.05832
-1.06552 -1.05796
-1.0672 -1.05861
-1.0647 -1.05945
-1.06731 -1.05863
-1.06398 -1.05979
-1.06731 -1.05681
-1.06518 -1.05972
-1.06647 -1.05947
-1.06588 -1.05666
-1.06596 -1.0591
-1.06765 -1.05718
-1.06749 -1.0582
-1.06645 -1.05662
-1.06705 -1.05868
-1.06714 -1.05846
-1.06514 -1.05762
-1.06595 -1.05797
-1.06719 -1.05801
-1.06645 -1.05845
-1.06542 -1.05905
-1.06536 -1.0576
-1.06637 -1.05848
-1.06426 -1.0585
-1.06602 -1.05772
-1.06464 -1.0575
-1.06474 -1.05754
-1.06465 -1.05739
-1.06441 -1.05822
-1.06481 -1.05713
-1.06456 -1.05799
-1.06233 -1.05869
-1.06679 -1.05613
-1.06516 -1.05853
-1.06568 -1.0576
-1.06468 -1.058
-1.06478 -1.05788
-1.06073 -1.05803
-1.06723 -1.05553
-1.06092 -1.06038
-1.06594 -1.05846
-1.06501 -1.05577
-1.0655 -1.05989
-1.06575 -1.05828
-1.06635 -1.0572
-1.06464 -1.05843
-1.06534 -1.0581
-1.06605 -1.05687
-1.06677 -1.05773
-1.06528 -1.05734
-1.06442 -1.05714
-1.0634 -1.0578
-1.06303 -1.05636
-1.06376 -1.05862
-1.06503 -1.05751
-1.06538 -1.05817
-1.0626 -1.0584
-1.06608 -1.05739
-1.06116 -1.05846
-1.06234 -1.05725
-1.06323 -1.05617
-1.0617 -1.05675
-1.06353 -1.05639
-1.06209 -1.05705
-1.06607 -1.05643
-1.06258 -1.05676
-1.06361 -1.05754
-1.06142 -1.05431
-1.0621 -1.05742
-1.0625 -1.0557
-1.06146 -1.05499
-1.06318 -1.05534
-1.06446 -1.05503
-1.06262 -1.05487
-1.06219 -1.05399
-1.06282 -1.05472
-1.06213 -1.05504
-1.06226 -1.05412
-1.06269 -1.05456
-1.06166 -1.05608
-1.06232 -1.05325
-1.05994 -1.05631
-1.06306 -1.05312
-1.06062 -1.05641
-1.06107 -1.05416
-1.06056 -1.05673
-1.06345 -1.05261
-1.06208 -1.05566
-1.06335 -1.05546
-1.06145 -1.05398
-1.06465 -1.05534
-1.06127 -1.05488
-1.06326 -1.05507
-1.06198 -1.05572
-1.06252 -1.05398
-1.06071 -1.05771
-1.06198 -1.05427
-1.06238 -1.0569
-1.06191 -1.05714
-1.06259 -1.05487
-1.06325 -1.05446
-1.06227 -1.05574
-1.06419 -1.05388
-1.06192 -1.05417
-1.06168 -1.05449
-1.05973 -1.05558
-1.06298 -1.05356
-1.05962 -1.05806
-1.06254 -1.05263
-1.06031 -1.05551
-1.06335 -1.05381
-1.05854 -1.05372
-1.06318 -1.05473
-1.06013 -1.0531
-1.06334 -1.05325
-1.06312 -1.05452
-1.06323 -1.05301
-1.06289 -1.05422
-1.06462 -1.05365
-1.06243 -1.05366
-1.06172 -1.05627
-1.06036 -1.0542
-1.06162 -1.05448
-1.06009 -1.05569
-1.0621 -1.05435
-1.05702 -1.05656
-1.06183 -1.05232
-1.05989 -1.05416
-1.05839 -1.0554
-1.06124 -1.05322
-1.05885 -1.05362
-1.05972 -1.05433
-1.06094 -1.05141
-1.06061 -1.05294
-1.05857 -1.05153
-1.05852 -1.05387
-1.06116 -1.05268
-1.06021 -1.05123
-1.06125 -1.0549
-1.06099 -1.05202
-1.06034 -1.05355
-1.05983 -1.05084
-1.05817 -1.05474
-1.05919 -1.05219
-1.0596 -1.05396
-1.0605 -1.05524
-1.058 -1.05538
-1.05971 -1.0541
-1.05843 -1.05516
-1.05954 -1.05479
-1.06096 -1.05199
-1.05686 -1.05583
-1.06304 -1.05011
-1.05932 -1.05414
-1.06175 -1.05248
-1.06179 -1.05058
-1.06084 -1.05317
-1.06239 -1.05097
-1.06045 -1.04972
-1.06018 -1.05295
-1.06081 -1.05013
-1.05929 -1.05381
-1.06268 -1.05094
-1.0603 -1.05177
-1.06031 -1.05168
-1.05854 -1.05132
-1.06033 -1.0535
-1.05844 -1.05279
-1.06206 -1.05045
-1.06013 -1.05319
-1.06142 -1.05409
-1.06074 -1.05164
-1.06092 -1.05256
-1.05953 -1.0524
-1.05891 -1.05183
-1.05956 -1.05201
-1.06178 -1.05223
-1.06086 -1.05222
-1.06039 -1.05126
-1.0609 -1.05303
-1.06071 -1.05181
-1.06052 -1.05087
-1.06013 -1.05279
-1.06011 -1.05207
-1.05816 -1.0506
-1.05854 -1.05251
-1.06001 -1.05301
-1.05982 -1.05268
-1.05889 -1.05232
-1.06035 -1.05331
-1.06076 -1.05185
-1.05949 -1.05359
-1.05999 -1.05137
-1.06021 -1.05277
-1.05992 -1.05021
-1.06181 -1.05326
-1.06059 -1.05234
-1.06041 -1.05359
-1.06116 -1.05109
-1.05944 -1.05253
-1.05741 -1.0528
-1.05715 -1.05225
-1.0599 -1.054
-1.05678 -1.05269
-1.05818 -1.05286
-1.05878 -1.05312
-1.05791 -1.05257
-1.05909 -1.05074
-1.0557 -1.05217
-1.05868 -1.05155
-1.05732 -1.05256
-1.05772 -1.05312
-1.05643 -1.05138
-1.05777 -1.05104
-1.05942 -1.05071
-1.0559 -1.05244
-1.05824 -1.04938
-1.05716 -1.05327
-1.05864 -1.0496
-1.05628 -1.05393
-1.05989 -1.04933
-1.05644 -1.05387
-1.05803 -1.04891
-1.05678 -1.05029
-1.0554 -1.05305
-1.05719 -1.0499
-1.05606 -1.05187
-1.05625 -1.05135
-1.05626 -1.0503
-1.05427 -1.05351
-1.05586 -1.05078
-1.05491 -1.05093
-1.05575 -1.05281
-1.05446 -1.05251
-1.05592 -1.05008
-1.05589 -1.05376
-1.05667 -1.05067
-1.0542 -1.05026
-1.05678 -1.05007
-1.05402 -1.05058
-1.05465 -1.05057
-1.05694 -1.04831
-1.05347 -1.05166
-1.05569 -1.05113
-1.05494 -1.04965
-1.05582 -1.04991
-1.05433 -1.04879
-1.05517 -1.04972
-1.05475 -1.04853
-1.05515 -1.04928
-1.05644 -1.05006
-1.05598 -1.04977
-1.05639 -1.04877
-1.05408 -1.04999
-1.05576 -1.05052
-1.05445 -1.04878
-1.05297 -1.04758
-1.05313 -1.04915
-1.05319 -1.04838
-1.05477 -1.04939
-1.05384 -1.04738
-1.0541 -1.04836
-1.05507 -1.04744
-1.05299 -1.04808
-1.05536 -1.05007
-1.05391 -1.0456
-1.05435 -1.05033
-1.05385 -1.04841
-1.05261 -1.04918
-1.05578 -1.04614
-1.05409 -1.0511
-1.05318 -1.04865
-1.05287 -1.04859
-1.05274 -1.04806
-1.05118 -1.04955
-1.05254 -1.04622
-1.04957 -1.0501
-1.05259 -1.04666
-1.05195 -1.04948
-1.0516 -1.04837
-1.05217 -1.04975
-1.05383 -1.04693
-1.05284 -1.04785
-1.05289 -1.04945
-1.05354 -1.0457
-1.0532 -1.04852
-1.05329 -1.04674
-1.05276 -1.04778
-1.05158 -1.04634
-1.05615 -1.04602
-1.05278 -1.04789
-1.05455 -1.04511
-1.05253 -1.04894
-1.05492 -1.04607
-1.05446 -1.04716
-1.05253 -1.04687
-1.05259 -1.04932
-1.05582 -1.04472
-1.05222 -1.04941
-1.05474 -1.04572
-1.05146 -1.04869
-1.0506 -1.04809
-1.05132 -1.04687
-1.0532 -1.04786
-1.04987 -1.04891
-1.05317 -1.04727
-1.05158 -1.04744
-1.05235 -1.04717
-1.05356 -1.04756
-1.05102 -1.04732
-1.05358 -1.04467
-1.0533 -1.0461
-1.05171 -1.04796
-1.05369 -1.04497
-1.05121 -1.04739
-1.05358 -1.04288
-1.05128 -1.04767
-1.05397 -1.04618
-1.05256 -1.0452
-1.05258 -1.04572
-1.05072 -1.04574
-1.05408 -1.04307
-1.05015 -1.04774
-1.05111 -1.04569
-1.05106 -1.04529
-1.05124 -1.04719
-1.05179 -1.0463
-1.05266 -1.04478
-1.05104 -1.04653
-1.05184 -1.04584
-1.05335 -1.04376
-1.04995 -1.04657
-1.05219 -1.0448
-1.0503 -1.04584
-1.05031 -1.04454
-1.05278 -1.04302
-1.04878 -1.04577
-1.05235 -1.0438
-1.05075 -1.04419
-1.05038 -1.0443
-1.05153 -1.04325
-1.05018 -1.04323
-1.05072 -1.04441
-1.05021 -1.04375
-1.04961 -1.04365
-1.04969 -1.04534
-1.04984 -1.04265
-1.05008 -1.04431
-1.04952 -1.04412
-1.05159 -1.04448
-1.05009 -1.04486
-1.05084 -1.04093
-1.04991 -1.04346
-1.05014 -1.04281
-1.05209 -1.0443
-1.05223 -1.04304
-1.05083 -1.04229
-1.04928 -1.04386
-1.05121 -1.04446
-1.04927 -1.04267
-1.04864 -1.04476
-1.05027 -1.0427
-1.04805 -1.04529
-1.05271 -1.04331
-1.05039 -1.04396
-1.05124 -1.04344
-1.05236 -1.0421
-1.05074 -1.04194
-1.05259 -1.04135
-1.05269 -1.04078
-1.05299 -1.04213
-1.05334 -1.04176
-1.05216 -1.043
-1.05415 -1.04163
-1.05084 -1.04323
-1.05272 -1.04202
-1.04982 -1.04367
-1.05064 -1.04498
-1.05143 -1.04216
-1.05077 -1.04415
-1.05006 -1.04082
-1.04964 -1.04327
-1.05085 -1.04073
-1.04832 -1.04147
-1.05195 -1.0409
-1.04899 -1.04277
-1.05229 -1.04002
-1.05079 -1.04035
-1.05027 -1.04245
-1.05236 -1.04105
-1.05194 -1.04146
-1.05051 -1.04143
-1.04901 -1.04244
-1.04908 -1.04169
-1.05147 -1.04044
-1.05087 -1.04191
-1.04885 -1.04232
-1.05087 -1.03986
-1.05235 -1.03988
-1.05014 -1.04277
-1.05054 -1.03871
-1.05139 -1.04135
-1.04989 -1.04191
-1.052 -1.03804
-1.04922 -1.04232
-1.05049 -1.03989
-1.05185 -1.03877
-1.04882 -1.04102
-1.05079 -1.04016
-1.04877 -1.04276
-1.05122 -1.04029
-1.04988 -1.04372
-1.04815 -1.04246
-1.04958 -1.04186
-1.04982 -1.04203
-1.05067 -1.04151
-1.05156 -1.04363
-1.05097 -1.04269
-1.05144 -1.04014
-1.04917 -1.04368
-1.04844 -1.04011
-1.04989 -1.04066
-1.04741 -1.04182
-1.05142 -1.04216
-1.0504 -1.04196
-1.04958 -1.0422
-1.04949 -1.04144
-1.04908 -1.04438
-1.05023 -1.04136
-1.04672 -1.04267
-1.04941 -1.04108
-1.04867 -1.04272
-1.04921 -1.04089
-1.0504 -1.04192
-1.04932 -1.04318
-1.05021 -1.04094
-1.04948 -1.04243
-1.04813 -1.04265
-1.04915 -1.04097
-1.048 -1.04338
-1.052 -1.0368
-1.04621 -1.04391
-1.05057 -1.03991
-1.0496 -1.0402
-1.04889 -1.04031
-1.05027 -1.04147
-1.04764 -1.04071
-1.05068 -1.0409
-1.04885 -1.04133
-1.04879 -1.04159
-1.05058 -1.04121
-1.04774 -1.04216
-1.05049 -1.04056
-1.04835 -1.04267
-1.04789 -1.04227
-1.0495 -1.04127
-1.04859 -1.0414
-1.04832 -1.04187
-1.04842 -1.0411
-1.04988 -1.04166
-1.05039 -1.04149
-1.04836 -1.04326
-1.04965 -1.03907
-1.04826 -1.04182
-1.04708 -1.04051
-1.05077 -1.04021
-1.04812 -1.04053
-1.04874 -1.04162
-1.04868 -1.03874
-1.049 -1.04042
-1.05008 -1.04091
-1.04957 -1.03939
-1.04754 -1.04263
-1.04878 -1.03826
-1.0479 -1.04195
-1.04777 -1.0416
-1.04707 -1.03827
-1.04739 -1.04221
-1.0463 -1.04127
-1.04751 -1.03764
-1.04451 -1.04488
-1.04737 -1.03788
-1.04647 -1.04089
-1.04655 -1.04198
-1.04664 -1.03971
-1.04713 -1.04037
-1.04835 -1.04124
-1.04737 -1.03927
-1.0473 -1.03986
-1.04716 -1.04083
-1.04694 -1.03981
-1.04622 -1.03918
-1.04592 -1.04211
-1.04654 -1.04056
-1.04538 -1.04052
-1.0455 -1.04258
-1.04775 -1.03814
-1.04571 -1.04329
-1.04774 -1.04122
-1.0475 -1.03881
-1.0462 -1.04138
-1.04863 -1.03868
-1.04809 -1.04028
-1.05046 -1.03665
-1.04903 -1.04042
-1.04936 -1.03918
-1.05192 -1.03768
-1.04844 -1.03909
-1.05057 -1.03833
-1.04922 -1.04034
-1.04708 -1.04039
-1.04876 -1.03945
-1.04616 -1.04041
-1.04559 -1.04294
-1.04827 -1.03754
-1.04488 -1.04245
-1.04589 -1.03865
-1.04706 -1.04107
-1.04752 -1.04025
-1.04681 -1.03983
-1.04703 -1.03961
-1.04778 -1.0398
-1.04713 -1.03796
-1.04827 -1.03958
-1.04713 -1.03714
-1.04683 -1.03912
-1.04879 -1.03649
-1.04841 -1.03987
-1.0483 -1.03728
-1.0467 -1.03966
-1.04721 -1.03741
-1.04662 -1.03928
-1.04874 -1.03814
-1.04737 -1.03991
-1.0476 -1.03734
-1.04779 -1.03996
-1.04946 -1.03653
-1.04757 -1.03973
-1.0478 -1.03779
-1.04676 -1.03954
-1.05066 -1.03641
-1.04554 -1.04161
-1.04918 -1.03636
-1.04724 -1.03883
-1.04982 -1.03829
-1.04951 -1.04061
-1.04807 -1.03835
-1.05039 -1.03829
-1.04647 -1.03968
-1.04782 -1.03694
-1.04867 -1.03846
-1.04773 -1.03884
-1.04923 -1.03753
-1.0483 -1.03713
-1.04952 -1.03761
-1.04984 -1.03695
-1.04952 -1.03769
-1.04891 -1.03731
-1.04912 -1.03562
-1.04904 -1.04028
-1.05107 -1.03554
-1.04955 -1.03974
-1.05006 -1.03866
-1.04835 -1.03897
-1.05042 -1.03543
-1.04881 -1.04031
-1.04894 -1.03557
-1.04826 -1.03842
-1.05023 -1.0377
-1.05027 -1.03709
-1.04971 -1.03703
-1.05013 -1.03673
-1.04938 -1.03646
-1.04939 -1.03657
-1.04841 -1.03915
-1.04988 -1.0372
-1.0492 -1.03763
-1.04787 -1.03741
-1.04943 -1.03727
-1.05013 -1.03865
-1.04691 -1.03613
-1.05023 -1.03819
-1.04843 -1.03797
-1.04687 -1.03935
-1.04856 -1.0348
-1.0482 -1.04052
-1.04847 -1.03546
-1.0487 -1.0399
-1.0468 -1.037
-1.048 -1.03849
-1.04682 -1.03901
-1.04842 -1.03789
-1.048 -1.03816
-1.04763 -1.03965
-1.04784 -1.03852
-1.04913 -1.03782
-1.04761 -1.04156
-1.04688 -1.03792
-1.04848 -1.03786
-1.04445 -1.04147
-1.04974 -1.03707
-1.04724 -1.03889
-1.04657 -1.03979
-1.05026 -1.036
-1.0473 -1.03986
-1.0487 -1.03838
-1.04971 -1.03637
-1.04697 -1.03924
-1.04738 -1.03668
-1.04825 -1.03799
-1.04748 -1.03659
-1.04714 -1.03832
-1.04961 -1.03597
-1.04648 -1.04084
-1.04855 -1.03555
-1.04998 -1.03757
-1.04682 -1.03673
-1.0499 -1.03731
-1.04651 -1.03743
-1.04771 -1.0385
-1.04908 -1.03502
-1.04766 -1.03812
-1.04928 -1.03655
-1.04536 -1.03818
-1.04867 -1.03458
-1.04493 -1.03821
-1.04724 -1.03762
