0 0
-0.00884171 -0.00831444
-0.0176587 -0.0166069
-0.0264609 -0.0248801
-0.0352343 -0.0331235
-0.0439587 -0.041338
-0.052643 -0.049528
-0.0613039 -0.0576935
-0.0699494 -0.0658302
-0.0785922 -0.0739577
-0.0872029 -0.0820786
-0.0957543 -0.0901143
-0.104284 -0.0981576
-0.112787 -0.106246
-0.121232 -0.114141
-0.129673 -0.122139
-0.138101 -0.130177
-0.146444 -0.137924
-0.1548 -0.145951
-0.163145 -0.15376
-0.171453 -0.161611
-0.179731 -0.169448
-0.188036 -0.177234
-0.196222 -0.185035
-0.204448 -0.192746
-0.212594 -0.200519
-0.220634 -0.208084
-0.228728 -0.215898
-0.236697 -0.223472
-0.244781 -0.230972
-0.252762 -0.238809
-0.252821 -0.238627
-0.252752 -0.238625
-0.252812 -0.238729
-0.25286 -0.238789
-0.252662 -0.23849
-0.252899 -0.238943
-0.252781 -0.238693
-0.252704 -0.238572
-0.252829 -0.23904
-0.252683 -0.238429
-0.252857 -0.238911
-0.252843 -0.238743
-0.252719 -0.238587
-0.252919 -0.238838
-0.252758 -0.238548
-0.252864 -0.238862
-0.252757 -0.23851
-0.252786 -0.238813
-0.252804 -0.238571
-0.252838 -0.23878
-0.252764 -0.238609
-0.252857 -0.238729
-0.252805 -0.238804
-0.252641 -0.238496
-0.252834 -0.238907
-0.252718 -0.238477
-0.252943 -0.238904
-0.252831 -0.23852
-0.252928 -0.238886
-0.252813 -0.238565
-0.252847 -0.238766
-0.252757 -0.238687
-0.252755 -0.238619
-0.252799 -0.238656
-0.252845 -0.238792
-0.252766 -0.238531
-0.252799 -0.238785
-0.252804 -0.238698
-0.252743 -0.238585
-0.25278 -0.238724
-0.252767 -0.23868
-0.25269 -0.238583
-0.252883 -0.238809
-0.252789 -0.238623
-0.25281 -0.238706
-0.252856 -0.238771
-0.252638 -0.238585
-0.252768 -0.238627
-0.252819 -0.238789
-0.252742 -0.238595
-0.252845 -0.23868
-0.252834 -0.238723
-0.252806 -0.238704
-0.25277 -0.238477
-0.252937 -0.239102
-0.252761 -0.238447
-0.252908 -0.238848
-0.25282 -0.238902
-0.252687 -0.238412
-0.252767 -0.238785
-0.25279 -0.23893
-0.252759 -0.238409
-0.252903 -0.238905
-0.25275 -0.238717
-0.252745 -0.238489
-0.252863 -0.238848
-0.252898 -0.238544
-0.253039 -0.238876
-0.252845 -0.238494
-0.252958 -0.238934
-0.252738 -0.238632
-0.252832 -0.238634
-0.252767 -0.238863
-0.252755 -0.23858
-0.252753 -0.238565
-0.252765 -0.238869
-0.252765 -0.238509
-0.252859 -0.238786
-0.252722 -0.238609
-0.252814 -0.238705
-0.25275 -0.238645
-0.252802 -0.238655
-0.252863 -0.238662
-0.252711 -0.238809
-0.252811 -0.238395
-0.252894 -0.23908
-0.252933 -0.238618
-0.252821 -0.238654
-0.252829 -0.238921
-0.252743 -0.238467
-0.252766 -0.2388
-0.252838 -0.23869
-0.252773 -0.238681
-0.252778 -0.238546
-0.25284 -0.23894
-0.252704 -0.238508
-0.252739 -0.238769
-0.252831 -0.238863
-0.252678 -0.238471
-0.252914 -0.23892
-0.252775 -0.238549
-0.252909 -0.238802
-0.25289 -0.238663
-0.252751 -0.23869
-0.252869 -0.238664
-0.252718 -0.23866
-0.252815 -0.238715
-0.252807 -0.2386
-0.25272 -0.238783
-0.252911 -0.238585
-0.252765 -0.238737
-0.252784 -0.238661
-0.252745 -0.238581
-0.252725 -0.23873
-0.252851 -0.238735
-0.252753 -0.238553
-0.252938 -0.238939
-0.252751 -0.238567
-0.252879 -0.238663
-0.252775 -0.238753
-0.25288 -0.238683
-0.252816 -0.238568
-0.252785 -0.238903
-0.252775 -0.238458
-0.252779 -0.238796
-0.25278 -0.238728
-0.252744 -0.238535
-0.252761 -0.238756
-0.252669 -0.238655
-0.252845 -0.238646
-0.252793 -0.238629
-0.252852 -0.238793
-0.253025 -0.238679
-0.252745 -0.238598
-0.252996 -0.239025
-0.252761 -0.238426
-0.252791 -0.238866
-0.252865 -0.238649
-0.252768 -0.238635
-0.252744 -0.238691
-0.252771 -0.238675
-0.25272 -0.238649
-0.252813 -0.238625
-0.252836 -0.238775
-0.252761 -0.238602
-0.252833 -0.23869
-0.252769 -0.23864
-0.252914 -0.238827
-0.252713 -0.238492
-0.25283 -0.238886
-0.25276 -0.238528
-0.252661 -0.238719
-0.252748 -0.238589
-0.252823 -0.238763
-0.252618 -0.238525
-0.252983 -0.239027
-0.25271 -0.238476
-0.252891 -0.238951
-0.252997 -0.238733
-0.252671 -0.238587
-0.252908 -0.238843
-0.252774 -0.238572
-0.252757 -0.238757
-0.252833 -0.238577
-0.252906 -0.238821
-0.25281 -0.238607
-0.252793 -0.2387
-0.252803 -0.238657
-0.252829 -0.238748
-0.252775 -0.238531
-0.253013 -0.239014
-0.252752 -0.238498
-0.252998 -0.238888
-0.252861 -0.238622
-0.252859 -0.238754
-0.252796 -0.238655
-0.252705 -0.238613
-0.252862 -0.23887
-0.252684 -0.238496
-0.252771 -0.238799
-0.252712 -0.238603
-0.252843 -0.238712
-0.252721 -0.238637
-0.252829 -0.238663
-0.252814 -0.238731
-0.252743 -0.238601
-0.252938 -0.238734
-0.252683 -0.238709
-0.252831 -0.238548
-0.252889 -0.238891
-0.252714 -0.238623
-0.252806 -0.238657
-0.252822 -0.239103
-0.252657 -0.238387
-0.252884 -0.23901
-0.252826 -0.238898
-0.252641 -0.238464
-0.252898 -0.239077
-0.252749 -0.238562
-0.252783 -0.238741
-0.25286 -0.238688
-0.252814 -0.238776
-0.252696 -0.238573
-0.252837 -0.238747
-0.252809 -0.238835
-0.252772 -0.238548
-0.252895 -0.238802
-0.252791 -0.238822
-0.252782 -0.238511
-0.252892 -0.238931
-0.252799 -0.238589
-0.252836 -0.238804
-0.252724 -0.23856
-0.252781 -0.238833
-0.252731 -0.238593
-0.252826 -0.238697
-0.252734 -0.238799
-0.252745 -0.238517
-0.252743 -0.238814
-0.252776 -0.238755
-0.252914 -0.23856
-0.252863 -0.238897
-0.252908 -0.238618
-0.25291 -0.23873
-0.252823 -0.238739
-0.252868 -0.238651
-0.252833 -0.238754
-0.252854 -0.238784
-0.252845 -0.238583
-0.252821 -0.23895
-0.252679 -0.23848
-0.25271 -0.238774
-0.25278 -0.238723
-0.252834 -0.238614
-0.252767 -0.238766
-0.252836 -0.238678
-0.252759 -0.23865
-0.252765 -0.238734
-0.252872 -0.238723
-0.252643 -0.238619
-0.252835 -0.238765
-0.25284 -0.238677
-0.252744 -0.238726
-0.252935 -0.238649
-0.252813 -0.238815
-0.252771 -0.238626
-0.25292 -0.238775
-0.252717 -0.2387
-0.2529 -0.238676
-0.252849 -0.238797
-0.252706 -0.238581
-0.25282 -0.238829
-0.252688 -0.238593
-0.252808 -0.23878
-0.252822 -0.238656
-0.252852 -0.238722
-0.252946 -0.238787
-0.252867 -0.238653
-0.252758 -0.238779
-0.252764 -0.238555
-0.252699 -0.238814
-0.252765 -0.23859
-0.25284 -0.238699
-0.252919 -0.238757
-0.252858 -0.238663
-0.252836 -0.238725
-0.252826 -0.238632
-0.25282 -0.238819
-0.252802 -0.238642
-0.252792 -0.238663
-0.252854 -0.238964
-0.252763 -0.238481
-0.252814 -0.238823
-0.252792 -0.238776
-0.252827 -0.2385
-0.252791 -0.238943
-0.252865 -0.238711
-0.252674 -0.238582
-0.252932 -0.238983
-0.252831 -0.238559
-0.252736 -0.238767
-0.25284 -0.238701
-0.252723 -0.238659
-0.252721 -0.238691
-0.252789 -0.238708
-0.252715 -0.238675
-0.252783 -0.238696
-0.252814 -0.238685
-0.252797 -0.238752
-0.252796 -0.23857
-0.252838 -0.238858
-0.252846 -0.238645
-0.252732 -0.238627
-0.252869 -0.238863
-0.252756 -0.238594
-0.252782 -0.238799
-0.252884 -0.238702
-0.252784 -0.238657
-0.252815 -0.238784
-0.252671 -0.238527
-0.252752 -0.238786
-0.25275 -0.238655
-0.252751 -0.238629
-0.25287 -0.238786
-0.252682 -0.23861
-0.252972 -0.238807
-0.252747 -0.238594
-0.252754 -0.238788
-0.252757 -0.23856
-0.252775 -0.238845
-0.252807 -0.238614
-0.252785 -0.23877
-0.252808 -0.238595
-0.252813 -0.238862
-0.252739 -0.238516
-0.252843 -0.238793
-0.252746 -0.238752
-0.252831 -0.238515
-0.252894 -0.238967
-0.252739 -0.238518
-0.25281 -0.238806
-0.252718 -0.238633
-0.252835 -0.23873
-0.252773 -0.238582
-0.25277 -0.238817
-0.252715 -0.238612
-0.252802 -0.238701
-0.252896 -0.238754
-0.252834 -0.238665
-0.252819 -0.238672
-0.252875 -0.238716
-0.252772 -0.238672
-0.252755 -0.238669
-0.252774 -0.238666
-0.252698 -0.238661
-0.25278 -0.238629
-0.252843 -0.238864
-0.25272 -0.238495
-0.252934 -0.238907
-0.252767 -0.238733
-0.25287 -0.238518
-0.252963 -0.238924
-0.252791 -0.238746
-0.252859 -0.238488
-0.252868 -0.238972
-0.252769 -0.23869
-0.252758 -0.238475
-0.252805 -0.239098
-0.252673 -0.238513
-0.252815 -0.238691
-0.25288 -0.238923
-0.252696 -0.238539
-0.252858 -0.238704
-0.25281 -0.238709
-0.252808 -0.238729
-0.252853 -0.238542
-0.252999 -0.238982
-0.252902 -0.238501
-0.253019 -0.238959
-0.252843 -0.238632
-0.252842 -0.238689
-0.25293 -0.2388
-0.252748 -0.238588
-0.252849 -0.238813
-0.252697 -0.238509
-0.252732 -0.238917
-0.252749 -0.238551
-0.252722 -0.238755
-0.252874 -0.238878
-0.252781 -0.238468
-0.252845 -0.238902
-0.252832 -0.238586
-0.252828 -0.238681
-0.252789 -0.238725
-0.252755 -0.238626
-0.252728 -0.238658
-0.252754 -0.238652
-0.252851 -0.238719
-0.252818 -0.238664
-0.252789 -0.238626
-0.252904 -0.238806
-0.252799 -0.238634
-0.252919 -0.238704
-0.252794 -0.238703
-0.252807 -0.238678
-0.252828 -0.238645
-0.252637 -0.23865
-0.252845 -0.238715
-0.252755 -0.238621
-0.252789 -0.23873
-0.252766 -0.238588
-0.252825 -0.238809
-0.252796 -0.238539
-0.252876 -0.238788
-0.252854 -0.238651
-0.252876 -0.238657
-0.252842 -0.238717
-0.252879 -0.238784
-0.252747 -0.238495
-0.252831 -0.238918
-0.252802 -0.238607
-0.252759 -0.238608
-0.252827 -0.238865
-0.2528 -0.238502
-0.252788 -0.238838
-0.252679 -0.238511
-0.252799 -0.238772
-0.252803 -0.238684
-0.252881 -0.238575
-0.252908 -0.23891
-0.252709 -0.238495
-0.252856 -0.23885
-0.252829 -0.238665
-0.252797 -0.238681
-0.252821 -0.238826
-0.252626 -0.238555
-0.252884 -0.238776
-0.252732 -0.238659
-0.252863 -0.23869
-0.252789 -0.238655
-0.252798 -0.238756
-0.252961 -0.238622
-0.25295 -0.238794
-0.253092 -0.238698
-0.252969 -0.238757
-0.252849 -0.238611
-0.252863 -0.238974
-0.252624 -0.238447
-0.252768 -0.238787
-0.252742 -0.238713
-0.252794 -0.238585
-0.25279 -0.238738
-0.252818 -0.238722
-0.252839 -0.238633
-0.252688 -0.238656
-0.25277 -0.238841
-0.252751 -0.238448
-0.25288 -0.239009
-0.252843 -0.238553
-0.252805 -0.238668
-0.252839 -0.238808
-0.252862 -0.238656
-0.252765 -0.238592
-0.252953 -0.238933
-0.252867 -0.238637
-0.252879 -0.238695
-0.25292 -0.238991
-0.25279 -0.238487
-0.252966 -0.238908
-0.252795 -0.238754
-0.252761 -0.238595
-0.252711 -0.238717
-0.252745 -0.23871
-0.252838 -0.2387
-0.252813 -0.238697
-0.252794 -0.238703
-0.252728 -0.238737
-0.25284 -0.238556
-0.2528 -0.238848
-0.252892 -0.238656
-0.252874 -0.238723
-0.252761 -0.238639
-0.253016 -0.238929
-0.252649 -0.238492
-0.252899 -0.238981
-0.252708 -0.238538
-0.252769 -0.23875
-0.252791 -0.238659
-0.252853 -0.238734
-0.252879 -0.238633
-0.252872 -0.238753
-0.252794 -0.238702
-0.252799 -0.23863
-0.25284 -0.238689
-0.252897 -0.23882
-0.252859 -0.238561
-0.252908 -0.238823
-0.252865 -0.23879
-0.25281 -0.23851
-0.252925 -0.238994
-0.252765 -0.238632
-0.252686 -0.2386
-0.252844 -0.238963
-0.252704 -0.238537
-0.252792 -0.23869
-0.252768 -0.238731
-0.252862 -0.23885
-0.252723 -0.238522
-0.252873 -0.238998
-0.252799 -0.238544
-0.252753 -0.238668
-0.252865 -0.23886
-0.252773 -0.23853
-0.252785 -0.238788
-0.25278 -0.238742
-0.252718 -0.238582
-0.25274 -0.238673
-0.252805 -0.238768
-0.252761 -0.238587
-0.252797 -0.238653
-0.252882 -0.238851
-0.252732 -0.238508
-0.252816 -0.238784
-0.252817 -0.238636
-0.252778 -0.238716
-0.252862 -0.23858
-0.252873 -0.238886
-0.252787 -0.238574
-0.252791 -0.238621
-0.25273 -0.238849
-0.252777 -0.238581
-0.252706 -0.238544
-0.252851 -0.239085
-0.252734 -0.238519
-0.252763 -0.238769
-0.252928 -0.239049
-0.252661 -0.238432
-0.252843 -0.238871
-0.252853 -0.238677
-0.252798 -0.238716
-0.252778 -0.238593
-0.252667 -0.238717
-0.252779 -0.23873
-0.252815 -0.238511
-0.252958 -0.239006
-0.252743 -0.238467
-0.25295 -0.238837
-0.252723 -0.238591
-0.252808 -0.238702
-0.252778 -0.238655
-0.252705 -0.238537
-0.252827 -0.238842
-0.252799 -0.238577
-0.252791 -0.238613
-0.252865 -0.238841
-0.252863 -0.238525
-0.252767 -0.238736
-0.252792 -0.238579
-0.253081 -0.23894
-0.25288 -0.238537
-0.253103 -0.23896
-0.252845 -0.238566
-0.25281 -0.238688
-0.252834 -0.238697
-0.252771 -0.238614
-0.252772 -0.238674
-0.252905 -0.238687
-0.252757 -0.238634
-0.252844 -0.238707
-0.25279 -0.238628
-0.252806 -0.238682
-0.252744 -0.238703
-0.252675 -0.238599
-0.252789 -0.238581
-0.252961 -0.238985
-0.252747 -0.238446
-0.252923 -0.239001
-0.252762 -0.238616
-0.252778 -0.238705
-0.2529 -0.238701
-0.252779 -0.238636
-0.253 -0.238873
-0.25281 -0.238482
-0.252895 -0.238932
-0.252808 -0.238471
-0.252776 -0.238815
-0.25274 -0.238524
-0.252907 -0.238838
-0.252746 -0.238548
-0.252957 -0.238809
-0.252787 -0.238639
-0.252843 -0.238642
-0.252782 -0.23871
-0.252637 -0.238563
-0.252854 -0.238809
-0.252664 -0.238527
-0.252844 -0.238842
-0.252823 -0.238719
-0.2528 -0.238546
-0.253014 -0.238952
-0.252823 -0.238714
-0.252772 -0.238589
-0.252868 -0.238988
-0.252643 -0.238441
-0.25282 -0.238827
-0.252739 -0.23858
-0.252899 -0.238762
-0.25282 -0.238568
-0.25279 -0.238776
-0.252735 -0.238616
-0.252753 -0.238545
-0.252909 -0.238939
-0.252748 -0.238497
-0.252865 -0.238889
-0.252771 -0.238711
-0.252712 -0.238568
-0.252788 -0.238827
-0.252809 -0.238674
-0.2527 -0.238489
-0.253014 -0.23931
-0.252737 -0.238394
-0.252846 -0.23895
-0.252958 -0.238868
-0.252788 -0.238522
-0.252758 -0.238764
-0.25283 -0.238805
-0.252688 -0.238537
-0.252704 -0.238747
-0.252821 -0.238768
-0.252705 -0.238549
-0.252811 -0.238797
-0.252907 -0.238569
-0.252835 -0.238877
-0.252773 -0.238483
-0.252902 -0.238888
-0.252671 -0.238708
-0.252746 -0.238487
-0.252812 -0.238911
-0.252794 -0.238596
-0.252775 -0.23866
-0.252788 -0.238717
-0.252733 -0.238623
-0.252748 -0.238666
-0.252792 -0.238638
-0.25276 -0.23874
-0.252773 -0.238552
-0.252786 -0.238822
-0.252762 -0.238528
-0.252874 -0.238741
-0.252882 -0.238779
-0.252796 -0.238545
-0.252808 -0.23875
-0.252855 -0.238761
-0.252665 -0.238473
-0.25293 -0.239046
-0.252681 -0.23848
-0.252839 -0.238805
-0.252772 -0.238671
-0.252705 -0.238649
-0.252762 -0.238502
-0.252871 -0.23909
-0.252803 -0.238322
-0.252857 -0.239044
-0.25294 -0.238597
-0.252841 -0.238604
-0.252972 -0.238939
-0.252806 -0.238405
-0.252699 -0.238828
-0.252705 -0.238478
-0.252774 -0.23876
-0.252899 -0.238559
-0.252893 -0.238735
-0.252878 -0.2387
-0.25269 -0.238489
-0.252639 -0.238778
-0.252775 -0.238525
-0.25279 -0.238692
-0.252885 -0.238855
-0.252776 -0.2384
-0.252895 -0.239059
-0.252814 -0.238448
-0.252868 -0.238765
-0.25281 -0.238697
-0.252864 -0.238578
-0.252669 -0.238654
-0.252831 -0.238642
-0.252749 -0.238648
-0.252792 -0.238669
-0.252916 -0.238769
-0.252661 -0.238564
-0.252965 -0.23882
-0.252745 -0.238574
-0.252708 -0.238654
-0.252774 -0.238616
-0.252758 -0.238694
-0.252724 -0.238553
-0.252897 -0.238738
-0.252775 -0.238695
-0.252809 -0.238572
-0.252946 -0.238839
-0.25275 -0.238608
-0.252813 -0.238541
-0.252786 -0.238849
-0.252694 -0.238537
-0.252882 -0.238665
-0.252885 -0.238888
-0.252748 -0.238446
-0.252969 -0.238872
-0.252827 -0.238571
-0.25293 -0.238695
-0.252889 -0.238832
-0.252697 -0.238423
-0.252816 -0.238909
-0.252766 -0.238662
-0.252872 -0.238554
-0.253011 -0.238983
-0.252936 -0.238492
-0.252965 -0.238753
-0.252827 -0.238746
-0.252826 -0.238501
-0.252826 -0.238755
-0.25271 -0.238642
-0.252776 -0.238512
-0.252736 -0.238812
-0.252765 -0.238478
-0.252827 -0.238871
-0.252748 -0.238638
-0.25269 -0.238592
-0.252874 -0.238944
-0.252784 -0.238413
-0.25271 -0.238806
-0.252806 -0.238585
-0.252744 -0.238625
-0.25274 -0.23866
-0.25276 -0.238551
-0.252871 -0.238772
-0.252825 -0.23858
-0.252871 -0.238658
-0.252864 -0.238762
-0.252771 -0.238519
-0.252816 -0.238743
-0.252966 -0.238821
-0.252844 -0.238502
-0.252917 -0.238861
-0.252806 -0.238545
-0.252671 -0.238679
-0.252699 -0.238482
-0.252793 -0.238848
-0.252849 -0.238577
-0.252913 -0.238658
-0.252825 -0.238749
-0.252771 -0.238628
-0.252658 -0.238534
-0.252745 -0.238751
-0.252804 -0.238609
-0.252761 -0.238632
-0.252883 -0.238673
-0.252947 -0.23876
-0.252759 -0.238581
-0.252878 -0.238673
-0.252822 -0.238782
-0.252706 -0.238486
-0.252918 -0.238905
-0.252707 -0.238489
-0.252825 -0.238759
-0.252837 -0.238579
-0.252848 -0.238685
-0.25293 -0.238753
-0.252885 -0.238511
-0.252761 -0.238898
-0.252693 -0.238368
-0.252822 -0.238964
-0.252627 -0.238503
-0.252816 -0.238684
-0.252742 -0.238805
-0.252846 -0.238496
-0.25294 -0.238716
-0.25289 -0.23878
-0.252922 -0.238619
-0.25284 -0.238566
-0.252975 -0.239125
-0.252697 -0.238354
-0.252924 -0.238964
-0.252688 -0.238564
-0.252807 -0.238692
-0.252656 -0.238475
-0.252842 -0.238937
-0.252835 -0.238483
-0.252715 -0.23873
-0.252984 -0.239002
-0.252719 -0.238373
-0.252975 -0.239058
-0.252884 -0.23858
-0.25276 -0.238625
-0.252774 -0.238769
-0.252711 -0.238476
-0.252778 -0.238793
-0.252814 -0.238548
-0.252855 -0.238694
-0.252722 -0.238722
-0.252824 -0.23848
-0.252822 -0.238939
-0.252689 -0.238473
-0.252836 -0.238825
-0.25274 -0.238888
-0.252807 -0.238473
-0.252829 -0.238795
-0.252784 -0.238746
-0.252793 -0.238441
-0.252792 -0.238871
-0.25284 -0.238743
-0.252757 -0.238432
-0.252777 -0.239032
-0.252756 -0.238554
-0.252742 -0.238643
-0.25287 -0.238913
-0.252765 -0.23857
-0.252757 -0.23856
-0.252852 -0.238933
-0.252707 -0.238521
-0.252841 -0.238635
-0.25277 -0.23877
-0.252867 -0.23863
-0.252824 -0.2386
-0.252777 -0.238778
-0.252787 -0.238618
-0.252791 -0.238619
-0.252827 -0.238826
-0.252846 -0.238547
-0.252804 -0.238697
-0.252729 -0.238746
-0.252772 -0.238537
-0.252848 -0.238814
-0.252741 -0.238559
-0.252801 -0.238731
-0.252705 -0.238608
-0.252851 -0.238699
-0.25275 -0.238611
-0.252733 -0.238748
-0.252865 -0.238553
-0.252709 -0.238776
-0.252845 -0.238589
-0.252821 -0.238767
-0.252699 -0.23859
-0.252883 -0.238674
-0.252731 -0.238772
-0.252822 -0.238506
-0.252825 -0.238805
-0.252896 -0.238694
-0.252718 -0.238549
-0.252816 -0.238903
-0.25267 -0.238456
-0.252784 -0.238755
-0.252823 -0.238659
-0.252744 -0.238663
-0.252825 -0.238627
-0.252734 -0.238768
-0.25274 -0.238542
-0.252776 -0.238739
-0.252779 -0.238571
-0.252868 -0.238777
-0.252838 -0.238685
-0.252789 -0.238534
-0.252889 -0.238995
-0.252746 -0.238487
-0.252783 -0.238853
-0.252899 -0.238838
-0.252685 -0.238529
-0.252832 -0.238838
-0.252769 -0.238536
-0.252773 -0.238733
-0.252774 -0.238606
-0.252862 -0.238701
-0.252737 -0.238727
-0.252842 -0.238598
-0.252883 -0.238795
-0.252758 -0.238639
-0.252982 -0.238681
-0.252763 -0.238659
-0.252739 -0.238702
-0.252732 -0.238593
-0.252723 -0.238628
-0.252839 -0.238862
-0.252664 -0.238438
-0.253024 -0.239118
-0.252731 -0.23849
-0.252944 -0.238908
-0.252844 -0.238714
-0.252777 -0.238633
-0.252833 -0.238724
-0.252695 -0.238641
-0.25282 -0.23883
-0.252633 -0.238465
-0.252986 -0.239196
-0.252669 -0.238546
-0.252854 -0.238879
-0.252886 -0.23893
-0.252658 -0.238507
-0.252904 -0.238857
-0.252746 -0.238702
-0.25278 -0.238622
-0.252785 -0.238685
-0.252802 -0.238724
-0.252759 -0.23867
-0.252862 -0.238669
-0.252835 -0.238838
-0.252777 -0.238594
-0.252902 -0.238743
-0.252748 -0.238674
-0.252837 -0.238713
-0.252794 -0.23865
-0.252897 -0.238772
-0.252802 -0.238634
-0.252837 -0.23876
-0.252778 -0.238666
-0.252786 -0.238652
-0.252781 -0.238676
-0.252755 -0.23878
-0.252749 -0.238499
-0.252775 -0.238828
-0.25273 -0.238724
-0.252709 -0.238494
-0.252829 -0.238916
-0.252875 -0.238584
-0.252768 -0.238643
-0.252899 -0.238855
-0.252916 -0.238593
-0.252826 -0.238726
-0.252893 -0.238791
-0.252719 -0.238508
-0.252758 -0.23882
-0.252848 -0.238544
-0.252763 -0.238808
-0.252714 -0.238735
-0.252768 -0.238576
-0.252831 -0.23888
-0.252735 -0.238581
-0.252726 -0.238611
-0.252831 -0.238751
-0.252807 -0.238682
-0.252763 -0.238575
-0.252802 -0.238742
-0.252739 -0.238643
-0.252778 -0.23865
-0.252766 -0.2386
-0.252868 -0.23884
-0.25278 -0.238501
-0.25287 -0.238883
-0.252804 -0.238592
-0.252716 -0.238685
-0.252811 -0.238665
-0.252818 -0.23864
-0.252693 -0.238751
-0.252785 -0.238575
-0.252666 -0.238665
-0.252841 -0.23887
-0.252799 -0.238472
-0.252733 -0.238807
-0.252832 -0.23889
-0.252801 -0.238445
-0.252946 -0.238985
-0.252885 -0.238592
-0.252838 -0.238674
-0.252722 -0.238768
-0.2528 -0.238552
-0.252806 -0.238728
-0.252795 -0.238708
-0.25286 -0.238602
-0.252737 -0.238714
-0.252825 -0.238749
-0.252707 -0.238547
-0.25284 -0.238762
-0.252894 -0.238721
-0.252771 -0.238641
-0.252804 -0.238628
-0.25273 -0.238862
-0.252688 -0.238405
-0.252938 -0.238985
-0.252868 -0.238641
-0.252938 -0.23871
-0.25284 -0.238741
-0.25274 -0.238638
-0.252785 -0.238696
-0.252855 -0.238603
-0.252983 -0.238873
-0.252733 -0.238566
-0.252817 -0.238706
-0.252745 -0.238709
-0.252765 -0.238622
-0.252957 -0.238748
-0.252804 -0.238727
-0.252857 -0.23858
-0.252815 -0.238794
-0.2528 -0.238647
-0.252824 -0.23864
-0.25296 -0.238792
-0.252829 -0.238675
-0.252731 -0.238616
-0.252914 -0.238805
-0.252844 -0.238631
-0.252794 -0.238707
-0.252778 -0.238689
-0.252741 -0.238632
-0.252663 -0.238653
-0.252869 -0.238705
-0.252811 -0.238765
-0.252777 -0.23859
-0.252877 -0.238837
-0.252754 -0.238642
-0.252824 -0.238603
-0.252867 -0.238807
-0.252811 -0.238748
-0.252763 -0.238507
-0.252905 -0.239022
-0.252736 -0.238563
-0.252851 -0.238689
-0.252765 -0.238877
-0.252774 -0.238518
-0.252927 -0.238755
-0.252783 -0.238781
-0.252888 -0.238573
-0.252721 -0.238737
-0.2528 -0.238703
-0.252906 -0.238659
-0.252785 -0.238721
-0.25284 -0.23862
-0.252647 -0.238685
-0.252782 -0.238696
-0.25274 -0.238557
-0.252779 -0.238845
-0.252911 -0.238668
-0.25269 -0.238621
-0.252857 -0.238792
-0.252833 -0.238676
-0.252708 -0.238584
-0.252939 -0.238912
-0.252721 -0.238548
-0.252731 -0.23871
-0.252878 -0.238918
-0.252725 -0.238442
-0.252927 -0.239025
-0.252897 -0.238549
-0.252885 -0.238777
-0.252903 -0.238633
-0.252874 -0.238783
-0.252684 -0.238597
-0.252847 -0.238673
-0.252891 -0.238827
-0.2528 -0.238544
-0.252867 -0.238783
-0.252853 -0.238704
-0.252771 -0.238564
-0.252807 -0.238814
-0.252729 -0.238546
-0.25279 -0.238773
-0.252824 -0.238578
-0.252844 -0.238759
-0.252871 -0.238669
-0.252801 -0.23864
-0.252858 -0.238654
-0.252876 -0.238785
-0.252776 -0.23857
-0.252844 -0.238733
-0.25273 -0.238666
-0.252769 -0.238621
-0.252734 -0.238673
-0.252882 -0.238661
-0.252856 -0.238696
-0.252795 -0.238686
-0.252816 -0.238589
-0.252844 -0.238808
-0.252778 -0.238541
-0.252915 -0.23883
-0.252761 -0.238574
-0.252842 -0.238726
-0.25284 -0.238797
-0.252613 -0.238454
-0.252844 -0.238957
-0.252699 -0.238523
-0.252783 -0.2387
-0.252963 -0.238737
-0.252914 -0.238667
-0.252904 -0.238649
-0.252955 -0.238746
-0.252888 -0.238681
-0.252847 -0.238668
-0.252911 -0.23871
-0.252792 -0.238849
-0.252754 -0.238483
-0.252841 -0.238758
-0.25293 -0.238796
-0.252881 -0.238492
-0.252963 -0.238898
-0.252947 -0.238616
-0.252894 -0.238757
-0.253039 -0.238718
-0.253061 -0.238688
-0.253061 -0.238753
-0.25319 -0.238732
-0.252932 -0.238625
-0.252939 -0.238798
-0.252763 -0.238506
-0.252655 -0.238799
-0.252781 -0.23849
-0.252802 -0.238837
-0.25278 -0.238596
-0.252788 -0.238719
-0.252792 -0.238653
-0.252764 -0.238657
-0.252856 -0.238739
-0.252865 -0.238575
-0.252849 -0.238814
-0.252942 -0.238598
-0.252878 -0.238673
-0.252786 -0.238721
-0.252862 -0.238623
-0.252728 -0.238595
-0.252863 -0.238832
-0.252912 -0.23852
-0.252851 -0.238764
-0.252863 -0.238608
-0.252831 -0.238775
-0.252751 -0.238475
-0.252963 -0.238965
-0.252755 -0.238493
-0.252833 -0.238808
-0.252675 -0.238485
-0.252905 -0.238871
-0.252812 -0.238615
-0.252902 -0.238635
-0.253066 -0.238942
-0.252807 -0.238531
-0.252896 -0.238723
-0.252869 -0.238768
-0.25278 -0.238592
-0.252841 -0.238656
-0.252859 -0.238889
-0.252732 -0.238487
-0.252943 -0.238779
-0.252869 -0.238646
-0.252943 -0.238866
-0.252846 -0.238392
-0.252958 -0.239053
-0.252917 -0.238705
-0.252789 -0.238484
-0.252939 -0.239176
-0.252796 -0.238436
-0.252763 -0.238765
-0.252883 -0.238734
-0.252737 -0.23861
-0.252839 -0.23869
-0.252785 -0.238619
-0.252862 -0.238813
-0.25288 -0.238517
-0.252865 -0.238874
-0.252819 -0.238592
-0.252802 -0.238773
-0.252737 -0.238531
-0.252869 -0.238902
-0.252772 -0.238599
-0.252812 -0.238707
-0.252815 -0.238722
-0.252766 -0.238596
-0.252871 -0.238768
-0.252765 -0.23854
-0.252883 -0.238898
-0.252714 -0.23857
-0.252735 -0.2387
-0.252793 -0.238712
-0.252768 -0.23865
-0.252812 -0.238657
-0.252821 -0.23867
-0.252827 -0.238769
-0.252873 -0.238559
-0.252781 -0.238763
-0.252863 -0.238774
-0.252839 -0.238533
-0.252801 -0.238932
-0.25278 -0.238544
-0.25274 -0.238602
-0.252898 -0.238961
-0.252765 -0.23845
-0.252859 -0.238898
-0.252726 -0.238508
-0.252913 -0.238943
-0.252697 -0.238387
-0.252885 -0.239134
-0.252753 -0.238394
-0.2529 -0.238905
-0.252842 -0.23862
-0.252879 -0.238722
-0.252605 -0.23857
-0.252857 -0.238904
-0.252721 -0.238494
-0.252835 -0.238797
-0.252875 -0.23861
-0.252852 -0.238744
-0.252911 -0.238639
-0.252883 -0.23867
-0.252829 -0.238757
-0.252814 -0.238543
-0.252802 -0.238754
-0.252833 -0.238686
-0.252788 -0.238584
-0.252815 -0.238815
-0.252775 -0.238562
-0.252735 -0.238602
-0.25278 -0.238877
-0.252725 -0.238438
-0.252819 -0.238738
-0.252996 -0.238813
-0.252854 -0.238494
-0.25293 -0.238956
-0.25282 -0.238478
-0.25288 -0.238898
-0.252755 -0.238533
-0.252825 -0.238813
-0.252818 -0.23869
-0.252736 -0.238674
-0.252806 -0.238713
-0.252782 -0.238599
-0.2528 -0.23877
-0.252821 -0.238534
-0.252928 -0.238881
-0.252745 -0.238567
-0.252835 -0.238686
-0.252759 -0.238741
-0.25272 -0.238574
-0.252787 -0.238697
-0.252832 -0.238689
-0.252881 -0.238701
-0.252893 -0.238691
-0.252871 -0.238659
-0.25281 -0.238831
-0.252728 -0.238494
-0.252895 -0.238895
-0.252697 -0.23851
-0.252873 -0.238859
-0.252702 -0.238509
-0.252848 -0.23887
-0.252747 -0.238479
-0.252906 -0.238905
-0.252837 -0.238582
-0.25284 -0.238681
-0.252799 -0.238801
-0.252782 -0.238564
-0.252813 -0.238714
-0.252775 -0.238712
-0.252844 -0.238659
-0.252752 -0.238645
-0.252832 -0.238706
-0.252816 -0.238707
-0.252706 -0.238572
-0.252882 -0.23896
-0.252778 -0.238474
-0.252917 -0.238878
-0.252782 -0.238582
-0.252796 -0.238732
-0.252721 -0.238544
-0.252871 -0.238859
-0.252766 -0.238616
-0.252846 -0.238699
-0.252829 -0.238925
-0.252733 -0.238445
-0.252918 -0.238964
-0.252814 -0.238601
-0.252885 -0.238678
-0.252782 -0.238763
-0.252712 -0.238591
-0.252737 -0.238642
-0.252789 -0.238708
-0.252837 -0.238759
-0.252737 -0.238526
-0.252993 -0.2391
-0.252764 -0.238386
-0.253006 -0.239183
-0.252689 -0.238594
-0.252788 -0.238636
-0.252863 -0.238879
-0.252876 -0.238632
-0.252802 -0.238549
-0.252788 -0.238865
-0.252897 -0.238627
-0.252821 -0.238642
-0.252967 -0.238838
-0.252828 -0.238549
-0.252818 -0.238793
-0.252789 -0.23852
-0.252793 -0.238879
-0.252689 -0.238473
-0.252863 -0.238839
-0.252797 -0.238609
-0.252906 -0.238715
-0.252896 -0.238709
-0.252805 -0.238617
-0.252871 -0.238761
-0.252716 -0.238615
-0.252717 -0.238591
-0.252845 -0.238777
-0.252785 -0.23882
-0.252694 -0.238442
-0.252949 -0.239284
-0.252695 -0.238499
-0.252853 -0.238745
-0.252881 -0.23894
-0.252777 -0.238481
-0.252745 -0.23879
-0.252739 -0.23862
-0.252748 -0.238677
-0.252691 -0.238577
-0.252897 -0.238745
-0.252714 -0.238609
-0.252869 -0.238691
-0.252762 -0.238658
-0.252768 -0.23862
-0.25287 -0.238713
-0.252771 -0.238691
-0.252792 -0.23855
-0.252855 -0.238993
-0.252733 -0.23838
-0.252842 -0.238971
-0.252661 -0.238554
-0.252818 -0.238627
-0.252763 -0.23868
-0.252953 -0.238756
-0.252887 -0.238622
-0.252801 -0.238658
-0.2529 -0.238837
-0.252738 -0.238516
-0.25279 -0.23871
-0.252857 -0.238741
-0.252816 -0.238535
-0.252784 -0.238782
-0.252781 -0.238572
-0.252897 -0.238721
-0.252773 -0.238679
-0.252856 -0.238602
-0.252852 -0.23876
-0.252756 -0.238599
-0.252806 -0.238689
-0.252657 -0.238641
-0.252846 -0.238672
-0.252694 -0.238607
-0.252989 -0.238863
-0.252859 -0.238527
-0.252814 -0.238828
-0.252781 -0.238494
-0.252777 -0.238831
-0.252758 -0.238563
-0.252831 -0.238669
-0.252872 -0.238914
-0.252723 -0.238483
-0.252943 -0.238859
-0.252805 -0.23862
-0.252802 -0.238667
-0.252745 -0.238655
-0.252686 -0.238624
-0.252697 -0.238642
-0.252862 -0.238791
-0.252765 -0.238529
-0.252857 -0.238821
-0.252816 -0.238688
-0.25272 -0.23852
-0.252926 -0.23896
-0.252749 -0.238575
-0.252832 -0.238672
-0.252715 -0.238797
-0.252802 -0.238534
-0.252767 -0.238684
-0.25277 -0.238734
-0.252862 -0.238534
-0.252623 -0.238779
-0.252779 -0.23847
-0.25281 -0.238876
-0.25272 -0.238537
-0.25285 -0.238676
-0.25288 -0.238799
-0.252906 -0.238574
-0.25299 -0.238843
-0.252878 -0.238595
-0.252799 -0.238834
-0.252814 -0.238644
-0.252696 -0.238677
-0.252794 -0.238783
-0.252788 -0.238521
-0.252802 -0.238827
-0.252765 -0.238472
-0.252834 -0.238899
-0.252741 -0.238469
-0.252897 -0.238905
-0.252764 -0.238638
-0.252788 -0.238641
-0.252955 -0.23893
-0.252784 -0.238516
-0.252844 -0.238783
-0.252758 -0.238649
-0.252665 -0.238597
-0.252822 -0.238716
-0.252754 -0.238627
-0.252884 -0.238741
-0.252801 -0.238695
-0.252783 -0.238675
-0.252792 -0.238764
-0.25269 -0.238641
-0.25295 -0.23877
-0.252701 -0.238583
-0.252792 -0.238813
-0.252828 -0.238507
-0.252731 -0.238765
-0.252929 -0.23872
-0.252809 -0.238556
-0.252848 -0.238918
-0.252869 -0.238466
-0.252812 -0.238859
-0.252832 -0.238534
-0.252823 -0.238786
-0.252809 -0.238645
-0.252865 -0.238618
-0.252864 -0.238992
-0.252814 -0.238413
-0.252895 -0.238898
-0.252874 -0.238722
-0.25272 -0.238527
-0.252863 -0.238888
-0.252754 -0.238557
-0.252752 -0.238696
-0.25279 -0.238682
-0.25263 -0.238604
-0.252853 -0.238692
-0.252876 -0.238605
-0.252778 -0.238886
-0.252818 -0.238418
-0.252795 -0.238978
-0.252743 -0.238472
-0.25281 -0.238738
-0.252712 -0.238696
-0.252879 -0.238507
-0.252767 -0.238927
-0.252851 -0.238493
-0.252776 -0.238679
-0.252854 -0.238953
-0.252796 -0.238389
-0.252672 -0.238847
-0.252848 -0.238726
-0.252746 -0.238523
-0.252755 -0.238754
-0.252939 -0.238681
-0.252734 -0.238667
-0.252801 -0.238657
-0.252902 -0.238857
-0.252757 -0.238551
-0.252899 -0.238726
-0.252897 -0.23881
-0.252758 -0.238541
-0.252899 -0.238774
-0.2527 -0.238584
-0.252828 -0.238735
-0.252772 -0.238606
-0.252881 -0.238687
-0.252863 -0.238732
-0.252709 -0.238582
-0.25285 -0.2387
-0.252657 -0.238602
-0.252813 -0.238747
-0.252762 -0.238532
-0.252831 -0.238785
-0.252811 -0.23862
-0.252796 -0.238564
-0.252882 -0.238941
-0.252782 -0.238382
-0.252828 -0.238989
-0.252721 -0.238534
-0.252888 -0.238775
-0.25279 -0.238628
-0.252845 -0.238777
-0.25277 -0.238514
-0.252806 -0.238829
-0.252858 -0.238563
-0.25281 -0.238711
-0.252762 -0.238665
-0.252824 -0.238564
-0.252812 -0.238773
-0.252864 -0.238548
-0.252835 -0.238769
-0.252749 -0.238579
-0.252806 -0.238632
-0.252883 -0.238827
-0.252765 -0.238489
-0.252875 -0.238828
-0.252853 -0.238586
-0.252781 -0.238701
-0.252809 -0.2386
-0.252775 -0.238691
-0.252733 -0.238624
-0.252759 -0.238569
-0.252798 -0.23881
-0.25276 -0.238505
-0.252774 -0.238766
-0.252919 -0.238761
-0.252757 -0.23855
-0.252815 -0.238728
-0.252959 -0.238795
-0.252755 -0.238603
-0.252902 -0.238658
-0.252755 -0.238718
-0.252774 -0.238734
-0.252724 -0.238532
-0.252877 -0.239027
-0.252798 -0.238421
-0.252846 -0.238839
-0.252816 -0.238637
-0.252786 -0.238574
-0.252917 -0.238853
-0.252826 -0.238578
-0.252927 -0.238711
-0.252962 -0.238932
-0.252846 -0.23846
-0.252904 -0.23886
-0.252802 -0.238634
-0.252693 -0.238512
-0.252772 -0.238859
-0.252731 -0.238525
-0.252774 -0.238798
-0.252881 -0.238659
-0.252772 -0.238642
-0.2529 -0.238842
-0.252714 -0.238487
-0.252829 -0.238757
-0.252792 -0.238765
-0.252772 -0.238474
-0.252888 -0.238848
-0.252813 -0.238646
-0.25286 -0.238593
-0.252877 -0.23876
-0.252808 -0.238611
-0.252803 -0.238762
-0.252821 -0.238647
-0.252747 -0.238709
-0.252952 -0.238844
-0.252823 -0.238536
-0.252874 -0.238741
-0.252925 -0.238702
-0.25285 -0.238618
-0.252897 -0.238703
-0.252892 -0.23887
-0.252671 -0.23843
-0.25284 -0.238987
-0.252647 -0.238436
-0.252874 -0.23885
-0.252809 -0.238524
-0.252902 -0.238897
-0.25276 -0.238492
-0.25272 -0.238707
-0.252779 -0.238686
-0.252793 -0.238555
-0.252909 -0.238899
-0.252781 -0.23843
-0.252887 -0.239015
-0.252711 -0.238487
-0.252786 -0.238757
-0.252782 -0.238748
-0.252785 -0.238555
-0.252818 -0.238736
-0.25284 -0.238648
-0.252775 -0.23867
-0.252796 -0.238628
-0.252762 -0.238707
-0.25273 -0.238639
-0.252775 -0.238581
-0.25277 -0.238815
-0.252852 -0.238557
-0.252802 -0.238681
-0.252909 -0.238807
-0.252825 -0.238489
-0.252865 -0.238957
-0.252938 -0.238535
-0.252811 -0.238796
-0.2529 -0.238876
-0.252737 -0.238411
-0.252816 -0.238967
-0.252833 -0.238575
-0.252726 -0.238666
-0.252773 -0.238641
-0.252797 -0.238706
-0.252872 -0.238633
-0.252856 -0.238711
-0.252856 -0.238683
-0.252866 -0.238648
-0.252827 -0.23876
-0.252875 -0.238555
-0.252783 -0.238786
-0.2528 -0.238658
-0.252784 -0.238562
-0.252931 -0.238897
-0.252883 -0.238573
-0.252891 -0.238708
-0.252907 -0.238719
-0.252822 -0.23874
-0.25274 -0.238537
-0.252799 -0.238812
-0.252781 -0.238715
-0.252808 -0.238583
-0.252822 -0.238711
-0.252983 -0.238976
-0.252802 -0.238498
-0.252907 -0.238784
-0.252925 -0.238958
-0.252742 -0.238445
-0.252844 -0.238861
-0.252861 -0.238799
-0.252789 -0.238504
-0.252817 -0.238876
-0.252834 -0.238652
-0.252774 -0.238632
-0.252866 -0.238808
-0.252777 -0.238633
-0.252739 -0.238623
-0.252916 -0.238912
-0.252738 -0.238529
-0.252866 -0.238907
-0.252933 -0.238805
-0.252784 -0.238608
-0.253017 -0.238974
-0.252813 -0.238561
-0.252858 -0.238766
-0.252919 -0.238738
-0.25281 -0.238653
-0.252835 -0.238743
-0.252714 -0.238628
-0.252772 -0.238722
-0.252811 -0.238664
-0.252816 -0.238713
-0.252964 -0.238712
-0.252827 -0.238664
-0.252975 -0.238964
-0.252831 -0.238411
-0.252942 -0.239157
-0.252858 -0.238552
-0.252785 -0.238669
-0.25283 -0.238914
-0.252722 -0.238504
-0.252876 -0.23886
-0.252722 -0.238566
-0.252858 -0.238856
-0.25276 -0.238567
-0.252827 -0.238761
-0.252937 -0.238753
-0.252788 -0.238635
-0.252959 -0.238789
-0.252851 -0.238688
-0.252936 -0.238754
-0.252821 -0.23862
-0.252831 -0.238895
-0.25268 -0.238459
-0.252749 -0.238879
-0.252873 -0.238577
-0.252896 -0.238805
-0.252879 -0.238745
-0.252877 -0.238589
-0.2529 -0.238934
-0.252918 -0.238603
-0.252846 -0.238676
-0.252864 -0.238794
-0.252851 -0.238715
-0.252723 -0.238625
-0.252901 -0.238849
-0.252657 -0.238643
-0.252835 -0.238669
-0.252848 -0.238801
-0.252754 -0.238641
-0.252921 -0.238791
-0.252718 -0.238607
-0.252859 -0.238872
-0.25282 -0.238525
-0.252914 -0.238957
-0.252783 -0.238528
-0.252923 -0.238929
-0.25274 -0.238571
-0.252948 -0.238791
-0.252953 -0.238903
-0.252834 -0.238532
-0.25288 -0.238913
-0.252751 -0.238627
-0.252884 -0.238661
-0.25285 -0.238746
-0.252774 -0.238634
-0.252904 -0.23882
-0.25275 -0.238559
-0.252959 -0.238873
-0.252811 -0.23864
-0.252833 -0.238675
-0.252814 -0.238793
-0.252825 -0.238603
-0.253003 -0.238835
-0.252794 -0.238634
-0.252926 -0.238714
-0.252773 -0.238676
-0.252813 -0.238729
-0.252821 -0.238584
-0.252873 -0.238827
-0.252909 -0.2387
-0.252755 -0.238621
-0.252884 -0.238868
-0.2528 -0.238607
-0.252878 -0.238659
-0.253048 -0.238995
-0.252759 -0.238504
-0.252958 -0.238941
-0.252819 -0.238662
-0.252779 -0.238681
-0.252717 -0.238634
-0.252828 -0.238736
-0.252804 -0.238625
-0.252864 -0.238788
-0.252772 -0.238582
-0.252768 -0.238736
-0.25289 -0.238807
-0.252743 -0.238526
-0.252897 -0.238929
-0.2528 -0.238542
-0.252803 -0.238785
-0.252831 -0.23859
-0.252945 -0.238866
-0.252808 -0.238588
-0.252919 -0.238764
-0.252789 -0.23872
-0.25283 -0.238572
-0.252858 -0.23885
-0.252753 -0.238523
-0.252783 -0.238845
-0.252659 -0.238482
-0.253014 -0.239049
-0.252797 -0.23869
-0.252869 -0.238751
-0.252955 -0.239011
-0.252749 -0.238522
-0.252827 -0.238728
-0.252892 -0.238797
-0.252953 -0.238702
-0.252885 -0.23875
-0.253055 -0.23903
-0.252781 -0.238435
-0.252825 -0.238977
-0.252851 -0.238523
-0.252739 -0.238702
-0.252872 -0.238726
-0.252866 -0.238628
-0.252719 -0.238754
-0.252822 -0.238492
-0.252849 -0.238949
-0.252777 -0.238484
-0.252898 -0.238892
-0.252877 -0.238676
-0.252949 -0.238657
-0.252953 -0.238749
-0.25301 -0.238804
-0.252901 -0.238534
-0.252984 -0.238975
-0.252789 -0.238553
-0.252671 -0.238616
-0.2528 -0.23881
-0.252772 -0.238552
-0.252863 -0.238773
-0.25293 -0.238669
-0.252838 -0.238679
-0.252983 -0.238742
-0.252917 -0.238746
-0.252917 -0.238607
-0.253072 -0.238953
-0.252855 -0.238594
-0.253006 -0.238703
-0.252997 -0.238947
-0.25287 -0.238458
-0.252855 -0.238868
-0.252926 -0.238673
-0.252827 -0.238602
-0.252886 -0.238846
-0.252843 -0.238536
-0.252774 -0.238797
-0.252832 -0.238585
-0.252746 -0.238678
-0.252973 -0.238837
-0.252761 -0.238516
-0.252769 -0.238865
-0.252806 -0.238542
-0.252809 -0.23883
-0.252784 -0.238456
-0.252988 -0.239126
-0.252773 -0.23859
-0.252828 -0.238768
-0.253083 -0.23915
-0.252816 -0.238468
-0.25292 -0.238774
-0.252916 -0.238841
-0.252804 -0.238546
-0.252928 -0.238765
-0.252894 -0.238889
-0.252718 -0.238472
-0.252853 -0.238828
-0.252814 -0.238893
-0.252735 -0.238429
-0.252835 -0.238932
-0.252745 -0.238603
-0.25285 -0.238662
-0.252822 -0.238691
-0.252812 -0.238668
-0.252836 -0.238719
-0.252769 -0.238545
-0.252832 -0.238858
-0.252813 -0.238535
-0.252841 -0.238765
-0.25283 -0.238725
-0.25286 -0.23856
-0.252859 -0.238839
-0.252753 -0.238496
-0.252935 -0.238883
-0.252818 -0.23866
-0.2529 -0.238651
-0.253 -0.239063
-0.252816 -0.23843
-0.252948 -0.23885
-0.252849 -0.238789
-0.252815 -0.238457
-0.252802 -0.238846
-0.252883 -0.238758
-0.252655 -0.238454
-0.252791 -0.238942
-0.252822 -0.23849
-0.252757 -0.238704
-0.252842 -0.238735
-0.252833 -0.238561
-0.252834 -0.238774
-0.252858 -0.238605
-0.25282 -0.238694
-0.252912 -0.238736
-0.252761 -0.238516
-0.252918 -0.238917
-0.252785 -0.238541
-0.252631 -0.238587
-0.252916 -0.23883
-0.252763 -0.238722
-0.252795 -0.2386
-0.252997 -0.239059
-0.252678 -0.238449
-0.252868 -0.238748
-0.25283 -0.238752
-0.252799 -0.23858
-0.2528 -0.238615
-0.252841 -0.238839
-0.252757 -0.23854
-0.252799 -0.238707
-0.252832 -0.238759
-0.252813 -0.238614
-0.252777 -0.23862
-0.252905 -0.238675
-0.252765 -0.23875
-0.252784 -0.238497
-0.252788 -0.238732
-0.252735 -0.238627
-0.252916 -0.238665
-0.252732 -0.238601
-0.253092 -0.239033
-0.252667 -0.238413
-0.252852 -0.23896
-0.252856 -0.238664
-0.25267 -0.23855
-0.253003 -0.238923
-0.252695 -0.238572
-0.252732 -0.238641
-0.252825 -0.238639
-0.25285 -0.238742
-0.25283 -0.238535
-0.252863 -0.238797
-0.25275 -0.238532
-0.252802 -0.238751
-0.252718 -0.238524
-0.252868 -0.238835
-0.252792 -0.238512
-0.252966 -0.238822
-0.252783 -0.238577
-0.252924 -0.238681
-0.252824 -0.238646
-0.252835 -0.238638
-0.252787 -0.238663
-0.252733 -0.238511
-0.252848 -0.238827
-0.252703 -0.238456
-0.252858 -0.238799
-0.25275 -0.238498
-0.252949 -0.238866
-0.252673 -0.238492
-0.252805 -0.238722
-0.252832 -0.238704
-0.252812 -0.238552
-0.252762 -0.238688
-0.25279 -0.238599
-0.252777 -0.238602
-0.252855 -0.238666
-0.252886 -0.238655
-0.2528 -0.238617
-0.252773 -0.238604
-0.252903 -0.238739
-0.252745 -0.238593
-0.25278 -0.238617
-0.252882 -0.2388
-0.252682 -0.238526
-0.252844 -0.2387
-0.252754 -0.238612
-0.25281 -0.238711
-0.252672 -0.238504
-0.25282 -0.238794
-0.252825 -0.238582
-0.252865 -0.238638
-0.252846 -0.238761
-0.25278 -0.238553
-0.252829 -0.238692
-0.252827 -0.238703
-0.252842 -0.238566
-0.252849 -0.238723
-0.252822 -0.238602
-0.252942 -0.238749
-0.252728 -0.238587
-0.252881 -0.238722
-0.252865 -0.238733
-0.252793 -0.238541
-0.252903 -0.238833
-0.252836 -0.238521
-0.253058 -0.238827
-0.25284 -0.238643
-0.252937 -0.238644
-0.252814 -0.238741
-0.252735 -0.238564
-0.252948 -0.238814
-0.252776 -0.238544
-0.252904 -0.23881
-0.252898 -0.23862
-0.252779 -0.238625
-0.252758 -0.238686
-0.252868 -0.238661
-0.252662 -0.238593
-0.252923 -0.238756
-0.252846 -0.238563
-0.252843 -0.238737
-0.252892 -0.238611
-0.252826 -0.238689
-0.252734 -0.238541
-0.252837 -0.238884
-0.2527 -0.238392
-0.252933 -0.239016
-0.252753 -0.238499
-0.252884 -0.238687
-0.252876 -0.238739
-0.252891 -0.238598
-0.252803 -0.238618
-0.252853 -0.238797
-0.252831 -0.238543
-0.252766 -0.23866
-0.252785 -0.238757
-0.252794 -0.238552
-0.252741 -0.238604
-0.252784 -0.238767
-0.252865 -0.238569
-0.252826 -0.238638
-0.252989 -0.238778
-0.252906 -0.238626
-0.252753 -0.238615
-0.252899 -0.238718
-0.252823 -0.238651
-0.252884 -0.238611
-0.252935 -0.238751
-0.252786 -0.238629
-0.252784 -0.238583
-0.252718 -0.238657
-0.252849 -0.238839
-0.252795 -0.238438
-0.25285 -0.238859
-0.25287 -0.238645
-0.252787 -0.238598
-0.252784 -0.238685
-0.252893 -0.238694
-0.252855 -0.238737
-0.252984 -0.238642
-0.252924 -0.238795
-0.252826 -0.238597
-0.252666 -0.238568
-0.252795 -0.238751
-0.252834 -0.238509
-0.252927 -0.238872
-0.25289 -0.23848
-0.25292 -0.238859
