0 0
-0.0870114 -0.0817117
-0.171473 -0.161928
-0.252584 -0.238802
-0.330647 -0.312225
-0.406155 -0.384842
-0.478211 -0.453597
-0.5479 -0.520475
-0.614481 -0.584934
-0.677757 -0.645469
-0.73656 -0.705702
-0.794584 -0.760789
-0.8481 -0.814649
-0.89962 -0.865263
-0.947263 -0.914389
-0.991042 -0.959091
-1.0314 -1.003
-1.07084 -1.04183
-1.10404 -1.0811
-1.13312 -1.11553
-1.16034 -1.14881
-1.18337 -1.17899
-1.20427 -1.20726
-1.22105 -1.23437
-1.23603 -1.25696
-1.24777 -1.27908
-1.25893 -1.2982
-1.26694 -1.31466
-1.27433 -1.33041
-1.27764 -1.3467
-1.28237 -1.3578
-1.28563 -1.35863
-1.28244 -1.35822
-1.28342 -1.35301
-1.28452 -1.3599
-1.28253 -1.35687
-1.28228 -1.35398
-1.28436 -1.35579
-1.28632 -1.35311
-1.28291 -1.35148
-1.28067 -1.35728
-1.28533 -1.35288
-1.28349 -1.35485
-1.28414 -1.35272
-1.28265 -1.35476
-1.28484 -1.35498
-1.2871 -1.34863
-1.28275 -1.35135
-1.28583 -1.35013
-1.28553 -1.35617
-1.28402 -1.35183
-1.28061 -1.35536
-1.28119 -1.35121
-1.28309 -1.34954
-1.27981 -1.35322
-1.28416 -1.35404
-1.28411 -1.35116
-1.28294 -1.35108
-1.28173 -1.35196
-1.28044 -1.35101
-1.28149 -1.34893
-1.27974 -1.35167
-1.28068 -1.35011
-1.2796 -1.34868
-1.28264 -1.34869
-1.27965 -1.35181
-1.28212 -1.34667
-1.28471 -1.34547
-1.28415 -1.34878
-1.28309 -1.34296
-1.28474 -1.34374
-1.28464 -1.34625
-1.28172 -1.34302
-1.28209 -1.34797
-1.28436 -1.34649
-1.28272 -1.34679
-1.28177 -1.34586
-1.28075 -1.3491
-1.28297 -1.34565
-1.28412 -1.344
-1.28384 -1.34468
-1.28304 -1.34508
-1.28145 -1.34632
-1.28374 -1.34614
-1.28427 -1.34527
-1.28101 -1.34556
-1.28591 -1.34128
-1.28055 -1.34589
-1.28171 -1.34115
-1.28481 -1.3407
-1.28037 -1.34408
-1.2841 -1.34193
-1.28227 -1.34335
-1.28362 -1.34107
-1.28167 -1.34322
-1.28496 -1.34042
-1.28471 -1.33895
-1.28377 -1.33803
-1.28641 -1.34303
-1.28595 -1.34051
-1.28405 -1.33766
-1.28389 -1.34175
-1.28616 -1.34119
-1.28021 -1.34085
-1.28651 -1.33523
-1.28511 -1.33876
-1.28218 -1.34225
-1.28308 -1.33984
-1.28336 -1.33985
-1.28325 -1.33631
-1.2811 -1.34149
-1.2812 -1.3407
-1.28177 -1.33436
-1.28354 -1.34006
-1.28279 -1.33929
-1.28239 -1.33704
-1.28224 -1.33772
-1.28237 -1.3397
-1.28377 -1.3333
-1.28247 -1.33936
-1.2816 -1.33871
-1.28203 -1.33958
-1.28076 -1.33808
-1.28078 -1.33847
-1.2862 -1.33649
-1.28053 -1.33959
-1.2854 -1.33621
-1.28398 -1.33605
-1.28314 -1.33742
-1.2806 -1.33977
-1.28171 -1.33645
-1.28361 -1.3341
-1.27752 -1.34185
-1.28259 -1.33373
-1.28346 -1.33884
-1.28054 -1.3356
-1.28005 -1.34018
-1.28424 -1.3334
-1.28024 -1.33777
-1.28341 -1.3356
-1.27896 -1.33336
-1.28317 -1.33377
-1.2821 -1.33531
-1.28359 -1.33296
-1.28371 -1.33706
-1.28105 -1.33386
-1.28375 -1.33265
-1.28039 -1.33557
-1.28268 -1.33471
-1.28318 -1.33603
-1.27836 -1.33625
-1.28076 -1.33442
-1.28321 -1.33314
-1.28107 -1.33382
-1.28062 -1.33465
-1.28361 -1.33647
-1.27915 -1.33146
-1.27951 -1.33308
-1.28413 -1.3333
-1.28123 -1.33366
-1.28089 -1.3348
-1.28311 -1.33608
-1.28398 -1.33446
-1.28143 -1.33414
-1.28238 -1.3321
-1.27966 -1.33261
-1.28133 -1.33374
-1.28207 -1.3317
-1.27989 -1.33596
-1.28032 -1.33482
-1.28028 -1.33578
-1.28295 -1.33145
-1.27839 -1.33425
-1.28012 -1.3334
-1.28284 -1.33283
-1.2812 -1.33466
-1.28138 -1.3325
-1.27976 -1.33289
-1.2794 -1.33319
-1.28004 -1.33354
-1.28059 -1.33002
-1.27933 -1.33242
-1.28121 -1.33122
-1.27871 -1.33032
-1.27993 -1.33266
-1.28022 -1.33
-1.28141 -1.33121
-1.28208 -1.33014
-1.28173 -1.32973
-1.27943 -1.33057
-1.28454 -1.32999
-1.28421 -1.3289
-1.28423 -1.33077
-1.28231 -1.33152
-1.28322 -1.33053
-1.28433 -1.33073
-1.2814 -1.33038
-1.28217 -1.3303
-1.28309 -1.32809
-1.28165 -1.33055
-1.28241 -1.33359
-1.27912 -1.3314
-1.2804 -1.33018
-1.28353 -1.33113
-1.27831 -1.33053
-1.28093 -1.32776
-1.27712 -1.33252
-1.28075 -1.3304
-1.27562 -1.33216
-1.2797 -1.32917
-1.27974 -1.33171
-1.27982 -1.32893
-1.27953 -1.33312
-1.27941 -1.33187
-1.27918 -1.32883
-1.27943 -1.32954
-1.27784 -1.32852
-1.28035 -1.33134
-1.27925 -1.32582
-1.28261 -1.33009
-1.27646 -1.32566
-1.28165 -1.32776
-1.2776 -1.32861
-1.27675 -1.32804
-1.27846 -1.32651
-1.27864 -1.33001
-1.27874 -1.32496
-1.27557 -1.32938
-1.27725 -1.32415
-1.27583 -1.32689
-1.27759 -1.32573
-1.27793 -1.3268
-1.27678 -1.32809
-1.27699 -1.32655
-1.28074 -1.32379
-1.27872 -1.32547
-1.27693 -1.32456
-1.27849 -1.32602
-1.27829 -1.32282
-1.27756 -1.3232
-1.27632 -1.32409
-1.28079 -1.32426
-1.27982 -1.32411
-1.279 -1.32551
-1.27897 -1.3253
-1.28278 -1.32159
-1.28047 -1.32503
-1.28044 -1.32302
-1.27918 -1.3246
-1.28113 -1.32692
-1.28018 -1.32298
-1.27848 -1.32933
-1.28062 -1.32299
-1.28223 -1.32419
-1.28198 -1.32328
-1.27785 -1.32827
-1.28076 -1.32351
-1.2788 -1.32802
-1.28099 -1.32464
-1.27993 -1.32371
-1.27582 -1.32695
-1.28086 -1.32285
-1.27999 -1.32203
-1.27761 -1.32479
-1.2798 -1.32331
-1.28142 -1.32309
-1.27614 -1.32243
-1.28087 -1.32077
-1.28089 -1.32252
-1.27678 -1.32349
-1.27911 -1.31818
-1.28014 -1.32083
-1.27962 -1.32034
-1.27921 -1.31757
-1.27792 -1.32365
-1.27966 -1.31864
-1.27843 -1.31919
-1.28048 -1.32009
-1.27805 -1.31843
-1.27804 -1.32117
-1.27961 -1.31987
-1.27983 -1.31957
-1.27828 -1.31879
-1.27983 -1.32209
-1.27898 -1.31901
-1.27831 -1.31811
-1.27804 -1.31822
-1.28014 -1.31978
-1.28012 -1.31636
-1.28012 -1.31878
-1.27944 -1.31779
-1.27836 -1.31748
-1.27562 -1.32
-1.27841 -1.32102
-1.27843 -1.31707
-1.27927 -1.32104
-1.27748 -1.31708
-1.27828 -1.31865
-1.27948 -1.31991
-1.27797 -1.31815
-1.27891 -1.31618
-1.27648 -1.31942
-1.2792 -1.31736
-1.27714 -1.31379
-1.27589 -1.31981
-1.2777 -1.31824
-1.27697 -1.31967
-1.27748 -1.31685
-1.27631 -1.31595
-1.27549 -1.32016
-1.27722 -1.31434
-1.27589 -1.31774
-1.27976 -1.31587
-1.27788 -1.31605
-1.27706 -1.31984
-1.27461 -1.31389
-1.27607 -1.31757
-1.27658 -1.3154
-1.27383 -1.32158
-1.27618 -1.31771
-1.27725 -1.31715
-1.27804 -1.31721
-1.27719 -1.31726
-1.27938 -1.31612
-1.27701 -1.31746
-1.27463 -1.31652
-1.27627 -1.31546
-1.27646 -1.31649
-1.27544 -1.31636
-1.27639 -1.31592
-1.27202 -1.3172
-1.27643 -1.31713
-1.27363 -1.31934
-1.27627 -1.32116
-1.27831 -1.31527
-1.27515 -1.31588
-1.27383 -1.32268
-1.27375 -1.31776
-1.27599 -1.31939
-1.27509 -1.32082
-1.27672 -1.31937
-1.27527 -1.32179
-1.27441 -1.31871
-1.27489 -1.32022
-1.27539 -1.32171
-1.27509 -1.31913
-1.27424 -1.32028
-1.27418 -1.31574
-1.27185 -1.32118
-1.27518 -1.31879
-1.273 -1.31893
-1.27189 -1.31894
-1.27504 -1.31804
-1.27428 -1.31926
-1.27163 -1.31938
-1.26959 -1.31618
-1.27237 -1.31872
-1.27157 -1.31915
-1.27408 -1.3184
-1.26834 -1.31855
-1.27242 -1.31704
-1.27331 -1.3191
-1.27135 -1.31974
-1.27147 -1.31839
-1.27213 -1.31794
-1.27125 -1.31779
-1.2695 -1.32037
-1.27032 -1.31842
-1.27244 -1.31724
-1.27019 -1.31767
-1.26849 -1.32109
-1.27434 -1.31539
-1.27211 -1.31856
-1.26838 -1.31764
-1.26901 -1.31639
-1.27124 -1.31774
-1.26728 -1.31571
-1.27 -1.31708
-1.26892 -1.3156
-1.26874 -1.31756
-1.27083 -1.31595
-1.26993 -1.31647
-1.26816 -1.32005
-1.27019 -1.31508
-1.27019 -1.31896
-1.26814 -1.31665
-1.26865 -1.31866
-1.26758 -1.31734
-1.26891 -1.31655
-1.26816 -1.31826
-1.2717 -1.31445
-1.27041 -1.31789
-1.26751 -1.31422
-1.26926 -1.31811
-1.26693 -1.31708
-1.2689 -1.31573
-1.26897 -1.31633
-1.26728 -1.31697
-1.26864 -1.31329
-1.26835 -1.3175
-1.26928 -1.3124
-1.26776 -1.31581
-1.27078 -1.31676
-1.27017 -1.31174
-1.27219 -1.31318
-1.26968 -1.31716
-1.27007 -1.31389
-1.26831 -1.31252
-1.27049 -1.31337
-1.27161 -1.31226
-1.27273 -1.31418
-1.27013 -1.31246
-1.27377 -1.31175
-1.26976 -1.3153
-1.27027 -1.31166
-1.27382 -1.31102
-1.26987 -1.31467
-1.2715 -1.31264
-1.27004 -1.31439
-1.26789 -1.31329
-1.27074 -1.31116
-1.26866 -1.31486
-1.26955 -1.31033
-1.26791 -1.31578
-1.27161 -1.31031
-1.2683 -1.31232
-1.2702 -1.31335
-1.27088 -1.31194
-1.26993 -1.31009
-1.27086 -1.31183
-1.27186 -1.31257
-1.27065 -1.31014
-1.26803 -1.31336
-1.26907 -1.3117
-1.26945 -1.31205
-1.27198 -1.30591
-1.27063 -1.31164
-1.26978 -1.30847
-1.27297 -1.31125
-1.27083 -1.31061
-1.26886 -1.31131
-1.26602 -1.31202
-1.26774 -1.31007
-1.26967 -1.31346
-1.26652 -1.31058
-1.26982 -1.31594
-1.26836 -1.31035
-1.2679 -1.31145
-1.26774 -1.31245
-1.27021 -1.30628
-1.26836 -1.31307
-1.26751 -1.309
-1.26792 -1.31024
-1.2699 -1.31102
-1.26689 -1.31334
-1.26916 -1.30821
-1.26773 -1.31169
-1.27156 -1.31094
-1.26699 -1.31139
-1.27036 -1.30902
-1.26759 -1.31304
-1.26801 -1.3117
-1.26912 -1.31157
-1.2691 -1.30981
-1.26785 -1.31068
-1.27094 -1.30921
-1.26742 -1.30799
-1.26876 -1.30535
-1.26675 -1.31167
-1.27061 -1.30844
-1.2682 -1.31186
-1.26892 -1.30846
-1.26823 -1.30929
-1.26792 -1.30628
-1.26746 -1.30784
-1.2684 -1.30668
-1.26781 -1.30778
-1.2696 -1.31005
-1.26969 -1.30731
-1.26722 -1.30797
-1.26942 -1.30857
-1.26674 -1.30501
-1.27058 -1.30867
-1.27117 -1.30553
-1.26521 -1.30907
-1.2676 -1.30904
-1.26879 -1.30701
-1.27269 -1.30702
-1.27003 -1.30673
-1.26881 -1.30562
-1.2696 -1.30565
-1.26825 -1.30804
-1.26835 -1.30869
-1.26839 -1.30794
-1.26702 -1.30931
-1.26832 -1.30945
-1.26817 -1.3082
-1.26694 -1.30634
-1.26674 -1.3086
-1.26758 -1.3061
-1.26395 -1.31047
-1.26415 -1.30859
-1.26724 -1.30655
-1.26223 -1.31178
-1.26456 -1.30789
-1.26628 -1.30515
-1.26425 -1.30893
-1.26468 -1.30774
-1.2664 -1.30511
-1.26643 -1.30716
-1.26476 -1.30511
-1.26584 -1.30491
-1.26373 -1.30639
-1.26752 -1.30677
-1.26627 -1.30483
-1.26803 -1.30361
-1.26729 -1.30369
-1.26861 -1.30605
-1.26595 -1.30618
-1.26782 -1.30571
-1.26205 -1.30521
-1.26509 -1.30583
-1.26725 -1.30401
-1.26158 -1.3064
-1.2646 -1.30607
-1.267 -1.30251
-1.26466 -1.3072
-1.26752 -1.30207
-1.26335 -1.30558
-1.26579 -1.30653
-1.26833 -1.29999
-1.26405 -1.30585
-1.26566 -1.30456
-1.26643 -1.3026
-1.26212 -1.30579
-1.26856 -1.30308
-1.26327 -1.30685
-1.26543 -1.30416
-1.26479 -1.30203
-1.26415 -1.30535
-1.26024 -1.30652
-1.26569 -1.30692
-1.2615 -1.30784
-1.26604 -1.30706
-1.25976 -1.30659
-1.2653 -1.30606
-1.26312 -1.30474
-1.26322 -1.30672
-1.2649 -1.30674
-1.2657 -1.30427
-1.26305 -1.30801
-1.26168 -1.3072
-1.26266 -1.30614
-1.26333 -1.30424
-1.26136 -1.30668
-1.26289 -1.30667
-1.26212 -1.30574
-1.26273 -1.30461
-1.26177 -1.30678
-1.26552 -1.30203
-1.26305 -1.30601
-1.26352 -1.30588
-1.26706 -1.29995
-1.26457 -1.30543
-1.26329 -1.30408
-1.26483 -1.30283
-1.2657 -1.3028
-1.26409 -1.30398
-1.26433 -1.30679
-1.26649 -1.30183
-1.26293 -1.30548
-1.2622 -1.30308
-1.26577 -1.3024
-1.26524 -1.30191
-1.26352 -1.30346
-1.26333 -1.30556
-1.26143 -1.30743
-1.26152 -1.30059
-1.26152 -1.30455
-1.26274 -1.30366
-1.26121 -1.30512
-1.25956 -1.3028
-1.26093 -1.3052
-1.25934 -1.30088
-1.26215 -1.30491
-1.26061 -1.30309
-1.25726 -1.30448
-1.26112 -1.30507
-1.26045 -1.30135
-1.25825 -1.30414
-1.26072 -1.30289
-1.25995 -1.30279
-1.26052 -1.30238
-1.25771 -1.30465
-1.2612 -1.30243
-1.26227 -1.30386
-1.25835 -1.30439
-1.26128 -1.30472
-1.26032 -1.3047
-1.25756 -1.30494
-1.26001 -1.30579
-1.25977 -1.30752
-1.25888 -1.30341
-1.25757 -1.30415
-1.25797 -1.30609
-1.26006 -1.30502
-1.25817 -1.30497
-1.25983 -1.30174
-1.25769 -1.30568
-1.25918 -1.30368
-1.25595 -1.30326
-1.25875 -1.30281
-1.25646 -1.30517
-1.25706 -1.3036
-1.26088 -1.30323
-1.25878 -1.30211
-1.26028 -1.30593
-1.26143 -1.30245
-1.26389 -1.30423
-1.2594 -1.3069
-1.26067 -1.30202
-1.25774 -1.30534
-1.2612 -1.30439
-1.25906 -1.30256
-1.25995 -1.30312
-1.25971 -1.30412
-1.26008 -1.30467
-1.25784 -1.30506
-1.25845 -1.30233
-1.26068 -1.30572
-1.25972 -1.30464
-1.25944 -1.30262
-1.25894 -1.30467
-1.26012 -1.3043
-1.25668 -1.30502
-1.25896 -1.30285
-1.25622 -1.3076
-1.25771 -1.30494
-1.25681 -1.30684
-1.25794 -1.30343
-1.25905 -1.30242
-1.25573 -1.30818
-1.2585 -1.30432
-1.25445 -1.30347
-1.23941 -1.26817
-1.23629 -1.26715
-1.23584 -1.26702
-1.24028 -1.26136
-1.23659 -1.26506
-1.23676 -1.26373
-1.23952 -1.26523
-1.23712 -1.26504
-1.241 -1.26307
-1.23949 -1.26574
-1.23596 -1.26298
-1.24121 -1.26226
-1.24346 -1.26365
-1.23665 -1.26438
-1.2416 -1.2612
-1.23917 -1.26439
-1.24179 -1.26098
-1.23958 -1.26471
-1.24209 -1.26167
-1.24067 -1.26323
-1.23722 -1.26559
-1.24024 -1.26413
-1.24445 -1.25935
-1.23925 -1.26224
-1.23927 -1.26269
-1.23912 -1.26608
-1.24236 -1.26233
-1.23914 -1.26287
-1.23952 -1.26325
-1.24091 -1.26271
-1.24161 -1.2626
-1.24122 -1.26251
-1.24149 -1.26127
-1.24119 -1.26353
-1.24244 -1.2617
-1.24155 -1.26353
-1.23983 -1.2621
-1.24215 -1.26492
-1.23881 -1.26298
-1.23947 -1.26476
-1.24096 -1.26117
-1.23891 -1.26211
-1.24044 -1.26669
-1.24255 -1.25943
-1.24179 -1.26501
-1.23976 -1.26084
-1.24252 -1.26285
-1.24164 -1.26059
-1.24252 -1.26168
-1.24154 -1.26259
-1.24467 -1.25971
-1.24097 -1.26376
-1.24019 -1.26285
-1.2407 -1.26243
-1.24026 -1.26168
-1.24081 -1.26421
-1.24094 -1.26292
-1.23994 -1.26374
-1.23901 -1.26282
-1.23666 -1.26596
-1.24221 -1.26267
-1.23791 -1.2667
-1.24083 -1.26139
-1.24124 -1.26996
-1.24196 -1.26051
-1.23981 -1.26213
-1.24094 -1.26285
-1.24282 -1.26276
-1.23494 -1.26571
-1.24292 -1.26012
-1.23728 -1.26404
-1.23923 -1.26338
-1.2388 -1.26033
-1.23579 -1.26527
-1.23814 -1.26131
-1.23929 -1.2644
-1.23736 -1.26209
-1.23775 -1.2679
-1.23512 -1.2619
-1.23664 -1.26495
-1.23785 -1.26203
-1.23476 -1.26418
-1.23733 -1.26404
-1.2352 -1.26464
-1.23563 -1.26063
-1.24074 -1.26361
-1.23488 -1.26389
-1.23719 -1.26296
-1.23566 -1.2625
-1.24005 -1.26309
-1.23593 -1.26423
-1.23851 -1.25997
-1.23741 -1.26434
-1.23992 -1.26162
-1.2371 -1.26668
-1.24079 -1.2586
-1.23865 -1.26156
-1.24053 -1.25851
-1.23775 -1.26288
-1.23885 -1.26175
-1.23834 -1.25969
-1.23995 -1.25828
-1.24088 -1.26052
-1.23743 -1.26112
-1.24177 -1.26053
-1.23935 -1.25826
-1.2384 -1.25985
-1.23936 -1.26035
-1.23929 -1.25828
-1.2359 -1.2599
-1.24438 -1.25936
-1.23632 -1.25949
-1.23967 -1.25837
-1.23883 -1.25915
-1.24034 -1.25948
-1.23735 -1.26161
-1.23681 -1.26254
-1.23928 -1.25616
-1.23503 -1.25847
-1.24032 -1.25589
-1.24041 -1.26027
-1.23967 -1.25953
-1.23715 -1.25931
-1.23901 -1.25909
-1.23809 -1.25767
-1.2386 -1.25661
-1.23899 -1.25939
-1.23752 -1.25802
-1.23939 -1.2582
-1.2422 -1.25525
-1.23591 -1.26094
-1.24102 -1.2561
-1.23858 -1.25599
-1.24062 -1.25864
-1.23888 -1.25966
-1.23845 -1.2577
-1.23729 -1.25597
-1.23925 -1.25966
-1.23486 -1.25549
-1.23864 -1.2612
-1.23889 -1.25606
-1.23716 -1.25773
-1.23775 -1.25841
-1.24265 -1.25661
-1.23628 -1.2563
-1.24015 -1.25854
-1.23675 -1.25627
-1.23216 -1.26223
-1.23854 -1.25562
-1.23904 -1.25686
-1.23899 -1.25803
-1.2366 -1.25736
-1.23853 -1.25751
-1.23774 -1.2586
-1.23708 -1.2577
-1.24254 -1.25261
-1.23704 -1.25982
-1.24031 -1.25209
-1.23641 -1.25946
-1.23746 -1.25355
-1.23886 -1.25693
-1.23819 -1.25551
-1.23765 -1.25469
-1.24062 -1.25489
-1.23778 -1.25541
-1.24004 -1.25401
-1.23616 -1.25697
-1.23825 -1.25933
-1.23654 -1.25466
-1.23547 -1.25752
-1.23654 -1.2563
-1.23681 -1.25528
-1.23605 -1.25728
-1.2354 -1.25493
-1.23583 -1.25701
-1.23651 -1.25261
-1.23369 -1.2553
-1.23664 -1.25605
-1.23355 -1.25384
-1.23417 -1.2567
-1.23423 -1.25669
-1.23754 -1.25573
-1.23499 -1.25701
-1.23513 -1.25718
-1.2346 -1.25593
-1.23699 -1.25586
-1.23508 -1.25741
-1.23797 -1.25632
-1.2357 -1.25634
-1.23899 -1.25718
-1.23506 -1.25726
-1.23489 -1.25647
-1.23455 -1.25644
-1.23783 -1.25831
-1.23576 -1.25577
-1.23478 -1.25864
-1.23692 -1.25587
-1.23639 -1.25536
-1.23522 -1.26133
-1.23696 -1.25523
-1.23678 -1.25596
-1.2374 -1.25574
-1.23374 -1.25669
-1.23932 -1.25464
-1.23682 -1.25535
-1.2378 -1.25489
-1.23545 -1.25663
-1.23489 -1.25462
-1.23673 -1.25616
-1.23643 -1.25648
-1.23632 -1.25402
-1.23659 -1.25704
-1.23469 -1.25636
-1.23516 -1.25452
-1.23948 -1.25248
-1.23471 -1.25684
-1.23515 -1.25603
-1.23468 -1.25394
-1.23559 -1.25559
-1.23531 -1.25508
-1.23383 -1.25722
-1.23576 -1.25407
-1.233 -1.25787
-1.23499 -1.25223
-1.23225 -1.25785
-1.23526 -1.2528
-1.23404 -1.25726
-1.23683 -1.2515
-1.23448 -1.25847
-1.23447 -1.25363
-1.23592 -1.25775
-1.23479 -1.25494
-1.23528 -1.2565
-1.23549 -1.25735
-1.23613 -1.25288
-1.23416 -1.25673
-1.2334 -1.25767
-1.23339 -1.2561
-1.23313 -1.25785
-1.23235 -1.25493
-1.23402 -1.25837
-1.23268 -1.25566
-1.23141 -1.25897
-1.23407 -1.25453
-1.23114 -1.25817
-1.2322 -1.2566
-1.23174 -1.2578
-1.23129 -1.25424
-1.2314 -1.25768
-1.23522 -1.25494
-1.23159 -1.25654
-1.23324 -1.25465
-1.23188 -1.25541
-1.23451 -1.25665
-1.23292 -1.25348
-1.23203 -1.25643
-1.23012 -1.25675
-1.2311 -1.25663
-1.23428 -1.25551
-1.23163 -1.25583
-1.2309 -1.25616
-1.2347 -1.2538
-1.23203 -1.25433
-1.2331 -1.25758
-1.23369 -1.25366
-1.23105 -1.25715
-1.23481 -1.25538
-1.23282 -1.25298
-1.23163 -1.25867
-1.23262 -1.25354
-1.23538 -1.25475
-1.2306 -1.25432
-1.2311 -1.25481
-1.2332 -1.25614
-1.2338 -1.25409
-1.2345 -1.25549
-1.23336 -1.25448
-1.23545 -1.25357
-1.2339 -1.25416
-1.23266 -1.25375
-1.23494 -1.25635
-1.23181 -1.25475
-1.23542 -1.25345
-1.23179 -1.25678
-1.2359 -1.25241
-1.23266 -1.25654
-1.23354 -1.25312
-1.23345 -1.25477
-1.23645 -1.25441
-1.23438 -1.25449
-1.23524 -1.2561
-1.23244 -1.25547
-1.2362 -1.2513
-1.23434 -1.25452
-1.23354 -1.25627
-1.2356 -1.25016
-1.2343 -1.25433
-1.23487 -1.25488
-1.23119 -1.252
-1.2335 -1.25545
-1.23262 -1.2521
-1.23539 -1.25044
-1.23222 -1.25645
-1.23275 -1.25224
-1.23413 -1.25204
-1.23281 -1.25335
-1.23376 -1.25026
-1.23488 -1.25784
-1.23295 -1.25078
-1.23117 -1.25409
-1.23405 -1.25095
-1.23314 -1.2531
-1.22882 -1.25493
-1.23484 -1.24855
-1.22844 -1.25619
-1.23185 -1.25105
-1.23009 -1.25389
-1.23215 -1.25289
-1.23151 -1.25568
-1.23242 -1.25314
-1.23004 -1.25137
-1.23066 -1.25419
-1.23065 -1.25619
-1.23218 -1.25114
-1.23149 -1.25394
-1.23017 -1.25331
-1.23304 -1.25083
-1.22799 -1.25457
-1.23249 -1.25289
-1.22904 -1.25358
-1.23057 -1.25414
-1.22903 -1.25287
-1.22986 -1.25506
-1.23144 -1.25099
-1.22855 -1.25456
-1.23209 -1.25214
-1.23293 -1.2501
-1.2325 -1.25135
-1.23024 -1.25517
-1.23489 -1.25076
-1.23218 -1.24992
-1.22922 -1.25313
-1.23114 -1.25195
-1.23082 -1.25035
-1.22842 -1.253
-1.23293 -1.24896
-1.22995 -1.25167
-1.23101 -1.24959
-1.23214 -1.25392
-1.22852 -1.25094
-1.23038 -1.25081
-1.23068 -1.2536
-1.23035 -1.25388
-1.22958 -1.25283
-1.23104 -1.25231
-1.22924 -1.2536
-1.2294 -1.25277
-1.2288 -1.25548
-1.23223 -1.25108
-1.231 -1.25064
-1.23002 -1.25654
-1.22923 -1.25082
-1.22995 -1.25312
-1.22921 -1.25234
-1.23004 -1.25175
-1.23012 -1.2511
-1.23007 -1.25282
-1.2298 -1.25251
-1.22826 -1.24829
-1.22782 -1.25469
-1.2299 -1.24946
-1.22718 -1.25609
-1.23126 -1.25076
-1.22793 -1.25526
-1.2312 -1.25265
-1.22837 -1.25317
-1.23187 -1.24929
-1.23172 -1.25372
-1.22887 -1.24799
-1.23096 -1.25323
-1.22968 -1.25
-1.23026 -1.24976
-1.23199 -1.25222
-1.22964 -1.24979
-1.23372 -1.24883
-1.22991 -1.24945
-1.23209 -1.24792
-1.23125 -1.25052
-1.23132 -1.24986
-1.23175 -1.25146
-1.23216 -1.24599
-1.23253 -1.25073
-1.23438 -1.2493
-1.23145 -1.24829
-1.23408 -1.24702
-1.2316 -1.2503
-1.23217 -1.24728
-1.23351 -1.24786
-1.23271 -1.24563
-1.23399 -1.24636
-1.23304 -1.24643
-1.2346 -1.24698
-1.23024 -1.24845
-1.23452 -1.24443
-1.23407 -1.24488
-1.23206 -1.24814
-1.23445 -1.24701
-1.23263 -1.24651
-1.23146 -1.24818
-1.23258 -1.24594
-1.23099 -1.24699
-1.2337 -1.24752
-1.2316 -1.24754
-1.23193 -1.24728
-1.23196 -1.24555
-1.23037 -1.24638
-1.22967 -1.2448
-1.23079 -1.24802
-1.23235 -1.24816
-1.22932 -1.24553
-1.22843 -1.24657
-1.23007 -1.24815
-1.22708 -1.24406
-1.23099 -1.24854
-1.23143 -1.24606
-1.23047 -1.24811
-1.23123 -1.24659
-1.23018 -1.247
-1.23202 -1.24704
-1.2297 -1.24674
-1.23008 -1.24567
-1.23001 -1.24686
-1.23048 -1.24624
-1.23028 -1.24806
-1.23193 -1.24495
-1.23025 -1.24872
-1.23036 -1.24556
-1.23101 -1.24849
-1.23071 -1.24643
-1.23041 -1.24492
-1.23001 -1.24719
-1.23282 -1.24405
-1.22978 -1.2469
-1.23111 -1.24746
-1.23005 -1.24478
-1.23036 -1.24735
-1.23172 -1.24326
-1.22908 -1.24805
-1.23162 -1.24396
-1.23207 -1.24517
-1.23029 -1.24698
-1.23079 -1.24125
-1.22999 -1.24972
-1.22984 -1.24395
-1.22973 -1.2472
-1.22856 -1.24553
-1.23112 -1.2474
-1.23091 -1.24581
-1.23317 -1.2482
-1.23044 -1.2437
-1.23055 -1.24695
-1.22968 -1.24401
-1.22918 -1.24802
-1.23112 -1.24316
-1.22792 -1.24742
-1.22988 -1.24201
-1.2295 -1.24553
-1.23077 -1.2451
-1.23002 -1.24525
-1.22895 -1.24586
-1.22916 -1.24468
-1.2297 -1.245
-1.22785 -1.24891
-1.22973 -1.24381
-1.22797 -1.24584
-1.22908 -1.24455
-1.22865 -1.24566
-1.2318 -1.24425
-1.22813 -1.25031
-1.22986 -1.24197
-1.23263 -1.2426
-1.22527 -1.25002
-1.23234 -1.24342
-1.23141 -1.24548
-1.22765 -1.24406
-1.23087 -1.24379
-1.22911 -1.24601
-1.22788 -1.24511
-1.22926 -1.24664
-1.2305 -1.24206
-1.22848 -1.24353
-1.2316 -1.24339
-1.22893 -1.24416
-1.23246 -1.24132
-1.23183 -1.24282
-1.22888 -1.24582
-1.22888 -1.24207
-1.23029 -1.24262
-1.23013 -1.24725
-1.23048 -1.24002
-1.23045 -1.2458
-1.22584 -1.24529
-1.23109 -1.24307
-1.2253 -1.24733
-1.23071 -1.24281
-1.22876 -1.24637
-1.22927 -1.24389
-1.22912 -1.24603
-1.2289 -1.24439
-1.22777 -1.24292
-1.22775 -1.2458
-1.22802 -1.24454
-1.22632 -1.2419
-1.22768 -1.24442
-1.22754 -1.24534
-1.2272 -1.24182
-1.22751 -1.24432
-1.22571 -1.24535
-1.23108 -1.24302
-1.22448 -1.24485
-1.22733 -1.24485
-1.22567 -1.2468
-1.22907 -1.24158
-1.22635 -1.24375
-1.22793 -1.24186
-1.22337 -1.2466
-1.2283 -1.24223
-1.22555 -1.24422
-1.2296 -1.24149
-1.22442 -1.24479
-1.22845 -1.24189
-1.22706 -1.2435
-1.22824 -1.24204
-1.226 -1.24417
-1.2267 -1.2432
-1.22856 -1.24472
-1.22952 -1.24023
-1.22727 -1.24529
-1.22951 -1.24261
-1.22624 -1.24536
-1.22788 -1.24375
-1.22732 -1.24192
-1.22848 -1.24281
-1.22582 -1.24533
-1.22733 -1.24473
-1.22926 -1.23778
-1.22545 -1.24797
-1.22713 -1.24062
-1.22482 -1.24707
-1.22922 -1.24153
-1.22798 -1.24186
-1.22608 -1.24684
-1.22703 -1.24064
-1.2284 -1.24491
-1.22685 -1.24027
-1.2298 -1.2445
-1.22655 -1.24302
-1.22638 -1.24221
-1.22691 -1.2411
-1.22953 -1.24333
-1.22826 -1.24139
-1.23019 -1.24138
-1.22493 -1.24221
-1.22843 -1.2408
-1.22633 -1.24155
-1.2272 -1.24185
-1.22496 -1.24289
-1.23181 -1.23977
-1.22596 -1.2413
-1.22957 -1.23956
-1.22683 -1.24189
-1.22721 -1.23764
-1.22637 -1.24155
-1.22661 -1.24264
-1.22623 -1.24034
-1.22761 -1.24027
-1.22836 -1.23924
-1.2263 -1.24252
-1.22267 -1.24404
-1.2271 -1.24168
-1.22334 -1.24389
-1.22617 -1.24063
-1.22839 -1.23922
-1.22301 -1.24265
-1.22592 -1.24119
-1.22766 -1.24193
-1.22921 -1.24004
-1.22597 -1.24001
-1.22457 -1.24316
-1.22509 -1.24364
-1.22438 -1.23915
-1.22547 -1.2446
-1.22465 -1.24185
-1.22419 -1.24375
-1.22584 -1.24225
-1.2242 -1.24197
-1.22486 -1.24231
-1.22527 -1.242
-1.22622 -1.24127
-1.22337 -1.24373
-1.22384 -1.23881
-1.22634 -1.24343
-1.22453 -1.24069
-1.22199 -1.24287
-1.22288 -1.24225
-1.22315 -1.24463
-1.2221 -1.23835
-1.2237 -1.24275
-1.22343 -1.24142
-1.22194 -1.24114
-1.22264 -1.24191
-1.22449 -1.23989
-1.22406 -1.2408
-1.22436 -1.24143
-1.22579 -1.23805
-1.22504 -1.24147
-1.22632 -1.23781
-1.2268 -1.23883
-1.22598 -1.24157
-1.22624 -1.23649
-1.22643 -1.23871
-1.22506 -1.2389
-1.22422 -1.24131
-1.22824 -1.23798
-1.2264 -1.23747
-1.22377 -1.24135
-1.2255 -1.2375
-1.22426 -1.24003
-1.22269 -1.23998
-1.22205 -1.23915
-1.22423 -1.24089
-1.22553 -1.23681
-1.22076 -1.24176
-1.22576 -1.23832
-1.22485 -1.23965
-1.22341 -1.23873
-1.22794 -1.23894
-1.22449 -1.2394
-1.22497 -1.23873
-1.22399 -1.24109
-1.22655 -1.23821
-1.22565 -1.24066
-1.22554 -1.23858
-1.22573 -1.23763
-1.22597 -1.23715
-1.22415 -1.23757
-1.22508 -1.23918
-1.22541 -1.23671
-1.22373 -1.23943
-1.22459 -1.23483
-1.22177 -1.24173
-1.22546 -1.23369
-1.2218 -1.23889
-1.22663 -1.23677
-1.22151 -1.2374
-1.2222 -1.23663
-1.22174 -1.24093
-1.22134 -1.23697
-1.22209 -1.23635
-1.22252 -1.23898
-1.22074 -1.23791
-1.22242 -1.23611
-1.22071 -1.24042
-1.22342 -1.23359
-1.22167 -1.24168
-1.22363 -1.23555
-1.22365 -1.23711
-1.22172 -1.23657
-1.22263 -1.23921
-1.22133 -1.23565
-1.22152 -1.23846
-1.22072 -1.23579
-1.22162 -1.2388
-1.22162 -1.23726
-1.22134 -1.23892
-1.22271 -1.23441
-1.21914 -1.24
-1.22189 -1.235
-1.22228 -1.23862
-1.22025 -1.23774
-1.22239 -1.23545
-1.22296 -1.23557
-1.22162 -1.23869
-1.22147 -1.23677
-1.22152 -1.23775
-1.22269 -1.23706
-1.22172 -1.23636
-1.22066 -1.23691
-1.22542 -1.23524
-1.2201 -1.23801
-1.22249 -1.23694
-1.22093 -1.23731
-1.22217 -1.23596
-1.22133 -1.23689
-1.22318 -1.23986
-1.22097 -1.23847
-1.22092 -1.23811
-1.22174 -1.23676
-1.22159 -1.23676
-1.22099 -1.23937
-1.22398 -1.23664
-1.22322 -1.23986
-1.22337 -1.23413
-1.22206 -1.24079
-1.22222 -1.23792
-1.22454 -1.23668
-1.22369 -1.23564
-1.22211 -1.23563
-1.22352 -1.23919
-1.21976 -1.23905
-1.22318 -1.23757
-1.2204 -1.23815
-1.22205 -1.23736
-1.22107 -1.23532
-1.22138 -1.23914
-1.22009 -1.23633
-1.22044 -1.23701
-1.22094 -1.23599
-1.21897 -1.23551
-1.22119 -1.23683
-1.21692 -1.23745
-1.22159 -1.23426
-1.21657 -1.23951
-1.22056 -1.2348
-1.22062 -1.23496
-1.21745 -1.2391
-1.22182 -1.23636
-1.2177 -1.23623
-1.22147 -1.23814
-1.21745 -1.23702
-1.2163 -1.23698
-1.21912 -1.23781
-1.21943 -1.23527
-1.21944 -1.23956
-1.21857 -1.23512
-1.21862 -1.2382
-1.22051 -1.23769
-1.21591 -1.23787
-1.22223 -1.23688
-1.21995 -1.23608
-1.21901 -1.23913
-1.21986 -1.23409
-1.21808 -1.23844
-1.2222 -1.23638
-1.2182 -1.23566
-1.22053 -1.23494
-1.22028 -1.23642
-1.21885 -1.23459
-1.22082 -1.23818
-1.21788 -1.23466
-1.22141 -1.23371
-1.22099 -1.2345
-1.2195 -1.23765
-1.21871 -1.23478
-1.21919 -1.23549
-1.2177 -1.23772
-1.21883 -1.23427
-1.21972 -1.23509
-1.21889 -1.23615
-1.21839 -1.23677
-1.21906 -1.23404
-1.22023 -1.23667
-1.21892 -1.23618
-1.21676 -1.23674
-1.22053 -1.23333
-1.21714 -1.23678
-1.21839 -1.2359
-1.21558 -1.23664
-1.21654 -1.23722
-1.21638 -1.23655
-1.21557 -1.23352
-1.21615 -1.23903
-1.21809 -1.23247
-1.2151 -1.23692
-1.21638 -1.23549
-1.21653 -1.23656
-1.21358 -1.23459
-1.21744 -1.23683
-1.21713 -1.23316
-1.21591 -1.23663
-1.21596 -1.23416
-1.21638 -1.23804
-1.2159 -1.23624
-1.21772 -1.23191
-1.21556 -1.23605
-1.22011 -1.23218
-1.21802 -1.23543
-1.21637 -1.23589
-1.22074 -1.2306
-1.22059 -1.23563
-1.21933 -1.23442
-1.22169 -1.23182
-1.21774 -1.23035
-1.21993 -1.23219
-1.21816 -1.23383
-1.21994 -1.23113
-1.21994 -1.23338
-1.21692 -1.23318
-1.21863 -1.23142
-1.21952 -1.23324
-1.21912 -1.2331
-1.22077 -1.23033
-1.21843 -1.23235
-1.21775 -1.23326
-1.21707 -1.2312
-1.2173 -1.23137
-1.21811 -1.23272
-1.21938 -1.23132
-1.21838 -1.23284
-1.21913 -1.23299
-1.21789 -1.23048
-1.21732 -1.23251
-1.22048 -1.23205
-1.21891 -1.23258
-1.22087 -1.23027
-1.21852 -1.23413
-1.21935 -1.22994
-1.21985 -1.23337
-1.21755 -1.23232
-1.21952 -1.2295
-1.22193 -1.23303
-1.21765 -1.2334
-1.21848 -1.23178
-1.21991 -1.2279
-1.21859 -1.23219
-1.21955 -1.23121
-1.21989 -1.23151
-1.22139 -1.23133
-1.21796 -1.23098
-1.22214 -1.22907
-1.22146 -1.23197
-1.21921 -1.23054
-1.2234 -1.228
-1.22028 -1.23085
-1.22298 -1.2326
-1.2208 -1.23139
-1.22162 -1.2312
-1.22086 -1.22938
-1.22134 -1.23045
-1.22258 -1.23301
-1.22139 -1.22983
-1.2206 -1.23357
-1.22095 -1.22884
-1.22339 -1.23269
-1.22186 -1.23159
-1.22209 -1.22877
-1.22055 -1.23464
-1.22369 -1.22882
-1.22347 -1.23001
-1.22274 -1.22917
-1.2235 -1.23147
-1.22287 -1.23089
-1.22134 -1.23272
-1.22526 -1.22903
-1.22483 -1.23028
-1.22348 -1.22969
-1.22194 -1.23161
-1.22398 -1.23079
-1.22199 -1.23366
-1.22168 -1.23049
-1.22266 -1.23198
-1.22217 -1.22769
-1.2202 -1.23377
-1.22155 -1.22916
-1.22428 -1.23242
-1.22108 -1.22975
-1.22294 -1.23203
-1.21937 -1.23274
-1.21939 -1.23159
-1.22199 -1.22781
-1.22081 -1.23308
-1.21776 -1.22926
-1.22133 -1.23238
-1.2176 -1.23158
-1.21953 -1.2291
-1.22181 -1.23199
-1.21968 -1.23271
-1.21963 -1.23022
-1.21935 -1.23185
-1.2186 -1.23091
-1.21818 -1.23479
-1.21982 -1.22932
-1.21849 -1.2334
-1.21975 -1.23119
-1.21774 -1.22895
-1.21992 -1.23054
-1.21744 -1.2316
-1.22044 -1.231
-1.2172 -1.22974
-1.21796 -1.23111
-1.2193 -1.22942
-1.21926 -1.22991
-1.2178 -1.22977
-1.21773 -1.22911
-1.22005 -1.23001
-1.21794 -1.23239
-1.21822 -1.22833
-1.21764 -1.23085
-1.21953 -1.23027
-1.2175 -1.22985
-1.21713 -1.23121
-1.21848 -1.23182
-1.21768 -1.23007
-1.2176 -1.22959
-1.2175 -1.23344
-1.21855 -1.22963
-1.21771 -1.23083
-1.21688 -1.23387
-1.21716 -1.22757
-1.21765 -1.23322
-1.21641 -1.23073
-1.21901 -1.22964
-1.21562 -1.23142
-1.21784 -1.23223
-1.21535 -1.23076
-1.21624 -1.23135
-1.21701 -1.22762
-1.21624 -1.23413
-1.21784 -1.227
-1.21566 -1.23442
-1.21635 -1.22762
-1.21397 -1.23227
-1.21493 -1.22778
-1.21751 -1.23063
-1.21355 -1.23071
-1.21615 -1.23211
-1.21515 -1.2295
-1.2166 -1.23072
-1.21304 -1.23391
-1.21772 -1.22951
-1.21656 -1.22946
-1.21652 -1.23152
-1.21266 -1.23025
-1.21494 -1.23238
-1.21724 -1.22896
-1.2149 -1.23078
-1.21555 -1.23079
-1.21831 -1.22864
-1.21382 -1.23219
-1.21805 -1.22935
-1.21661 -1.22876
-1.21619 -1.2309
-1.21631 -1.23077
-1.21798 -1.22961
-1.21541 -1.22743
-1.21485 -1.22916
-1.21542 -1.23198
-1.21512 -1.22959
-1.2145 -1.23149
-1.2142 -1.23221
-1.21711 -1.22871
-1.21695 -1.22934
-1.21499 -1.23011
-1.21431 -1.23131
-1.21667 -1.22771
-1.21432 -1.2308
-1.21779 -1.2273
-1.21543 -1.23198
-1.21647 -1.22878
-1.2163 -1.23252
-1.21605 -1.2315
-1.21617 -1.22973
-1.21735 -1.22839
-1.21697 -1.2317
-1.21391 -1.23168
-1.21654 -1.22893
-1.21619 -1.23274
-1.21704 -1.22732
-1.21512 -1.22909
-1.21692 -1.22888
-1.21409 -1.22965
-1.21586 -1.22961
-1.21596 -1.22731
-1.21397 -1.22953
-1.21578 -1.22889
-1.21595 -1.22571
-1.2139 -1.22919
-1.21504 -1.22963
-1.21378 -1.22957
-1.21429 -1.22881
-1.21247 -1.22996
-1.21539 -1.22774
-1.2121 -1.23112
-1.21543 -1.2298
-1.21261 -1.23068
-1.21693 -1.22883
-1.21372 -1.23098
-1.21378 -1.22885
-1.21558 -1.22606
-1.21532 -1.23013
-1.21494 -1.22668
-1.21366 -1.23338
-1.21655 -1.22343
-1.21204 -1.23326
-1.21417 -1.22727
-1.21371 -1.22878
-1.21354 -1.23002
-1.21506 -1.22786
-1.21295 -1.2306
-1.2154 -1.22677
-1.21552 -1.23018
-1.21446 -1.22686
-1.21524 -1.22902
-1.21453 -1.22922
-1.21416 -1.22906
-1.21715 -1.2256
-1.21581 -1.23087
-1.21679 -1.22719
-1.21504 -1.2281
-1.21492 -1.22757
-1.21322 -1.22742
-1.21709 -1.23015
-1.21257 -1.23018
-1.21289 -1.22525
-1.21525 -1.22916
-1.21369 -1.22715
-1.21351 -1.23055
-1.21254 -1.22636
-1.21583 -1.22806
-1.21315 -1.2292
-1.21424 -1.22789
-1.21516 -1.22902
-1.21641 -1.22709
-1.21295 -1.23017
-1.21427 -1.2308
-1.21484 -1.22738
-1.2112 -1.23152
-1.21298 -1.22987
-1.21421 -1.2324
-1.2119 -1.22897
-1.21335 -1.23324
-1.21154 -1.23092
-1.21106 -1.23137
-1.21144 -1.23184
-1.21492 -1.22905
-1.21136 -1.23224
-1.21193 -1.2307
-1.21155 -1.23055
-1.21462 -1.22787
-1.20931 -1.23341
-1.21379 -1.22727
-1.21101 -1.2337
-1.21031 -1.23012
-1.2129 -1.23113
-1.20984 -1.23082
-1.21244 -1.23134
-1.21149 -1.23126
-1.21183 -1.23233
-1.21186 -1.23024
-1.2128 -1.23275
-1.214 -1.22959
-1.2128 -1.23103
-1.21448 -1.22863
-1.21299 -1.22802
-1.21444 -1.23079
-1.21197 -1.22839
-1.21172 -1.23042
-1.2111 -1.22906
-1.21122 -1.23025
-1.21183 -1.22934
-1.21276 -1.23121
-1.21012 -1.22869
-1.21183 -1.22944
-1.21041 -1.22966
-1.2116 -1.23117
-1.21304 -1.22645
-1.21056 -1.23209
-1.21292 -1.22594
-1.21316 -1.22994
-1.21185 -1.22908
-1.21192 -1.22699
-1.21225 -1.23164
-1.21273 -1.22752
-1.21214 -1.22668
-1.20919 -1.2285
-1.21167 -1.22847
-1.21222 -1.2282
-1.21362 -1.22559
-1.21051 -1.22839
-1.21114 -1.2299
-1.21103 -1.22827
-1.21132 -1.22908
-1.20887 -1.22567
-1.21148 -1.22891
-1.21051 -1.22808
-1.21071 -1.22947
-1.21144 -1.22743
-1.21381 -1.22718
-1.20825 -1.22698
-1.2139 -1.22302
-1.20824 -1.22931
-1.21207 -1.22756
-1.20974 -1.22596
-1.21 -1.2276
-1.21094 -1.2282
-1.20946 -1.22623
-1.21139 -1.22719
-1.20963 -1.22783
-1.21152 -1.2256
-1.20961 -1.22676
-1.20962 -1.22688
-1.21131 -1.22642
-1.21012 -1.22811
-1.20874 -1.22774
-1.21058 -1.22654
-1.2104 -1.22629
-1.20664 -1.22945
-1.21015 -1.2269
-1.20964 -1.22993
-1.20938 -1.22541
-1.20997 -1.22933
-1.20926 -1.22793
-1.20969 -1.22596
-1.20982 -1.22709
-1.20979 -1.22708
-1.21064 -1.22612
-1.21076 -1.22787
-1.20785 -1.22666
-1.21034 -1.22625
-1.20755 -1.22746
-1.21036 -1.22695
-1.2091 -1.22494
-1.21184 -1.22887
-1.20939 -1.22341
-1.2101 -1.22737
-1.20898 -1.22774
-1.21109 -1.22466
-1.20959 -1.22442
-1.21182 -1.22713
-1.21055 -1.22504
-1.21157 -1.2243
-1.21319 -1.22498
-1.20831 -1.22784
-1.21416 -1.22273
-1.209 -1.22718
-1.21025 -1.22659
-1.21264 -1.22229
-1.20976 -1.22776
-1.21118 -1.22406
-1.20924 -1.22731
-1.20913 -1.22447
-1.20876 -1.22539
-1.20819 -1.22782
-1.21103 -1.22587
-1.21071 -1.22514
-1.20842 -1.22445
-1.20927 -1.22754
-1.20982 -1.2275
-1.21228 -1.22347
-1.20758 -1.22721
-1.2108 -1.22512
-1.21111 -1.22276
-1.2086 -1.22492
-1.20815 -1.22593
-1.20881 -1.22406
-1.20767 -1.22439
-1.21339 -1.22606
-1.20791 -1.22461
-1.20877 -1.22408
-1.20904 -1.22709
-1.20759 -1.2261
-1.21152 -1.22459
-1.20559 -1.22741
-1.20914 -1.22512
-1.20615 -1.22917
-1.20935 -1.22424
-1.20884 -1.22688
-1.20912 -1.22622
-1.2092 -1.22454
-1.20761 -1.22919
-1.20858 -1.22189
-1.20789 -1.22856
-1.20992 -1.22306
-1.20959 -1.22602
-1.20943 -1.22797
-1.21165 -1.22274
-1.20581 -1.22578
-1.21195 -1.22183
-1.21008 -1.22462
-1.21039 -1.22362
-1.20906 -1.22564
-1.21086 -1.22392
-1.20891 -1.22358
-1.20817 -1.22585
-1.20946 -1.22131
-1.20764 -1.22469
-1.20921 -1.22401
-1.20996 -1.22375
-1.20871 -1.22269
-1.2092 -1.22571
-1.20761 -1.22358
-1.20988 -1.22493
-1.20929 -1.22276
-1.21163 -1.22609
-1.20724 -1.22356
-1.20962 -1.22585
-1.20984 -1.22267
-1.20858 -1.22518
-1.21281 -1.2225
-1.20625 -1.22568
-1.21027 -1.22389
-1.20942 -1.227
-1.20984 -1.2224
-1.20967 -1.22417
-1.20991 -1.22507
-1.20805 -1.22613
-1.21185 -1.22327
-1.20836 -1.22603
-1.21118 -1.22387
-1.20916 -1.22575
-1.20977 -1.22426
-1.21055 -1.22461
-1.20819 -1.22488
-1.20966 -1.22217
-1.2098 -1.22291
-1.21119 -1.22358
-1.21056 -1.22447
-1.21138 -1.22345
-1.20951 -1.22188
-1.21184 -1.22289
-1.20772 -1.22698
-1.21165 -1.21949
-1.21097 -1.22498
-1.20988 -1.22189
-1.2102 -1.22435
-1.21042 -1.22245
-1.20807 -1.22427
-1.2069 -1.22205
-1.20955 -1.22469
-1.2073 -1.22364
-1.20975 -1.22487
-1.20936 -1.2219
-1.2088 -1.22286
-1.21069 -1.22369
-1.20696 -1.22377
-1.20973 -1.22187
-1.20891 -1.22541
-1.21041 -1.22385
-1.20632 -1.22659
-1.2115 -1.22134
-1.20737 -1.22493
-1.2111 -1.22224
-1.20933 -1.22232
-1.20906 -1.22625
-1.21166 -1.22062
-1.21078 -1.2243
-1.20968 -1.22423
-1.21137 -1.22351
-1.2098 -1.22407
-1.20974 -1.22321
-1.20803 -1.22586
-1.21161 -1.22136
-1.20589 -1.22573
-1.21063 -1.22439
-1.20873 -1.22489
-1.2078 -1.22336
-1.20866 -1.22502
-1.20911 -1.22422
-1.20866 -1.22554
-1.20991 -1.22072
-1.20825 -1.22638
-1.20668 -1.22229
-1.20877 -1.22558
-1.20589 -1.22181
-1.20955 -1.22392
-1.2079 -1.22426
-1.20871 -1.22346
-1.20532 -1.22516
-1.20843 -1.22185
-1.20683 -1.22344
-1.20905 -1.22207
-1.21083 -1.2238
-1.21031 -1.22138
-1.2082 -1.22322
-1.20978 -1.22217
-1.20802 -1.2231
-1.2088 -1.22232
-1.20706 -1.22171
-1.20812 -1.22285
-1.2088 -1.22287
-1.20812 -1.22534
-1.20812 -1.2225
-1.20892 -1.22039
-1.20814 -1.22267
-1.2073 -1.22309
-1.20865 -1.22131
-1.20617 -1.22073
-1.21232 -1.22244
-1.20691 -1.22062
-1.20886 -1.22028
-1.20773 -1.22364
-1.21166 -1.21881
-1.20724 -1.22166
-1.21077 -1.22175
-1.20832 -1.2191
-1.20891 -1.22294
-1.20812 -1.22148
-1.20763 -1.22157
-1.20911 -1.2228
-1.20901 -1.2237
-1.20753 -1.21955
-1.21104 -1.22302
-1.20818 -1.22264
-1.20868 -1.21949
-1.20492 -1.22392
-1.20612 -1.22121
-1.20516 -1.22248
-1.20629 -1.22428
-1.20653 -1.22215
-1.20826 -1.22126
-1.20391 -1.22164
-1.20726 -1.22109
-1.20557 -1.22209
-1.2075 -1.22153
-1.20472 -1.22086
-1.20667 -1.22009
-1.20787 -1.21831
-1.20541 -1.22156
-1.20833 -1.21762
-1.20627 -1.22038
-1.2071 -1.21992
-1.20738 -1.2194
-1.20761 -1.21956
-1.20524 -1.2227
-1.20675 -1.22042
-1.20498 -1.21794
-1.20708 -1.22145
-1.20546 -1.22072
-1.20545 -1.22124
-1.2056 -1.21947
-1.20878 -1.21898
-1.20306 -1.22117
-1.20839 -1.22057
-1.20651 -1.21985
-1.20609 -1.22031
-1.20669 -1.21985
-1.20542 -1.21958
-1.20771 -1.22001
-1.20678 -1.21972
-1.20669 -1.2188
-1.20522 -1.22114
-1.20675 -1.22117
-1.2066 -1.21716
-1.20359 -1.22394
-1.20619 -1.21745
-1.20614 -1.2225
-1.20642 -1.21895
-1.20716 -1.2206
-1.2075 -1.21856
-1.20702 -1.21964
-1.20728 -1.21946
-1.2067 -1.22208
-1.2078 -1.21564
-1.20496 -1.22384
-1.20589 -1.21973
-1.20725 -1.22153
-1.20717 -1.21851
