0 0
-0.171483 -0.161487
-0.331235 -0.313209
-0.478401 -0.454153
-0.614571 -0.584789
-0.738907 -0.70528
-0.847559 -0.814551
-0.946425 -0.913548
-1.03276 -1.00068
-1.10151 -1.07946
-1.16014 -1.14703
-1.20493 -1.20375
-1.23571 -1.24665
-1.26076 -1.28996
-1.27123 -1.32387
-1.28308 -1.34779
-1.28814 -1.36972
-1.28884 -1.39235
-1.28926 -1.40409
-1.29036 -1.41924
-1.2849 -1.43119
-1.2823 -1.4379
-1.2782 -1.44867
-1.26737 -1.43297
-1.26783 -1.45197
-1.26508 -1.45748
-1.26143 -1.4652
-1.25523 -1.4616
-1.25504 -1.46993
-1.24514 -1.47002
-1.24363 -1.4738
-1.24826 -1.46051
-1.25419 -1.47255
-1.25342 -1.45979
-1.25749 -1.46658
-1.2596 -1.46046
-1.25776 -1.45939
-1.2595 -1.46058
-1.26153 -1.45494
-1.25972 -1.45721
-1.26341 -1.45295
-1.26436 -1.45222
-1.26582 -1.45348
-1.26739 -1.45144
-1.26644 -1.45066
-1.2701 -1.44942
-1.26826 -1.44569
-1.27294 -1.44651
-1.27196 -1.44562
-1.27204 -1.44636
-1.2741 -1.44426
-1.27719 -1.44071
-1.26999 -1.44952
-1.27878 -1.43978
-1.27634 -1.4402
-1.27889 -1.43929
-1.27682 -1.43642
-1.27979 -1.43682
-1.28032 -1.43995
-1.27802 -1.43444
-1.27939 -1.43338
-1.28138 -1.43819
-1.28079 -1.43089
-1.28378 -1.43595
-1.28273 -1.43205
-1.28144 -1.43349
-1.28514 -1.43426
-1.28448 -1.43017
-1.2806 -1.43496
-1.28559 -1.43235
-1.28722 -1.43342
-1.28423 -1.43371
-1.29145 -1.42972
-1.28443 -1.43297
-1.28749 -1.43066
-1.28771 -1.42819
-1.28798 -1.42888
-1.28705 -1.4258
-1.28792 -1.42905
-1.29109 -1.42629
-1.28674 -1.42954
-1.28988 -1.4253
-1.29175 -1.42482
-1.28962 -1.42788
-1.28905 -1.42516
-1.29101 -1.42275
-1.29219 -1.42538
-1.29264 -1.42388
-1.29341 -1.42511
-1.29209 -1.42433
-1.29342 -1.42568
-1.29169 -1.4236
-1.29225 -1.42103
-1.29327 -1.42497
-1.2924 -1.42435
-1.29275 -1.42279
-1.29195 -1.42273
-1.29463 -1.42526
-1.29505 -1.42154
-1.29375 -1.42451
-1.29633 -1.42191
-1.29401 -1.41917
-1.29554 -1.4196
-1.29553 -1.41907
-1.29527 -1.41936
-1.29426 -1.41935
-1.296 -1.41742
-1.2979 -1.41652
-1.29768 -1.41774
-1.29999 -1.41353
-1.2952 -1.41832
-1.29846 -1.41421
-1.29787 -1.41805
-1.29817 -1.41593
-1.2973 -1.41943
-1.29853 -1.41861
-1.29977 -1.41257
-1.29697 -1.41528
-1.30113 -1.41488
-1.30146 -1.40995
-1.30178 -1.41328
-1.30009 -1.4116
-1.30102 -1.41555
-1.2974 -1.41455
-1.29905 -1.41131
-1.29839 -1.41767
-1.30162 -1.41227
-1.30007 -1.412
-1.29787 -1.41459
-1.30083 -1.4075
-1.30012 -1.41032
-1.30122 -1.41146
-1.30283 -1.40974
-1.30128 -1.40768
-1.30161 -1.40586
-1.30094 -1.40591
-1.30451 -1.40464
-1.30341 -1.40725
-1.30062 -1.40658
-1.30568 -1.4064
-1.30214 -1.40651
-1.30142 -1.40462
-1.30151 -1.40521
-1.30238 -1.40234
-1.30201 -1.40409
-1.29997 -1.40393
-1.30259 -1.40315
-1.30098 -1.40667
-1.30291 -1.40502
-1.30447 -1.40438
-1.30165 -1.40184
-1.3024 -1.40292
-1.29853 -1.40604
-1.30139 -1.40167
-1.30376 -1.3987
-1.2997 -1.40316
-1.30025 -1.40379
-1.30227 -1.4041
-1.29995 -1.40395
-1.29865 -1.40292
-1.29999 -1.40308
-1.3011 -1.40274
-1.29887 -1.4033
-1.2975 -1.40489
-1.30093 -1.40047
-1.30103 -1.39981
-1.29996 -1.39901
-1.3051 -1.3956
-1.30019 -1.39669
-1.2992 -1.40043
-1.299 -1.40106
-1.30065 -1.39608
-1.30016 -1.39464
-1.29936 -1.40134
-1.29985 -1.39575
-1.29881 -1.39639
-1.29702 -1.39726
-1.30118 -1.39267
-1.30075 -1.39305
-1.29961 -1.39357
-1.30119 -1.39466
-1.30119 -1.39439
-1.30229 -1.3927
-1.29914 -1.39266
-1.30078 -1.39383
-1.3001 -1.39044
-1.29925 -1.39498
-1.30001 -1.38771
-1.30135 -1.39009
-1.29914 -1.39094
-1.29725 -1.39037
-1.30043 -1.38881
-1.30204 -1.38903
-1.30323 -1.38996
-1.29559 -1.39082
-1.30257 -1.39001
-1.29912 -1.3924
-1.30006 -1.38593
-1.29814 -1.3899
-1.30202 -1.38962
-1.29736 -1.3865
-1.29843 -1.38744
-1.29915 -1.38835
-1.29863 -1.38945
-1.29706 -1.38763
-1.29765 -1.3892
-1.29395 -1.39012
-1.29925 -1.3863
-1.30009 -1.38626
-1.29615 -1.38717
-1.29852 -1.38761
-1.29832 -1.38796
-1.29843 -1.38552
-1.29601 -1.38944
-1.29677 -1.38461
-1.29982 -1.38635
-1.2967 -1.3856
-1.29849 -1.38217
-1.30161 -1.38641
-1.29734 -1.38517
-1.30036 -1.38499
-1.29739 -1.38682
-1.29931 -1.38342
-1.29923 -1.38304
-1.29612 -1.38479
-1.2981 -1.38268
-1.29267 -1.38499
-1.29631 -1.38923
-1.29458 -1.38437
-1.29722 -1.38456
-1.29866 -1.38043
-1.29464 -1.38406
-1.29396 -1.38558
-1.2931 -1.38847
-1.29435 -1.38305
-1.29232 -1.38513
-1.29446 -1.38361
-1.29199 -1.38494
-1.294 -1.38358
-1.29399 -1.38552
-1.29101 -1.38507
-1.29359 -1.38169
-1.29014 -1.3834
-1.29381 -1.38383
-1.29233 -1.3803
-1.29274 -1.3805
-1.29443 -1.38021
-1.2921 -1.38239
-1.29394 -1.37988
-1.29459 -1.3797
-1.29245 -1.37622
-1.2955 -1.37703
-1.29077 -1.38068
-1.28953 -1.38119
-1.29294 -1.37703
-1.2927 -1.3766
-1.29113 -1.37554
-1.29396 -1.37689
-1.29225 -1.37536
-1.293 -1.37682
-1.29125 -1.37703
-1.29174 -1.3764
-1.29143 -1.37605
-1.29025 -1.37557
-1.29344 -1.37531
-1.29113 -1.3715
-1.29259 -1.37301
-1.28834 -1.37471
-1.29373 -1.3727
-1.29113 -1.37296
-1.29012 -1.37471
-1.29088 -1.36957
-1.2898 -1.37634
-1.28945 -1.37247
-1.29102 -1.36971
-1.29129 -1.36893
-1.2883 -1.37307
-1.28716 -1.37051
-1.28834 -1.37021
-1.28977 -1.37099
-1.29015 -1.36674
-1.29119 -1.36901
-1.28772 -1.37416
-1.28791 -1.3684
-1.29203 -1.36914
-1.28685 -1.36779
-1.2854 -1.36981
-1.28632 -1.3676
-1.28746 -1.36702
-1.28735 -1.3687
-1.28977 -1.36599
-1.28866 -1.36699
-1.28595 -1.36564
-1.2852 -1.36709
-1.28797 -1.36504
-1.28314 -1.36811
-1.28647 -1.36688
-1.28417 -1.36577
-1.28455 -1.36657
-1.28527 -1.36533
-1.28321 -1.36747
-1.28847 -1.36293
-1.2874 -1.36414
-1.28846 -1.36672
-1.28655 -1.35916
-1.28856 -1.36199
-1.28372 -1.36245
-1.28421 -1.36556
-1.28611 -1.36257
-1.28518 -1.36288
-1.28376 -1.35994
-1.28687 -1.3604
-1.28467 -1.36213
-1.28531 -1.36154
-1.28381 -1.36014
-1.28345 -1.36031
-1.28455 -1.36275
-1.28575 -1.36169
-1.2844 -1.36083
-1.28691 -1.35913
-1.28365 -1.35942
-1.28689 -1.36233
-1.28296 -1.36198
-1.28507 -1.36079
-1.28366 -1.35743
-1.28452 -1.35937
-1.28221 -1.35984
-1.2813 -1.36096
-1.28316 -1.35883
-1.28342 -1.35769
-1.28339 -1.35566
-1.28552 -1.355
-1.28302 -1.35752
-1.28028 -1.36002
-1.28003 -1.35923
-1.28012 -1.35997
-1.281 -1.35672
-1.28135 -1.35912
-1.27995 -1.35579
-1.28298 -1.35482
-1.28125 -1.35381
-1.28061 -1.35572
-1.27742 -1.3558
-1.2822 -1.35067
-1.27799 -1.35221
-1.27992 -1.35538
-1.28231 -1.34784
-1.2796 -1.34916
-1.28363 -1.34851
-1.28089 -1.34849
-1.28109 -1.34709
-1.28118 -1.34409
-1.27961 -1.34931
-1.27927 -1.35332
-1.27862 -1.34903
-1.2802 -1.34849
-1.28004 -1.3494
-1.28046 -1.35045
-1.28088 -1.34508
-1.27454 -1.3533
-1.2784 -1.3506
-1.27613 -1.34905
-1.28301 -1.3455
-1.27723 -1.34758
-1.28156 -1.34455
-1.27797 -1.34792
-1.27902 -1.34639
-1.27836 -1.3453
-1.2772 -1.34821
-1.27885 -1.34353
-1.27682 -1.34773
-1.28059 -1.34318
-1.27864 -1.34396
-1.27705 -1.34782
-1.27811 -1.34746
-1.27713 -1.3474
-1.27598 -1.34653
-1.27807 -1.34401
-1.27369 -1.34677
-1.27674 -1.34502
-1.27564 -1.3431
-1.27675 -1.34
-1.27989 -1.34068
-1.27231 -1.34478
-1.27429 -1.34483
-1.27636 -1.34142
-1.27596 -1.34041
-1.27531 -1.34355
-1.27374 -1.3415
-1.2749 -1.34274
-1.27663 -1.34096
-1.27825 -1.33843
-1.27414 -1.34344
-1.27435 -1.33814
-1.27596 -1.33934
-1.27954 -1.33488
-1.27438 -1.33904
-1.27457 -1.33935
-1.27336 -1.33637
-1.27445 -1.33678
-1.27393 -1.33749
-1.27415 -1.3379
-1.27175 -1.33741
-1.27361 -1.33749
-1.27214 -1.33522
-1.27275 -1.33683
-1.27495 -1.3369
-1.27079 -1.33852
-1.27499 -1.33301
-1.27103 -1.3334
-1.27501 -1.3359
-1.2708 -1.33632
-1.27548 -1.33348
-1.27409 -1.33496
-1.27292 -1.33229
-1.2718 -1.33479
-1.27322 -1.3321
-1.27246 -1.33161
-1.27387 -1.33137
-1.27088 -1.32924
-1.27112 -1.33385
-1.26922 -1.33413
-1.27077 -1.33729
-1.2692 -1.33391
-1.26788 -1.33149
-1.27216 -1.33096
-1.26794 -1.33075
-1.27072 -1.33218
-1.2691 -1.32817
-1.26922 -1.3307
-1.26973 -1.3303
-1.26733 -1.33115
-1.27026 -1.32801
-1.26804 -1.32763
-1.26793 -1.3277
-1.26836 -1.33082
-1.26718 -1.33275
-1.26991 -1.32931
-1.267 -1.33122
-1.2677 -1.32742
-1.26679 -1.3315
-1.26568 -1.32755
-1.27192 -1.32812
-1.26392 -1.32804
-1.26595 -1.32968
-1.26988 -1.32451
-1.27074 -1.32629
-1.26982 -1.32545
-1.26997 -1.32152
-1.26727 -1.32652
-1.27006 -1.32487
-1.26652 -1.3238
-1.26704 -1.32232
-1.26663 -1.32538
-1.26669 -1.32269
-1.26727 -1.32564
-1.2655 -1.32394
-1.2683 -1.32176
-1.26545 -1.32028
-1.26754 -1.32109
-1.26672 -1.32121
-1.26413 -1.32351
-1.26735 -1.31933
-1.26455 -1.32611
-1.26609 -1.3195
-1.26614 -1.32036
-1.2653 -1.32297
-1.26612 -1.31716
-1.26611 -1.32029
-1.26586 -1.31866
-1.26681 -1.3185
-1.26323 -1.31919
-1.26708 -1.31868
-1.26829 -1.31124
-1.26793 -1.31361
-1.26293 -1.31789
-1.26289 -1.32213
-1.26286 -1.31747
-1.26242 -1.31651
-1.26155 -1.31766
-1.26449 -1.31724
-1.26177 -1.31769
-1.26153 -1.31719
-1.25949 -1.31869
-1.26045 -1.31682
-1.25823 -1.31969
-1.25837 -1.31793
-1.25767 -1.31829
-1.25805 -1.31924
-1.25304 -1.31759
-1.25979 -1.3191
-1.25832 -1.31434
-1.25708 -1.31931
-1.25596 -1.31642
-1.25733 -1.31852
-1.2551 -1.31314
-1.26164 -1.31351
-1.25951 -1.31222
-1.25908 -1.30888
-1.26122 -1.31403
-1.25766 -1.31463
-1.2557 -1.31287
-1.25725 -1.3166
-1.25729 -1.31428
-1.25686 -1.31148
-1.26045 -1.3108
-1.25773 -1.3142
-1.25514 -1.31289
-1.25622 -1.31194
-1.25575 -1.31301
-1.25595 -1.30997
-1.25612 -1.31165
-1.25555 -1.31182
-1.26039 -1.30679
-1.25264 -1.30961
-1.25723 -1.31225
-1.25218 -1.30661
-1.25566 -1.3072
-1.25472 -1.31099
-1.25365 -1.31214
-1.25108 -1.31051
-1.25565 -1.31027
-1.25181 -1.30928
-1.25467 -1.30805
-1.25311 -1.30588
-1.25355 -1.30886
-1.25498 -1.30446
-1.25314 -1.30587
-1.25452 -1.30818
-1.25297 -1.31043
-1.25588 -1.305
-1.2526 -1.30978
-1.25129 -1.31005
-1.25154 -1.31013
-1.25202 -1.30834
-1.25127 -1.31049
-1.2544 -1.30541
-1.25141 -1.30856
-1.25439 -1.3064
-1.25425 -1.30397
-1.25201 -1.30838
-1.25609 -1.3043
-1.25206 -1.30471
-1.25451 -1.30032
-1.25735 -1.30454
-1.25365 -1.30615
-1.25399 -1.30764
-1.25299 -1.30351
-1.25132 -1.30767
-1.25383 -1.30153
-1.25137 -1.30493
-1.25483 -1.30358
-1.25118 -1.30418
-1.25341 -1.30349
-1.25113 -1.30351
-1.24853 -1.30413
-1.25187 -1.30257
-1.24953 -1.30426
-1.25241 -1.30137
-1.2528 -1.29646
-1.25317 -1.3006
-1.25419 -1.30324
-1.25401 -1.30105
-1.25405 -1.29975
-1.2534 -1.30384
-1.25417 -1.29955
-1.24931 -1.3047
-1.25299 -1.29905
-1.24906 -1.30333
-1.25265 -1.3004
-1.25145 -1.30011
-1.25218 -1.2983
-1.25068 -1.29949
-1.25094 -1.29693
-1.25101 -1.30165
-1.24779 -1.30379
-1.25053 -1.29731
-1.2503 -1.30133
-1.24939 -1.29805
-1.25267 -1.29589
-1.24864 -1.29852
-1.25159 -1.29731
-1.24988 -1.29662
-1.24937 -1.29769
-1.25026 -1.29536
-1.25143 -1.29535
-1.2495 -1.29539
-1.25017 -1.29625
-1.2494 -1.2969
-1.2488 -1.30055
-1.24855 -1.29669
-1.2503 -1.29784
-1.24647 -1.29527
-1.24686 -1.29422
-1.24642 -1.29262
-1.24759 -1.29084
-1.24482 -1.29358
-1.24567 -1.29737
-1.24409 -1.29379
-1.24218 -1.29766
-1.24498 -1.29058
-1.2444 -1.28966
-1.24363 -1.2888
-1.24088 -1.29363
-1.24629 -1.29072
-1.24252 -1.29074
-1.24546 -1.2883
-1.23852 -1.29274
-1.23904 -1.2934
-1.2377 -1.29464
-1.23915 -1.29379
-1.24107 -1.28935
-1.2414 -1.28922
-1.24077 -1.29044
-1.24008 -1.29063
-1.24195 -1.28946
-1.24384 -1.28952
-1.24188 -1.29503
-1.24227 -1.28893
-1.24184 -1.29293
-1.24284 -1.28866
-1.24299 -1.28532
-1.24395 -1.28535
-1.24147 -1.28908
-1.23958 -1.28897
-1.23769 -1.29082
-1.23835 -1.29222
-1.23882 -1.28978
-1.23926 -1.28569
-1.23938 -1.28743
-1.23948 -1.2879
-1.24048 -1.28957
-1.23864 -1.28924
-1.24018 -1.28846
-1.23655 -1.28756
-1.24017 -1.28481
-1.24056 -1.29044
-1.23815 -1.29047
-1.24067 -1.28944
-1.23919 -1.28613
-1.23976 -1.28841
-1.24451 -1.28298
-1.23828 -1.28834
-1.24415 -1.28432
-1.24108 -1.2856
-1.23794 -1.2884
-1.23927 -1.28637
-1.23865 -1.28578
-1.23809 -1.28324
-1.23703 -1.28411
-1.23451 -1.28778
-1.2349 -1.28459
-1.23729 -1.28547
-1.23581 -1.28667
-1.23766 -1.2867
-1.23534 -1.28533
-1.23554 -1.28165
-1.23735 -1.28345
-1.23724 -1.28103
-1.23477 -1.28412
-1.2344 -1.28205
-1.23212 -1.28512
-1.23235 -1.28256
-1.23383 -1.28131
-1.23155 -1.28261
-1.22865 -1.28552
-1.23146 -1.28027
-1.23379 -1.28253
-1.23167 -1.28224
-1.23443 -1.28323
-1.23415 -1.2817
-1.23508 -1.28241
-1.23344 -1.28365
-1.23344 -1.28125
-1.23472 -1.28191
-1.23649 -1.28056
-1.23315 -1.27854
-1.23232 -1.28298
-1.23504 -1.27955
-1.23354 -1.28209
-1.2317 -1.27917
-1.23351 -1.28172
-1.23425 -1.28084
-1.22993 -1.28175
-1.23455 -1.28275
-1.23026 -1.27899
-1.22798 -1.28058
-1.22862 -1.28801
-1.23362 -1.27811
-1.23289 -1.28161
-1.23209 -1.27945
-1.23396 -1.28242
-1.23447 -1.28075
-1.231 -1.28023
-1.23043 -1.28302
-1.23123 -1.27884
-1.2324 -1.27972
-1.23366 -1.27858
-1.2313 -1.27504
-1.2294 -1.28473
-1.22849 -1.28124
-1.23092 -1.28192
-1.23063 -1.27636
-1.23117 -1.27965
-1.23385 -1.27575
-1.23172 -1.27972
-1.22982 -1.27881
-1.23012 -1.27937
-1.23004 -1.28132
-1.22927 -1.27795
-1.23381 -1.27782
-1.23019 -1.27743
-1.22714 -1.28057
-1.23048 -1.28145
-1.22614 -1.28129
-1.23055 -1.28119
-1.2337 -1.27457
-1.23242 -1.27766
-1.23262 -1.27597
-1.23104 -1.27418
-1.23214 -1.27726
-1.2297 -1.27555
-1.23208 -1.27545
-1.23047 -1.27616
-1.23216 -1.27547
-1.23256 -1.27726
-1.23309 -1.2747
-1.232 -1.27407
-1.2314 -1.2739
-1.23196 -1.27691
-1.22964 -1.27602
-1.2329 -1.27082
-1.22841 -1.27805
-1.22906 -1.27599
-1.22899 -1.27607
-1.2274 -1.27735
-1.22891 -1.2748
-1.22939 -1.27456
-1.22817 -1.27503
-1.22505 -1.27491
-1.22687 -1.27363
-1.22836 -1.27388
-1.22824 -1.27411
-1.22525 -1.2743
-1.22651 -1.275
-1.22711 -1.27563
-1.22619 -1.27276
-1.22549 -1.27593
-1.22732 -1.27353
-1.22721 -1.27223
-1.22559 -1.27275
-1.22817 -1.27177
-1.22774 -1.27146
-1.2245 -1.27221
-1.2292 -1.2717
-1.22959 -1.26672
-1.22803 -1.26651
-1.22668 -1.26856
-1.22739 -1.26763
-1.22556 -1.26675
-1.22487 -1.26573
-1.22634 -1.2661
-1.22613 -1.2661
-1.22495 -1.26786
-1.22898 -1.26309
-1.22664 -1.26616
-1.22643 -1.26629
-1.22416 -1.2694
-1.22739 -1.26431
-1.22463 -1.26377
-1.22805 -1.26416
-1.2266 -1.26163
-1.22814 -1.26292
-1.2268 -1.26324
-1.22779 -1.26183
-1.22465 -1.26494
-1.22812 -1.26162
-1.22579 -1.26751
-1.22444 -1.26284
-1.22667 -1.26691
-1.22789 -1.26086
-1.22682 -1.26424
-1.22667 -1.26381
-1.22802 -1.26125
-1.22519 -1.26278
-1.22972 -1.25907
-1.22716 -1.26119
-1.22943 -1.25995
-1.22472 -1.26291
-1.22819 -1.26141
-1.22726 -1.25954
-1.225 -1.26163
-1.22649 -1.26228
-1.22437 -1.26045
-1.22714 -1.26166
-1.2209 -1.26416
-1.22447 -1.26191
-1.22561 -1.2621
-1.22355 -1.26108
-1.22138 -1.264
-1.22524 -1.26326
-1.2248 -1.26302
-1.22012 -1.26744
-1.22095 -1.26553
-1.22253 -1.26324
-1.22068 -1.26352
-1.22333 -1.26627
-1.22381 -1.25824
-1.22248 -1.26255
-1.22462 -1.25812
-1.22201 -1.26366
-1.22366 -1.26229
-1.22209 -1.26253
-1.22476 -1.2641
-1.22372 -1.26243
-1.22245 -1.26579
-1.22537 -1.25908
-1.21978 -1.26521
-1.22391 -1.25825
-1.22239 -1.26153
-1.22475 -1.25842
-1.2252 -1.25813
-1.22599 -1.25807
-1.2274 -1.25507
-1.22471 -1.25894
-1.2244 -1.25888
-1.22495 -1.25953
-1.2241 -1.2584
-1.22745 -1.25331
-1.22488 -1.25899
-1.22346 -1.25693
-1.22555 -1.25534
-1.22191 -1.2576
-1.21999 -1.26164
-1.22237 -1.2611
-1.2215 -1.25929
-1.21893 -1.25745
-1.22245 -1.25542
-1.22208 -1.26084
-1.22056 -1.25557
-1.22206 -1.25688
-1.21717 -1.26048
-1.21917 -1.25831
-1.22391 -1.25422
-1.21775 -1.25855
-1.21839 -1.25822
-1.22126 -1.25222
-1.21728 -1.26211
-1.222 -1.25096
-1.21887 -1.25452
-1.22027 -1.25621
-1.22167 -1.25382
-1.22033 -1.25341
-1.21986 -1.26032
-1.2193 -1.25616
-1.22156 -1.25361
-1.21967 -1.258
-1.2198 -1.25464
-1.21992 -1.25553
-1.22173 -1.25677
-1.21823 -1.25466
-1.2189 -1.25717
-1.21909 -1.25473
-1.21806 -1.25497
-1.21555 -1.25292
-1.21327 -1.25793
-1.21913 -1.25477
-1.21532 -1.25821
-1.22019 -1.25141
-1.21857 -1.25416
-1.2184 -1.25178
-1.21648 -1.25309
-1.21708 -1.25461
-1.21839 -1.24935
-1.21432 -1.25507
-1.2196 -1.2525
-1.21711 -1.25211
-1.21647 -1.25151
-1.21598 -1.25343
-1.21709 -1.2531
-1.21816 -1.24955
-1.2178 -1.24992
-1.21719 -1.24885
-1.21802 -1.24942
-1.21847 -1.2478
-1.21688 -1.25362
-1.21613 -1.25129
-1.2168 -1.24916
-1.21535 -1.25134
-1.21829 -1.24867
-1.2195 -1.24888
-1.21667 -1.25053
-1.2197 -1.24986
-1.21758 -1.25009
-1.21965 -1.25007
-1.2178 -1.253
-1.21837 -1.25028
-1.22027 -1.24809
-1.21886 -1.25159
-1.21817 -1.24851
-1.21829 -1.25187
-1.2173 -1.251
-1.21938 -1.24864
-1.21739 -1.25307
-1.21928 -1.24684
-1.21777 -1.25112
-1.21754 -1.25128
-1.21878 -1.2523
-1.21832 -1.25071
-1.2181 -1.25197
-1.21904 -1.24604
-1.2177 -1.25095
-1.21775 -1.24891
-1.21819 -1.24712
-1.2155 -1.24818
-1.21546 -1.24882
-1.21796 -1.24781
-1.21408 -1.24759
-1.21595 -1.24544
-1.21777 -1.24492
-1.21821 -1.24535
-1.22067 -1.24792
-1.21559 -1.24806
-1.2187 -1.24596
-1.21857 -1.24299
-1.21827 -1.2478
-1.21932 -1.24264
-1.21302 -1.24627
-1.21788 -1.246
-1.21856 -1.24136
-1.21545 -1.24669
-1.21955 -1.24077
-1.2165 -1.24425
-1.21762 -1.24524
-1.21577 -1.24591
-1.21443 -1.24688
-1.21465 -1.24639
-1.21405 -1.24611
-1.21458 -1.24602
-1.21783 -1.24478
-1.21725 -1.24386
-1.21558 -1.24627
-1.21539 -1.24617
-1.21726 -1.24213
-1.21359 -1.24804
-1.21376 -1.24365
-1.21529 -1.24372
-1.21511 -1.24269
-1.21649 -1.24354
-1.21456 -1.24488
-1.2148 -1.24082
-1.21336 -1.24621
-1.21251 -1.24511
-1.21259 -1.24449
-1.21368 -1.24256
-1.21281 -1.24327
-1.21531 -1.24023
-1.20978 -1.24557
-1.21592 -1.24267
-1.21415 -1.24481
-1.21456 -1.24322
-1.21308 -1.24434
-1.21368 -1.24463
-1.2142 -1.24356
-1.21488 -1.24213
-1.21293 -1.24256
-1.21285 -1.24593
-1.21422 -1.24372
-1.21371 -1.2421
-1.21538 -1.24255
-1.21378 -1.24327
-1.2158 -1.24289
-1.21275 -1.24165
-1.21403 -1.24051
-1.2174 -1.2399
-1.21301 -1.24592
-1.21363 -1.24251
-1.2116 -1.24475
-1.21341 -1.24557
-1.21299 -1.24725
-1.21616 -1.24061
-1.21384 -1.24517
-1.21535 -1.23984
-1.21464 -1.24355
-1.21448 -1.24238
-1.2142 -1.24152
-1.21459 -1.24408
-1.21107 -1.24586
-1.21111 -1.24521
-1.2135 -1.2423
-1.21041 -1.24342
-1.21129 -1.24561
-1.21234 -1.24363
-1.21227 -1.24459
-1.20844 -1.2466
-1.21175 -1.24411
-1.21259 -1.24364
-1.20699 -1.24558
-1.20809 -1.24495
-1.21135 -1.24355
-1.20778 -1.24531
-1.20782 -1.24302
-1.20655 -1.24584
-1.21291 -1.24183
-1.20779 -1.24317
-1.20914 -1.24236
-1.2103 -1.23851
-1.21155 -1.24101
-1.20984 -1.24096
-1.21024 -1.24234
-1.20759 -1.24255
-1.20827 -1.24114
-1.20801 -1.24197
-1.21099 -1.24083
-1.20816 -1.24042
-1.20759 -1.24315
-1.20962 -1.24044
-1.20695 -1.23897
-1.2049 -1.2457
-1.20778 -1.23885
-1.20697 -1.24175
-1.20907 -1.23899
-1.20828 -1.23974
-1.20738 -1.23937
-1.2058 -1.23902
-1.20762 -1.23685
-1.21096 -1.23756
-1.20684 -1.24008
-1.20756 -1.2379
-1.20588 -1.23989
-1.20731 -1.23887
-1.2075 -1.23735
-1.20561 -1.23819
-1.2062 -1.24013
-1.20355 -1.24015
-1.2076 -1.23724
-1.20944 -1.23741
-1.20571 -1.23819
-1.20719 -1.23849
-1.2066 -1.23779
-1.20722 -1.23441
-1.2051 -1.23997
-1.2074 -1.23308
-1.2041 -1.23772
-1.20235 -1.23847
-1.20284 -1.24094
-1.20321 -1.23826
-1.20222 -1.238
-1.20198 -1.23783
-1.20251 -1.23738
-1.20193 -1.23721
-1.20197 -1.23806
-1.20408 -1.23285
-1.20053 -1.23731
-1.20355 -1.23226
-1.2013 -1.23747
-1.20074 -1.23508
-1.20159 -1.23389
-1.2021 -1.23341
-1.20047 -1.23596
-1.20182 -1.23683
-1.19968 -1.23538
-1.2018 -1.23538
-1.19891 -1.23525
-1.19849 -1.23729
-1.19806 -1.23721
-1.19787 -1.23465
-1.19653 -1.23864
-1.19808 -1.23276
-1.19736 -1.2406
-1.19336 -1.2392
-1.19896 -1.23456
-1.1953 -1.23647
-1.20103 -1.23269
-1.19999 -1.23793
-1.20201 -1.23515
-1.19888 -1.2335
-1.19669 -1.23789
-1.20271 -1.23206
-1.19753 -1.23545
-1.19948 -1.232
-1.19821 -1.23677
-1.19674 -1.23679
-1.19822 -1.23405
-1.19734 -1.2325
-1.20201 -1.23289
-1.19868 -1.23441
-1.20208 -1.22913
-1.20146 -1.22814
-1.20009 -1.22949
-1.19947 -1.23002
-1.1998 -1.2298
-1.20254 -1.22926
-1.19995 -1.22978
-1.19976 -1.22956
-1.19829 -1.22871
-1.20201 -1.2316
-1.19909 -1.23015
-1.19963 -1.23216
-1.19656 -1.22953
-1.19862 -1.2298
-1.19748 -1.23034
-1.19678 -1.23231
-1.19548 -1.23188
-1.19895 -1.23206
-1.19746 -1.22927
-1.19806 -1.23069
-1.19947 -1.23015
-1.1975 -1.22957
-1.2 -1.23349
-1.19983 -1.22484
-1.19825 -1.23423
-1.19642 -1.23082
-1.19908 -1.22814
-1.19813 -1.2318
-1.19579 -1.22994
-1.19666 -1.23358
-1.19811 -1.22861
-1.19622 -1.23232
-1.20014 -1.22917
-1.19936 -1.2267
-1.19953 -1.22743
-1.20116 -1.22746
-1.19755 -1.22705
-1.19917 -1.22553
-1.19721 -1.22846
-1.20112 -1.22463
-1.19684 -1.22735
-1.19974 -1.22667
-1.1961 -1.22807
-1.2015 -1.22591
-1.19855 -1.22449
-1.1991 -1.22497
-1.1991 -1.22441
-1.19733 -1.2247
-1.20187 -1.22416
-1.20071 -1.22519
-1.2005 -1.22447
-1.20129 -1.2242
-1.19865 -1.22589
-1.2049 -1.22239
-1.19997 -1.22353
-1.20346 -1.2211
-1.19545 -1.22777
-1.2015 -1.22089
-1.19997 -1.224
-1.19952 -1.22081
-1.20127 -1.22112
-1.20088 -1.22232
-1.2036 -1.21731
-1.20192 -1.22183
-1.2007 -1.21977
-1.20346 -1.22021
-1.20345 -1.22105
-1.20074 -1.22191
-1.20104 -1.22243
-1.20459 -1.21865
-1.20162 -1.22214
-1.20281 -1.21956
-1.20264 -1.21895
-1.20193 -1.22251
-1.19904 -1.22106
-1.20022 -1.22455
-1.20044 -1.22384
-1.19828 -1.2241
-1.19952 -1.21928
-1.20243 -1.22157
-1.20161 -1.21858
-1.20024 -1.21944
-1.20025 -1.2198
-1.20136 -1.22023
-1.20171 -1.22092
-1.19827 -1.22325
-1.19809 -1.2207
-1.19866 -1.22329
-1.20042 -1.21985
-1.1958 -1.22199
-1.19726 -1.22074
-1.19703 -1.22258
-1.19909 -1.22147
-1.19838 -1.22197
-1.19814 -1.21987
-1.19745 -1.22521
-1.19834 -1.21994
-1.19776 -1.21818
-1.19705 -1.22123
-1.19528 -1.22237
-1.2004 -1.21891
-1.20043 -1.2178
-1.19909 -1.21813
-1.196 -1.22111
-1.20319 -1.21903
-1.19466 -1.21873
-1.20324 -1.21455
-1.19671 -1.21678
-1.19936 -1.21428
-1.19591 -1.22141
-1.19874 -1.21463
-1.19698 -1.21921
-1.20044 -1.21627
-1.20002 -1.21701
-1.20064 -1.21565
-1.19813 -1.21732
-1.19853 -1.21718
-1.19914 -1.21767
-1.19912 -1.21829
-1.19686 -1.218
-1.19924 -1.21955
-1.19842 -1.21566
-1.19639 -1.2218
-1.19606 -1.21862
-1.19814 -1.21743
-1.19438 -1.22339
-1.19808 -1.21499
-1.19711 -1.22276
-1.19593 -1.2198
-1.19795 -1.2184
-1.19639 -1.21937
-1.19955 -1.21706
-1.19838 -1.21822
-1.19921 -1.21529
-1.20039 -1.21635
-1.19654 -1.2178
-1.19451 -1.21928
-1.19615 -1.22014
-1.19326 -1.22049
-1.19612 -1.22094
-1.19614 -1.21753
-1.19722 -1.21342
-1.19479 -1.22042
-1.19405 -1.2181
-1.19535 -1.21759
-1.19407 -1.2208
-1.19429 -1.21889
-1.19578 -1.21729
-1.19423 -1.21882
-1.19407 -1.22073
-1.19297 -1.21616
-1.19187 -1.21933
-1.19458 -1.21767
-1.19463 -1.21908
-1.19509 -1.21661
-1.19214 -1.2204
-1.19213 -1.21693
-1.19243 -1.21795
-1.19404 -1.21562
-1.19486 -1.21464
-1.19059 -1.22049
-1.19403 -1.21488
-1.19011 -1.21618
-1.1925 -1.21788
-1.19169 -1.21512
-1.18944 -1.21551
-1.19028 -1.21608
-1.19122 -1.21503
-1.19186 -1.21508
-1.19438 -1.21231
-1.19068 -1.21815
-1.19416 -1.21252
-1.18963 -1.21754
-1.19348 -1.21198
-1.18952 -1.21712
-1.19207 -1.21529
-1.19052 -1.21459
-1.19218 -1.21367
-1.18997 -1.21471
-1.19079 -1.2124
-1.19125 -1.21307
-1.19248 -1.21111
-1.19354 -1.21361
-1.19176 -1.21154
-1.19267 -1.2149
-1.1929 -1.21053
-1.19182 -1.21431
-1.18857 -1.2141
-1.19149 -1.21396
-1.1902 -1.21498
-1.19107 -1.21465
-1.19141 -1.21254
-1.19036 -1.21021
-1.18929 -1.21558
-1.18932 -1.21348
-1.18694 -1.21255
-1.1893 -1.21467
-1.18882 -1.21257
-1.18915 -1.21357
-1.19015 -1.20897
-1.19082 -1.21187
-1.18859 -1.21051
-1.1887 -1.21007
-1.18873 -1.20957
-1.19009 -1.21113
-1.18756 -1.2118
-1.18731 -1.21338
-1.18625 -1.21101
-1.18712 -1.2117
-1.18658 -1.21126
-1.18838 -1.21083
-1.18981 -1.20763
-1.18917 -1.20894
-1.18734 -1.20936
-1.18583 -1.21352
-1.1882 -1.20866
-1.18711 -1.21007
-1.18724 -1.20727
-1.1877 -1.21058
-1.18862 -1.2063
-1.18783 -1.20725
-1.19049 -1.20632
-1.18582 -1.20782
-1.1838 -1.20922
-1.18515 -1.20706
-1.18247 -1.21045
-1.18415 -1.21013
-1.18535 -1.20729
-1.18479 -1.2084
-1.19074 -1.20641
-1.18702 -1.20752
-1.18842 -1.20501
-1.18639 -1.20821
-1.18369 -1.20881
-1.18408 -1.20641
-1.18573 -1.20556
-1.18209 -1.20646
-1.18449 -1.20812
-1.18529 -1.20678
-1.18411 -1.20821
-1.18623 -1.20626
-1.18262 -1.20891
-1.18325 -1.21001
-1.18443 -1.20667
-1.18362 -1.21059
-1.18668 -1.20388
-1.18381 -1.207
-1.18372 -1.20829
-1.18705 -1.20586
-1.18419 -1.20785
-1.18158 -1.20928
-1.18317 -1.20818
-1.18155 -1.20959
-1.18358 -1.20584
-1.18285 -1.2086
-1.18482 -1.20661
-1.18343 -1.20675
-1.18385 -1.20764
-1.18494 -1.2029
-1.18425 -1.20398
-1.18162 -1.20858
-1.18529 -1.20458
-1.18371 -1.20597
-1.18209 -1.20586
-1.179 -1.21032
-1.18118 -1.20636
-1.18204 -1.20747
-1.18195 -1.20528
-1.18121 -1.20738
-1.18317 -1.20384
-1.1807 -1.20759
-1.18278 -1.20736
-1.17911 -1.20652
-1.18149 -1.20226
-1.18367 -1.20499
-1.18165 -1.20431
-1.1835 -1.20256
-1.17985 -1.20602
-1.18327 -1.202
-1.17941 -1.20592
-1.18073 -1.204
-1.18037 -1.20472
-1.18056 -1.20397
-1.18172 -1.2031
-1.18177 -1.2039
-1.1805 -1.20444
-1.18254 -1.19979
-1.17989 -1.2065
-1.18346 -1.20182
-1.17881 -1.20676
-1.18111 -1.20522
-1.17932 -1.20818
-1.18097 -1.20143
-1.17898 -1.20584
-1.18119 -1.20435
-1.17983 -1.2084
-1.18324 -1.20249
-1.18437 -1.20412
-1.17922 -1.20447
-1.18503 -1.20598
-1.18104 -1.2054
-1.18442 -1.20154
-1.18205 -1.2014
-1.17946 -1.20327
-1.18097 -1.20622
-1.18305 -1.19985
-1.18109 -1.20389
-1.18191 -1.20307
-1.1808 -1.20296
-1.18033 -1.20435
-1.18114 -1.20052
-1.1777 -1.2079
-1.17816 -1.20131
-1.17717 -1.20389
-1.17906 -1.20321
-1.17692 -1.20022
-1.1806 -1.19878
-1.17897 -1.20245
-1.18288 -1.19817
-1.17973 -1.20109
-1.18348 -1.20144
-1.17989 -1.20074
-1.18059 -1.19771
-1.17747 -1.20391
-1.17853 -1.20113
-1.17815 -1.20106
-1.17914 -1.19795
-1.17686 -1.20077
-1.18103 -1.19866
-1.17834 -1.19988
-1.18216 -1.19746
-1.17864 -1.2022
-1.18161 -1.19859
-1.1779 -1.20076
-1.17752 -1.20093
-1.17848 -1.19765
-1.17805 -1.2018
-1.17918 -1.20094
-1.18114 -1.19964
-1.17954 -1.19535
-1.17868 -1.19804
-1.17933 -1.1979
-1.17822 -1.20077
-1.17461 -1.20168
-1.17878 -1.20258
-1.17401 -1.19913
-1.17561 -1.19888
-1.1762 -1.20195
-1.17686 -1.19732
-1.17825 -1.19776
-1.17783 -1.2018
-1.17876 -1.19832
-1.17695 -1.19806
-1.17544 -1.19805
-1.17811 -1.1971
-1.17728 -1.19679
-1.17776 -1.19701
-1.17503 -1.19855
-1.17893 -1.19733
-1.1786 -1.19689
-1.17631 -1.19645
-1.17699 -1.19801
-1.17836 -1.19669
-1.1782 -1.19639
-1.18065 -1.19639
-1.17661 -1.19775
-1.17805 -1.19659
-1.17767 -1.19891
-1.1768 -1.19617
-1.17909 -1.19783
-1.17779 -1.19673
-1.17806 -1.19502
-1.17915 -1.19878
-1.1797 -1.19572
-1.18 -1.19552
-1.17958 -1.19142
-1.178 -1.19569
-1.17585 -1.19565
-1.17643 -1.19536
-1.17869 -1.19664
-1.1781 -1.19307
-1.1757 -1.19664
-1.17879 -1.19243
-1.17503 -1.1959
-1.17727 -1.19814
-1.1778 -1.19237
-1.17447 -1.19865
-1.1786 -1.19345
-1.17525 -1.19618
-1.17695 -1.19471
-1.17814 -1.19389
-1.17734 -1.19469
-1.17386 -1.19803
-1.17467 -1.19537
-1.17272 -1.1996
-1.17673 -1.19346
-1.1757 -1.19607
-1.17509 -1.19534
-1.1763 -1.19678
-1.17373 -1.19756
-1.17054 -1.19865
-1.17727 -1.19518
-1.1744 -1.19475
-1.1741 -1.19867
-1.17419 -1.19672
-1.17565 -1.1946
-1.17588 -1.19775
-1.17393 -1.19472
-1.17338 -1.19477
-1.17608 -1.1951
-1.17251 -1.19738
-1.17367 -1.19668
-1.1748 -1.19829
-1.17532 -1.19365
-1.17438 -1.19495
-1.1721 -1.19438
-1.17128 -1.19994
-1.17162 -1.19331
-1.17144 -1.19805
-1.16909 -1.19385
-1.1694 -1.19841
-1.16945 -1.19604
-1.1715 -1.1965
-1.1705 -1.19741
-1.17309 -1.19613
-1.17064 -1.19716
-1.16971 -1.19754
-1.17195 -1.19575
-1.1693 -1.19729
-1.16957 -1.19539
-1.17048 -1.19756
-1.16709 -1.19886
-1.16822 -1.19494
-1.16721 -1.19997
-1.17214 -1.19982
-1.17194 -1.19662
-1.17152 -1.19617
-1.17052 -1.19873
-1.17294 -1.19665
-1.16856 -1.19709
-1.17233 -1.19562
-1.17274 -1.19597
-1.1724 -1.19355
-1.17253 -1.19495
-1.17253 -1.19191
-1.16984 -1.19641
-1.17189 -1.19382
-1.17139 -1.19745
-1.16984 -1.19652
-1.16997 -1.19696
-1.17205 -1.19343
-1.16991 -1.19542
-1.17354 -1.19242
-1.16922 -1.1982
-1.17316 -1.19205
-1.17295 -1.19524
-1.17216 -1.19245
-1.17014 -1.19526
-1.17261 -1.19302
-1.17084 -1.19452
-1.17367 -1.19012
-1.17143 -1.19496
-1.17329 -1.19193
-1.17079 -1.19617
-1.17172 -1.19423
-1.16882 -1.19683
-1.17186 -1.19492
-1.17059 -1.19144
-1.17033 -1.19461
-1.16958 -1.19134
-1.17255 -1.19573
-1.17046 -1.19246
-1.17154 -1.19351
-1.1722 -1.19181
-1.17194 -1.19577
-1.16883 -1.19522
-1.17338 -1.192
-1.16988 -1.19455
-1.17115 -1.19306
-1.17188 -1.19279
-1.17152 -1.19327
-1.17119 -1.19358
-1.17102 -1.19298
-1.17312 -1.18966
-1.16839 -1.19625
-1.1683 -1.19672
-1.17279 -1.19259
-1.16807 -1.19791
-1.17066 -1.19567
-1.17064 -1.19253
-1.16962 -1.19639
-1.17107 -1.19224
-1.16913 -1.19373
-1.16977 -1.19111
-1.1726 -1.18892
-1.17066 -1.19567
-1.17079 -1.18992
-1.16864 -1.1959
-1.16972 -1.19069
-1.17229 -1.19127
-1.17048 -1.19533
-1.17184 -1.18973
-1.1699 -1.19244
-1.17218 -1.19068
-1.17007 -1.19255
-1.17163 -1.19118
-1.17017 -1.1922
-1.16743 -1.19466
-1.16673 -1.19463
-1.16879 -1.19013
-1.16869 -1.1945
-1.16999 -1.19298
-1.16794 -1.19491
-1.16947 -1.1929
-1.16881 -1.19155
-1.16933 -1.19259
-1.16948 -1.19222
-1.16781 -1.1917
-1.16831 -1.19105
-1.17037 -1.19111
-1.16691 -1.19185
-1.17204 -1.19398
-1.16923 -1.19006
-1.17359 -1.1886
-1.16932 -1.19303
-1.1715 -1.1881
-1.16921 -1.19023
-1.16865 -1.18997
-1.1693 -1.19068
-1.17024 -1.18831
-1.16756 -1.19098
-1.16997 -1.19182
-1.16866 -1.18753
-1.16953 -1.19187
-1.17293 -1.18624
-1.1694 -1.19061
-1.17068 -1.18783
-1.17034 -1.19047
-1.16804 -1.19072
-1.17062 -1.1895
-1.16933 -1.18574
-1.16914 -1.1882
-1.16922 -1.1889
-1.16822 -1.1865
-1.16851 -1.19322
-1.16877 -1.18614
-1.16872 -1.19127
-1.16845 -1.18828
-1.17007 -1.18712
-1.16766 -1.18841
-1.17007 -1.18584
-1.16784 -1.18876
-1.17089 -1.18589
-1.16575 -1.19086
-1.16869 -1.18365
-1.16537 -1.1924
-1.16617 -1.1886
-1.16813 -1.18944
-1.16879 -1.18709
-1.16643 -1.1888
-1.16571 -1.18732
-1.16655 -1.18832
-1.16622 -1.18771
-1.16394 -1.18787
-1.16569 -1.18502
-1.16697 -1.18519
-1.16559 -1.18773
-1.16495 -1.18465
-1.16812 -1.1843
-1.16291 -1.18911
-1.16525 -1.18508
-1.16428 -1.19041
-1.16299 -1.18521
-1.16419 -1.18911
-1.16677 -1.18703
-1.16618 -1.18643
-1.16458 -1.18925
-1.16746 -1.18443
-1.16793 -1.18549
-1.1656 -1.18605
-1.16903 -1.18705
-1.16389 -1.1908
-1.16459 -1.18885
-1.16421 -1.18919
-1.16245 -1.19112
-1.16672 -1.18356
-1.16131 -1.19099
-1.16796 -1.18186
-1.16365 -1.18775
-1.16526 -1.18609
-1.1645 -1.18739
-1.16602 -1.18543
-1.16163 -1.19093
-1.16488 -1.1864
-1.16489 -1.18722
-1.16554 -1.18516
-1.16403 -1.188
-1.16726 -1.18584
-1.1667 -1.18553
-1.16338 -1.18815
-1.16345 -1.18743
-1.16208 -1.18929
-1.16496 -1.18424
-1.16417 -1.18792
-1.16217 -1.18831
-1.1653 -1.18348
-1.1656 -1.18412
-1.16714 -1.18091
-1.16243 -1.18565
-1.16653 -1.18486
-1.16337 -1.18277
-1.16213 -1.18495
-1.16435 -1.18581
-1.1623 -1.18772
-1.1639 -1.18686
-1.15994 -1.18528
-1.16135 -1.18732
-1.16105 -1.18625
-1.16347 -1.18386
-1.16064 -1.18307
-1.16414 -1.18716
-1.16249 -1.18067
-1.16244 -1.1859
-1.16403 -1.18453
-1.15733 -1.18798
-1.16054 -1.18863
-1.15719 -1.19118
-1.16095 -1.18895
-1.16164 -1.18471
-1.16252 -1.18437
-1.16182 -1.18497
-1.1642 -1.18398
-1.161 -1.18749
-1.16537 -1.18511
-1.16301 -1.18394
-1.16283 -1.18573
-1.1622 -1.18579
-1.16052 -1.18562
-1.16067 -1.1883
-1.16297 -1.18319
-1.16172 -1.18645
-1.16249 -1.18183
-1.16445 -1.18257
-1.16015 -1.18538
-1.16237 -1.18251
-1.16202 -1.18445
-1.15941 -1.18862
-1.15927 -1.18428
-1.16146 -1.18458
-1.15923 -1.18625
-1.16408 -1.18363
-1.1627 -1.18587
-1.16141 -1.1831
-1.1626 -1.18387
-1.16019 -1.18412
-1.16113 -1.18431
-1.15964 -1.18641
-1.16085 -1.18098
-1.15903 -1.18809
-1.15795 -1.18532
-1.15825 -1.18668
-1.16111 -1.18556
-1.1591 -1.18598
-1.15859 -1.18414
-1.16434 -1.18195
-1.1587 -1.18728
-1.16143 -1.18196
-1.15858 -1.18834
-1.1587 -1.18542
-1.15929 -1.18633
-1.15846 -1.18638
-1.16055 -1.18341
-1.15958 -1.18201
-1.15903 -1.18503
-1.15692 -1.18659
-1.1618 -1.18065
-1.15725 -1.1863
-1.15894 -1.18336
-1.15697 -1.1857
-1.15658 -1.18484
-1.15694 -1.183
-1.15505 -1.1855
-1.16142 -1.17855
-1.15769 -1.18197
-1.1594 -1.18409
-1.15982 -1.18181
-1.15893 -1.18247
-1.15923 -1.18105
-1.15806 -1.17956
-1.15773 -1.1839
-1.15901 -1.18249
-1.15925 -1.18425
-1.16008 -1.18326
-1.15965 -1.18077
-1.16208 -1.18155
-1.15922 -1.18129
-1.15842 -1.18401
-1.1606 -1.18209
-1.15908 -1.18372
-1.15833 -1.18555
-1.15681 -1.18284
-1.16234 -1.18031
-1.15983 -1.18338
-1.16155 -1.17875
-1.15938 -1.18225
-1.16111 -1.17822
-1.16086 -1.17882
-1.16003 -1.17939
-1.1593 -1.1787
-1.15821 -1.17834
-1.16151 -1.1765
-1.15812 -1.18298
-1.16371 -1.17722
-1.15801 -1.17987
-1.16127 -1.17849
-1.15589 -1.17863
-1.15998 -1.17908
-1.15839 -1.17974
-1.16282 -1.17659
-1.16017 -1.18078
-1.159 -1.17904
-1.15841 -1.17863
-1.1569 -1.18112
-1.15858 -1.17955
-1.15655 -1.18015
-1.15944 -1.17957
-1.15803 -1.17816
-1.15879 -1.17998
-1.1591 -1.17972
-1.15883 -1.18155
-1.15851 -1.17798
-1.15852 -1.18252
-1.15791 -1.18194
-1.15682 -1.18029
-1.15688 -1.18051
-1.16045 -1.1796
-1.15772 -1.17977
-1.1614 -1.17762
-1.15688 -1.1788
-1.15843 -1.17914
-1.15672 -1.17969
-1.15851 -1.1807
-1.15631 -1.18079
-1.15996 -1.17685
-1.15928 -1.17861
-1.15881 -1.17678
-1.16063 -1.17381
-1.15911 -1.17728
-1.15858 -1.17751
-1.15892 -1.17649
-1.15562 -1.18005
-1.15806 -1.17656
-1.15723 -1.1824
-1.15808 -1.17472
-1.15745 -1.17944
-1.15949 -1.17502
-1.15527 -1.17794
-1.15862 -1.17654
-1.15586 -1.17934
-1.15679 -1.17875
-1.1591 -1.17616
-1.15411 -1.18224
-1.15694 -1.17812
-1.15412 -1.17866
-1.1561 -1.18098
-1.15401 -1.1803
-1.15169 -1.18177
-1.15297 -1.17905
-1.15614 -1.1798
-1.15737 -1.17558
-1.15755 -1.17656
-1.15571 -1.17718
-1.155 -1.18025
-1.15597 -1.17793
-1.15153 -1.18207
-1.15769 -1.17673
-1.15301 -1.17986
-1.1576 -1.17536
-1.15529 -1.17673
-1.15813 -1.17436
-1.15509 -1.17644
-1.15348 -1.17619
-1.15817 -1.17591
-1.15414 -1.17469
-1.1537 -1.1772
-1.15717 -1.17713
-1.15723 -1.17461
-1.15668 -1.1761
-1.15719 -1.17478
-1.1561 -1.17777
-1.15738 -1.17475
-1.15576 -1.17622
-1.15711 -1.17319
-1.15675 -1.17618
-1.15535 -1.17268
-1.1571 -1.17695
-1.15756 -1.17567
-1.15505 -1.17416
-1.15651 -1.17479
-1.1564 -1.1736
-1.1557 -1.17409
-1.15732 -1.17467
-1.15252 -1.17785
-1.15681 -1.17707
-1.15419 -1.17346
-1.1555 -1.17774
-1.15162 -1.17902
-1.15808 -1.17416
-1.15345 -1.17921
-1.15241 -1.17709
-1.15468 -1.17723
-1.15614 -1.17497
-1.1524 -1.1762
-1.15578 -1.17499
-1.15363 -1.17567
-1.15161 -1.17652
-1.15528 -1.17631
-1.15678 -1.17224
-1.15439 -1.17482
-1.15232 -1.17853
-1.15365 -1.17417
-1.15115 -1.17946
-1.1552 -1.17451
-1.15385 -1.17417
-1.15247 -1.17712
-1.15438 -1.17311
-1.15235 -1.17501
-1.15271 -1.17367
-1.15516 -1.17233
-1.15163 -1.17732
-1.15254 -1.17365
-1.15294 -1.17583
-1.15388 -1.17223
-1.15222 -1.1779
-1.153 -1.17308
-1.1486 -1.17743
-1.15359 -1.17237
-1.1531 -1.176
-1.15182 -1.17535
-1.15319 -1.17631
-1.15098 -1.17596
-1.15228 -1.17484
-1.15187 -1.17542
-1.15188 -1.17176
-1.15067 -1.17279
-1.15125 -1.17358
-1.14887 -1.1754
-1.14969 -1.17498
-1.15215 -1.17519
-1.15329 -1.17334
-1.15134 -1.17253
-1.1521 -1.17294
-1.1526 -1.16974
-1.15258 -1.17307
-1.15092 -1.17364
-1.15109 -1.17379
-1.15068 -1.17198
-1.15003 -1.17583
-1.14945 -1.17609
-1.15397 -1.17254
-1.14886 -1.17559
-1.15015 -1.17277
-1.15084 -1.17057
-1.14836 -1.17612
-1.15092 -1.16942
-1.14745 -1.17683
-1.14717 -1.17579
-1.14831 -1.1738
-1.14888 -1.17518
-1.14924 -1.17444
-1.14774 -1.1739
-1.14854 -1.17245
-1.14583 -1.17594
-1.14898 -1.1715
-1.14667 -1.17441
-1.15146 -1.17126
-1.14933 -1.17527
-1.15095 -1.17073
-1.14733 -1.17519
-1.15035 -1.17036
-1.14753 -1.1753
-1.1514 -1.16805
-1.14618 -1.17406
-1.1482 -1.17378
-1.14963 -1.17062
-1.1494 -1.1724
-1.1465 -1.17252
-1.15 -1.16992
-1.1481 -1.17591
-1.15061 -1.16897
-1.14928 -1.17147
-1.14871 -1.16961
-1.14903 -1.17281
-1.14829 -1.16835
-1.14879 -1.17185
-1.15164 -1.16933
-1.14754 -1.17073
-1.14776 -1.17396
-1.1498 -1.17024
-1.14737 -1.1726
-1.14921 -1.16854
-1.15053 -1.16881
-1.14832 -1.17269
-1.15064 -1.16779
-1.14698 -1.17334
-1.14874 -1.16975
-1.14926 -1.17242
-1.14856 -1.16885
-1.15065 -1.17003
-1.14773 -1.17059
-1.15098 -1.16844
-1.15151 -1.16555
-1.15222 -1.16706
-1.15029 -1.16815
