0 0
-0.0525538 -0.0494985
-0.104071 -0.0981644
-0.15444 -0.145771
-0.203741 -0.192549
-0.251927 -0.238488
-0.298789 -0.283217
-0.344282 -0.326811
-0.388687 -0.370053
-0.43159 -0.411519
-0.472814 -0.452473
-0.512772 -0.492143
-0.553382 -0.531579
-0.59113 -0.568882
-0.629044 -0.606347
-0.666198 -0.641799
-0.701051 -0.675238
-0.73539 -0.708248
-0.767798 -0.74214
-0.800082 -0.773148
-0.832077 -0.800704
-0.859553 -0.83187
-0.888863 -0.857801
-0.915813 -0.885437
-0.942313 -0.909203
-0.966827 -0.934336
-0.988204 -0.957669
-1.0129 -0.97799
-1.0316 -0.999642
-1.05169 -1.02051
-1.06986 -1.03968
-1.06946 -1.03661
-1.06428 -1.03603
-1.06405 -1.03194
-1.06297 -1.03178
-1.06229 -1.03158
-1.06495 -1.0304
-1.064 -1.03056
-1.06317 -1.03164
-1.06409 -1.03095
-1.06338 -1.0306
-1.06353 -1.02693
-1.06197 -1.02869
-1.06078 -1.02576
-1.05819 -1.02822
-1.05804 -1.0268
-1.05791 -1.02316
-1.05607 -1.02546
-1.05665 -1.0253
-1.05855 -1.02192
-1.05649 -1.02467
-1.0571 -1.02137
-1.05696 -1.02269
-1.05527 -1.02004
-1.05355 -1.01957
-1.05379 -1.01923
-1.05173 -1.02059
-1.05345 -1.01937
-1.0516 -1.01731
-1.05093 -1.02031
-1.05107 -1.01949
-1.05035 -1.01778
-1.04909 -1.02033
-1.04992 -1.01586
-1.04769 -1.01591
-1.0477 -1.01894
-1.04778 -1.01673
-1.05099 -1.01522
-1.04557 -1.01666
-1.05046 -1.01361
-1.04723 -1.01521
-1.04736 -1.01599
-1.04861 -1.0124
-1.04429 -1.01665
-1.04725 -1.01288
-1.04542 -1.01468
-1.04708 -1.01481
-1.04611 -1.01629
-1.04595 -1.0159
-1.04744 -1.01347
-1.04604 -1.0152
-1.04634 -1.01476
-1.04633 -1.01374
-1.04569 -1.01302
-1.04539 -1.01182
-1.04467 -1.01127
-1.04442 -1.01202
-1.04537 -1.01095
-1.04467 -1.01359
-1.04594 -1.01016
-1.04569 -1.01287
-1.04601 -1.01381
-1.0446 -1.01164
-1.04523 -1.01149
-1.04375 -1.01011
-1.0421 -1.00933
-1.04315 -1.0082
-1.04199 -1.00762
-1.04183 -1.00702
-1.04208 -1.00611
-1.04196 -1.0047
-1.0411 -1.00818
-1.04262 -1.00506
-1.04357 -1.00701
-1.04311 -1.00458
-1.04266 -1.00609
-1.04483 -1.00202
-1.04053 -1.00653
-1.04104 -1.00575
-1.04357 -1.00379
-1.03981 -1.00608
-1.04122 -1.00304
-1.04162 -1.00218
-1.03948 -1.00475
-1.04251 -1.00266
-1.03943 -1.00594
-1.03878 -1.0025
-1.04098 -1.00579
-1.03891 -1.00565
-1.03801 -1.00571
-1.04035 -1.00221
-1.03759 -1.00897
-1.03773 -1.00295
-1.03674 -1.0026
-1.0381 -1.00194
-1.0352 -1.0019
-1.03557 -1.00234
-1.03358 -1.00014
-1.03461 -0.998962
-1.03068 -0.999943
-1.03221 -0.997719
-1.03088 -0.998308
-1.02903 -0.998353
-1.03111 -0.997049
-1.03139 -0.995072
-1.02777 -0.997932
-1.03124 -0.992489
-1.02866 -0.995119
-1.0297 -0.994259
-1.03049 -0.993541
-1.02901 -0.996439
-1.03145 -0.994585
-1.02858 -0.99528
-1.03079 -0.99209
-1.02838 -0.996125
-1.02877 -0.994229
-1.02886 -0.99343
-1.02829 -0.992984
-1.02674 -0.992865
-1.02808 -0.989328
-1.02618 -0.989914
-1.02791 -0.988034
-1.0264 -0.99001
-1.02797 -0.99055
-1.02758 -0.991708
-1.02975 -0.99212
-1.02821 -0.99112
-1.02811 -0.990451
-1.02734 -0.993979
-1.0282 -0.990024
-1.0275 -0.990666
-1.02518 -0.992084
-1.02804 -0.989505
-1.02528 -0.989193
-1.02502 -0.99136
-1.02576 -0.991482
-1.02615 -0.988197
-1.02526 -0.989738
-1.02755 -0.987561
-1.02614 -0.990146
-1.02638 -0.988345
-1.02554 -0.991937
-1.02726 -0.988579
-1.02402 -0.991161
-1.02518 -0.987399
-1.02618 -0.98953
-1.02477 -0.989963
-1.02731 -0.986338
-1.02546 -0.988033
-1.0261 -0.986241
-1.02605 -0.986085
-1.02539 -0.983029
-1.02372 -0.987649
-1.02469 -0.983589
-1.02298 -0.987195
-1.02367 -0.985334
-1.02413 -0.984399
-1.02322 -0.984986
-1.02355 -0.982859
-1.02441 -0.984406
-1.02329 -0.984413
-1.02392 -0.983282
-1.02324 -0.984447
-1.02486 -0.981412
-1.02275 -0.984524
-1.02472 -0.982408
-1.02317 -0.984052
-1.0247 -0.9825
-1.02314 -0.981972
-1.02387 -0.980848
-1.02346 -0.981543
-1.02173 -0.981603
-1.02419 -0.980985
-1.02147 -0.981154
-1.0226 -0.981168
-1.02337 -0.977697
-1.02155 -0.980313
-1.02122 -0.978388
-1.02264 -0.979228
-1.02325 -0.980676
-1.0238 -0.980211
-1.02157 -0.981207
-1.02105 -0.983246
-1.02185 -0.980043
-1.02226 -0.981864
-1.01969 -0.98304
-1.02131 -0.980613
-1.02021 -0.982391
-1.02052 -0.982854
-1.02128 -0.981396
-1.0199 -0.984559
-1.02213 -0.982091
-1.0217 -0.981441
-1.02134 -0.982274
-1.02063 -0.982006
-1.02042 -0.981623
-1.02073 -0.980979
-1.01883 -0.98213
-1.01956 -0.979855
-1.01962 -0.979373
-1.0195 -0.978803
-1.01836 -0.979612
-1.01998 -0.97903
-1.01823 -0.979748
-1.01975 -0.980186
-1.01831 -0.980865
-1.02041 -0.980088
-1.01873 -0.980936
-1.02148 -0.978618
-1.0175 -0.981506
-1.02069 -0.980118
-1.0197 -0.979158
-1.01929 -0.980234
-1.02184 -0.980838
-1.02075 -0.979492
-1.02173 -0.980283
-1.02104 -0.981222
-1.02232 -0.977454
-1.02028 -0.98045
-1.02085 -0.977829
-1.01876 -0.981098
-1.02013 -0.977408
-1.01897 -0.977782
-1.01977 -0.977208
-1.01751 -0.976108
-1.01848 -0.975914
-1.01901 -0.975916
-1.02084 -0.976109
-1.01972 -0.976619
-1.01912 -0.975235
-1.02017 -0.97581
-1.01985 -0.976156
-1.02039 -0.974702
-1.01614 -0.977568
-1.02097 -0.974205
-1.01697 -0.975659
-1.01902 -0.973959
-1.01891 -0.971407
-1.02071 -0.970373
-1.01887 -0.971083
-1.01936 -0.97089
-1.02042 -0.970343
-1.01931 -0.973142
-1.01934 -0.972127
-1.01998 -0.972177
-1.01927 -0.973327
-1.01959 -0.975275
-1.01886 -0.97322
-1.01942 -0.976017
-1.01922 -0.972638
-1.01809 -0.975325
-1.0175 -0.975806
-1.01776 -0.973631
-1.0185 -0.973889
-1.01901 -0.973051
-1.01838 -0.972905
-1.01809 -0.973503
-1.02006 -0.97165
-1.01919 -0.971509
-1.01921 -0.971179
-1.01682 -0.971214
-1.01746 -0.968204
-1.01534 -0.969496
-1.01666 -0.967245
-1.01534 -0.965845
-1.01534 -0.96576
-1.01483 -0.964828
-1.01693 -0.961982
-1.01373 -0.962367
-1.01601 -0.960235
-1.01345 -0.961589
-1.01329 -0.958878
-1.01156 -0.960991
-1.01307 -0.958424
-1.01085 -0.95891
-1.01339 -0.95734
-1.01091 -0.960505
-1.01255 -0.958421
-1.01235 -0.961736
-1.01194 -0.958528
-1.01204 -0.957567
-1.01479 -0.955963
-1.01246 -0.958903
-1.01301 -0.95665
-1.01309 -0.958924
-1.01259 -0.95558
-1.0126 -0.957461
-1.01209 -0.959202
-1.01174 -0.956914
-1.01032 -0.960454
-1.01259 -0.960084
-1.01191 -0.95829
-1.01101 -0.96172
-1.01178 -0.958989
-1.01258 -0.963089
-1.0108 -0.96384
-1.01386 -0.960749
-1.01145 -0.962365
-1.01141 -0.963983
-1.01156 -0.9624
-1.01296 -0.963939
-1.01221 -0.964192
-1.0116 -0.963434
-1.01129 -0.963372
-1.01094 -0.962052
-1.01129 -0.962647
-1.00946 -0.960912
-1.01328 -0.959051
-1.00857 -0.962332
-1.01134 -0.960087
-1.01086 -0.957453
-1.00862 -0.960049
-1.01067 -0.956617
-1.00886 -0.957323
-1.00815 -0.959086
-1.00907 -0.956335
-1.00935 -0.95623
-1.00981 -0.955555
-1.00806 -0.955513
-1.00808 -0.954626
-1.00894 -0.952358
-1.00664 -0.951586
-1.00698 -0.951304
-1.00728 -0.949828
-1.00494 -0.95214
-1.00525 -0.951023
-1.00352 -0.951746
-1.00433 -0.949777
-1.00415 -0.950133
-1.00303 -0.949901
-1.00439 -0.94786
-1.00233 -0.950669
-1.00388 -0.947998
-1.00284 -0.948099
-1.00345 -0.94758
-1.00233 -0.949732
-1.00392 -0.945687
-1.00176 -0.948577
-1.0033 -0.948893
-1.00268 -0.947438
-1.00356 -0.948149
-1.00109 -0.948165
-1.00215 -0.949487
-1.00181 -0.949338
-1.00179 -0.951326
-1.00146 -0.949762
-0.999571 -0.952487
-1.00196 -0.950479
-0.997827 -0.952091
-0.997925 -0.952631
-0.998933 -0.950913
-0.996962 -0.950862
-0.995232 -0.952827
-0.997878 -0.95183
-0.994091 -0.951744
-0.99585 -0.950867
-0.99509 -0.949938
-0.993134 -0.951175
-0.994437 -0.949773
-0.993551 -0.947435
-0.990742 -0.947661
-0.9928 -0.946777
-0.990897 -0.945276
-0.989214 -0.945641
-0.989505 -0.943894
-0.987973 -0.944951
-0.98903 -0.943208
-0.987804 -0.942194
-0.986768 -0.944824
-0.986703 -0.942364
-0.986204 -0.942632
-0.987542 -0.939828
-0.985 -0.942056
-0.9866 -0.939385
-0.984884 -0.941282
-0.987987 -0.937772
-0.985594 -0.939303
-0.984856 -0.939535
-0.986405 -0.936659
-0.984875 -0.938196
-0.98673 -0.937363
-0.984134 -0.937664
-0.986126 -0.935561
-0.986115 -0.933815
-0.985563 -0.93525
-0.984994 -0.935722
-0.986743 -0.934163
-0.983304 -0.934739
-0.986748 -0.933834
-0.984339 -0.935191
-0.984606 -0.934908
-0.984147 -0.934928
-0.984979 -0.933611
-0.983902 -0.934952
-0.984174 -0.933888
-0.982983 -0.935455
-0.983179 -0.934936
-0.98491 -0.935472
-0.983552 -0.935685
-0.98686 -0.934151
-0.984523 -0.937811
-0.986458 -0.935355
-0.985478 -0.936589
-0.985771 -0.936641
-0.985079 -0.938223
-0.984673 -0.935608
-0.985032 -0.935526
-0.982097 -0.936747
-0.985255 -0.936081
-0.983431 -0.935134
-0.981672 -0.937914
-0.981667 -0.936098
-0.984358 -0.935053
-0.98087 -0.936963
-0.982076 -0.937009
-0.982376 -0.935354
-0.982034 -0.933948
-0.982265 -0.934784
-0.980579 -0.93391
-0.981236 -0.933857
-0.980999 -0.934146
-0.980501 -0.932712
-0.980052 -0.931293
-0.981023 -0.930616
-0.981276 -0.927026
-0.979394 -0.929782
-0.981344 -0.926342
-0.979719 -0.928126
-0.980319 -0.924623
-0.976767 -0.926289
-0.978281 -0.924929
-0.977612 -0.923415
-0.976714 -0.922141
-0.977847 -0.921904
-0.977064 -0.920569
-0.977279 -0.921904
-0.977151 -0.920223
-0.976713 -0.919783
-0.978002 -0.919059
-0.975525 -0.917485
-0.975765 -0.91565
-0.975952 -0.915526
-0.974417 -0.914376
-0.973782 -0.913326
-0.973678 -0.912905
-0.972939 -0.912086
-0.972841 -0.913004
-0.972792 -0.911442
-0.973383 -0.909541
-0.972588 -0.910492
-0.973416 -0.90741
-0.972446 -0.910381
-0.971856 -0.910106
-0.971535 -0.909033
-0.97291 -0.908599
-0.971409 -0.909125
-0.972787 -0.908567
-0.971061 -0.907908
-0.973033 -0.908006
-0.97162 -0.908429
-0.972946 -0.908526
-0.973883 -0.90717
-0.971377 -0.910095
-0.973756 -0.907675
-0.971741 -0.908916
-0.973422 -0.909049
-0.972614 -0.910022
-0.972184 -0.910501
-0.972552 -0.910561
-0.972592 -0.91154
-0.972039 -0.9104
-0.971572 -0.912884
-0.974952 -0.910223
-0.972586 -0.911672
-0.971439 -0.911781
-0.972209 -0.913611
-0.972728 -0.912504
-0.971829 -0.913357
-0.972152 -0.914568
-0.972964 -0.915024
-0.973389 -0.914653
-0.972546 -0.914589
-0.973206 -0.915022
-0.973428 -0.916788
-0.974224 -0.9147
-0.971326 -0.916325
-0.972976 -0.91605
-0.973048 -0.915186
-0.973888 -0.914857
-0.970572 -0.916791
-0.974194 -0.915754
-0.974022 -0.914488
-0.973399 -0.916326
-0.971976 -0.914324
-0.971981 -0.913958
-0.9712 -0.912857
-0.971525 -0.912296
-0.969492 -0.912632
-0.971102 -0.9113
-0.970855 -0.910318
-0.969715 -0.909627
-0.97007 -0.909049
-0.970476 -0.90902
-0.969229 -0.909682
-0.970309 -0.909528
-0.969581 -0.908706
-0.971412 -0.907523
-0.968294 -0.908344
-0.969813 -0.90756
-0.968639 -0.907962
-0.968832 -0.906171
-0.967576 -0.907327
-0.969183 -0.906099
-0.966715 -0.907803
-0.967699 -0.906224
-0.968046 -0.90499
-0.967516 -0.906905
-0.967616 -0.905873
-0.969362 -0.904273
-0.967735 -0.905793
-0.967441 -0.905197
-0.966398 -0.904923
-0.967973 -0.905426
-0.969504 -0.904574
-0.966279 -0.905074
-0.968846 -0.903308
-0.967534 -0.904291
-0.967707 -0.902933
-0.967789 -0.904019
-0.968696 -0.901776
-0.969242 -0.902293
-0.96785 -0.903117
-0.967054 -0.902326
-0.968446 -0.904453
-0.966399 -0.904675
-0.967308 -0.902615
-0.9654 -0.904637
-0.967485 -0.90101
-0.966798 -0.902623
-0.968104 -0.899693
-0.966305 -0.901468
-0.967257 -0.899662
-0.966923 -0.900105
-0.967071 -0.899542
-0.96637 -0.901425
-0.966161 -0.900531
-0.967019 -0.899975
-0.964894 -0.903037
-0.967047 -0.899415
-0.966379 -0.901186
-0.967485 -0.900957
-0.966328 -0.899696
-0.964606 -0.900962
-0.967907 -0.897424
-0.964223 -0.899189
-0.96578 -0.895884
-0.96372 -0.897653
-0.965193 -0.896871
-0.96385 -0.897103
-0.9652 -0.897666
-0.961694 -0.897368
-0.964655 -0.896536
-0.963934 -0.898127
-0.965072 -0.89573
-0.964407 -0.898792
-0.965036 -0.895904
-0.964286 -0.896753
-0.964243 -0.896341
-0.963389 -0.89542
-0.964143 -0.896355
-0.964192 -0.892736
-0.964497 -0.893839
-0.962392 -0.894037
-0.965018 -0.892449
-0.961658 -0.893941
-0.964529 -0.891943
-0.962236 -0.89215
-0.961919 -0.893376
-0.96296 -0.893478
-0.961468 -0.892514
-0.961427 -0.892624
-0.962121 -0.891589
-0.96135 -0.893089
-0.961763 -0.892101
-0.961738 -0.891455
-0.962426 -0.890564
-0.961496 -0.891006
-0.963254 -0.891195
-0.963161 -0.891209
-0.962374 -0.892745
-0.960865 -0.893194
-0.962915 -0.892281
-0.961208 -0.892181
-0.961545 -0.891656
-0.961744 -0.889934
-0.96207 -0.89097
-0.959826 -0.890998
-0.959939 -0.890717
-0.961867 -0.889174
-0.960458 -0.889066
-0.960352 -0.890253
-0.959634 -0.892206
-0.961364 -0.888051
-0.95747 -0.892139
-0.960201 -0.889969
-0.95673 -0.889708
-0.958234 -0.889131
-0.955966 -0.889422
-0.956888 -0.888019
-0.956954 -0.887139
-0.956302 -0.886884
-0.956655 -0.886697
-0.956559 -0.887177
-0.958366 -0.887377
-0.956318 -0.885875
-0.958675 -0.884925
-0.956129 -0.885709
-0.956572 -0.884958
-0.956936 -0.884237
-0.956151 -0.883997
-0.956703 -0.882509
-0.957894 -0.882324
-0.955422 -0.882441
-0.958491 -0.880804
-0.955365 -0.88245
-0.957398 -0.880176
-0.9565 -0.88085
-0.956589 -0.879773
-0.955954 -0.879908
-0.955583 -0.87805
-0.955421 -0.878637
-0.954063 -0.878681
-0.95603 -0.87526
-0.954011 -0.877596
-0.954875 -0.875232
-0.95537 -0.874814
-0.955138 -0.873038
-0.953013 -0.87367
-0.954638 -0.870156
-0.951387 -0.87356
-0.953104 -0.868681
-0.952636 -0.869443
-0.952083 -0.868699
-0.951618 -0.867782
-0.9517 -0.866073
-0.952125 -0.865728
-0.949875 -0.866873
-0.951478 -0.865234
-0.94922 -0.866679
-0.949408 -0.864018
-0.950435 -0.864472
-0.947154 -0.864042
-0.950604 -0.865889
-0.951426 -0.86285
-0.948757 -0.865098
-0.950205 -0.861837
-0.949768 -0.861429
-0.949653 -0.860565
-0.950271 -0.860445
-0.949475 -0.860546
-0.950571 -0.859795
-0.949685 -0.859167
-0.949982 -0.859095
-0.950123 -0.859353
-0.947496 -0.860557
-0.950144 -0.85794
-0.948271 -0.858202
-0.947528 -0.85876
-0.947567 -0.857463
-0.947873 -0.858368
-0.948272 -0.85647
-0.946578 -0.856746
-0.948457 -0.857366
-0.946189 -0.857091
-0.947444 -0.857185
-0.948197 -0.856322
-0.945833 -0.85721
-0.946902 -0.85442
-0.946782 -0.855027
-0.946487 -0.854633
-0.945915 -0.853147
-0.946374 -0.853846
-0.945218 -0.853095
-0.94711 -0.852347
-0.944297 -0.853578
-0.946545 -0.852104
-0.946113 -0.852124
-0.944743 -0.854183
-0.944937 -0.851271
-0.946276 -0.85002
-0.944421 -0.850948
-0.944967 -0.851594
-0.945101 -0.848651
-0.945006 -0.850756
-0.945335 -0.849101
-0.943545 -0.850551
-0.944323 -0.849794
-0.944588 -0.849944
-0.943224 -0.850433
-0.943249 -0.851059
-0.943891 -0.849076
-0.942871 -0.850786
-0.943735 -0.846819
-0.942306 -0.848777
-0.941232 -0.848355
-0.942077 -0.847411
-0.941857 -0.848322
-0.942508 -0.848493
-0.940671 -0.84881
-0.941683 -0.848823
-0.941344 -0.846523
-0.9411 -0.848534
-0.940459 -0.84602
-0.939621 -0.845785
-0.940533 -0.845198
-0.940792 -0.844836
-0.94036 -0.844058
-0.940618 -0.846076
-0.939875 -0.845144
-0.939938 -0.846249
-0.940682 -0.845013
-0.938336 -0.84674
-0.939256 -0.84464
-0.937636 -0.845457
-0.938427 -0.843876
-0.938314 -0.844898
-0.939543 -0.842667
-0.938705 -0.84226
-0.939244 -0.841858
-0.939918 -0.842351
-0.938114 -0.842716
-0.940031 -0.842547
-0.937635 -0.841498
-0.939406 -0.842245
-0.937975 -0.839963
-0.936858 -0.841568
-0.938034 -0.840054
-0.938221 -0.839283
-0.935753 -0.837855
-0.93623 -0.836536
-0.937455 -0.836887
-0.935957 -0.836284
-0.936626 -0.836518
-0.936413 -0.836074
-0.936275 -0.835772
-0.935178 -0.83573
-0.934674 -0.835021
-0.935659 -0.834891
-0.935303 -0.832898
-0.933923 -0.8343
-0.93513 -0.831835
-0.931766 -0.83254
-0.934739 -0.831603
-0.93317 -0.831708
-0.934529 -0.831279
-0.933261 -0.832596
-0.934775 -0.831284
-0.933505 -0.831404
-0.933428 -0.832146
-0.933477 -0.830443
-0.933363 -0.830825
-0.931194 -0.830677
-0.934453 -0.828374
-0.932368 -0.827702
-0.932106 -0.829236
-0.932299 -0.827557
-0.933322 -0.827876
-0.932411 -0.828435
-0.93026 -0.829139
-0.933241 -0.827016
-0.930175 -0.826907
-0.932963 -0.828198
-0.929563 -0.827997
-0.93434 -0.826987
-0.931997 -0.828246
-0.932049 -0.828889
-0.93298 -0.827584
-0.933434 -0.827619
-0.932518 -0.828556
-0.932225 -0.828228
-0.934507 -0.826923
-0.931257 -0.827744
-0.931954 -0.827507
-0.932274 -0.827252
-0.931757 -0.827192
-0.931525 -0.826279
-0.932459 -0.825635
-0.931468 -0.825213
-0.932273 -0.825614
-0.932973 -0.823691
-0.932423 -0.825288
-0.93139 -0.826415
-0.932898 -0.824269
-0.932109 -0.826465
-0.934462 -0.825243
-0.932174 -0.823444
-0.932756 -0.824773
-0.932558 -0.824787
-0.934733 -0.823276
-0.93193 -0.824454
-0.936056 -0.822755
-0.933546 -0.823733
-0.934128 -0.824579
-0.934012 -0.824142
-0.932962 -0.823641
-0.933938 -0.824691
-0.932045 -0.824203
-0.932422 -0.824007
-0.934031 -0.823454
-0.930845 -0.824059
-0.932738 -0.82408
-0.932069 -0.823169
-0.930914 -0.823842
-0.931549 -0.82376
-0.930785 -0.823261
-0.93055 -0.823108
-0.931418 -0.823282
-0.930334 -0.823198
-0.931408 -0.822999
-0.930838 -0.820196
-0.930695 -0.820242
-0.931255 -0.821436
-0.929846 -0.821441
-0.930899 -0.820702
-0.929092 -0.820431
-0.929815 -0.818763
-0.928857 -0.817922
-0.926898 -0.818889
-0.92882 -0.816921
-0.928135 -0.816603
-0.925868 -0.816307
-0.928437 -0.814252
-0.927307 -0.814623
-0.928341 -0.815007
-0.92687 -0.813596
-0.925746 -0.813185
-0.927143 -0.812906
-0.925605 -0.811815
-0.925575 -0.811312
-0.927119 -0.809502
-0.925298 -0.810216
-0.927109 -0.808628
-0.924651 -0.80955
-0.92581 -0.806747
-0.924244 -0.807407
-0.925619 -0.80428
-0.923487 -0.80516
-0.923206 -0.804162
-0.922977 -0.803862
-0.923152 -0.800817
-0.920144 -0.800961
-0.922332 -0.799976
-0.920325 -0.799378
-0.920966 -0.79694
-0.919416 -0.797393
-0.919796 -0.796013
-0.917518 -0.794436
-0.91896 -0.792504
-0.916398 -0.793743
-0.917579 -0.7919
-0.915266 -0.790516
-0.916114 -0.788048
-0.91483 -0.787017
-0.913975 -0.785534
-0.914633 -0.785416
-0.912352 -0.784492
-0.911686 -0.783039
-0.913859 -0.780616
-0.91062 -0.781164
-0.911457 -0.780799
-0.910632 -0.777998
-0.910462 -0.777171
-0.910059 -0.77682
-0.909282 -0.774875
-0.909097 -0.773101
-0.907274 -0.773203
-0.909768 -0.772164
-0.906335 -0.769433
-0.906333 -0.769637
-0.906666 -0.767072
-0.905926 -0.766433
-0.904469 -0.766342
-0.90527 -0.76545
-0.903218 -0.764767
-0.905221 -0.761978
-0.902687 -0.76169
-0.902753 -0.759704
-0.90361 -0.759207
-0.901458 -0.759194
-0.903456 -0.756238
-0.899665 -0.755596
-0.902355 -0.754736
-0.902202 -0.753264
-0.89981 -0.752882
-0.900462 -0.751925
-0.89955 -0.751043
-0.899553 -0.749071
-0.898066 -0.749354
-0.899008 -0.747385
-0.879007 -0.726415
-0.692518 -0.517656
-0.670694 -0.49712
-0.64342 -0.470427
-0.643385 -0.47118
-0.645121 -0.473661
-0.64322 -0.47094
-0.643504 -0.470024
-0.643762 -0.471684
-0.643148 -0.470434
-0.642785 -0.469646
-0.644405 -0.471196
-0.642189 -0.469285
-0.643204 -0.469875
-0.642822 -0.470542
-0.641171 -0.468362
-0.642477 -0.469555
-0.641172 -0.468452
-0.64136 -0.471444
-0.64152 -0.471857
-0.641065 -0.47147
-0.640763 -0.471766
-0.64129 -0.471582
-0.639876 -0.471481
-0.640714 -0.471894
-0.641114 -0.471301
-0.640416 -0.471742
-0.640995 -0.471538
-0.641222 -0.470944
-0.641615 -0.471275
-0.642502 -0.470758
-0.641707 -0.471105
-0.64197 -0.470904
-0.642731 -0.470576
-0.641835 -0.47146
-0.642506 -0.47047
-0.641391 -0.470081
-0.641841 -0.470477
-0.641259 -0.470542
-0.640569 -0.469624
-0.641751 -0.469941
-0.641253 -0.470082
-0.640391 -0.469506
-0.641333 -0.46966
-0.641084 -0.469465
-0.64045 -0.469484
-0.640118 -0.468789
-0.64131 -0.469845
-0.64036 -0.469213
-0.639662 -0.468666
-0.640324 -0.468901
-0.640617 -0.469281
-0.639384 -0.468819
-0.640507 -0.468983
-0.639903 -0.468932
-0.639817 -0.468903
-0.639919 -0.469089
-0.640058 -0.469426
-0.638876 -0.468755
-0.641595 -0.469392
-0.639458 -0.468988
-0.639761 -0.469062
-0.640647 -0.469391
-0.640255 -0.469458
-0.640015 -0.469366
-0.640753 -0.469363
-0.63936 -0.469168
-0.641045 -0.469176
-0.63849 -0.468947
-0.638858 -0.468809
-0.639584 -0.468202
-0.638833 -0.468129
-0.638909 -0.468544
-0.639799 -0.468446
-0.639174 -0.468134
-0.64025 -0.468308
-0.638751 -0.468553
-0.640056 -0.46834
-0.639782 -0.468664
-0.639378 -0.468797
-0.640668 -0.468471
-0.639295 -0.46851
-0.639142 -0.468751
-0.639552 -0.468025
-0.638782 -0.468786
-0.639103 -0.467887
-0.639529 -0.46822
-0.638505 -0.468588
-0.639237 -0.468033
-0.638996 -0.468478
-0.63864 -0.468431
-0.640065 -0.467646
-0.638887 -0.469377
-0.639232 -0.468011
-0.638395 -0.467982
-0.639732 -0.468847
-0.639268 -0.467703
-0.639049 -0.468614
-0.638259 -0.46763
-0.638694 -0.467979
-0.638407 -0.46816
-0.636612 -0.467365
-0.637468 -0.467364
-0.636496 -0.4678
-0.635939 -0.467521
-0.638247 -0.467681
-0.63606 -0.467604
-0.637398 -0.467506
-0.637404 -0.467449
-0.637061 -0.467914
-0.638451 -0.467585
-0.637757 -0.467325
-0.638228 -0.46849
-0.638257 -0.467124
-0.638483 -0.467001
-0.637894 -0.467871
-0.638248 -0.466983
-0.637992 -0.467391
-0.638139 -0.467354
-0.637904 -0.467992
-0.637601 -0.467262
-0.637073 -0.467243
-0.637501 -0.467737
-0.637739 -0.46703
-0.636691 -0.467664
-0.637113 -0.467659
-0.636979 -0.467267
-0.636642 -0.467274
-0.636964 -0.467604
-0.637022 -0.467262
-0.637035 -0.467252
-0.636448 -0.467584
-0.638129 -0.467227
-0.637017 -0.467341
-0.636751 -0.467282
-0.636876 -0.467319
-0.63649 -0.466712
-0.637291 -0.467307
-0.635799 -0.466494
-0.637353 -0.466347
-0.636455 -0.466657
-0.635914 -0.467087
-0.638088 -0.467172
-0.63699 -0.468436
-0.636355 -0.466886
-0.637556 -0.467574
-0.636602 -0.467541
-0.637368 -0.466829
-0.637606 -0.467107
-0.636408 -0.467729
-0.637193 -0.467401
-0.638022 -0.468284
-0.63719 -0.468509
-0.637852 -0.468308
-0.63848 -0.468446
-0.637131 -0.468396
-0.637005 -0.468175
-0.637942 -0.468806
-0.637871 -0.469525
-0.637497 -0.468886
-0.63732 -0.469303
-0.637135 -0.468927
-0.637417 -0.46936
-0.637726 -0.468972
-0.637989 -0.468886
-0.636972 -0.469043
-0.637766 -0.468709
-0.637462 -0.469099
-0.637937 -0.469039
-0.638412 -0.468851
-0.637598 -0.468785
-0.637902 -0.46945
-0.638121 -0.468526
-0.637473 -0.469196
-0.637949 -0.46896
-0.638245 -0.468212
-0.636966 -0.469178
-0.637034 -0.467868
-0.63829 -0.467976
-0.636308 -0.468269
-0.636818 -0.468092
-0.636965 -0.468166
-0.636497 -0.468195
-0.637235 -0.468384
-0.635909 -0.468125
-0.636171 -0.468056
-0.636654 -0.468325
-0.636039 -0.467787
-0.636479 -0.468116
-0.636942 -0.468267
-0.636835 -0.467962
-0.636606 -0.468054
-0.636153 -0.468041
-0.636576 -0.467698
-0.635918 -0.468053
-0.636695 -0.467481
-0.635264 -0.467339
-0.636301 -0.467797
-0.635933 -0.467299
-0.636708 -0.467283
-0.635332 -0.467771
-0.636506 -0.467469
-0.636289 -0.467106
-0.636412 -0.467485
-0.636389 -0.467242
-0.636171 -0.467254
-0.635948 -0.467339
-0.635776 -0.467258
-0.636013 -0.466827
-0.63745 -0.467435
-0.635094 -0.46704
-0.636667 -0.467606
-0.636472 -0.467539
-0.636215 -0.467108
-0.635752 -0.467595
-0.637509 -0.467509
-0.63599 -0.466854
-0.636071 -0.467036
-0.635724 -0.466898
-0.635514 -0.467237
-0.635749 -0.46697
-0.635348 -0.467431
-0.636355 -0.467437
-0.635891 -0.467194
-0.635852 -0.46706
-0.635959 -0.46744
-0.635842 -0.466816
-0.63663 -0.467573
-0.635432 -0.466521
-0.635984 -0.467349
-0.636128 -0.467237
-0.636302 -0.466685
-0.634912 -0.466692
-0.636 -0.466991
-0.635849 -0.466413
-0.63482 -0.466183
-0.634961 -0.466509
-0.634275 -0.466302
-0.634669 -0.466109
-0.634386 -0.465952
-0.634586 -0.466094
-0.634348 -0.466051
-0.635169 -0.466137
-0.634359 -0.466758
-0.635758 -0.466273
-0.634998 -0.466305
-0.635514 -0.466706
-0.635472 -0.466217
-0.635971 -0.466693
-0.635954 -0.466596
-0.636001 -0.466612
-0.635946 -0.466889
-0.636588 -0.466868
-0.635709 -0.466244
-0.636309 -0.467278
-0.63605 -0.466534
-0.636134 -0.466189
-0.635615 -0.466428
-0.636954 -0.466698
-0.635882 -0.466155
-0.635326 -0.466237
-0.636996 -0.466534
-0.634969 -0.465983
-0.63564 -0.466506
-0.635605 -0.465979
-0.635607 -0.466487
-0.635556 -0.465862
-0.636311 -0.466438
-0.635208 -0.466294
-0.636543 -0.466778
-0.635706 -0.465978
-0.637284 -0.467152
-0.635465 -0.465954
-0.636976 -0.466729
-0.635365 -0.466444
-0.637001 -0.466387
-0.636314 -0.466397
-0.635428 -0.467669
-0.63573 -0.466141
-0.635558 -0.466932
-0.636396 -0.467682
-0.635484 -0.465885
-0.635272 -0.466689
-0.635775 -0.466939
-0.635324 -0.466136
-0.634778 -0.466876
-0.635005 -0.466193
-0.63513 -0.465603
-0.634618 -0.466287
-0.63542 -0.466144
-0.634864 -0.4656
-0.63564 -0.465977
-0.635017 -0.466381
-0.635383 -0.465839
-0.636407 -0.46583
-0.635187 -0.465684
-0.635199 -0.465609
-0.635745 -0.465832
-0.635037 -0.465661
-0.63654 -0.465686
-0.63484 -0.465571
-0.635552 -0.465701
-0.635735 -0.465528
-0.634627 -0.465679
-0.635387 -0.465609
-0.63517 -0.466113
-0.635124 -0.465668
-0.63485 -0.465664
-0.634658 -0.466219
-0.634207 -0.465218
-0.634729 -0.4656
-0.633649 -0.465676
-0.633576 -0.46535
-0.633311 -0.465065
-0.634995 -0.465852
-0.633085 -0.465804
-0.634226 -0.465233
-0.634773 -0.466282
-0.63398 -0.465822
-0.634818 -0.465244
-0.634624 -0.46538
-0.634553 -0.466137
-0.635037 -0.464696
-0.634385 -0.465518
-0.634474 -0.465544
-0.634634 -0.464985
-0.634977 -0.465243
-0.634886 -0.465771
-0.635226 -0.464716
-0.633969 -0.465
-0.63522 -0.466165
-0.634642 -0.464541
-0.634909 -0.465606
-0.635125 -0.465494
-0.634367 -0.465005
-0.63367 -0.465426
-0.635356 -0.46607
-0.633742 -0.464881
-0.633801 -0.465641
-0.635221 -0.46555
-0.635803 -0.465455
-0.632377 -0.464735
-0.635134 -0.466743
-0.633627 -0.464902
-0.633425 -0.465339
-0.633835 -0.465581
-0.633246 -0.465211
-0.634176 -0.465536
-0.633845 -0.465529
-0.634037 -0.465805
-0.634277 -0.465781
-0.63384 -0.465454
-0.633812 -0.465535
-0.633451 -0.465296
-0.633282 -0.464969
-0.632981 -0.465507
-0.632399 -0.464999
-0.632414 -0.46504
-0.633081 -0.465128
-0.632907 -0.465138
-0.633392 -0.46503
-0.633181 -0.46505
-0.634429 -0.465249
-0.63391 -0.464459
-0.633305 -0.465021
-0.633873 -0.46464
-0.632529 -0.464467
-0.634274 -0.464959
-0.633895 -0.464798
-0.632627 -0.464398
-0.633163 -0.4655
-0.634237 -0.464959
-0.634126 -0.464742
-0.633494 -0.464855
-0.633379 -0.465441
-0.635181 -0.464658
-0.633857 -0.465304
-0.633241 -0.465132
-0.634741 -0.465173
-0.633718 -0.465241
-0.634519 -0.46537
-0.633522 -0.465254
-0.634826 -0.465299
-0.634835 -0.465893
-0.634499 -0.464882
-0.634217 -0.465241
-0.634633 -0.465122
-0.634393 -0.464617
-0.633842 -0.465189
-0.634054 -0.464679
-0.633507 -0.464569
-0.63359 -0.464779
-0.633156 -0.46468
-0.633605 -0.46449
-0.632893 -0.464831
-0.633055 -0.464642
-0.633022 -0.464663
-0.632772 -0.46493
-0.633242 -0.464757
-0.634355 -0.46508
-0.63298 -0.464579
-0.634029 -0.465476
-0.634338 -0.465368
-0.633554 -0.465075
-0.634471 -0.466199
-0.633779 -0.465104
-0.635001 -0.465549
-0.633822 -0.464954
-0.633702 -0.465389
-0.634921 -0.464977
-0.634097 -0.46487
-0.634247 -0.465311
-0.634741 -0.464477
-0.633532 -0.464927
-0.634259 -0.464988
-0.633299 -0.46457
-0.63421 -0.464669
-0.632674 -0.464331
-0.633329 -0.464392
-0.633258 -0.464677
-0.632803 -0.464032
-0.632991 -0.464711
-0.632739 -0.464149
-0.632905 -0.464749
-0.633262 -0.464463
-0.632714 -0.464166
-0.632518 -0.464865
-0.633137 -0.464552
-0.632957 -0.464521
-0.632684 -0.464977
-0.63241 -0.464372
-0.634031 -0.465933
-0.632264 -0.465005
-0.633231 -0.465249
-0.63279 -0.465303
-0.632954 -0.464836
-0.633238 -0.464748
-0.632993 -0.464976
-0.63257 -0.464549
-0.634085 -0.464788
-0.633278 -0.464958
-0.632921 -0.46458
-0.633551 -0.46512
-0.633703 -0.464911
-0.63295 -0.464203
-0.631631 -0.46497
-0.633098 -0.464911
-0.632087 -0.464089
-0.633186 -0.464329
-0.631173 -0.465228
-0.63255 -0.463704
-0.632703 -0.464463
-0.630984 -0.464109
-0.631281 -0.464146
-0.632427 -0.464568
-0.632456 -0.463989
-0.63148 -0.464024
-0.632657 -0.465006
-0.632324 -0.464151
-0.633539 -0.464243
-0.633294 -0.464143
-0.631981 -0.465029
-0.634282 -0.464523
-0.632835 -0.464457
-0.633701 -0.46516
-0.632133 -0.464225
-0.633774 -0.465329
-0.632445 -0.464512
-0.632547 -0.464258
-0.632057 -0.464339
-0.631649 -0.463996
-0.631479 -0.463971
-0.6308 -0.463973
-0.630815 -0.463466
-0.631349 -0.464088
-0.631161 -0.463377
-0.630249 -0.463356
-0.632216 -0.463957
-0.630966 -0.463312
-0.63188 -0.463448
-0.632862 -0.464161
-0.631254 -0.463381
-0.633862 -0.464379
-0.632184 -0.463546
-0.632846 -0.463658
-0.632392 -0.463851
-0.632764 -0.464018
-0.632324 -0.463135
-0.632885 -0.464235
-0.632351 -0.463626
-0.631717 -0.463577
-0.632708 -0.464498
-0.632648 -0.463452
-0.631347 -0.464008
-0.632265 -0.464061
-0.631494 -0.46358
-0.632072 -0.464167
-0.631585 -0.463849
-0.631679 -0.463832
-0.631268 -0.463657
-0.631478 -0.463677
-0.631272 -0.46361
-0.631309 -0.463434
-0.63194 -0.463428
-0.630535 -0.463946
-0.632294 -0.463419
-0.630381 -0.463413
-0.631277 -0.463337
-0.630411 -0.463408
-0.630323 -0.463708
-0.630291 -0.463405
-0.630164 -0.463316
-0.631431 -0.463699
-0.6301 -0.463513
-0.630923 -0.463715
-0.630693 -0.463703
-0.631514 -0.463983
-0.631852 -0.464461
-0.631821 -0.464121
-0.632077 -0.463923
-0.631964 -0.464485
-0.632924 -0.464336
-0.632498 -0.464
-0.632421 -0.463957
-0.631933 -0.464454
-0.6325 -0.46373
-0.631928 -0.464069
-0.631706 -0.464087
-0.632395 -0.463352
-0.630859 -0.464161
-0.632031 -0.463865
-0.630884 -0.463469
-0.630686 -0.463668
-0.631492 -0.46303
-0.63106 -0.463305
-0.630534 -0.463262
-0.631689 -0.463085
-0.631163 -0.463418
-0.631789 -0.46289
-0.631455 -0.463151
-0.631379 -0.463325
-0.631638 -0.463142
-0.631436 -0.463225
-0.632402 -0.46308
-0.631163 -0.463117
-0.632088 -0.463631
-0.630992 -0.462995
-0.630963 -0.463342
-0.631225 -0.463266
-0.629737 -0.463024
-0.630289 -0.463456
-0.630194 -0.462863
-0.629441 -0.462847
-0.629246 -0.463266
-0.630035 -0.462846
-0.629467 -0.462898
-0.630918 -0.462921
-0.630132 -0.463377
-0.629885 -0.462861
-0.631536 -0.463059
-0.631617 -0.463715
-0.631655 -0.463039
-0.631453 -0.462965
-0.632813 -0.464556
-0.632342 -0.462922
-0.632133 -0.464113
-0.632346 -0.463269
-0.632657 -0.463165
-0.631666 -0.46355
-0.63211 -0.463512
-0.632244 -0.463595
-0.631656 -0.463587
-0.632068 -0.463804
-0.631331 -0.463544
-0.632256 -0.463502
-0.631923 -0.4645
-0.631758 -0.46309
-0.630296 -0.463456
-0.632341 -0.464033
-0.630841 -0.462515
-0.631031 -0.463424
-0.63174 -0.463322
-0.631279 -0.463212
-0.63117 -0.463458
-0.632471 -0.463963
-0.631603 -0.463248
-0.632203 -0.463693
-0.632481 -0.463263
-0.631191 -0.463469
-0.632536 -0.463324
-0.631028 -0.463128
-0.632291 -0.463294
-0.630577 -0.462887
-0.630839 -0.463295
-0.630501 -0.463011
-0.630829 -0.462799
-0.630557 -0.463301
-0.630502 -0.463073
-0.630971 -0.462783
-0.630667 -0.462992
-0.630866 -0.46304
-0.629914 -0.462128
-0.6306 -0.462477
-0.630309 -0.462776
-0.631365 -0.462068
-0.630016 -0.462409
-0.630679 -0.462901
-0.630457 -0.462488
-0.631887 -0.46293
-0.630573 -0.462811
-0.631343 -0.46315
-0.631301 -0.462486
-0.631107 -0.462822
-0.631413 -0.463001
-0.631442 -0.463038
-0.63183 -0.462726
-0.631525 -0.463957
-0.631785 -0.462827
-0.631906 -0.463111
-0.632235 -0.463804
-0.632338 -0.462653
-0.632541 -0.46342
-0.633098 -0.462629
-0.632547 -0.462934
-0.633012 -0.463016
-0.631669 -0.462566
-0.633166 -0.463348
-0.631189 -0.462575
-0.632093 -0.462691
-0.63215 -0.462687
-0.630616 -0.462615
-0.632261 -0.462643
-0.630238 -0.462798
-0.631093 -0.462231
-0.630879 -0.462715
-0.630804 -0.462238
-0.6306 -0.462743
-0.630038 -0.462295
-0.630475 -0.462572
-0.629866 -0.462481
-0.630954 -0.462224
-0.629366 -0.463047
-0.630549 -0.462354
-0.630873 -0.462858
-0.629423 -0.462745
-0.630506 -0.46249
-0.629805 -0.462864
-0.63067 -0.462366
-0.630616 -0.462991
-0.630506 -0.462119
-0.630031 -0.462559
-0.630742 -0.462949
-0.630543 -0.462139
-0.630964 -0.462866
-0.630315 -0.462683
-0.630001 -0.462438
-0.631554 -0.463248
-0.629422 -0.462555
-0.630388 -0.462438
-0.630001 -0.462914
-0.630439 -0.462409
-0.630248 -0.463124
-0.629441 -0.462443
-0.63106 -0.462675
-0.629812 -0.463147
-0.630518 -0.462576
-0.630477 -0.463069
-0.630292 -0.462675
-0.630734 -0.462506
-0.629725 -0.462406
-0.631139 -0.463348
-0.62994 -0.462364
-0.630449 -0.462851
-0.630302 -0.462792
-0.630549 -0.462857
-0.630321 -0.462482
-0.629995 -0.462921
-0.629975 -0.462772
-0.630361 -0.462434
-0.629538 -0.463101
-0.630953 -0.462571
-0.628882 -0.461925
-0.629101 -0.462692
-0.629512 -0.46264
-0.62943 -0.462252
-0.629021 -0.462267
-0.630387 -0.462737
-0.629671 -0.462165
-0.630536 -0.462633
-0.630374 -0.462623
-0.630182 -0.462349
-0.630309 -0.462655
-0.631342 -0.462858
-0.630038 -0.462661
-0.631267 -0.46269
-0.630513 -0.462645
-0.63031 -0.463075
-0.630483 -0.463069
-0.631003 -0.462854
-0.629669 -0.462777
-0.63075 -0.462753
-0.629912 -0.463016
-0.629347 -0.46298
-0.630646 -0.462466
-0.629924 -0.463043
-0.630108 -0.462632
-0.630073 -0.462795
-0.629818 -0.463283
-0.629556 -0.463144
-0.62952 -0.462585
-0.630212 -0.462766
-0.629485 -0.462997
-0.62882 -0.462388
-0.630048 -0.463114
-0.628737 -0.462971
-0.629362 -0.462564
-0.628928 -0.46318
-0.629338 -0.462742
-0.629026 -0.46264
-0.629476 -0.463293
-0.629209 -0.462649
-0.629144 -0.462884
-0.629351 -0.463198
-0.629373 -0.462879
-0.629329 -0.463199
-0.629186 -0.463075
-0.628749 -0.462849
-0.628878 -0.462809
-0.630146 -0.462376
-0.629041 -0.462424
-0.629293 -0.462691
-0.628856 -0.462488
-0.629643 -0.46271
-0.629527 -0.462211
-0.628771 -0.463017
-0.628806 -0.462036
-0.628663 -0.462449
-0.628587 -0.462403
-0.628469 -0.462499
-0.628808 -0.462405
-0.629115 -0.462716
-0.628583 -0.462497
-0.628852 -0.462734
-0.629713 -0.463447
-0.629585 -0.462842
-0.628755 -0.462723
-0.629918 -0.463883
-0.629311 -0.462809
-0.629351 -0.463157
-0.629049 -0.462678
-0.629048 -0.463034
-0.629159 -0.462359
-0.629082 -0.463057
-0.628845 -0.462487
-0.628632 -0.462433
-0.628531 -0.462544
-0.628714 -0.462377
-0.627542 -0.462054
-0.627688 -0.462318
-0.627971 -0.461988
-0.628356 -0.46201
-0.628591 -0.462471
-0.627733 -0.461791
-0.628781 -0.46249
-0.628853 -0.462612
-0.628584 -0.461895
-0.629373 -0.462272
-0.628217 -0.462404
-0.629038 -0.461758
-0.629228 -0.462236
-0.628595 -0.462056
-0.628113 -0.462282
-0.628268 -0.461956
-0.629028 -0.461747
-0.628118 -0.462274
-0.627964 -0.461536
-0.628603 -0.461983
-0.627864 -0.461976
-0.628912 -0.462009
-0.628079 -0.461764
-0.628941 -0.46199
-0.628543 -0.462337
-0.629467 -0.462275
-0.62927 -0.461518
-0.628307 -0.462619
-0.628254 -0.461617
-0.629961 -0.461623
-0.62787 -0.462156
-0.627803 -0.461214
-0.628676 -0.46156
-0.628255 -0.461716
-0.627719 -0.46114
-0.628093 -0.461387
-0.628914 -0.461497
-0.628498 -0.461469
-0.626618 -0.460965
-0.628704 -0.461934
-0.628426 -0.461029
-0.627522 -0.46134
-0.628177 -0.461499
-0.628592 -0.46116
-0.627896 -0.461694
-0.628223 -0.461904
-0.628409 -0.46121
-0.628752 -0.461643
-0.627818 -0.461594
-0.627576 -0.46126
-0.628057 -0.461736
-0.628642 -0.46155
-0.627406 -0.460779
-0.628153 -0.461605
-0.627514 -0.461228
-0.62851 -0.461021
-0.62872 -0.461802
-0.627533 -0.460954
-0.628476 -0.46143
-0.627533 -0.461277
-0.628791 -0.461391
-0.628613 -0.461114
-0.627265 -0.461181
-0.628861 -0.461497
-0.628261 -0.461398
-0.627545 -0.461186
-0.62845 -0.461527
-0.627751 -0.461253
-0.627623 -0.461177
-0.627411 -0.461669
-0.628034 -0.461361
-0.627406 -0.461142
-0.627075 -0.461893
-0.627951 -0.460881
-0.627684 -0.461596
-0.627622 -0.461247
-0.62819 -0.461456
-0.62796 -0.461652
-0.628766 -0.461344
-0.627939 -0.461788
-0.628427 -0.461457
-0.628141 -0.461929
-0.62879 -0.461848
-0.62706 -0.46118
-0.628299 -0.461717
-0.627668 -0.461011
-0.627665 -0.461532
-0.627105 -0.461247
-0.627649 -0.461328
-0.627367 -0.460988
-0.62666 -0.46094
-0.627754 -0.461631
-0.62678 -0.460961
-0.626778 -0.461464
-0.62756 -0.461274
-0.627283 -0.461031
-0.62727 -0.461155
-0.627705 -0.461279
-0.627843 -0.460896
-0.627576 -0.460909
-0.627481 -0.461128
-0.627915 -0.46085
-0.627888 -0.460657
-0.62714 -0.461269
-0.627218 -0.460723
-0.627629 -0.460827
-0.626701 -0.460964
-0.627328 -0.460891
-0.626665 -0.460312
-0.627524 -0.461088
-0.626431 -0.460877
-0.627533 -0.461045
-0.62722 -0.460795
-0.626963 -0.461158
-0.627555 -0.460776
-0.627182 -0.46085
-0.627927 -0.460686
-0.628189 -0.460495
-0.627049 -0.460563
-0.629018 -0.460596
-0.627263 -0.460432
-0.627934 -0.460629
-0.628305 -0.460277
-0.627726 -0.461091
-0.628161 -0.460225
-0.627946 -0.460897
-0.627666 -0.460243
-0.627586 -0.460104
-0.62789 -0.460225
-0.626992 -0.460554
-0.628014 -0.46001
-0.627152 -0.460082
-0.627979 -0.46125
-0.627566 -0.460031
-0.62817 -0.460626
-0.627342 -0.460111
-0.6271 -0.460357
-0.627468 -0.460163
-0.627979 -0.460379
-0.626516 -0.46043
-0.628178 -0.460774
-0.627297 -0.460632
-0.627909 -0.46075
-0.627035 -0.460531
-0.627087 -0.461501
-0.627584 -0.460391
-0.627537 -0.460685
-0.627297 -0.461269
-0.626822 -0.460258
-0.626792 -0.460704
-0.6276 -0.460794
-0.626665 -0.459845
-0.627195 -0.460374
-0.627423 -0.460257
-0.627333 -0.460183
-0.626852 -0.460281
-0.628332 -0.460525
-0.627968 -0.459906
-0.626975 -0.460072
-0.627735 -0.460753
-0.627797 -0.459847
-0.626937 -0.459701
-0.626846 -0.460373
-0.626751 -0.459791
-0.626568 -0.459583
-0.627212 -0.460146
-0.626435 -0.459653
-0.626659 -0.45984
-0.626883 -0.460209
-0.62782 -0.459959
-0.626218 -0.459705
-0.627382 -0.460264
-0.626814 -0.459763
-0.627894 -0.460142
-0.626597 -0.459731
-0.62741 -0.459873
-0.628119 -0.460297
-0.627558 -0.45987
-0.627623 -0.460012
-0.627363 -0.460101
-0.62884 -0.46068
-0.627799 -0.460293
-0.62823 -0.460421
-0.627439 -0.461122
-0.628166 -0.460021
-0.627003 -0.460161
-0.627186 -0.460695
-0.626987 -0.459997
-0.627286 -0.460325
-0.62662 -0.460812
-0.627011 -0.46007
-0.626473 -0.460514
-0.627299 -0.460807
-0.627699 -0.460019
-0.626571 -0.460122
-0.626818 -0.461174
-0.627741 -0.459726
-0.62659 -0.460535
-0.626382 -0.460011
-0.627683 -0.459939
-0.625971 -0.460436
-0.628767 -0.46049
-0.625926 -0.459782
-0.628184 -0.46103
-0.626523 -0.46009
-0.627077 -0.459718
-0.626736 -0.460266
-0.62561 -0.459669
-0.626757 -0.459974
-0.626436 -0.459648
-0.626516 -0.459812
-0.626735 -0.459881
-0.625823 -0.459653
-0.626807 -0.460255
-0.626789 -0.459558
-0.626009 -0.459556
-0.626667 -0.46101
-0.626581 -0.459332
-0.626875 -0.460262
-0.626938 -0.460155
-0.62626 -0.460072
-0.627633 -0.46084
-0.626933 -0.460286
-0.626616 -0.460198
-0.627723 -0.460481
-0.626331 -0.46061
-0.6278 -0.460756
-0.626919 -0.460056
-0.627788 -0.461126
-0.627006 -0.460362
-0.627486 -0.460468
-0.627612 -0.460468
-0.628439 -0.460158
-0.626384 -0.460411
-0.627847 -0.460083
-0.626824 -0.460259
-0.627658 -0.460158
-0.625967 -0.46044
-0.626636 -0.460351
-0.627328 -0.460099
-0.626083 -0.461501
-0.627104 -0.459876
-0.625475 -0.459942
-0.625643 -0.460441
-0.626806 -0.459654
-0.625255 -0.459569
-0.626042 -0.460528
-0.624766 -0.459294
-0.624904 -0.459746
-0.626737 -0.460128
-0.625884 -0.459388
-0.625748 -0.45982
-0.625675 -0.460396
-0.626795 -0.459321
-0.625777 -0.459721
-0.626587 -0.46015
-0.626871 -0.459564
-0.625146 -0.459891
-0.626819 -0.460022
-0.626552 -0.45963
-0.626358 -0.459654
-0.625353 -0.460114
-0.625993 -0.459776
-0.626291 -0.459585
-0.625426 -0.460063
-0.625553 -0.459701
-0.62599 -0.459854
-0.626005 -0.459845
-0.626307 -0.459759
-0.626462 -0.459635
-0.625453 -0.459354
-0.626738 -0.459641
-0.627132 -0.459222
-0.626235 -0.45949
-0.625681 -0.459253
-0.62681 -0.459617
-0.626944 -0.458986
-0.626445 -0.459621
-0.626589 -0.459315
-0.626342 -0.458641
-0.627352 -0.460429
-0.626542 -0.458925
-0.626093 -0.458865
-0.627776 -0.459949
-0.62603 -0.45945
-0.626635 -0.459155
-0.627624 -0.460014
-0.627031 -0.459972
-0.626844 -0.45969
-0.627586 -0.46026
-0.626994 -0.459898
-0.627402 -0.460568
-0.626692 -0.459472
-0.626981 -0.46107
-0.625778 -0.459852
-0.626325 -0.45967
-0.627301 -0.46028
-0.625233 -0.45978
-0.625976 -0.460088
-0.626174 -0.45977
-0.624841 -0.459761
-0.62459 -0.459352
-0.624453 -0.460013
-0.625402 -0.459338
-0.62423 -0.459214
-0.624839 -0.459831
-0.625808 -0.459704
-0.625117 -0.459765
-0.626346 -0.459867
-0.626635 -0.460439
-0.626174 -0.459784
-0.627121 -0.460664
-0.626971 -0.460154
-0.626782 -0.459717
-0.626891 -0.460469
