0 0
-0.0870395 -0.082017
-0.171447 -0.162025
-0.252376 -0.238967
-0.330998 -0.313524
-0.405966 -0.384939
-0.478219 -0.454705
-0.547791 -0.521292
-0.614517 -0.586018
-0.677255 -0.647078
-0.737044 -0.70746
-0.7946 -0.763124
-0.848494 -0.818095
-0.899599 -0.867526
-0.947362 -0.917358
-0.990222 -0.963551
-1.03192 -1.00704
-1.07048 -1.04684
-1.101 -1.08704
-1.13456 -1.11867
-1.15763 -1.15282
-1.18231 -1.17988
-1.20019 -1.20784
-1.21457 -1.23354
-1.20959 -1.22468
-1.21656 -1.22754
-1.23248 -1.24786
-1.24226 -1.27133
-1.25079 -1.28744
-1.26113 -1.29669
-1.24351 -1.29284
-1.24589 -1.28501
-1.25002 -1.28002
-1.24823 -1.28417
-1.2523 -1.28345
-1.25 -1.28141
-1.25059 -1.28179
-1.24892 -1.2791
-1.2484 -1.27597
-1.247 -1.27917
-1.25081 -1.27649
-1.24942 -1.27818
-1.24999 -1.27333
-1.24697 -1.27783
-1.24786 -1.27709
-1.24972 -1.27539
-1.24519 -1.27916
-1.24824 -1.27301
-1.24214 -1.28035
-1.24721 -1.27372
-1.24209 -1.27511
-1.2475 -1.2726
-1.24554 -1.27131
-1.24147 -1.2748
-1.24442 -1.27164
-1.24323 -1.27261
-1.2428 -1.27131
-1.24174 -1.27466
-1.23924 -1.27492
-1.24272 -1.27211
-1.23831 -1.27163
-1.24153 -1.27113
-1.24161 -1.27085
-1.24049 -1.2697
-1.24029 -1.26858
-1.24034 -1.27071
-1.23964 -1.26684
-1.23764 -1.27001
-1.23926 -1.26689
-1.23376 -1.27396
-1.23858 -1.2642
-1.2127 -1.23799
-1.21347 -1.21329
-1.20679 -1.21653
-1.21267 -1.21136
-1.20846 -1.21531
-1.20894 -1.21158
-1.2101 -1.21347
-1.20871 -1.20887
-1.20899 -1.21327
-1.20855 -1.20953
-1.21009 -1.21267
-1.20823 -1.21179
-1.20856 -1.20999
-1.20704 -1.20846
-1.20585 -1.21218
-1.20739 -1.20778
-1.20627 -1.21003
-1.20622 -1.20817
-1.20758 -1.2087
-1.20794 -1.2095
-1.20649 -1.20887
-1.20846 -1.20809
-1.20372 -1.20847
-1.20545 -1.20906
-1.20418 -1.20731
-1.20584 -1.2087
-1.2038 -1.20824
-1.20586 -1.20778
-1.20332 -1.20728
-1.20409 -1.20654
-1.20427 -1.20665
-1.20615 -1.20718
-1.20532 -1.20793
-1.20717 -1.20379
-1.20194 -1.2097
-1.2063 -1.20367
-1.20321 -1.2096
-1.20439 -1.20489
-1.20628 -1.20444
-1.20304 -1.20788
-1.20585 -1.20876
-1.2007 -1.207
-1.20415 -1.20375
-1.20223 -1.20712
-1.20464 -1.20328
-1.20265 -1.20685
-1.20337 -1.20484
-1.20125 -1.20314
-1.20438 -1.20476
-1.19996 -1.20398
-1.20055 -1.20263
-1.20031 -1.20243
-1.2007 -1.20398
-1.20048 -1.20167
-1.19918 -1.20558
-1.19901 -1.2049
-1.19907 -1.20309
-1.19963 -1.20518
-1.19837 -1.2045
-1.19639 -1.20293
-1.19975 -1.20105
-1.19687 -1.20387
-1.20005 -1.1991
-1.19827 -1.20493
-1.19946 -1.20342
-1.19912 -1.20218
-1.19989 -1.19935
-1.19815 -1.20165
-1.19857 -1.2004
-1.19848 -1.20149
-1.19821 -1.19922
-1.19765 -1.20166
-1.20087 -1.1978
-1.20019 -1.20081
-1.19736 -1.20011
-1.1994 -1.19845
-1.19659 -1.19968
-1.19726 -1.19736
-1.19675 -1.20082
-1.19483 -1.19904
-1.19523 -1.20147
-1.19433 -1.19999
-1.19517 -1.19976
-1.19431 -1.20238
-1.19796 -1.19581
-1.19426 -1.2021
-1.19533 -1.19715
-1.19091 -1.19991
-1.19461 -1.19673
-1.19311 -1.19959
-1.19626 -1.19754
-1.19079 -1.19915
-1.19319 -1.19752
-1.19338 -1.19715
-1.19043 -1.19904
-1.19401 -1.19676
-1.19109 -1.1995
-1.19244 -1.19799
-1.19392 -1.1961
-1.18994 -1.19665
-1.19264 -1.19664
-1.18976 -1.19943
-1.19298 -1.19535
-1.19043 -1.1976
-1.19175 -1.19946
-1.19442 -1.19587
-1.19169 -1.19859
-1.19482 -1.19471
-1.19034 -1.1975
-1.19174 -1.19482
-1.19418 -1.195
-1.1906 -1.19617
-1.19215 -1.19438
-1.18758 -1.19924
-1.19513 -1.19499
-1.18964 -1.1981
-1.19252 -1.19276
-1.18898 -1.19679
-1.18976 -1.19662
-1.19016 -1.19517
-1.19047 -1.19514
-1.18773 -1.1978
-1.19151 -1.19292
-1.18593 -1.19745
-1.19114 -1.19434
-1.19112 -1.19439
-1.18701 -1.19602
-1.19245 -1.19204
-1.195 -1.19268
-1.18974 -1.19308
-1.19136 -1.19409
-1.19119 -1.19154
-1.19139 -1.19034
-1.18771 -1.19266
-1.19007 -1.19083
-1.19105 -1.18987
-1.19127 -1.19209
-1.18857 -1.19191
-1.19386 -1.19006
-1.18937 -1.19457
-1.19188 -1.19027
-1.18879 -1.19045
-1.18629 -1.19088
-1.18789 -1.18972
-1.18551 -1.19262
-1.18846 -1.18912
-1.18606 -1.19351
-1.18964 -1.18836
-1.18742 -1.18841
-1.18568 -1.19023
-1.18625 -1.18892
-1.18827 -1.18641
-1.18847 -1.1906
-1.18995 -1.18684
-1.19101 -1.18732
-1.18729 -1.18968
-1.19077 -1.18712
-1.19019 -1.18605
-1.18606 -1.18908
-1.19104 -1.18173
-1.18484 -1.19008
-1.19156 -1.18365
-1.1878 -1.18696
-1.18843 -1.18464
-1.18695 -1.18522
-1.18972 -1.18761
-1.18666 -1.18702
-1.18724 -1.18426
-1.18426 -1.1878
-1.18651 -1.1817
-1.18279 -1.1868
-1.18601 -1.18643
-1.18478 -1.18509
-1.18713 -1.18677
-1.18602 -1.18416
-1.18398 -1.18732
-1.1847 -1.18552
-1.18494 -1.18192
-1.18249 -1.18623
-1.18813 -1.18368
-1.18378 -1.18672
-1.18638 -1.18676
-1.18594 -1.18286
-1.18383 -1.18506
-1.18712 -1.18372
-1.18346 -1.18179
-1.18563 -1.1818
-1.18333 -1.18508
-1.18851 -1.18317
-1.18651 -1.18406
-1.18464 -1.18145
-1.18575 -1.1837
-1.18271 -1.18297
-1.18345 -1.18153
-1.18412 -1.18266
-1.18345 -1.18257
-1.18605 -1.17957
-1.18258 -1.18532
-1.18305 -1.18269
-1.18212 -1.18261
-1.1822 -1.18167
-1.18207 -1.18104
-1.18083 -1.18183
-1.18017 -1.18126
-1.18159 -1.1807
-1.18063 -1.18135
-1.18228 -1.18048
-1.18299 -1.18035
-1.18004 -1.1815
-1.18096 -1.1795
-1.18091 -1.18001
-1.18 -1.18049
-1.17988 -1.17919
-1.18252 -1.18275
-1.18218 -1.17625
-1.17968 -1.18027
-1.18274 -1.17701
-1.17808 -1.17827
-1.18329 -1.17701
-1.18111 -1.17816
-1.17923 -1.18079
-1.18288 -1.1753
-1.17965 -1.18083
-1.18188 -1.1773
-1.17891 -1.17648
-1.18077 -1.17998
-1.18062 -1.17622
-1.17893 -1.17857
-1.18222 -1.17751
-1.17816 -1.17963
-1.17979 -1.17917
-1.18123 -1.17747
-1.17927 -1.17969
-1.17965 -1.17839
-1.18058 -1.17807
-1.18088 -1.17939
-1.1791 -1.17577
-1.18021 -1.1789
-1.17871 -1.17628
-1.18005 -1.17426
-1.17792 -1.17821
-1.18018 -1.17493
-1.17835 -1.17728
-1.1784 -1.17796
-1.17929 -1.17557
-1.17787 -1.17653
-1.17751 -1.17753
-1.17627 -1.17473
-1.17411 -1.17819
-1.17778 -1.17783
-1.17504 -1.17525
-1.1764 -1.17516
-1.17325 -1.18124
-1.17682 -1.17346
-1.17467 -1.17569
-1.17427 -1.17749
-1.17394 -1.17507
-1.1765 -1.17583
-1.1722 -1.17484
-1.17233 -1.17261
-1.17395 -1.17644
-1.17359 -1.1747
-1.17331 -1.17386
-1.17424 -1.17581
-1.17267 -1.17589
-1.17439 -1.1724
-1.17074 -1.17494
-1.17501 -1.17488
-1.17077 -1.17638
-1.17507 -1.17313
-1.17174 -1.17393
-1.17351 -1.1751
-1.17232 -1.17517
-1.17224 -1.17318
-1.17195 -1.1749
-1.1715 -1.17613
-1.1718 -1.17589
-1.17095 -1.1741
-1.17022 -1.17821
-1.17249 -1.17352
-1.16797 -1.17519
-1.17099 -1.17443
-1.17038 -1.17178
-1.16828 -1.17753
-1.17199 -1.17315
-1.17204 -1.17661
-1.16982 -1.17224
-1.1687 -1.17488
-1.16935 -1.16986
-1.16995 -1.17069
-1.16839 -1.17267
-1.16821 -1.17471
-1.16996 -1.16862
-1.16987 -1.17246
-1.16654 -1.17296
-1.17091 -1.1716
-1.16881 -1.17038
-1.16988 -1.17259
-1.16734 -1.17308
-1.17003 -1.16837
-1.1671 -1.17645
-1.16813 -1.16984
-1.16565 -1.17414
-1.17154 -1.17227
-1.16926 -1.16883
-1.16757 -1.17486
-1.17051 -1.17033
-1.16835 -1.17059
-1.16679 -1.17134
-1.17022 -1.16997
-1.16529 -1.17222
-1.16981 -1.16926
-1.16597 -1.17095
-1.16895 -1.17086
-1.16843 -1.171
-1.16755 -1.17464
-1.16879 -1.17124
-1.16588 -1.16912
-1.16522 -1.17305
-1.16588 -1.17094
-1.16703 -1.17242
-1.16598 -1.17306
-1.16669 -1.17279
-1.16732 -1.17107
-1.166 -1.17284
-1.16495 -1.17229
-1.16684 -1.17185
-1.16545 -1.1724
-1.16418 -1.17297
-1.16659 -1.1697
-1.16509 -1.17008
-1.16328 -1.17329
-1.16806 -1.16867
-1.16676 -1.17152
-1.16641 -1.17147
-1.16719 -1.17043
-1.16569 -1.17176
-1.16525 -1.17041
-1.16353 -1.17228
-1.16564 -1.17061
-1.16413 -1.16929
-1.16558 -1.16936
-1.16489 -1.16924
-1.16434 -1.17095
-1.16526 -1.16819
-1.16381 -1.16921
-1.16351 -1.17115
-1.16384 -1.16899
-1.16163 -1.1708
-1.16326 -1.16664
-1.16192 -1.16892
-1.16569 -1.16767
-1.16379 -1.16983
-1.16599 -1.1683
-1.16113 -1.17142
-1.16521 -1.16557
-1.1624 -1.17172
-1.16457 -1.16696
-1.16189 -1.16886
-1.16349 -1.16765
-1.16128 -1.16965
-1.16497 -1.16533
-1.16306 -1.16848
-1.16534 -1.16561
-1.16174 -1.1672
-1.16233 -1.16462
-1.16158 -1.1666
-1.16083 -1.16368
-1.16184 -1.16823
-1.16338 -1.16324
-1.16042 -1.16489
-1.16179 -1.1651
-1.16086 -1.16199
-1.15969 -1.16655
-1.1596 -1.16237
-1.16062 -1.16472
-1.15902 -1.16526
-1.16186 -1.16433
-1.15837 -1.16513
-1.1589 -1.16532
-1.16004 -1.16444
-1.15646 -1.16492
-1.15905 -1.16406
-1.15762 -1.16522
-1.15839 -1.1645
-1.15532 -1.16335
-1.15839 -1.1644
-1.15536 -1.16485
-1.15802 -1.16082
-1.15488 -1.16458
-1.15664 -1.16491
-1.15516 -1.16265
-1.15565 -1.16411
-1.15116 -1.16496
-1.15677 -1.16167
-1.15561 -1.16486
-1.1565 -1.16229
-1.15705 -1.16322
-1.15571 -1.16383
-1.15642 -1.16145
-1.1572 -1.15972
-1.15399 -1.16285
-1.15311 -1.16139
-1.15536 -1.16025
-1.15218 -1.16276
-1.15604 -1.16041
-1.15309 -1.16332
-1.15371 -1.16173
-1.15466 -1.16158
-1.1576 -1.16027
-1.1539 -1.16203
-1.15637 -1.16109
-1.15363 -1.16116
-1.15381 -1.16031
-1.15484 -1.15932
-1.15432 -1.16122
-1.15454 -1.16171
-1.15524 -1.161
-1.15348 -1.16102
-1.15736 -1.15951
-1.15317 -1.16194
-1.15446 -1.16167
-1.15177 -1.15995
-1.15287 -1.16301
-1.15523 -1.15813
-1.15316 -1.16372
-1.15472 -1.15959
-1.15172 -1.16099
-1.15121 -1.16096
-1.15463 -1.16045
-1.15187 -1.16025
-1.15455 -1.15971
-1.15264 -1.16212
-1.15542 -1.15937
-1.15291 -1.15979
-1.15063 -1.15845
-1.15432 -1.15802
-1.15103 -1.1589
-1.15275 -1.15889
-1.15343 -1.15993
-1.15225 -1.1598
-1.15381 -1.15809
-1.15382 -1.15787
-1.14937 -1.15726
-1.15241 -1.1578
-1.15039 -1.16112
-1.15382 -1.15613
-1.15253 -1.15862
-1.14934 -1.16055
-1.1549 -1.15475
-1.14941 -1.16038
-1.1537 -1.1548
-1.15076 -1.1591
-1.15274 -1.15588
-1.1499 -1.15956
-1.15254 -1.15378
-1.14887 -1.15717
-1.15162 -1.1562
-1.15214 -1.15526
-1.1511 -1.15852
-1.15147 -1.15752
-1.15111 -1.1556
-1.14914 -1.15836
-1.14978 -1.15433
-1.1502 -1.15506
-1.14978 -1.15696
-1.14765 -1.1558
-1.1507 -1.15648
-1.15036 -1.15531
-1.14773 -1.1557
-1.14853 -1.15563
-1.14668 -1.15515
-1.14838 -1.15479
-1.14854 -1.15545
-1.14834 -1.15517
-1.14683 -1.15479
-1.14805 -1.15607
-1.14784 -1.15572
-1.14735 -1.1562
-1.14776 -1.15614
-1.14685 -1.15555
-1.14783 -1.15506
-1.14708 -1.15872
-1.14679 -1.15294
-1.1482 -1.15771
-1.14861 -1.15326
-1.14601 -1.15765
-1.14817 -1.1533
-1.14493 -1.15763
-1.14749 -1.15308
-1.14544 -1.15845
-1.14968 -1.15227
-1.14639 -1.15722
-1.14541 -1.15451
-1.14746 -1.15182
-1.14799 -1.15348
-1.14567 -1.15528
-1.14898 -1.15248
-1.14824 -1.15046
-1.14396 -1.15706
-1.14941 -1.14792
-1.14353 -1.15587
-1.1485 -1.15209
-1.14471 -1.15268
-1.14455 -1.15606
-1.14584 -1.14901
-1.14476 -1.15592
-1.14472 -1.15081
-1.14446 -1.15211
-1.14241 -1.15519
-1.14637 -1.14965
-1.14164 -1.15319
-1.14439 -1.15287
-1.14061 -1.15317
-1.14387 -1.15332
-1.1423 -1.15275
-1.14314 -1.15117
-1.14436 -1.15304
-1.14413 -1.15181
-1.14231 -1.15271
-1.14529 -1.14961
-1.14239 -1.15326
-1.14393 -1.14967
-1.14236 -1.15276
-1.14461 -1.14831
-1.14351 -1.15081
-1.14164 -1.15213
-1.14431 -1.1479
-1.14212 -1.15178
-1.14153 -1.14949
-1.14364 -1.14988
-1.14276 -1.14894
-1.14239 -1.14914
-1.14268 -1.15025
-1.14537 -1.14733
-1.14313 -1.15055
-1.14492 -1.14723
-1.14259 -1.1499
-1.14302 -1.14849
-1.14126 -1.15108
-1.14263 -1.14732
-1.13978 -1.15179
-1.14184 -1.14733
-1.14398 -1.14694
-1.13933 -1.15033
-1.14396 -1.14585
-1.14105 -1.14788
-1.14008 -1.14727
-1.14072 -1.14928
-1.14349 -1.14829
-1.14158 -1.14876
-1.14145 -1.14815
-1.14227 -1.1482
-1.14316 -1.1476
-1.14324 -1.1462
-1.14087 -1.14665
-1.14235 -1.14607
-1.14279 -1.14751
-1.14292 -1.14832
-1.14276 -1.14602
-1.14159 -1.14892
-1.14302 -1.14588
-1.14145 -1.14861
-1.14116 -1.14574
-1.14194 -1.14908
-1.14235 -1.14669
-1.13993 -1.14826
-1.1403 -1.14863
-1.14038 -1.14897
-1.14243 -1.14695
-1.13887 -1.14832
-1.14067 -1.14923
-1.14117 -1.14679
-1.13928 -1.14974
-1.14204 -1.14635
-1.14024 -1.14799
-1.13908 -1.14679
-1.14175 -1.14721
-1.1381 -1.14689
-1.14232 -1.14785
-1.14127 -1.1482
-1.14075 -1.14775
-1.13858 -1.14963
-1.14266 -1.14569
-1.13906 -1.14791
-1.14096 -1.14844
-1.1393 -1.14624
-1.13951 -1.14779
-1.13903 -1.14661
-1.13663 -1.14627
-1.13691 -1.1477
-1.13916 -1.14668
-1.13834 -1.14663
-1.13882 -1.1483
-1.13954 -1.14692
-1.13854 -1.15061
-1.13782 -1.14739
-1.1362 -1.1468
-1.13556 -1.14966
-1.13589 -1.14644
-1.1362 -1.14938
-1.11345 -1.10784
-1.10201 -1.06654
-1.10118 -1.06724
-1.09956 -1.06472
-1.0979 -1.06708
-1.09853 -1.06628
-1.09742 -1.06794
-1.09961 -1.06512
-1.09826 -1.06842
-1.0991 -1.06396
-1.09766 -1.0659
-1.10004 -1.06738
-1.09933 -1.06365
-1.099 -1.06515
-1.09816 -1.06521
-1.10042 -1.06417
-1.09734 -1.06694
-1.10016 -1.06338
-1.09821 -1.0646
-1.09831 -1.06623
-1.09836 -1.06432
-1.10035 -1.06249
-1.09675 -1.06439
-1.09829 -1.06407
-1.09513 -1.06464
-1.0998 -1.06307
-1.09533 -1.06409
-1.09944 -1.06502
-1.09799 -1.06433
-1.09777 -1.06304
-1.09725 -1.06605
-1.09852 -1.06025
-1.09764 -1.06683
-1.09803 -1.06172
-1.09736 -1.06579
-1.09967 -1.06205
-1.09894 -1.06562
-1.09878 -1.06364
-1.09803 -1.06478
-1.09832 -1.0631
-1.09976 -1.06577
-1.0979 -1.06384
-1.09805 -1.06504
-1.09704 -1.06421
-1.0986 -1.06395
-1.0964 -1.06526
-1.09723 -1.063
-1.09618 -1.0633
-1.09732 -1.06399
-1.09692 -1.06429
-1.099 -1.06392
-1.09941 -1.06387
-1.09686 -1.06391
-1.09593 -1.0641
-1.09577 -1.06249
-1.09596 -1.06463
-1.09641 -1.0627
-1.09658 -1.06396
-1.09751 -1.06382
-1.09615 -1.06317
-1.0959 -1.0645
-1.09587 -1.06058
-1.09578 -1.06484
-1.09581 -1.06324
-1.09922 -1.06136
-1.09636 -1.06466
-1.0964 -1.06373
-1.09639 -1.06227
-1.09677 -1.06302
-1.09643 -1.06402
-1.09688 -1.06384
-1.09519 -1.06359
-1.09666 -1.06343
-1.09415 -1.06355
-1.09778 -1.06575
-1.09652 -1.06494
-1.09653 -1.06388
-1.09514 -1.06245
-1.09727 -1.06451
-1.09608 -1.06306
-1.09926 -1.0637
-1.09415 -1.06394
-1.09798 -1.06422
-1.09955 -1.06303
-1.09629 -1.06205
-1.09721 -1.0634
-1.09465 -1.06329
-1.09627 -1.0626
-1.09574 -1.0626
-1.09571 -1.06267
-1.09669 -1.0636
-1.09731 -1.06194
-1.09581 -1.06413
-1.09771 -1.06362
-1.09616 -1.0644
-1.09639 -1.06163
-1.09574 -1.06265
-1.0957 -1.06105
-1.09663 -1.06403
-1.09818 -1.06154
-1.09546 -1.064
-1.09755 -1.062
-1.09759 -1.06274
-1.09753 -1.06225
-1.09687 -1.06121
-1.09623 -1.06169
-1.09643 -1.0632
-1.09802 -1.06037
-1.09593 -1.06423
-1.09716 -1.06266
-1.09682 -1.06258
-1.0958 -1.06328
-1.09662 -1.0612
-1.09306 -1.06293
-1.09625 -1.06041
-1.09321 -1.06342
-1.09795 -1.06274
-1.09445 -1.06234
-1.09484 -1.06207
-1.09531 -1.0635
-1.09548 -1.06082
-1.0955 -1.06416
-1.09575 -1.06158
-1.09516 -1.06178
-1.09845 -1.05972
-1.09605 -1.06437
-1.09831 -1.05774
-1.09634 -1.06357
-1.09903 -1.06363
-1.09503 -1.06454
-1.09642 -1.06298
-1.09721 -1.06229
-1.09489 -1.06517
-1.0961 -1.06358
-1.09551 -1.06238
-1.09452 -1.06479
-1.0967 -1.06189
-1.09301 -1.06448
-1.09492 -1.0644
-1.09516 -1.06326
-1.09447 -1.06396
-1.09352 -1.0643
-1.09625 -1.06162
-1.09185 -1.0629
-1.09531 -1.06243
-1.09276 -1.06326
-1.09513 -1.06209
-1.09208 -1.06418
-1.09477 -1.06075
-1.09151 -1.06458
-1.09522 -1.06092
-1.09435 -1.0631
-1.09478 -1.06445
-1.09593 -1.06231
-1.09527 -1.0628
-1.09087 -1.06509
-1.09402 -1.06066
-1.09113 -1.06425
-1.09295 -1.06419
-1.09169 -1.06288
-1.09592 -1.06215
-1.09228 -1.06575
-1.0937 -1.06046
-1.09232 -1.06447
-1.09064 -1.06276
-1.09288 -1.06131
-1.09302 -1.06411
-1.09298 -1.06171
-1.09294 -1.06273
-1.09335 -1.06294
-1.09105 -1.06203
-1.09225 -1.06176
-1.09361 -1.06227
-1.0956 -1.06236
-1.09417 -1.06344
-1.09525 -1.06054
-1.09527 -1.06387
-1.09199 -1.06413
-1.09435 -1.05977
-1.09183 -1.06332
-1.09311 -1.06174
-1.09265 -1.06117
-1.09333 -1.06241
-1.09226 -1.0621
-1.09153 -1.06228
-1.09111 -1.06307
-1.09172 -1.06075
-1.09126 -1.06292
-1.09134 -1.06047
-1.09186 -1.06119
-1.09018 -1.06221
-1.09258 -1.05957
-1.08911 -1.06473
-1.08999 -1.05952
-1.09148 -1.06152
-1.09014 -1.0612
-1.09258 -1.06048
-1.09083 -1.06276
-1.09147 -1.06113
-1.09163 -1.06139
-1.09169 -1.06101
-1.0903 -1.06117
-1.0915 -1.06234
-1.09157 -1.05968
-1.08982 -1.06234
-1.0896 -1.06146
-1.09187 -1.06095
-1.08893 -1.0635
-1.09193 -1.06153
-1.08816 -1.06477
-1.09333 -1.05878
-1.08917 -1.06425
-1.09085 -1.06166
-1.09032 -1.05878
-1.08719 -1.06209
-1.09099 -1.06156
-1.09069 -1.06032
-1.09073 -1.0622
-1.09222 -1.0586
-1.08709 -1.06167
-1.0912 -1.06162
-1.09054 -1.06028
-1.09207 -1.06143
-1.09097 -1.06213
-1.09248 -1.06064
-1.08956 -1.06124
-1.09045 -1.06205
-1.08957 -1.0594
-1.09092 -1.06088
-1.08853 -1.06234
-1.09098 -1.05868
-1.08885 -1.06279
-1.09087 -1.0592
-1.08979 -1.06221
-1.09063 -1.05961
-1.08787 -1.06249
-1.09098 -1.05811
-1.08891 -1.05986
-1.08974 -1.05978
-1.09003 -1.05882
-1.0906 -1.05893
-1.08963 -1.0587
-1.09045 -1.061
-1.08987 -1.05962
-1.08913 -1.05829
-1.09027 -1.05853
-1.09057 -1.05744
-1.08767 -1.06074
-1.09015 -1.05837
-1.08858 -1.05726
-1.08922 -1.05969
-1.08737 -1.05787
-1.08797 -1.05816
-1.08639 -1.05983
-1.08965 -1.05686
-1.08672 -1.05752
-1.0896 -1.05896
-1.08928 -1.05669
-1.08888 -1.05758
-1.08956 -1.05777
-1.08931 -1.05879
-1.08949 -1.0581
-1.08793 -1.05968
-1.08935 -1.0567
-1.08893 -1.05795
-1.08825 -1.05851
-1.09058 -1.05578
-1.08868 -1.05834
-1.08899 -1.05689
-1.08911 -1.05832
-1.08957 -1.05675
-1.08653 -1.05894
-1.08831 -1.05783
-1.08772 -1.05804
-1.08746 -1.05685
-1.08857 -1.05789
-1.08992 -1.05888
-1.08894 -1.05744
-1.08802 -1.05735
-1.08833 -1.0594
-1.08769 -1.05765
-1.09168 -1.05894
-1.08759 -1.05832
-1.08976 -1.05726
-1.08874 -1.05789
-1.08591 -1.05864
-1.09096 -1.05501
-1.08687 -1.05938
-1.08724 -1.05704
-1.08895 -1.05699
-1.08792 -1.05749
-1.08987 -1.05872
-1.08783 -1.05738
-1.08966 -1.05764
-1.08659 -1.05823
-1.08939 -1.05492
-1.08645 -1.0579
-1.08774 -1.0566
-1.08817 -1.05722
-1.08898 -1.05694
-1.08753 -1.05761
-1.08733 -1.0586
-1.08729 -1.05647
-1.08757 -1.05655
-1.08673 -1.05835
-1.08605 -1.0558
-1.08619 -1.05794
-1.08678 -1.05596
-1.08609 -1.05774
-1.08701 -1.05517
-1.0857 -1.05702
-1.08973 -1.0555
-1.08523 -1.05896
-1.08887 -1.05275
-1.08654 -1.0567
-1.08626 -1.05532
-1.08506 -1.05504
-1.08774 -1.05548
-1.08509 -1.05717
-1.08715 -1.05617
-1.08645 -1.05541
-1.08856 -1.05604
-1.08493 -1.05512
-1.08567 -1.05671
-1.08499 -1.05618
-1.08803 -1.05433
-1.08484 -1.0573
-1.08696 -1.05347
-1.08289 -1.05599
-1.08627 -1.05529
-1.08544 -1.05358
-1.08523 -1.05532
-1.08327 -1.05608
-1.08615 -1.05447
-1.08431 -1.05636
-1.08544 -1.05603
-1.08576 -1.05441
-1.0838 -1.05494
-1.08648 -1.05531
-1.08308 -1.05427
-1.08623 -1.05718
-1.08602 -1.05351
-1.0836 -1.05525
-1.08607 -1.05586
-1.08397 -1.05539
-1.0856 -1.05378
-1.08411 -1.05638
-1.08304 -1.05379
-1.08471 -1.0556
-1.08757 -1.05456
-1.08392 -1.05563
-1.0837 -1.05543
-1.08444 -1.05661
-1.08426 -1.05406
-1.08544 -1.05591
-1.08409 -1.05551
-1.08272 -1.05636
-1.08442 -1.05535
-1.0841 -1.05423
-1.08433 -1.0563
-1.08471 -1.05512
-1.08214 -1.05524
-1.08192 -1.05676
-1.08417 -1.05441
-1.08301 -1.0548
-1.08315 -1.05543
-1.08327 -1.05765
-1.08382 -1.05376
-1.08176 -1.05773
-1.08353 -1.05462
-1.08218 -1.05631
-1.08181 -1.05642
-1.08497 -1.05517
-1.08165 -1.05732
-1.08414 -1.05493
-1.08391 -1.05702
-1.08358 -1.0558
-1.08401 -1.05606
-1.08067 -1.05863
-1.08374 -1.05565
-1.08271 -1.05324
-1.08147 -1.05739
-1.08252 -1.05611
-1.08262 -1.05488
-1.08379 -1.05537
-1.08084 -1.05644
-1.08312 -1.05453
-1.08208 -1.05631
-1.08254 -1.05631
-1.08373 -1.05569
-1.0806 -1.05572
-1.08026 -1.05724
-1.08131 -1.05551
-1.0797 -1.05595
-1.08123 -1.05646
-1.08145 -1.05441
-1.08178 -1.05971
-1.08117 -1.05443
-1.07988 -1.05675
-1.08157 -1.0562
-1.07975 -1.05648
-1.08269 -1.05727
-1.079 -1.0561
-1.08169 -1.05614
-1.07992 -1.05506
-1.07963 -1.05827
-1.08119 -1.05363
-1.07989 -1.05779
-1.08209 -1.05362
-1.08284 -1.05588
-1.08085 -1.05558
-1.08 -1.05497
-1.08179 -1.05376
-1.07998 -1.05659
-1.07912 -1.05377
-1.0803 -1.05515
-1.07992 -1.0551
-1.08126 -1.05401
-1.07914 -1.05571
-1.08078 -1.05541
-1.0779 -1.05414
-1.08173 -1.05527
-1.08009 -1.05502
-1.0807 -1.05538
-1.07888 -1.05469
-1.08053 -1.05357
-1.07924 -1.05744
-1.07932 -1.0545
-1.07683 -1.05423
-1.078 -1.05477
-1.07739 -1.05427
-1.0779 -1.05691
-1.07875 -1.05279
-1.07993 -1.05546
-1.0774 -1.05366
-1.07906 -1.05536
-1.07767 -1.05559
-1.08052 -1.05357
-1.07751 -1.05439
-1.08022 -1.05432
-1.07894 -1.05246
-1.08018 -1.05363
-1.07812 -1.05374
-1.08024 -1.05331
-1.07866 -1.0527
-1.0796 -1.05453
-1.07776 -1.05409
-1.07958 -1.05401
-1.07867 -1.05295
-1.07697 -1.05392
-1.07665 -1.05258
-1.07853 -1.05261
-1.07457 -1.05383
-1.0796 -1.05145
-1.07545 -1.05391
-1.07886 -1.0539
-1.07714 -1.05205
-1.08098 -1.05185
-1.07602 -1.05485
-1.0779 -1.05239
-1.07778 -1.05117
-1.07585 -1.05443
-1.07681 -1.05147
-1.0804 -1.0511
-1.07349 -1.05476
-1.07733 -1.05091
-1.07597 -1.05296
-1.07681 -1.05255
-1.07676 -1.05167
-1.07733 -1.05298
-1.07831 -1.05309
-1.07681 -1.05186
-1.07877 -1.05308
-1.0754 -1.05338
-1.07837 -1.05219
-1.07718 -1.05191
-1.07685 -1.05399
-1.07528 -1.05202
-1.07826 -1.05254
-1.07543 -1.05261
-1.07472 -1.05295
-1.07837 -1.05109
-1.07484 -1.05388
-1.07759 -1.0509
-1.07427 -1.05432
-1.07697 -1.05036
-1.07535 -1.05434
-1.0768 -1.05199
-1.0763 -1.05454
-1.07656 -1.05246
-1.07591 -1.05105
-1.07512 -1.05387
-1.07604 -1.05243
-1.07691 -1.05008
-1.07426 -1.05271
-1.0766 -1.05221
-1.07683 -1.05113
-1.07545 -1.05236
-1.07619 -1.05229
-1.07729 -1.05136
-1.0748 -1.05192
-1.07629 -1.05107
-1.07642 -1.05055
-1.07472 -1.05161
-1.07512 -1.05127
-1.07638 -1.05145
-1.07638 -1.05145
-1.07488 -1.05183
-1.07499 -1.05102
-1.07564 -1.05091
-1.07379 -1.05205
-1.07566 -1.05009
-1.07188 -1.05366
-1.07645 -1.04843
-1.07427 -1.05283
-1.07525 -1.05197
-1.07591 -1.05037
-1.07604 -1.05098
-1.07493 -1.04984
-1.07306 -1.05107
-1.07545 -1.05081
-1.07336 -1.05172
-1.07573 -1.04917
-1.07331 -1.0515
-1.07665 -1.04918
-1.07532 -1.05002
-1.07387 -1.05094
-1.07463 -1.0518
-1.07447 -1.049
-1.07379 -1.05312
-1.07575 -1.05006
-1.07486 -1.05174
-1.07255 -1.05169
-1.07483 -1.0493
-1.07473 -1.05227
-1.07244 -1.05088
-1.07365 -1.04892
-1.07466 -1.05254
-1.07149 -1.05201
-1.07356 -1.04993
-1.07206 -1.05305
-1.07253 -1.05028
-1.07355 -1.05281
-1.07236 -1.05066
-1.0722 -1.0518
-1.07139 -1.05073
-1.07195 -1.05296
-1.07277 -1.0513
-1.07177 -1.05195
-1.07387 -1.05129
-1.07306 -1.05319
-1.07429 -1.04893
-1.07278 -1.0546
-1.07543 -1.04937
-1.07264 -1.05001
-1.07215 -1.05163
-1.07209 -1.05163
-1.07251 -1.04877
-1.0718 -1.05099
-1.07208 -1.0519
-1.07277 -1.04826
-1.07019 -1.05271
-1.07388 -1.04854
-1.07077 -1.05168
-1.07186 -1.05002
-1.07139 -1.05041
-1.0732 -1.0503
-1.07174 -1.04864
-1.07174 -1.04989
-1.07249 -1.05026
-1.07365 -1.04928
-1.07048 -1.05129
-1.07371 -1.04831
-1.07134 -1.04965
-1.07195 -1.04919
-1.07165 -1.04973
-1.07124 -1.04861
-1.0704 -1.04805
-1.07115 -1.05072
-1.06843 -1.04889
-1.07245 -1.04653
-1.06799 -1.05169
-1.06997 -1.04876
-1.07106 -1.04863
-1.07051 -1.04996
-1.07064 -1.04886
-1.07109 -1.04882
-1.07148 -1.04871
-1.06919 -1.04811
-1.07012 -1.04972
-1.07036 -1.04676
-1.06931 -1.0473
-1.06952 -1.05043
-1.07132 -1.04426
-1.06791 -1.05103
-1.0724 -1.04643
-1.06891 -1.04912
-1.06792 -1.04984
-1.07029 -1.04747
-1.06926 -1.04897
-1.06947 -1.04803
-1.06885 -1.04831
-1.06822 -1.04815
-1.06845 -1.04737
-1.0684 -1.04847
-1.06845 -1.04771
-1.0678 -1.04761
-1.07091 -1.04899
-1.06717 -1.04858
-1.06753 -1.04871
-1.07014 -1.04554
-1.06868 -1.05082
-1.06921 -1.04642
-1.06886 -1.04871
-1.06668 -1.05004
-1.06917 -1.04782
-1.06913 -1.04802
-1.06846 -1.04915
-1.06895 -1.04784
-1.06792 -1.04833
-1.0691 -1.04707
-1.06847 -1.04648
-1.06678 -1.05049
-1.06921 -1.04692
-1.06756 -1.04736
-1.07039 -1.04774
-1.06753 -1.04812
-1.07099 -1.04901
-1.06951 -1.04717
-1.06864 -1.04878
-1.07063 -1.0462
-1.06722 -1.04902
-1.06889 -1.04544
-1.06807 -1.04869
-1.06865 -1.04814
-1.07029 -1.0466
-1.06951 -1.04815
-1.06869 -1.04831
-1.06896 -1.04784
-1.0685 -1.04751
-1.06903 -1.04938
-1.06748 -1.0466
-1.06805 -1.04874
-1.06935 -1.04666
-1.06799 -1.04654
-1.06777 -1.04781
-1.06868 -1.04588
-1.06845 -1.04896
-1.0698 -1.04621
-1.06601 -1.04614
-1.06912 -1.04685
-1.06547 -1.04745
-1.06662 -1.04594
-1.06649 -1.04716
-1.06722 -1.0475
-1.06944 -1.04704
-1.06729 -1.04679
-1.06799 -1.04696
-1.06549 -1.04754
-1.06673 -1.04795
-1.06718 -1.04479
-1.06555 -1.04944
-1.06701 -1.04639
-1.06609 -1.04708
-1.0677 -1.04696
-1.06625 -1.046
-1.06591 -1.04737
-1.06822 -1.04541
-1.06701 -1.04704
-1.06669 -1.0448
-1.06771 -1.04578
-1.06781 -1.04749
-1.06822 -1.04484
-1.06552 -1.04856
-1.06869 -1.04634
-1.06706 -1.04595
-1.06813 -1.04658
-1.06528 -1.04727
-1.07025 -1.04555
-1.06571 -1.04604
-1.06773 -1.0477
-1.06785 -1.04458
-1.06604 -1.04746
-1.06758 -1.04593
-1.06564 -1.0468
-1.0701 -1.04478
-1.06636 -1.04493
-1.06586 -1.04587
-1.06823 -1.04494
-1.06557 -1.04469
-1.06714 -1.04634
-1.06588 -1.04345
-1.06565 -1.04526
-1.06755 -1.04663
-1.06637 -1.04354
-1.06605 -1.04528
-1.06545 -1.04441
-1.06869 -1.04311
-1.06458 -1.04657
-1.06929 -1.04289
-1.06554 -1.04616
-1.0683 -1.04393
-1.06719 -1.04548
-1.06498 -1.04398
-1.06608 -1.04543
-1.06733 -1.04376
-1.06741 -1.04471
-1.06523 -1.04383
-1.06886 -1.04432
-1.06747 -1.04568
-1.06556 -1.04293
-1.0671 -1.04476
-1.06536 -1.04283
-1.06492 -1.04539
-1.06603 -1.04413
-1.06585 -1.04498
-1.06632 -1.04581
-1.06793 -1.04323
-1.06577 -1.04704
-1.06658 -1.04562
-1.06745 -1.04424
-1.06528 -1.04681
-1.06553 -1.04423
-1.06881 -1.04549
-1.06502 -1.04651
-1.06748 -1.04431
-1.06611 -1.04548
-1.06659 -1.04492
-1.06614 -1.04471
-1.06459 -1.04686
-1.06748 -1.043
-1.0657 -1.04573
-1.06654 -1.04473
-1.06762 -1.04302
-1.06543 -1.04519
-1.06503 -1.04419
-1.06682 -1.04376
-1.06549 -1.04498
-1.06689 -1.04305
-1.06519 -1.0466
-1.06789 -1.04166
-1.06509 -1.04435
-1.06793 -1.04399
-1.06514 -1.04571
-1.06666 -1.04276
-1.06456 -1.04503
-1.06649 -1.0456
-1.06616 -1.04366
-1.06622 -1.04536
-1.06581 -1.04661
-1.06607 -1.04462
-1.06844 -1.04333
-1.06502 -1.04503
-1.06621 -1.04696
-1.0675 -1.04357
-1.06603 -1.04493
-1.0683 -1.04586
-1.06523 -1.04508
-1.06734 -1.04346
-1.06642 -1.04502
-1.06691 -1.04482
-1.06837 -1.04314
-1.0657 -1.04421
-1.06495 -1.04467
-1.06746 -1.04433
-1.06398 -1.04516
-1.0679 -1.04515
-1.06404 -1.04478
-1.06754 -1.04425
-1.06443 -1.04626
-1.06665 -1.04577
-1.06454 -1.04554
-1.06702 -1.04255
-1.06369 -1.0469
-1.06679 -1.04363
-1.06626 -1.04374
-1.065 -1.04718
-1.06428 -1.04388
-1.06595 -1.04512
-1.06554 -1.04566
-1.06526 -1.04411
-1.06423 -1.04451
-1.06523 -1.04674
-1.06401 -1.04546
-1.06335 -1.04574
-1.06429 -1.04483
-1.06336 -1.04485
-1.06565 -1.04761
-1.06287 -1.0452
-1.06546 -1.0478
-1.06658 -1.04506
-1.06418 -1.04814
-1.06683 -1.04383
-1.06555 -1.04725
-1.06492 -1.04472
-1.06384 -1.04656
-1.06506 -1.04531
-1.06657 -1.04594
-1.06714 -1.04582
-1.06467 -1.04565
-1.06687 -1.04593
-1.06517 -1.0471
-1.06572 -1.04617
-1.06394 -1.04518
-1.06768 -1.04684
-1.06397 -1.04626
-1.06603 -1.04599
-1.06519 -1.04574
-1.06536 -1.04663
-1.06374 -1.04535
-1.06524 -1.04652
-1.06497 -1.04777
-1.06371 -1.04373
-1.06603 -1.04638
-1.0639 -1.04602
-1.06514 -1.04475
-1.06628 -1.04491
-1.06405 -1.04615
-1.06437 -1.04565
-1.06328 -1.04507
-1.06648 -1.04517
-1.06465 -1.04507
-1.06386 -1.04759
-1.06701 -1.04389
-1.06452 -1.04743
-1.063 -1.04554
-1.06366 -1.04332
-1.06174 -1.0451
-1.06245 -1.04515
-1.06264 -1.046
-1.06352 -1.0443
-1.06363 -1.04448
-1.06362 -1.04686
-1.06573 -1.04398
-1.06303 -1.04337
-1.06253 -1.04689
-1.06412 -1.04343
-1.06095 -1.0461
-1.06279 -1.04322
-1.06374 -1.0457
-1.0624 -1.04423
-1.06397 -1.0449
-1.06505 -1.04441
-1.06279 -1.04555
-1.06432 -1.04353
-1.0626 -1.045
-1.06416 -1.04425
-1.06375 -1.04434
-1.06277 -1.04284
-1.06379 -1.04598
-1.06355 -1.04356
-1.06408 -1.0441
-1.06222 -1.04519
-1.06547 -1.04321
-1.06333 -1.04379
-1.06169 -1.04646
-1.0641 -1.04359
-1.06347 -1.04571
-1.0631 -1.04466
-1.0633 -1.04408
-1.06226 -1.04394
-1.06313 -1.04343
-1.06262 -1.04416
-1.06389 -1.04232
-1.06071 -1.04544
-1.06427 -1.04184
-1.06326 -1.04396
-1.06198 -1.0441
-1.06346 -1.04219
-1.06213 -1.04427
-1.0634 -1.04433
-1.0625 -1.04387
-1.06104 -1.0436
-1.06253 -1.04393
-1.062 -1.04453
-1.06127 -1.04369
-1.06387 -1.04376
-1.06149 -1.04512
-1.06176 -1.04436
-1.06438 -1.04375
-1.06111 -1.04582
-1.06114 -1.04283
-1.06249 -1.04457
-1.06174 -1.04489
-1.06191 -1.04273
-1.05999 -1.04531
-1.06254 -1.04391
-1.06171 -1.04201
-1.06078 -1.04588
-1.06315 -1.04276
-1.06001 -1.04413
-1.06253 -1.04397
-1.06193 -1.04472
-1.06373 -1.04287
-1.06277 -1.0431
-1.06074 -1.04442
-1.06205 -1.04415
-1.06223 -1.0423
-1.06112 -1.04395
-1.06117 -1.04449
-1.05973 -1.0432
-1.06138 -1.044
-1.06142 -1.04399
-1.06144 -1.04358
-1.06021 -1.04335
-1.06025 -1.04461
-1.06041 -1.04276
-1.06289 -1.04354
-1.06131 -1.04241
-1.06116 -1.04401
-1.06162 -1.04349
-1.0613 -1.04241
-1.06255 -1.04121
-1.06079 -1.04284
-1.06139 -1.04044
-1.06097 -1.04369
-1.05972 -1.03994
-1.0605 -1.04255
-1.06355 -1.04098
-1.06102 -1.04334
-1.0623 -1.04012
-1.06243 -1.04321
-1.0606 -1.0413
-1.05993 -1.04277
-1.06153 -1.04285
-1.06153 -1.03914
-1.0592 -1.04338
-1.06235 -1.04243
-1.06092 -1.04156
-1.06096 -1.04404
-1.06237 -1.0397
-1.06059 -1.04245
-1.0576 -1.0421
-1.0606 -1.04003
-1.05744 -1.04251
-1.06176 -1.041
-1.06071 -1.04094
-1.0589 -1.04275
-1.06233 -1.03972
-1.06034 -1.04215
-1.05889 -1.04046
-1.06145 -1.0415
-1.06003 -1.03933
-1.05888 -1.04288
-1.06064 -1.03927
-1.06187 -1.04068
-1.06043 -1.04043
-1.06152 -1.04035
-1.06087 -1.03926
-1.06055 -1.04212
-1.05924 -1.03974
-1.06063 -1.03867
-1.06034 -1.03921
-1.05851 -1.04001
-1.05934 -1.03954
-1.06078 -1.03982
-1.05993 -1.0396
-1.05979 -1.0388
-1.05881 -1.04123
-1.06013 -1.03912
-1.05991 -1.04048
-1.05778 -1.03982
-1.05813 -1.04124
-1.06042 -1.03936
-1.05866 -1.0406
-1.05824 -1.0417
-1.0618 -1.03932
-1.05807 -1.03961
-1.05829 -1.04046
-1.06041 -1.0398
-1.05854 -1.04024
-1.05841 -1.03978
-1.0576 -1.03886
-1.05888 -1.03891
-1.0562 -1.03944
-1.0583 -1.03755
-1.05748 -1.03944
-1.05709 -1.03752
-1.0572 -1.03943
-1.05763 -1.03575
-1.05703 -1.04017
-1.05402 -1.03847
-1.05829 -1.0392
-1.05498 -1.03918
-1.05608 -1.03754
-1.0541 -1.03941
-1.05535 -1.0375
-1.0556 -1.03827
-1.05537 -1.03837
-1.05765 -1.03878
-1.05502 -1.03623
-1.05523 -1.03883
-1.05585 -1.03663
-1.05465 -1.03877
-1.05674 -1.03797
-1.05513 -1.03702
-1.05544 -1.03863
-1.05643 -1.03592
-1.05329 -1.03943
-1.05588 -1.03743
-1.05628 -1.03694
-1.05443 -1.03989
-1.05539 -1.03679
-1.05525 -1.03884
-1.05577 -1.03655
-1.0541 -1.03939
-1.05552 -1.03736
-1.05506 -1.03811
-1.05476 -1.03775
-1.05469 -1.03857
-1.05602 -1.03693
-1.05386 -1.03681
-1.05334 -1.03892
-1.05342 -1.03798
-1.05441 -1.0374
-1.05477 -1.0375
-1.05566 -1.03894
-1.05523 -1.03789
-1.05634 -1.03684
-1.0539 -1.03826
-1.05753 -1.03844
-1.05399 -1.03688
-1.05518 -1.03807
-1.05611 -1.03717
-1.05745 -1.03855
-1.05614 -1.0377
-1.05664 -1.03704
-1.0577 -1.0387
-1.05648 -1.03598
-1.0551 -1.03886
-1.05494 -1.03904
-1.05618 -1.03539
-1.05458 -1.03868
-1.05577 -1.03649
-1.05619 -1.03949
-1.05547 -1.03765
-1.05763 -1.03875
-1.0559 -1.03915
-1.05689 -1.03881
-1.05516 -1.03815
-1.05523 -1.03806
-1.05603 -1.03801
-1.05415 -1.03721
-1.05628 -1.03878
-1.05541 -1.0364
-1.05364 -1.03947
-1.05487 -1.03718
-1.05512 -1.03877
-1.05504 -1.03817
-1.05574 -1.03604
-1.05394 -1.03609
-1.05492 -1.03871
-1.05599 -1.03684
-1.05347 -1.03646
-1.05578 -1.03696
-1.05455 -1.03716
-1.0543 -1.03814
-1.05375 -1.03701
-1.05471 -1.03785
-1.05459 -1.03703
-1.05504 -1.03821
-1.05492 -1.03539
-1.05418 -1.03839
-1.05523 -1.03726
-1.05432 -1.03748
-1.05521 -1.03817
-1.05479 -1.03775
-1.05472 -1.0386
-1.05388 -1.03804
-1.05596 -1.03808
-1.05503 -1.0364
-1.05508 -1.0375
-1.05295 -1.03903
-1.05633 -1.03466
-1.0533 -1.03984
-1.05433 -1.03768
-1.05529 -1.03771
-1.05392 -1.0362
-1.05204 -1.03928
-1.05618 -1.03683
-1.05363 -1.03826
-1.05495 -1.03721
-1.05434 -1.0383
-1.05384 -1.03873
-1.0543 -1.03965
-1.05543 -1.03697
-1.05145 -1.03995
-1.05409 -1.03693
-1.05288 -1.03966
-1.05369 -1.03813
-1.05486 -1.03709
-1.05387 -1.03979
-1.05521 -1.03674
-1.05371 -1.0396
-1.05471 -1.03725
-1.05309 -1.03883
-1.05442 -1.03902
-1.05514 -1.03748
-1.05276 -1.03982
-1.05602 -1.03666
-1.05466 -1.03915
-1.05355 -1.03808
-1.05468 -1.03787
-1.05435 -1.03724
-1.0533 -1.04084
-1.05483 -1.03542
-1.05317 -1.03972
-1.05433 -1.03696
-1.05311 -1.03949
-1.05393 -1.03896
-1.05533 -1.03713
-1.05511 -1.03744
-1.05256 -1.04036
-1.05488 -1.03575
-1.05424 -1.03781
-1.05247 -1.03784
-1.05446 -1.0393
-1.05465 -1.03717
-1.05382 -1.03771
-1.05495 -1.03884
-1.05058 -1.03849
-1.05732 -1.03529
-1.05231 -1.03907
-1.05327 -1.03772
-1.05367 -1.03872
-1.05476 -1.03627
-1.05309 -1.03803
-1.05415 -1.03763
-1.05321 -1.03734
-1.05468 -1.03784
-1.05269 -1.03682
-1.0526 -1.03813
-1.05466 -1.03547
-1.05316 -1.03967
-1.05617 -1.03598
-1.05256 -1.03837
-1.05333 -1.0357
-1.05325 -1.03759
-1.05302 -1.03534
-1.05271 -1.03716
-1.05168 -1.03651
-1.05532 -1.03549
-1.05227 -1.03709
-1.05399 -1.03546
-1.04996 -1.03564
-1.05272 -1.03437
-1.0514 -1.03698
-1.04998 -1.03515
-1.05446 -1.03463
-1.05113 -1.03759
-1.0531 -1.03245
-1.05183 -1.03715
-1.05418 -1.03481
-1.05187 -1.0344
-1.05284 -1.03565
-1.05278 -1.03526
-1.0528 -1.03624
-1.05311 -1.03387
-1.05154 -1.03689
-1.05406 -1.0346
-1.05121 -1.03494
-1.05364 -1.03492
-1.05272 -1.03335
-1.05271 -1.03626
-1.05388 -1.0328
-1.05142 -1.03673
-1.05295 -1.03453
-1.05124 -1.03474
-1.05391 -1.03378
-1.05091 -1.03569
-1.05421 -1.03336
-1.05348 -1.03351
-1.05161 -1.0361
-1.05531 -1.03409
-1.05362 -1.03298
-1.05349 -1.0344
-1.05412 -1.0341
-1.05467 -1.03408
-1.0538 -1.03235
-1.05371 -1.03524
-1.05265 -1.03289
-1.05407 -1.03205
-1.0506 -1.03464
-1.05361 -1.03212
-1.052 -1.03403
-1.05222 -1.03277
-1.05253 -1.03476
-1.0528 -1.03327
-1.05321 -1.03323
-1.04999 -1.03613
-1.0546 -1.03061
-1.05145 -1.03647
-1.05321 -1.02999
-1.05203 -1.03574
-1.05283 -1.03346
-1.05128 -1.03432
-1.05376 -1.03127
-1.05287 -1.03399
-1.05157 -1.03343
-1.05374 -1.0329
-1.05211 -1.03351
-1.05245 -1.03428
-1.05174 -1.03228
-1.05324 -1.03374
-1.05294 -1.03399
-1.054 -1.03318
-1.05285 -1.03473
-1.0529 -1.03206
-1.05351 -1.03363
-1.05392 -1.03169
-1.05343 -1.03377
-1.05278 -1.03221
-1.05333 -1.03433
-1.05312 -1.03229
-1.05328 -1.03313
-1.05281 -1.03354
-1.05182 -1.03343
-1.05534 -1.03116
-1.05249 -1.03516
-1.05287 -1.03198
-1.05193 -1.03447
-1.05402 -1.03278
-1.0519 -1.03336
-1.05151 -1.03449
-1.05315 -1.03102
-1.0507 -1.03334
-1.05311 -1.03334
-1.05207 -1.03415
-1.05096 -1.03228
-1.05125 -1.03305
-1.05236 -1.03347
-1.05154 -1.03273
-1.05213 -1.03329
-1.0519 -1.03267
-1.051 -1.03178
-1.05265 -1.03376
-1.05091 -1.03138
-1.05228 -1.03446
-1.05229 -1.03177
-1.05065 -1.03435
-1.05317 -1.03207
-1.05125 -1.03215
-1.0529 -1.03296
-1.05151 -1.03315
-1.054 -1.03038
-1.05285 -1.03457
-1.052 -1.03289
-1.05352 -1.03106
-1.05291 -1.03264
-1.05251 -1.03168
-1.05195 -1.03263
-1.05333 -1.03201
-1.05235 -1.03335
-1.05251 -1.03265
-1.05369 -1.03262
-1.05161 -1.03147
-1.05222 -1.03359
-1.05196 -1.03067
-1.05151 -1.03362
-1.05218 -1.03192
-1.05351 -1.0305
-1.0496 -1.03335
-1.05235 -1.03067
-1.05273 -1.03157
-1.05055 -1.03325
-1.05248 -1.0319
-1.05371 -1.0311
-1.05222 -1.03336
-1.05157 -1.0317
-1.05147 -1.03232
-1.05462 -1.03014
-1.0491 -1.03214
-1.05156 -1.03257
-1.05205 -1.03171
-1.05174 -1.03263
-1.0519 -1.03007
-1.05152 -1.0337
-1.05226 -1.02949
-1.05095 -1.03309
-1.05398 -1.03048
-1.05051 -1.0328
-1.05343 -1.03001
-1.05184 -1.03167
-1.05201 -1.03077
-1.05193 -1.03195
-1.05305 -1.03177
-1.05217 -1.0315
-1.05114 -1.03074
-1.0522 -1.03007
-1.05106 -1.03011
-1.05157 -1.0317
-1.05171 -1.02973
-1.05015 -1.03058
-1.04929 -1.03174
-1.0514 -1.02963
-1.05044 -1.02941
-1.04859 -1.0309
-1.04886 -1.03036
-1.0501 -1.02864
-1.04968 -1.0288
-1.05018 -1.03197
-1.05114 -1.02927
-1.05096 -1.02973
-1.05006 -1.03066
-1.0509 -1.02903
-1.04969 -1.02847
-1.04995 -1.03029
-1.04982 -1.02703
-1.05158 -1.03104
-1.04909 -1.02982
-1.05026 -1.0291
-1.05123 -1.02815
-1.05023 -1.0305
-1.05033 -1.02962
-1.04924 -1.02867
-1.04811 -1.02991
-1.05182 -1.02629
-1.04936 -1.03103
-1.0501 -1.02883
-1.05209 -1.02815
-1.04909 -1.03012
-1.0525 -1.02788
-1.04905 -1.02996
-1.04913 -1.02795
-1.05063 -1.02826
-1.04898 -1.02912
-1.04965 -1.02832
-1.04925 -1.02905
-1.0509 -1.02741
