0 0
-0.0526307 -0.0495161
-0.104254 -0.0981547
-0.154855 -0.145922
-0.204465 -0.192802
-0.252933 -0.238643
-0.300356 -0.283936
-0.346587 -0.327562
-0.392004 -0.371233
-0.436363 -0.413293
-0.479398 -0.454908
-0.521436 -0.495059
-0.562537 -0.534727
-0.602392 -0.573332
-0.640819 -0.610681
-0.67923 -0.648361
-0.715645 -0.683019
-0.750791 -0.71779
-0.785137 -0.752227
-0.818926 -0.783813
-0.849576 -0.817558
-0.882249 -0.846858
-0.910715 -0.877337
-0.939417 -0.907376
-0.967944 -0.935059
-0.992245 -0.962051
-1.01966 -0.986755
-1.04106 -1.01239
-1.06485 -1.03764
-1.08698 -1.05897
-1.10474 -1.08358
-1.1073 -1.08049
-1.10534 -1.0824
-1.1048 -1.08285
-1.10803 -1.07924
-1.1045 -1.0823
-1.10424 -1.08161
-1.10601 -1.08071
-1.10285 -1.08272
-1.10649 -1.08027
-1.10337 -1.08113
-1.10222 -1.08226
-1.10478 -1.08069
-1.10651 -1.08199
-1.10353 -1.08233
-1.10288 -1.08048
-1.10495 -1.08064
-1.10269 -1.0821
-1.10542 -1.08097
-1.1024 -1.08348
-1.10403 -1.0801
-1.1027 -1.08003
-1.10296 -1.08208
-1.10294 -1.08013
-1.1035 -1.08086
-1.10113 -1.08102
-1.10438 -1.0812
-1.10237 -1.07878
-1.10123 -1.08322
-1.10268 -1.08043
-1.10442 -1.07834
-1.1009 -1.08132
-1.10172 -1.08066
-1.10241 -1.07916
-1.10388 -1.08017
-1.10136 -1.08214
-1.10444 -1.07726
-1.09957 -1.08337
-1.10344 -1.07854
-1.10169 -1.08049
-1.10233 -1.08009
-1.10089 -1.0803
-1.10206 -1.07833
-1.10172 -1.08173
-1.10175 -1.07842
-1.10141 -1.0815
-1.10208 -1.07878
-1.10287 -1.0788
-1.10117 -1.07974
-1.10023 -1.07893
-1.10097 -1.07786
-1.10229 -1.07914
-1.10002 -1.07918
-1.10249 -1.07927
-1.10223 -1.07647
-1.10137 -1.07982
-1.10146 -1.08071
-1.10308 -1.07597
-1.10114 -1.08122
-1.10253 -1.07628
-1.10047 -1.07871
-1.10368 -1.07777
-1.10283 -1.07885
-1.10106 -1.07958
-1.10333 -1.07793
-1.10232 -1.07658
-1.10042 -1.0807
-1.10387 -1.07727
-1.10206 -1.07807
-1.10009 -1.08144
-1.1034 -1.07577
-1.10098 -1.07833
-1.10159 -1.07981
-1.10446 -1.07737
-1.09974 -1.07935
-1.10503 -1.07713
-1.09893 -1.08291
-1.10623 -1.07402
-1.10052 -1.08073
-1.10346 -1.07639
-1.10224 -1.07876
-1.10259 -1.07713
-1.10119 -1.07819
-1.10287 -1.0778
-1.1005 -1.07803
-1.10315 -1.07733
-1.09967 -1.07757
-1.10176 -1.07836
-1.1005 -1.07651
-1.10162 -1.07831
-1.10039 -1.07761
-1.10074 -1.07853
-1.10106 -1.07823
-1.10172 -1.07723
-1.09972 -1.07842
-1.10144 -1.07804
-1.1011 -1.07623
-1.09993 -1.08019
-1.10101 -1.07597
-1.10036 -1.0786
-1.10269 -1.07703
-1.09738 -1.07915
-1.10167 -1.0757
-1.09957 -1.079
-1.10079 -1.0772
-1.0993 -1.07859
-1.09988 -1.07744
-1.10041 -1.07708
-1.1001 -1.07705
-1.10035 -1.07928
-1.10083 -1.07664
-1.09934 -1.07818
-1.09962 -1.0782
-1.10091 -1.07456
-1.09956 -1.07884
-1.09941 -1.07877
-1.09939 -1.07541
-1.09823 -1.07903
-1.10092 -1.07546
-1.09691 -1.07829
-1.10042 -1.07676
-1.09865 -1.07843
-1.09987 -1.07535
-1.09978 -1.07783
-1.09877 -1.07719
-1.09919 -1.07489
-1.10039 -1.07705
-1.0986 -1.07805
-1.09995 -1.0751
-1.09979 -1.07785
-1.10004 -1.07556
-1.09937 -1.07673
-1.09823 -1.07818
-1.10022 -1.07441
-1.09788 -1.07877
-1.10038 -1.07591
-1.09884 -1.07715
-1.09998 -1.07571
-1.09951 -1.07803
-1.10007 -1.07626
-1.09815 -1.07893
-1.10105 -1.07488
-1.09838 -1.07791
-1.10096 -1.07688
-1.09946 -1.07619
-1.09846 -1.07806
-1.10159 -1.0776
-1.09813 -1.07675
-1.10006 -1.07653
-1.0965 -1.07526
-1.1014 -1.07616
-1.09795 -1.07757
-1.0989 -1.07488
-1.0981 -1.07718
-1.09991 -1.07371
-1.09812 -1.07626
-1.1001 -1.07588
-1.0997 -1.07499
-1.0989 -1.07542
-1.09824 -1.07811
-1.10165 -1.07185
-1.09945 -1.07963
-1.10004 -1.07499
-1.09969 -1.07558
-1.09913 -1.07398
-1.09963 -1.07905
-1.09988 -1.07372
-1.09959 -1.0762
-1.09916 -1.07514
-1.1007 -1.07537
-1.09732 -1.07696
-1.10117 -1.07311
-1.09706 -1.07644
-1.1004 -1.07471
-1.09625 -1.07506
-1.09927 -1.07493
-1.09881 -1.07346
-1.09776 -1.07497
-1.10027 -1.07499
-1.09778 -1.07563
-1.09829 -1.07285
-1.09859 -1.07503
-1.09875 -1.07519
-1.09855 -1.07602
-1.09911 -1.07173
-1.09603 -1.07647
-1.09894 -1.07409
-1.09765 -1.07647
-1.09884 -1.07325
-1.09767 -1.07457
-1.09655 -1.07701
-1.09876 -1.07387
-1.09809 -1.07523
-1.09685 -1.07555
-1.09851 -1.07478
-1.09681 -1.07572
-1.09727 -1.07357
-1.09593 -1.07622
-1.09932 -1.07185
-1.09636 -1.07713
-1.09748 -1.07386
-1.09762 -1.07535
-1.09755 -1.07331
-1.09539 -1.0748
-1.09882 -1.07331
-1.0956 -1.07399
-1.09617 -1.07456
-1.09652 -1.07473
-1.09704 -1.07304
-1.09698 -1.07371
-1.09612 -1.07473
-1.09769 -1.07355
-1.09528 -1.07483
-1.0989 -1.07161
-1.09394 -1.07567
-1.09744 -1.07314
-1.09747 -1.0733
-1.09605 -1.07487
-1.09741 -1.07182
-1.09741 -1.0738
-1.0961 -1.07323
-1.0977 -1.07177
-1.09649 -1.07448
-1.09609 -1.0737
-1.09766 -1.07209
-1.09622 -1.07406
-1.09578 -1.07264
-1.09713 -1.07268
-1.09671 -1.07336
-1.09553 -1.07298
-1.09594 -1.07114
-1.09518 -1.07529
-1.0966 -1.07318
-1.09639 -1.07261
-1.09611 -1.07429
-1.09642 -1.07399
-1.09544 -1.07135
-1.09661 -1.07239
-1.09492 -1.0744
-1.09671 -1.07065
-1.09539 -1.07386
-1.09767 -1.06988
-1.0941 -1.07382
-1.09608 -1.07105
-1.09687 -1.07276
-1.09627 -1.07174
-1.09472 -1.06947
-1.09344 -1.07273
-1.0984 -1.06916
-1.09332 -1.07174
-1.09616 -1.07217
-1.09547 -1.0712
-1.09684 -1.07214
-1.09509 -1.07232
-1.09625 -1.07157
-1.09679 -1.06867
-1.09488 -1.074
-1.09455 -1.06976
-1.09771 -1.07085
-1.09502 -1.07092
-1.09522 -1.0713
-1.09683 -1.06913
-1.09495 -1.07111
-1.09613 -1.07262
-1.09503 -1.07057
-1.09721 -1.06988
-1.09523 -1.07216
-1.09543 -1.06926
-1.09719 -1.06928
-1.09437 -1.07283
-1.09607 -1.06923
-1.09454 -1.07066
-1.09655 -1.07134
-1.09511 -1.06993
-1.09709 -1.07021
-1.09353 -1.07111
-1.09603 -1.07055
-1.09572 -1.0694
-1.09658 -1.07229
-1.09574 -1.06941
-1.09538 -1.07013
-1.0963 -1.07045
-1.09428 -1.07138
-1.09695 -1.06764
-1.09481 -1.07147
-1.09669 -1.06948
-1.09622 -1.06908
-1.09298 -1.07157
-1.09697 -1.06872
-1.09587 -1.07166
-1.09479 -1.06991
-1.09488 -1.07077
-1.09599 -1.07012
-1.09467 -1.069
-1.09597 -1.07022
-1.09499 -1.07249
-1.09695 -1.06693
-1.09159 -1.07488
-1.09989 -1.06615
-1.09425 -1.07217
-1.0971 -1.06843
-1.09546 -1.07144
-1.09582 -1.06818
-1.09614 -1.0701
-1.0953 -1.07153
-1.09696 -1.0666
-1.09548 -1.07032
-1.09619 -1.06955
-1.0954 -1.07115
-1.097 -1.06798
-1.09532 -1.07011
-1.09714 -1.06893
-1.09577 -1.06834
-1.09588 -1.06985
-1.09803 -1.06855
-1.09424 -1.06987
-1.09652 -1.07047
-1.09788 -1.06659
-1.09461 -1.06946
-1.09619 -1.06954
-1.09568 -1.06857
-1.09549 -1.06794
-1.09713 -1.06782
-1.09286 -1.06972
-1.09906 -1.067
-1.09279 -1.0692
-1.09632 -1.06865
-1.09788 -1.06635
-1.09406 -1.07148
-1.09695 -1.06624
-1.0943 -1.07019
-1.09494 -1.06714
-1.09486 -1.0685
-1.09473 -1.06889
-1.09446 -1.06801
-1.09223 -1.06974
-1.09573 -1.06565
-1.09263 -1.06949
-1.09386 -1.0673
-1.09267 -1.06827
-1.0941 -1.06793
-1.09345 -1.06778
-1.09258 -1.06786
-1.09388 -1.06847
-1.09316 -1.06754
-1.09215 -1.06858
-1.09494 -1.06727
-1.09171 -1.06853
-1.09402 -1.06582
-1.0908 -1.06974
-1.09454 -1.06353
-1.09219 -1.06884
-1.09252 -1.06694
-1.09371 -1.06618
-1.09172 -1.06744
-1.09286 -1.06846
-1.0934 -1.06496
-1.09252 -1.06748
-1.09224 -1.06664
-1.09255 -1.06587
-1.09274 -1.06529
-1.0924 -1.06877
-1.09269 -1.06657
-1.09156 -1.0671
-1.09338 -1.0669
-1.09111 -1.06785
-1.09191 -1.06635
-1.09185 -1.0669
-1.09185 -1.06751
-1.09201 -1.06576
-1.09057 -1.06921
-1.09276 -1.06399
-1.09016 -1.06788
-1.09302 -1.06669
-1.09155 -1.06769
-1.09375 -1.06664
-1.09129 -1.06744
-1.09192 -1.06683
-1.09263 -1.06619
-1.09046 -1.0676
-1.09404 -1.0657
-1.08995 -1.06946
-1.09253 -1.06493
-1.09072 -1.06698
-1.09201 -1.06652
-1.09326 -1.06565
-1.08997 -1.06973
-1.09282 -1.06454
-1.09024 -1.06617
-1.0914 -1.06652
-1.09345 -1.06636
-1.08904 -1.06708
-1.09303 -1.06559
-1.09138 -1.06598
-1.09054 -1.06938
-1.09148 -1.0655
-1.09157 -1.06676
-1.09199 -1.06753
-1.09124 -1.06748
-1.09212 -1.0652
-1.08884 -1.06818
-1.09356 -1.06414
-1.09111 -1.06782
-1.09045 -1.06603
-1.09065 -1.06758
-1.08962 -1.06628
-1.09253 -1.0642
-1.09006 -1.06615
-1.09047 -1.06567
-1.09004 -1.0649
-1.08991 -1.06734
-1.0892 -1.06607
-1.08905 -1.06566
-1.09049 -1.06445
-1.08795 -1.0684
-1.09116 -1.06512
-1.089 -1.06662
-1.08935 -1.06757
-1.09006 -1.06506
-1.08855 -1.06573
-1.08933 -1.06649
-1.0881 -1.06538
-1.09035 -1.06536
-1.08772 -1.066
-1.09111 -1.06691
-1.08813 -1.06467
-1.08812 -1.06634
-1.08913 -1.06397
-1.08905 -1.06693
-1.08845 -1.06466
-1.08851 -1.06516
-1.08817 -1.06431
-1.08789 -1.0663
-1.08773 -1.06534
-1.08771 -1.06627
-1.08854 -1.06339
-1.08923 -1.06429
-1.08602 -1.06638
-1.08882 -1.06529
-1.08686 -1.06513
-1.08965 -1.06425
-1.08831 -1.06796
-1.08648 -1.06446
-1.08757 -1.0649
-1.08824 -1.06644
-1.08648 -1.0668
-1.08812 -1.06298
-1.08653 -1.06717
-1.08696 -1.06485
-1.08633 -1.06644
-1.08647 -1.06631
-1.08651 -1.06741
-1.08576 -1.06555
-1.08858 -1.06419
-1.08583 -1.06533
-1.08646 -1.06632
-1.08717 -1.06537
-1.08621 -1.06436
-1.08704 -1.06392
-1.08546 -1.06559
-1.08668 -1.06402
-1.08725 -1.0642
-1.08472 -1.06653
-1.0887 -1.06308
-1.08508 -1.06506
-1.08842 -1.0615
-1.08544 -1.06731
-1.08649 -1.06416
-1.08742 -1.06376
-1.0878 -1.06461
-1.08551 -1.06528
-1.08666 -1.06487
-1.08798 -1.06267
-1.08442 -1.06768
-1.09004 -1.06135
-1.08293 -1.06708
-1.08732 -1.06369
-1.08605 -1.0629
-1.08618 -1.06726
-1.08729 -1.06328
-1.08521 -1.06548
-1.0887 -1.06219
-1.0827 -1.0666
-1.089 -1.0602
-1.0863 -1.06453
-1.08576 -1.0652
-1.08851 -1.06209
-1.08773 -1.06265
-1.08624 -1.06621
-1.08633 -1.06174
-1.08664 -1.06407
-1.0871 -1.06352
-1.08627 -1.06349
-1.08694 -1.06271
-1.08615 -1.06331
-1.08637 -1.06439
-1.08749 -1.06329
-1.08657 -1.06242
-1.08742 -1.06321
-1.08636 -1.06368
-1.08612 -1.06459
-1.08695 -1.05943
-1.08481 -1.06598
-1.08615 -1.0608
-1.0862 -1.06505
-1.08605 -1.06325
-1.08566 -1.06255
-1.08504 -1.06364
-1.086 -1.06342
-1.08514 -1.06157
-1.08517 -1.06259
-1.08585 -1.06253
-1.08683 -1.06433
-1.08612 -1.06095
-1.08589 -1.06348
-1.08668 -1.06288
-1.08625 -1.06141
-1.08524 -1.06307
-1.0868 -1.06238
-1.08527 -1.06119
-1.08422 -1.06334
-1.08538 -1.06168
-1.08585 -1.06323
-1.08653 -1.06119
-1.08299 -1.06559
-1.08935 -1.05893
-1.0813 -1.06476
-1.08755 -1.06173
-1.08749 -1.06147
-1.08335 -1.06367
-1.086 -1.06026
-1.08557 -1.06388
-1.08381 -1.06205
-1.0855 -1.06143
-1.0851 -1.06061
-1.08568 -1.06295
-1.08436 -1.06145
-1.08745 -1.06087
-1.08406 -1.06214
-1.08502 -1.06252
-1.08581 -1.05943
-1.08475 -1.06319
-1.0844 -1.05848
-1.0848 -1.06333
-1.08481 -1.0602
-1.08382 -1.06136
-1.08601 -1.05987
-1.08582 -1.06139
-1.08426 -1.06068
-1.0864 -1.06168
-1.08308 -1.06204
-1.08654 -1.06022
-1.0831 -1.06183
-1.08667 -1.05964
-1.08313 -1.06342
-1.08595 -1.05889
-1.0837 -1.06262
-1.08515 -1.0608
-1.08399 -1.05944
-1.08549 -1.0611
-1.08488 -1.06123
-1.0858 -1.06024
-1.08223 -1.06275
-1.08508 -1.05909
-1.08444 -1.06037
-1.08339 -1.06134
-1.08519 -1.05957
-1.08469 -1.06121
-1.08412 -1.06097
-1.08571 -1.05914
-1.08503 -1.06022
-1.08335 -1.06076
-1.08644 -1.0596
-1.08603 -1.06103
-1.08479 -1.06062
-1.08452 -1.05943
-1.08537 -1.05962
-1.08415 -1.06141
-1.08734 -1.05895
-1.0837 -1.06115
-1.08569 -1.05995
-1.08391 -1.0607
-1.08572 -1.06053
-1.08499 -1.06097
-1.08526 -1.05816
-1.08354 -1.06107
-1.08513 -1.06009
-1.08532 -1.05994
-1.0844 -1.0604
-1.08431 -1.05922
-1.08482 -1.06148
-1.08345 -1.05939
-1.08304 -1.06067
-1.08484 -1.05994
-1.08572 -1.05877
-1.08092 -1.06093
-1.08594 -1.05914
-1.08339 -1.05959
-1.08481 -1.0602
-1.0842 -1.05927
-1.08269 -1.06046
-1.08609 -1.05851
-1.08336 -1.06125
-1.08591 -1.05916
-1.08365 -1.05864
-1.08339 -1.05944
-1.08458 -1.05976
-1.08528 -1.05832
-1.08173 -1.06206
-1.0837 -1.0587
-1.08465 -1.05801
-1.08334 -1.06215
-1.08509 -1.05853
-1.08263 -1.06056
-1.08519 -1.05848
-1.08159 -1.06069
-1.0849 -1.05954
-1.0835 -1.05881
-1.08313 -1.06056
-1.08315 -1.05985
-1.08548 -1.05842
-1.08184 -1.06104
-1.08337 -1.05898
-1.08363 -1.05943
-1.08176 -1.06119
-1.08427 -1.05791
-1.08285 -1.06008
-1.08214 -1.05819
-1.08443 -1.05683
-1.08179 -1.06116
-1.08202 -1.05781
-1.08169 -1.0595
-1.0844 -1.05751
-1.08289 -1.05929
-1.08164 -1.06138
-1.08577 -1.05669
-1.07969 -1.06046
-1.08533 -1.059
-1.08233 -1.05827
-1.08317 -1.0585
-1.08147 -1.06223
-1.08595 -1.05558
-1.07939 -1.06146
-1.08565 -1.0571
-1.08317 -1.06022
-1.08377 -1.05816
-1.08249 -1.05888
-1.08381 -1.0578
-1.08141 -1.06023
-1.0843 -1.05744
-1.0825 -1.05665
-1.08271 -1.0609
-1.083 -1.05499
-1.08241 -1.05804
-1.08351 -1.05739
-1.0835 -1.05597
-1.08104 -1.05902
-1.08327 -1.05517
-1.08128 -1.05877
-1.08371 -1.05498
-1.08359 -1.05788
-1.08481 -1.05565
-1.0819 -1.05823
-1.08581 -1.05363
-1.08069 -1.05905
-1.08429 -1.05608
-1.08487 -1.05474
-1.08184 -1.05923
-1.0846 -1.05553
-1.08337 -1.05757
-1.08382 -1.05456
-1.08188 -1.05934
-1.08619 -1.05608
-1.08204 -1.05815
-1.08407 -1.05741
-1.08226 -1.05603
-1.08411 -1.05822
-1.08416 -1.05571
-1.08363 -1.05953
-1.08222 -1.05777
-1.08335 -1.0546
-1.08298 -1.05786
-1.08425 -1.05585
-1.08139 -1.05745
-1.0851 -1.05477
-1.08112 -1.05782
-1.08212 -1.05719
-1.08407 -1.05487
-1.08115 -1.05742
-1.08422 -1.05488
-1.0799 -1.05683
-1.082 -1.05714
-1.08377 -1.05424
-1.08103 -1.05847
-1.0819 -1.05618
-1.08155 -1.05695
-1.082 -1.05444
-1.08218 -1.0557
-1.08161 -1.05707
-1.08152 -1.05733
-1.08216 -1.05464
-1.07902 -1.05821
-1.08222 -1.05508
-1.08046 -1.05736
-1.08071 -1.057
-1.08115 -1.05718
-1.0807 -1.05495
-1.0824 -1.05566
-1.08128 -1.05766
-1.08113 -1.05737
-1.08236 -1.05585
-1.0822 -1.05464
-1.08024 -1.0576
-1.08481 -1.05401
-1.07821 -1.05751
-1.08305 -1.05585
-1.08149 -1.05517
-1.08135 -1.05593
-1.08229 -1.05639
-1.08252 -1.05441
-1.08068 -1.05499
-1.08071 -1.05653
-1.08262 -1.05434
-1.08191 -1.05444
-1.08097 -1.05651
-1.08193 -1.05608
-1.08278 -1.05374
-1.08206 -1.05724
-1.07999 -1.05487
-1.08162 -1.05441
-1.08263 -1.05549
-1.08076 -1.05577
-1.08115 -1.05534
-1.08279 -1.05544
-1.08092 -1.05456
-1.08105 -1.05708
-1.08085 -1.05327
-1.0826 -1.05416
-1.08265 -1.05559
-1.07961 -1.05646
-1.08406 -1.05278
-1.08119 -1.0556
-1.08235 -1.0548
-1.08232 -1.05436
-1.08277 -1.05496
-1.08168 -1.05473
-1.08118 -1.05422
-1.08333 -1.05424
-1.0823 -1.05444
-1.08066 -1.05593
-1.08244 -1.0523
-1.08245 -1.05571
-1.08255 -1.05457
-1.08108 -1.0559
-1.08061 -1.05268
-1.08219 -1.05496
-1.081 -1.05382
-1.0812 -1.05442
-1.08088 -1.05447
-1.08027 -1.0552
-1.08126 -1.05336
-1.08047 -1.05475
-1.08166 -1.05432
-1.081 -1.0529
-1.07995 -1.0555
-1.08193 -1.0529
-1.07768 -1.05728
-1.08225 -1.05087
-1.07851 -1.0571
-1.08029 -1.05416
-1.0799 -1.05353
-1.08187 -1.05277
-1.07879 -1.05616
-1.08182 -1.05297
-1.08025 -1.05246
-1.07851 -1.05493
-1.0819 -1.0521
-1.07909 -1.05369
-1.08065 -1.05192
-1.07844 -1.05261
-1.08003 -1.054
-1.08114 -1.05321
-1.07927 -1.05229
-1.07806 -1.05433
-1.0806 -1.05104
-1.07877 -1.05253
-1.07918 -1.05158
-1.07943 -1.05301
-1.07945 -1.0526
-1.07942 -1.05158
-1.0792 -1.05271
-1.07953 -1.05291
-1.07805 -1.05248
-1.08075 -1.05191
-1.07946 -1.05271
-1.08026 -1.05369
-1.07936 -1.05209
-1.07823 -1.05188
-1.07979 -1.05424
-1.07938 -1.05122
-1.07826 -1.05291
-1.07887 -1.05294
-1.07956 -1.05131
-1.07831 -1.05201
-1.07757 -1.05197
-1.07863 -1.05378
-1.07886 -1.04991
-1.07772 -1.05304
-1.07848 -1.05314
-1.07792 -1.05182
-1.07962 -1.053
-1.07662 -1.05173
-1.0779 -1.05121
-1.07652 -1.05367
-1.07853 -1.05095
-1.0784 -1.05123
-1.07693 -1.05285
-1.07805 -1.05023
-1.07695 -1.05295
-1.07585 -1.05146
-1.07972 -1.05269
-1.07601 -1.05216
-1.07813 -1.05038
-1.07574 -1.05177
-1.07706 -1.05235
-1.07735 -1.05205
-1.07858 -1.04997
-1.07786 -1.05158
-1.07455 -1.05259
-1.07962 -1.0498
-1.07526 -1.05325
-1.07895 -1.05093
-1.07687 -1.05115
-1.07669 -1.05104
-1.07758 -1.05092
-1.07819 -1.04898
-1.07722 -1.0523
-1.07846 -1.0487
-1.07611 -1.05064
-1.07837 -1.04882
-1.07739 -1.05375
-1.07695 -1.04893
-1.07891 -1.04826
-1.07733 -1.05354
-1.07829 -1.0477
-1.07739 -1.04994
-1.07796 -1.04932
-1.07701 -1.05227
-1.07752 -1.04821
-1.0775 -1.0506
-1.07818 -1.04816
-1.07622 -1.05154
-1.07845 -1.04837
-1.07626 -1.05012
-1.07675 -1.04868
-1.07608 -1.04856
-1.07656 -1.05018
-1.07792 -1.04807
-1.07638 -1.04847
-1.07749 -1.0505
-1.0755 -1.04843
-1.07745 -1.04909
-1.07754 -1.04763
-1.07569 -1.04999
-1.07677 -1.04861
-1.07578 -1.0498
-1.07652 -1.04854
-1.0742 -1.04859
-1.07654 -1.0496
-1.0761 -1.05005
-1.07529 -1.04805
-1.07458 -1.05019
-1.07578 -1.04751
-1.07501 -1.04909
-1.07436 -1.04784
-1.07394 -1.04913
-1.07715 -1.0481
-1.07145 -1.05176
-1.07651 -1.04603
-1.07457 -1.0497
-1.07272 -1.04859
-1.07527 -1.04836
-1.07469 -1.04757
-1.07435 -1.04959
-1.07182 -1.05173
-1.07584 -1.04528
-1.07207 -1.05139
-1.07233 -1.04734
-1.07402 -1.04873
-1.07111 -1.05065
-1.07446 -1.0461
-1.07161 -1.04933
-1.07394 -1.04869
-1.07153 -1.05084
-1.07592 -1.04522
-1.07151 -1.04992
-1.07392 -1.04677
-1.07332 -1.04811
-1.07185 -1.04931
-1.07568 -1.046
-1.07252 -1.04913
-1.07208 -1.048
-1.07386 -1.0483
-1.07325 -1.04701
-1.07199 -1.04885
-1.07391 -1.04693
-1.07227 -1.04874
-1.07334 -1.04738
-1.07436 -1.04755
-1.0713 -1.04925
-1.07431 -1.04698
-1.07241 -1.04696
-1.07451 -1.04876
-1.07261 -1.04669
-1.07255 -1.05049
-1.07408 -1.0452
-1.07211 -1.04798
-1.0726 -1.04918
-1.07479 -1.04591
-1.07079 -1.0481
-1.07464 -1.04606
-1.07054 -1.04838
-1.07251 -1.04813
-1.07462 -1.04589
-1.07088 -1.04871
-1.07248 -1.0474
-1.07131 -1.0485
-1.07381 -1.0477
-1.06985 -1.04821
-1.07342 -1.04651
-1.07204 -1.04798
-1.07176 -1.0469
-1.07132 -1.04876
-1.07241 -1.04857
-1.07233 -1.0454
-1.06945 -1.05075
-1.07344 -1.04537
-1.07257 -1.04734
-1.0696 -1.04844
-1.07319 -1.04686
-1.07128 -1.04784
-1.07225 -1.04778
-1.07088 -1.04862
-1.07305 -1.04637
-1.07212 -1.04737
-1.07089 -1.04805
-1.07343 -1.04685
-1.07061 -1.04643
-1.07195 -1.04947
-1.07184 -1.047
-1.07085 -1.04756
-1.07138 -1.04765
-1.07054 -1.04806
-1.07171 -1.04835
-1.07055 -1.04748
-1.0718 -1.0477
-1.06896 -1.04999
-1.0726 -1.04482
-1.06955 -1.04941
-1.07288 -1.04923
-1.0718 -1.04636
-1.07174 -1.04714
-1.07041 -1.04994
-1.07292 -1.0445
-1.07118 -1.04944
-1.07065 -1.04651
-1.07259 -1.04786
-1.07146 -1.04626
-1.07066 -1.04829
-1.07232 -1.04752
-1.07272 -1.04416
-1.07057 -1.04831
-1.07199 -1.0471
-1.07183 -1.04667
-1.0716 -1.04505
-1.06987 -1.0474
-1.07286 -1.04594
-1.07045 -1.04658
-1.07105 -1.04925
-1.07258 -1.04409
-1.07069 -1.04762
-1.0708 -1.04801
-1.07207 -1.04541
-1.06874 -1.04812
-1.07311 -1.04496
-1.07098 -1.04638
-1.07093 -1.04892
-1.07226 -1.04394
-1.06846 -1.04911
-1.07127 -1.04659
-1.07134 -1.04629
-1.07244 -1.04505
-1.07054 -1.04768
-1.07219 -1.04654
-1.07054 -1.04747
-1.07198 -1.04554
-1.07141 -1.04749
-1.07001 -1.04713
-1.07265 -1.0444
-1.07067 -1.04875
-1.07113 -1.04439
-1.07127 -1.04669
-1.07231 -1.04644
-1.07083 -1.04635
-1.07078 -1.04675
-1.07282 -1.04538
-1.07179 -1.04799
-1.07058 -1.04534
-1.07239 -1.04514
-1.07104 -1.0465
-1.07063 -1.04668
-1.07217 -1.04567
-1.07051 -1.04449
-1.07143 -1.04756
-1.07047 -1.04531
-1.07207 -1.04563
-1.0703 -1.04563
-1.07224 -1.04619
-1.06945 -1.04549
-1.07102 -1.04584
-1.06976 -1.04585
-1.07181 -1.04522
-1.06949 -1.04617
-1.0709 -1.0446
-1.07054 -1.04715
-1.07026 -1.04479
-1.06886 -1.04593
-1.07067 -1.04599
-1.07137 -1.0456
-1.0702 -1.0472
-1.07199 -1.04435
-1.07088 -1.04651
-1.07152 -1.04763
-1.07016 -1.04571
-1.0724 -1.04663
-1.06944 -1.04717
-1.07203 -1.04483
-1.06813 -1.04672
-1.07178 -1.04601
-1.06971 -1.04701
-1.06853 -1.0451
-1.07226 -1.04637
-1.0688 -1.04688
-1.07004 -1.04569
-1.07082 -1.04448
-1.06852 -1.04791
-1.07068 -1.04471
-1.0687 -1.04613
-1.07012 -1.04546
-1.06752 -1.04744
-1.07132 -1.04359
-1.06861 -1.04769
-1.07035 -1.04406
-1.07074 -1.04653
-1.06941 -1.04557
-1.07042 -1.04493
-1.06981 -1.04387
-1.07102 -1.04662
-1.06978 -1.04705
-1.07057 -1.0437
-1.06938 -1.04678
-1.06889 -1.04512
-1.0705 -1.04566
-1.07116 -1.04293
-1.06647 -1.04795
-1.07304 -1.0432
-1.06756 -1.04703
-1.06983 -1.0442
-1.06968 -1.04522
-1.06903 -1.04385
-1.07002 -1.04622
-1.06926 -1.04567
-1.0703 -1.04314
-1.06784 -1.04647
-1.06907 -1.04527
-1.0697 -1.04439
-1.07031 -1.04506
-1.06834 -1.04592
-1.06954 -1.04428
-1.06742 -1.04716
-1.07032 -1.04377
-1.06902 -1.04843
-1.06867 -1.04517
-1.06915 -1.0444
-1.06826 -1.04676
-1.06782 -1.04437
-1.07007 -1.04426
-1.06722 -1.04659
-1.06894 -1.04522
-1.06993 -1.04301
-1.0675 -1.04694
-1.06881 -1.04399
-1.06959 -1.04442
-1.0685 -1.0443
-1.06749 -1.04586
-1.06617 -1.04787
-1.07033 -1.04046
-1.06708 -1.04793
-1.06844 -1.04318
-1.06733 -1.04565
-1.06827 -1.04553
-1.06797 -1.0444
-1.06904 -1.04501
-1.06913 -1.04369
-1.0684 -1.04463
-1.06865 -1.04432
-1.06817 -1.04481
-1.06963 -1.04437
-1.06802 -1.04492
-1.0674 -1.04509
-1.06994 -1.04398
-1.06824 -1.04459
-1.06826 -1.04469
-1.06595 -1.04664
-1.0698 -1.04267
-1.06733 -1.04471
-1.06621 -1.04551
-1.06925 -1.04359
-1.06745 -1.04452
-1.06757 -1.04563
-1.06769 -1.0449
-1.06692 -1.04482
-1.06585 -1.04552
-1.06859 -1.04428
-1.06455 -1.04586
-1.06847 -1.04591
-1.06549 -1.04471
-1.06829 -1.04533
-1.06631 -1.04409
-1.06563 -1.04727
-1.0664 -1.0434
-1.0661 -1.04447
-1.06644 -1.04414
-1.06507 -1.0455
-1.06716 -1.04315
-1.06788 -1.04444
-1.06447 -1.04569
-1.0665 -1.04377
-1.06555 -1.04247
-1.06658 -1.04475
-1.06559 -1.04294
-1.06422 -1.04652
-1.06676 -1.04162
-1.06417 -1.04427
-1.06443 -1.04525
-1.06628 -1.04217
-1.06443 -1.04384
-1.06575 -1.0435
-1.06431 -1.04393
-1.06511 -1.04271
-1.06289 -1.04367
-1.06512 -1.04354
-1.06461 -1.0453
-1.06311 -1.04275
-1.06423 -1.04282
-1.06444 -1.04376
-1.06455 -1.04407
-1.06278 -1.04406
-1.06431 -1.04239
-1.06351 -1.04518
-1.06292 -1.04192
-1.06427 -1.0449
-1.06372 -1.04291
-1.06228 -1.04277
-1.06335 -1.04331
-1.06381 -1.04128
-1.06324 -1.04391
-1.0628 -1.0454
-1.06491 -1.04037
-1.06301 -1.04424
-1.0638 -1.04161
-1.06369 -1.04341
-1.06026 -1.04528
-1.06454 -1.03794
-1.06121 -1.04489
-1.0634 -1.04138
-1.06122 -1.04096
-1.06112 -1.04266
-1.06276 -1.04044
-1.06049 -1.04212
-1.06181 -1.04253
-1.06269 -1.03995
-1.06064 -1.04403
-1.06264 -1.04241
-1.06135 -1.03958
-1.06058 -1.04333
-1.06313 -1.04021
-1.05887 -1.04364
-1.06362 -1.03906
-1.06105 -1.0424
-1.06084 -1.04205
-1.06105 -1.04191
-1.06203 -1.04073
-1.06089 -1.04022
-1.06057 -1.03971
-1.05899 -1.04104
-1.06175 -1.03972
-1.059 -1.04244
-1.06075 -1.03768
-1.06012 -1.04337
-1.06183 -1.03859
-1.05985 -1.04025
-1.06307 -1.04055
-1.05987 -1.04045
-1.06205 -1.04023
-1.06045 -1.03934
-1.06113 -1.04087
-1.06061 -1.04104
-1.06105 -1.04096
-1.06021 -1.03932
-1.06098 -1.04045
-1.06001 -1.04147
-1.06168 -1.039
-1.06045 -1.04022
-1.06184 -1.04073
-1.06143 -1.04005
-1.06017 -1.04227
-1.06263 -1.03884
-1.06118 -1.04114
-1.06051 -1.03919
-1.06118 -1.04061
-1.0612 -1.04
-1.06034 -1.04109
-1.06139 -1.03892
-1.06217 -1.04142
-1.06091 -1.04014
-1.06055 -1.03987
-1.06212 -1.03947
-1.06127 -1.04079
-1.06166 -1.03998
-1.06104 -1.0407
-1.06108 -1.03955
-1.06203 -1.04071
-1.0631 -1.03969
-1.06117 -1.03864
-1.0604 -1.04242
-1.06363 -1.03708
-1.05915 -1.04262
-1.06308 -1.03747
-1.06052 -1.04026
-1.0596 -1.04111
-1.06239 -1.03884
-1.05995 -1.03782
-1.0588 -1.04025
-1.06303 -1.03914
-1.05997 -1.04037
-1.06017 -1.04043
-1.06029 -1.03906
-1.05941 -1.03987
-1.05959 -1.03958
-1.05982 -1.03907
-1.05909 -1.04089
-1.05819 -1.04064
-1.05955 -1.03994
-1.05846 -1.03984
-1.05946 -1.04031
-1.05899 -1.03993
-1.0612 -1.03884
-1.05931 -1.04147
-1.06035 -1.03776
-1.05916 -1.03904
-1.05881 -1.04068
-1.06186 -1.03655
-1.05882 -1.04008
-1.05938 -1.04026
-1.05944 -1.03891
-1.06015 -1.03951
-1.05812 -1.04
-1.0601 -1.03823
-1.05972 -1.03902
-1.05679 -1.04178
-1.06159 -1.03733
-1.05825 -1.04019
-1.05914 -1.03948
-1.05991 -1.0377
-1.05867 -1.04179
-1.05966 -1.0401
-1.05972 -1.03718
-1.05741 -1.04007
-1.05926 -1.03891
-1.06019 -1.039
-1.05832 -1.03922
-1.05969 -1.03967
-1.05875 -1.03899
-1.05804 -1.03896
-1.06049 -1.03845
-1.06078 -1.03904
-1.0592 -1.03991
-1.05966 -1.03862
-1.05848 -1.04012
-1.06051 -1.03809
-1.06003 -1.03933
-1.0592 -1.03896
-1.05952 -1.03891
-1.05843 -1.03963
-1.05915 -1.03686
-1.0603 -1.03803
-1.05743 -1.03989
-1.06093 -1.03625
-1.05826 -1.03846
-1.05885 -1.03861
-1.05995 -1.03795
-1.05763 -1.03957
-1.05902 -1.03787
-1.05831 -1.0387
-1.05907 -1.03754
-1.05827 -1.03857
-1.05874 -1.03836
-1.05901 -1.03877
-1.05768 -1.03812
-1.05889 -1.03714
-1.05671 -1.04071
-1.06131 -1.03476
-1.05572 -1.04066
-1.05901 -1.03943
-1.05828 -1.03833
-1.05759 -1.03738
-1.05758 -1.03797
-1.05619 -1.03916
-1.05712 -1.03975
-1.05681 -1.0379
-1.0564 -1.03942
-1.05899 -1.03769
-1.05742 -1.03752
-1.05529 -1.04142
-1.0579 -1.03631
-1.05882 -1.03796
-1.05642 -1.03947
-1.05798 -1.03825
-1.05774 -1.03672
-1.05722 -1.03853
-1.05871 -1.03942
-1.05738 -1.03813
-1.05779 -1.03689
-1.05824 -1.03899
-1.05894 -1.03746
-1.05571 -1.03879
-1.05898 -1.03794
-1.05827 -1.03747
-1.05694 -1.03891
-1.05863 -1.03718
-1.05925 -1.03787
-1.05788 -1.03944
-1.05749 -1.03853
-1.05919 -1.03665
-1.05825 -1.03865
-1.05641 -1.03792
-1.05995 -1.03846
-1.05734 -1.03841
-1.0607 -1.03885
-1.05795 -1.03809
-1.05867 -1.04034
-1.05832 -1.0367
-1.05857 -1.03862
-1.05691 -1.03979
-1.05857 -1.03699
-1.05693 -1.03992
-1.05843 -1.03779
-1.05849 -1.03833
-1.05882 -1.04094
-1.05849 -1.03747
-1.05765 -1.03878
-1.05816 -1.03808
-1.05812 -1.0379
-1.05692 -1.03929
-1.0586 -1.03719
-1.05721 -1.03851
-1.05725 -1.04008
-1.05927 -1.03529
-1.05601 -1.04145
-1.05983 -1.03703
-1.05607 -1.03904
-1.05717 -1.03835
-1.05753 -1.03677
-1.05598 -1.0401
-1.05761 -1.03649
-1.05611 -1.04074
-1.05791 -1.03816
-1.05772 -1.03849
-1.05561 -1.03928
-1.05947 -1.0362
-1.056 -1.0405
-1.05655 -1.03712
-1.05833 -1.03625
-1.05591 -1.04009
-1.0568 -1.0378
-1.05913 -1.03475
-1.05431 -1.04032
-1.05633 -1.03729
-1.05664 -1.03669
-1.05595 -1.0379
-1.05775 -1.03623
-1.05615 -1.03806
-1.05617 -1.03813
-1.05713 -1.0373
-1.05676 -1.03734
-1.05545 -1.03876
-1.05587 -1.03656
-1.05644 -1.03733
-1.05569 -1.03863
-1.05527 -1.03815
-1.05544 -1.03644
-1.05765 -1.03618
-1.05333 -1.03981
-1.05756 -1.03532
-1.05664 -1.03665
-1.05409 -1.03852
-1.05695 -1.03621
-1.05559 -1.03712
-1.0556 -1.03711
-1.05481 -1.03693
-1.05589 -1.03562
-1.05352 -1.03787
-1.05704 -1.03472
-1.05488 -1.03885
-1.05735 -1.03771
-1.05312 -1.03763
-1.05622 -1.03719
-1.05511 -1.03577
-1.05389 -1.03841
-1.05662 -1.03675
-1.05575 -1.03666
-1.05307 -1.03671
-1.05464 -1.03679
-1.05644 -1.03634
-1.05362 -1.03853
-1.05427 -1.03546
-1.05496 -1.03638
-1.05517 -1.03671
-1.05351 -1.03887
-1.0572 -1.03456
-1.05299 -1.03763
-1.05523 -1.03689
-1.05436 -1.03729
-1.05556 -1.03671
-1.0545 -1.03669
-1.05462 -1.03778
-1.05364 -1.03722
-1.05507 -1.03819
-1.05519 -1.03435
-1.05373 -1.04103
-1.05649 -1.03601
-1.05415 -1.03826
-1.0541 -1.03703
-1.05569 -1.03586
-1.05471 -1.0383
-1.05447 -1.03717
-1.05482 -1.03747
-1.05566 -1.03697
-1.05414 -1.03878
-1.05339 -1.03829
-1.05535 -1.03578
-1.05624 -1.03566
-1.05223 -1.04123
-1.05536 -1.03553
-1.05443 -1.03737
-1.05427 -1.03813
-1.05406 -1.0386
-1.05588 -1.03518
-1.05235 -1.03881
-1.05497 -1.03692
-1.05433 -1.03619
-1.05448 -1.03862
-1.05423 -1.03593
-1.05571 -1.03825
-1.05247 -1.03735
-1.05458 -1.0368
-1.05349 -1.03644
-1.05526 -1.03551
-1.05411 -1.03749
-1.05302 -1.03514
-1.05464 -1.03669
-1.05397 -1.03634
-1.05361 -1.03617
-1.05147 -1.03797
-1.0546 -1.03498
-1.05641 -1.03573
-1.04929 -1.04065
-1.05747 -1.0324
-1.05238 -1.03809
-1.05497 -1.03527
-1.05355 -1.03753
-1.05549 -1.03507
-1.05479 -1.03671
-1.05528 -1.03647
-1.05291 -1.0371
-1.05495 -1.03551
-1.05555 -1.03457
-1.05239 -1.03761
-1.05497 -1.03599
-1.05535 -1.0345
-1.05296 -1.03677
-1.05384 -1.03632
-1.0538 -1.03595
-1.05514 -1.03321
-1.05132 -1.0395
-1.05692 -1.03341
-1.05334 -1.03546
-1.05277 -1.03719
-1.0557 -1.03522
-1.05554 -1.03356
-1.0517 -1.03784
-1.05517 -1.03481
-1.05386 -1.03372
-1.05309 -1.03887
-1.05529 -1.03377
-1.05311 -1.03731
-1.05386 -1.03551
-1.05391 -1.03523
-1.05405 -1.03513
-1.05339 -1.03591
-1.05365 -1.03529
-1.05444 -1.03497
-1.05316 -1.03492
-1.05468 -1.03418
-1.05206 -1.03673
-1.05584 -1.03435
-1.05278 -1.03582
-1.05436 -1.03361
-1.05317 -1.03507
-1.05535 -1.03419
-1.05344 -1.03375
-1.05497 -1.03595
-1.05463 -1.0321
-1.05505 -1.03443
-1.05429 -1.03688
-1.05582 -1.03365
-1.05355 -1.03399
-1.05624 -1.03333
-1.05408 -1.03448
-1.05393 -1.03487
-1.0536 -1.03225
-1.05682 -1.03315
-1.05267 -1.03533
-1.05538 -1.03347
-1.05463 -1.03278
-1.0541 -1.03789
-1.05602 -1.03265
-1.05475 -1.03253
-1.05357 -1.03486
-1.05561 -1.03294
-1.05485 -1.03411
-1.05328 -1.03511
-1.05524 -1.03458
-1.05532 -1.03326
-1.05467 -1.03237
-1.05394 -1.03732
-1.05488 -1.03348
-1.0551 -1.03275
-1.05391 -1.03547
-1.05483 -1.03339
-1.05428 -1.03331
-1.05489 -1.03326
-1.05346 -1.03375
-1.05547 -1.03244
-1.05429 -1.03348
-1.05368 -1.03458
-1.05416 -1.03487
-1.05453 -1.03264
-1.05362 -1.03374
-1.05332 -1.03363
-1.0536 -1.03355
-1.0535 -1.03423
-1.05504 -1.03213
-1.05178 -1.03478
-1.05444 -1.03266
-1.05401 -1.03292
-1.05378 -1.03328
-1.05366 -1.03295
-1.0538 -1.03187
-1.0531 -1.03332
-1.05659 -1.03325
-1.05183 -1.03419
-1.05394 -1.03207
-1.05489 -1.03338
-1.05243 -1.03279
-1.05227 -1.03124
-1.05395 -1.0329
-1.05348 -1.03353
-1.05349 -1.03243
-1.05327 -1.03231
-1.05301 -1.03245
-1.05395 -1.03299
-1.05409 -1.03401
-1.0528 -1.03215
-1.05508 -1.03225
-1.05339 -1.03477
-1.05398 -1.03197
-1.05332 -1.03165
-1.05335 -1.03147
-1.05228 -1.03457
-1.05608 -1.03093
-1.05188 -1.03515
-1.05477 -1.02913
-1.0541 -1.03404
-1.05468 -1.03101
-1.05258 -1.03324
-1.05613 -1.03189
-1.05483 -1.03152
-1.05378 -1.0317
-1.05394 -1.0321
-1.05593 -1.0309
-1.05377 -1.0325
-1.05527 -1.03112
-1.05402 -1.0317
-1.05351 -1.03199
-1.05641 -1.03009
-1.05198 -1.0318
-1.05328 -1.03132
-1.05605 -1.0305
-1.0515 -1.03292
-1.05434 -1.03103
-1.05485 -1.03054
-1.0522 -1.03117
-1.05562 -1.02968
-1.05322 -1.03289
-1.05284 -1.03086
-1.05586 -1.02985
-1.05186 -1.03173
-1.05266 -1.03185
-1.05533 -1.02937
-1.0531 -1.03075
-1.05229 -1.03407
-1.05563 -1.02844
-1.051 -1.03279
-1.05631 -1.02985
-1.05154 -1.03338
-1.05498 -1.02974
-1.05232 -1.03511
-1.05411 -1.02999
-1.05272 -1.03151
-1.05334 -1.03081
-1.05491 -1.03252
-1.0536 -1.03088
-1.05235 -1.03183
-1.05361 -1.03229
-1.0549 -1.02888
-1.0515 -1.03507
-1.05324 -1.02767
-1.05176 -1.03141
-1.05268 -1.03101
-1.05212 -1.03078
-1.05247 -1.02974
-1.05265 -1.03087
-1.05165 -1.03011
-1.05202 -1.03009
-1.05229 -1.0309
-1.05178 -1.03045
-1.05387 -1.03123
-1.05035 -1.03095
-1.05261 -1.03005
-1.05239 -1.03059
-1.05142 -1.03173
-1.05323 -1.03108
-1.05215 -1.02937
-1.05245 -1.02996
-1.05327 -1.02922
-1.05114 -1.03151
-1.05298 -1.02879
-1.05056 -1.03345
-1.05386 -1.02767
-1.05106 -1.03189
-1.05277 -1.02924
-1.05243 -1.03012
-1.05249 -1.0315
-1.05187 -1.03139
-1.05233 -1.03026
-1.05217 -1.02974
-1.05163 -1.03158
-1.05271 -1.0298
-1.05245 -1.03073
-1.05293 -1.03081
-1.05175 -1.03093
-1.05126 -1.0294
-1.05191 -1.02929
-1.05157 -1.03112
-1.05287 -1.0297
-1.05104 -1.03106
-1.0512 -1.02969
-1.05248 -1.02866
-1.05221 -1.03186
-1.05317 -1.02983
-1.05161 -1.02939
-1.05155 -1.02937
-1.05243 -1.03116
-1.05285 -1.02774
-1.05129 -1.02987
-1.0513 -1.03113
-1.05425 -1.02767
-1.04991 -1.03007
-1.0535 -1.02838
-1.05185 -1.03084
-1.05304 -1.02936
-1.05052 -1.03033
-1.05197 -1.02903
-1.05307 -1.0273
-1.05097 -1.03127
-1.05272 -1.02868
-1.0513 -1.02801
-1.05214 -1.02918
-1.05303 -1.03077
-1.05201 -1.02687
-1.05172 -1.03158
-1.05416 -1.0272
-1.05186 -1.03023
-1.05295 -1.02862
-1.05272 -1.02937
-1.05456 -1.02702
-1.05208 -1.03004
-1.05281 -1.02773
-1.05437 -1.02717
-1.05174 -1.02985
-1.0544 -1.02733
-1.05239 -1.02889
-1.05293 -1.02773
-1.05331 -1.02817
-1.0541 -1.02729
-1.05131 -1.03043
-1.05545 -1.02689
-1.05276 -1.02914
-1.052 -1.02764
-1.0537 -1.02725
-1.05235 -1.02862
-1.05249 -1.02925
-1.05375 -1.02675
-1.05124 -1.02936
-1.05424 -1.02474
-1.05209 -1.02959
-1.05195 -1.02775
-1.05356 -1.02533
-1.0512 -1.02703
-1.05245 -1.0271
-1.05273 -1.02601
-1.05022 -1.02849
-1.05302 -1.02507
-1.05193 -1.0262
-1.04975 -1.02821
-1.05334 -1.02432
-1.05052 -1.02562
-1.05075 -1.02816
-1.05248 -1.02462
-1.05168 -1.02659
-1.04982 -1.02759
-1.05161 -1.0233
-1.05197 -1.02612
-1.05007 -1.02575
-1.05196 -1.02436
-1.05105 -1.02762
-1.05062 -1.02537
-1.05215 -1.02302
-1.04935 -1.02779
-1.05011 -1.02441
-1.0524 -1.02434
-1.05091 -1.02642
-1.05013 -1.02639
-1.05153 -1.02664
-1.0514 -1.02371
-1.05035 -1.02683
-1.05087 -1.02528
-1.05028 -1.02598
-1.0509 -1.02464
-1.04959 -1.02631
-1.05134 -1.0242
-1.05012 -1.02693
-1.05047 -1.02393
-1.05161 -1.02422
-1.05026 -1.02534
-1.05096 -1.02514
-1.04988 -1.02563
-1.05049 -1.02443
-1.05087 -1.02548
-1.04946 -1.02487
-1.05075 -1.0249
-1.04883 -1.02457
-1.05079 -1.02361
-1.04982 -1.02553
-1.04966 -1.02516
-1.05058 -1.02369
-1.04951 -1.02466
-1.04909 -1.02711
-1.05114 -1.022
-1.04885 -1.02503
-1.05014 -1.02542
-1.05064 -1.02472
-1.04719 -1.02674
-1.05329 -1.02167
-1.04785 -1.02777
-1.05044 -1.02467
-1.04903 -1.02457
-1.05027 -1.02364
-1.04913 -1.02728
-1.05049 -1.02427
-1.05047 -1.02459
-1.04973 -1.02592
-1.04968 -1.0235
-1.04825 -1.02521
-1.05039 -1.02481
-1.04876 -1.02491
-1.04887 -1.02451
-1.04946 -1.0259
-1.04865 -1.02602
-1.05156 -1.02362
-1.04751 -1.02535
-1.04892 -1.02633
-1.04921 -1.02407
-1.04908 -1.02476
-1.04784 -1.02514
-1.04967 -1.02333
-1.04736 -1.02687
-1.04935 -1.02359
-1.04847 -1.02582
-1.04722 -1.02506
-1.05032 -1.02302
-1.04581 -1.0271
-1.04978 -1.02231
-1.04657 -1.02628
-1.0498 -1.02186
-1.04754 -1.02619
-1.04831 -1.02409
-1.04915 -1.02459
-1.04766 -1.02528
-1.05031 -1.02482
-1.04807 -1.02369
-1.04787 -1.02805
-1.04969 -1.02249
-1.04613 -1.02753
-1.04924 -1.02368
-1.04626 -1.02749
-1.04808 -1.02213
-1.04762 -1.02703
-1.04791 -1.02457
-1.04806 -1.02665
-1.04797 -1.02527
-1.04689 -1.02552
-1.04868 -1.02561
-1.04849 -1.02334
-1.04592 -1.02686
-1.04781 -1.02511
-1.0452 -1.02471
-1.04795 -1.02435
-1.04652 -1.02624
-1.04743 -1.02368
-1.04547 -1.02549
-1.04606 -1.02446
-1.04639 -1.02539
-1.04569 -1.02299
-1.04662 -1.02503
-1.04507 -1.02483
-1.04633 -1.02464
-1.04627 -1.02353
-1.04457 -1.02487
-1.0456 -1.02515
-1.04802 -1.02338
-1.0448 -1.02675
-1.04714 -1.02191
-1.04641 -1.02715
-1.04631 -1.02272
-1.04612 -1.02547
-1.04495 -1.02591
-1.04602 -1.02367
-1.04647 -1.0263
-1.04703 -1.02299
-1.04509 -1.02573
-1.04515 -1.02435
-1.04613 -1.02384
-1.04537 -1.0241
-1.04531 -1.02468
-1.04467 -1.0257
-1.04617 -1.02263
-1.04374 -1.02577
-1.04636 -1.0254
-1.04697 -1.02167
-1.04315 -1.02726
-1.04728 -1.02312
-1.04569 -1.02382
-1.04474 -1.02576
-1.04531 -1.02448
-1.04548 -1.02536
-1.04404 -1.02451
-1.0469 -1.02395
-1.04294 -1.02636
-1.04655 -1.02318
-1.04496 -1.02513
-1.04507 -1.02421
-1.04594 -1.02358
-1.04417 -1.02369
-1.04542 -1.02544
-1.0447 -1.02325
-1.04411 -1.02323
-1.04372 -1.02526
-1.04539 -1.02335
-1.04503 -1.02299
-1.04256 -1.02409
-1.04473 -1.02463
-1.04378 -1.02268
-1.04614 -1.0239
-1.04273 -1.02598
-1.0454 -1.02319
-1.04256 -1.02366
-1.04584 -1.02296
-1.04263 -1.02682
-1.04554 -1.0227
-1.0432 -1.02358
-1.04407 -1.02365
-1.04333 -1.02473
-1.04372 -1.02288
-1.04265 -1.02323
-1.04443 -1.02569
-1.04413 -1.02093
-1.04344 -1.02459
-1.04258 -1.02326
-1.04432 -1.02386
-1.04328 -1.02279
-1.04335 -1.02332
-1.0426 -1.02372
-1.04499 -1.02267
-1.04306 -1.02411
-1.04407 -1.022
-1.04195 -1.02553
-1.04522 -1.02137
-1.04403 -1.02318
-1.04256 -1.02459
-1.04597 -1.02204
-1.04417 -1.0238
-1.04513 -1.02153
-1.04422 -1.02462
-1.04522 -1.02163
-1.04402 -1.02273
-1.04522 -1.0224
-1.04251 -1.02425
-1.04561 -1.0207
-1.04216 -1.02208
-1.0445 -1.02144
-1.04223 -1.02528
-1.04672 -1.02043
-1.04173 -1.0248
-1.04553 -1.02124
-1.04458 -1.02413
-1.04374 -1.02287
-1.04471 -1.02202
-1.04364 -1.02388
-1.04503 -1.02204
-1.04378 -1.02253
-1.04299 -1.02356
-1.04304 -1.02175
-1.04393 -1.02265
-1.04372 -1.02357
-1.04439 -1.02132
-1.04242 -1.02412
-1.04422 -1.02173
-1.04369 -1.02342
-1.04318 -1.02334
-1.04441 -1.02142
-1.04322 -1.0225
-1.04367 -1.02365
-1.04566 -1.02142
-1.04181 -1.02491
-1.04458 -1.0204
-1.04333 -1.02053
-1.04368 -1.02378
-1.0419 -1.02026
-1.04449 -1.02217
-1.04282 -1.02086
-1.04215 -1.02162
-1.04354 -1.02191
-1.04355 -1.02139
-1.04402 -1.0215
-1.04245 -1.02135
-1.04356 -1.02223
-1.04185 -1.01879
-1.0432 -1.021
