0 0
-0.0526383 -0.0494914
-0.10427 -0.0981543
-0.154884 -0.145962
-0.204448 -0.192684
-0.252973 -0.238644
-0.300394 -0.283884
-0.346637 -0.327526
-0.392051 -0.371165
-0.436425 -0.41328
-0.4797 -0.454846
-0.521181 -0.494844
-0.562775 -0.534705
-0.602419 -0.573238
-0.641105 -0.610948
-0.679239 -0.647917
-0.7152 -0.682715
-0.751223 -0.718045
-0.785565 -0.752202
-0.818216 -0.78408
-0.84981 -0.817414
-0.882036 -0.847274
-0.911313 -0.878011
-0.939799 -0.907887
-0.968062 -0.933424
-0.993175 -0.962095
-1.01852 -0.986995
-1.04193 -1.01215
-1.06419 -1.03838
-1.08614 -1.06016
-1.10445 -1.08345
-1.10603 -1.08275
-1.10545 -1.08156
-1.10151 -1.08308
-1.1064 -1.08192
-1.10332 -1.08494
-1.10399 -1.08169
-1.10284 -1.08307
-1.10414 -1.07928
-1.10467 -1.0819
-1.10383 -1.08225
-1.1033 -1.0796
-1.10338 -1.0834
-1.1065 -1.08128
-1.1036 -1.08314
-1.10396 -1.08393
-1.1051 -1.0818
-1.10031 -1.08539
-1.1017 -1.08267
-1.10173 -1.0831
-1.10014 -1.08383
-1.10373 -1.08201
-1.1024 -1.08184
-1.1042 -1.07985
-1.10283 -1.08033
-1.10208 -1.08555
-1.10575 -1.08036
-1.09804 -1.08651
-1.10366 -1.07957
-1.10007 -1.08382
-1.10271 -1.08242
-1.10071 -1.08296
-1.10186 -1.08093
-1.10312 -1.08055
-1.1022 -1.08109
-1.10044 -1.08289
-1.10305 -1.08109
-1.10119 -1.0808
-1.10262 -1.08015
-1.10013 -1.08072
-1.10186 -1.08173
-1.10206 -1.07987
-1.10145 -1.08042
-1.10242 -1.08356
-1.10338 -1.0811
-1.1036 -1.07991
-1.10218 -1.08286
-1.10111 -1.07995
-1.0996 -1.08355
-1.10287 -1.08042
-1.0999 -1.08195
-1.10149 -1.08205
-1.10354 -1.07818
-1.10049 -1.0811
-1.10076 -1.07853
-1.10179 -1.08021
-1.10348 -1.07874
-1.10234 -1.07843
-1.10343 -1.08042
-1.10018 -1.08016
-1.10348 -1.0784
-1.10104 -1.0777
-1.10373 -1.07899
-1.10021 -1.08057
-1.10476 -1.07718
-1.10272 -1.07967
-1.10128 -1.07995
-1.10288 -1.07881
-1.10162 -1.08006
-1.10102 -1.08002
-1.10186 -1.0808
-1.0999 -1.08056
-1.10298 -1.07984
-1.10333 -1.07866
-1.10198 -1.07866
-1.10074 -1.0795
-1.10166 -1.07974
-1.10207 -1.0799
-1.10293 -1.07855
-1.10216 -1.07909
-1.10215 -1.07882
-1.10186 -1.08106
-1.10417 -1.07641
-1.10317 -1.07942
-1.10174 -1.07879
-1.10468 -1.07692
-1.09908 -1.0808
-1.1043 -1.07862
-1.10259 -1.078
-1.10048 -1.07909
-1.10316 -1.0762
-1.10441 -1.07713
-1.10252 -1.07998
-1.10222 -1.07769
-1.10254 -1.07816
-1.10004 -1.0789
-1.10252 -1.07853
-1.10182 -1.07948
-1.10099 -1.07937
-1.10176 -1.07846
-1.10047 -1.07844
-1.09962 -1.0786
-1.10102 -1.07883
-1.09883 -1.07674
-1.10077 -1.07739
-1.09759 -1.07991
-1.10104 -1.07806
-1.09849 -1.07758
-1.09887 -1.07827
-1.09933 -1.07685
-1.10047 -1.07569
-1.10007 -1.07747
-1.09837 -1.07762
-1.10036 -1.07699
-1.09931 -1.07902
-1.09957 -1.07706
-1.09677 -1.07875
-1.09915 -1.07882
-1.09939 -1.07783
-1.09824 -1.07731
-1.09876 -1.07889
-1.10068 -1.07635
-1.09952 -1.07729
-1.09866 -1.07829
-1.09938 -1.07567
-1.09662 -1.07862
-1.09839 -1.07669
-1.10035 -1.07681
-1.09798 -1.07925
-1.09788 -1.07437
-1.09887 -1.07876
-1.10058 -1.07549
-1.09792 -1.07717
-1.10083 -1.07518
-1.09777 -1.0753
-1.09971 -1.07624
-1.0994 -1.07566
-1.09743 -1.07712
-1.09777 -1.07626
-1.09677 -1.07657
-1.09804 -1.0778
-1.09792 -1.07324
-1.09571 -1.07854
-1.09965 -1.07506
-1.09785 -1.07455
-1.09801 -1.0757
-1.09959 -1.07592
-1.09692 -1.07678
-1.09761 -1.07635
-1.0967 -1.07672
-1.10005 -1.07538
-1.09666 -1.07925
-1.09654 -1.07446
-1.0962 -1.07893
-1.09775 -1.07726
-1.09723 -1.07644
-1.09713 -1.07685
-1.09629 -1.0764
-1.09603 -1.07882
-1.09525 -1.07718
-1.09634 -1.07821
-1.09495 -1.07534
-1.09535 -1.07889
-1.09619 -1.07534
-1.09488 -1.07522
-1.09479 -1.07849
-1.0976 -1.07555
-1.09609 -1.0776
-1.09208 -1.07937
-1.0972 -1.07656
-1.09287 -1.07983
-1.09558 -1.07593
-1.09423 -1.07656
-1.09437 -1.07568
-1.09471 -1.07757
-1.09708 -1.07569
-1.095 -1.0759
-1.09418 -1.07823
-1.09575 -1.07589
-1.09646 -1.0772
-1.09499 -1.07656
-1.09371 -1.07749
-1.09432 -1.07716
-1.0944 -1.07764
-1.09273 -1.07795
-1.09449 -1.0765
-1.09336 -1.07698
-1.09455 -1.07655
-1.09076 -1.07905
-1.09629 -1.07246
-1.09091 -1.07773
-1.09204 -1.07621
-1.09423 -1.07597
-1.09251 -1.07593
-1.09045 -1.0785
-1.09629 -1.07348
-1.09195 -1.07849
-1.09434 -1.07355
-1.09314 -1.07766
-1.09434 -1.07403
-1.09061 -1.07499
-1.09432 -1.07486
-1.0932 -1.07372
-1.09222 -1.07301
-1.09185 -1.07756
-1.09243 -1.07649
-1.09247 -1.07539
-1.0909 -1.07707
-1.09408 -1.07416
-1.09262 -1.0731
-1.0914 -1.07416
-1.09304 -1.07685
-1.09193 -1.07429
-1.09233 -1.07603
-1.09151 -1.0757
-1.09146 -1.07571
-1.09111 -1.07435
-1.09127 -1.07835
-1.09087 -1.07759
-1.09184 -1.07604
-1.09106 -1.07545
-1.09247 -1.07704
-1.09007 -1.0766
-1.0919 -1.07417
-1.09023 -1.07857
-1.09284 -1.07166
-1.09096 -1.07673
-1.08936 -1.07875
-1.09302 -1.0728
-1.09165 -1.07615
-1.09129 -1.0748
-1.09326 -1.07401
-1.09309 -1.07464
-1.09443 -1.0738
-1.09306 -1.07394
-1.09399 -1.0758
-1.09389 -1.07272
-1.09303 -1.07406
-1.09336 -1.07314
-1.09082 -1.07501
-1.09272 -1.07597
-1.09264 -1.07256
-1.08934 -1.07725
-1.09653 -1.07119
-1.08862 -1.07661
-1.09308 -1.07135
-1.09053 -1.07615
-1.09348 -1.07404
-1.09266 -1.07119
-1.09018 -1.07663
-1.09188 -1.07171
-1.09272 -1.07148
-1.09067 -1.07225
-1.09311 -1.07411
-1.09055 -1.07252
-1.09042 -1.07392
-1.09026 -1.07291
-1.08963 -1.07502
-1.09047 -1.07363
-1.08968 -1.07436
-1.08848 -1.0742
-1.09136 -1.07488
-1.08766 -1.07423
-1.09006 -1.07507
-1.08958 -1.07401
-1.08799 -1.07458
-1.09108 -1.07393
-1.09208 -1.07182
-1.08813 -1.07561
-1.09033 -1.07321
-1.0904 -1.07222
-1.09031 -1.07373
-1.09166 -1.07036
-1.08982 -1.07195
-1.09229 -1.0733
-1.08793 -1.07284
-1.09396 -1.07107
-1.08957 -1.07326
-1.08972 -1.0707
-1.09098 -1.07284
-1.08848 -1.0729
-1.08966 -1.07334
-1.08986 -1.0718
-1.09036 -1.0733
-1.09008 -1.07133
-1.08881 -1.07181
-1.0902 -1.07121
-1.09076 -1.06995
-1.09009 -1.07073
-1.08961 -1.07105
-1.0888 -1.07238
-1.09125 -1.07045
-1.0887 -1.07347
-1.09047 -1.07339
-1.08825 -1.07222
-1.09105 -1.07062
-1.08803 -1.07242
-1.08951 -1.07128
-1.08883 -1.07192
-1.08923 -1.07287
-1.08747 -1.07108
-1.08822 -1.07153
-1.0855 -1.07367
-1.08922 -1.07122
-1.08829 -1.07154
-1.08674 -1.07177
-1.08876 -1.07052
-1.08874 -1.07312
-1.08972 -1.0707
-1.09048 -1.06885
-1.08796 -1.07284
-1.09291 -1.0699
-1.087 -1.07087
-1.08906 -1.0726
-1.09048 -1.07009
-1.08774 -1.07351
-1.08881 -1.07046
-1.08933 -1.07094
-1.08775 -1.07294
-1.0905 -1.0674
-1.08877 -1.07225
-1.09007 -1.06653
-1.08707 -1.07268
-1.08883 -1.06971
-1.08606 -1.06952
-1.08667 -1.07292
-1.08558 -1.07044
-1.08589 -1.07389
-1.08619 -1.06935
-1.08515 -1.0722
-1.08897 -1.07213
-1.08649 -1.07067
-1.08644 -1.07158
-1.08871 -1.06909
-1.08605 -1.07132
-1.09042 -1.06775
-1.08718 -1.06996
-1.08791 -1.06838
-1.08737 -1.06726
-1.08836 -1.06805
-1.08698 -1.06852
-1.08906 -1.0682
-1.08716 -1.06938
-1.08894 -1.0665
-1.08469 -1.07076
-1.0872 -1.06979
-1.08527 -1.07125
-1.08417 -1.07028
-1.08687 -1.07135
-1.08522 -1.06884
-1.08585 -1.07258
-1.08694 -1.06927
-1.08751 -1.06965
-1.08588 -1.06805
-1.08966 -1.06854
-1.08626 -1.06719
-1.08831 -1.06946
-1.08774 -1.06623
-1.08683 -1.07035
-1.08546 -1.07012
-1.08824 -1.06941
-1.08637 -1.06858
-1.085 -1.07147
-1.08628 -1.0686
-1.08365 -1.07277
-1.08465 -1.07042
-1.08495 -1.07057
-1.08391 -1.06814
-1.08285 -1.07286
-1.08652 -1.06851
-1.08474 -1.06889
-1.08522 -1.07081
-1.08412 -1.06986
-1.08559 -1.06694
-1.08432 -1.07062
-1.08458 -1.06936
-1.08529 -1.06749
-1.08442 -1.06883
-1.0847 -1.06748
-1.0832 -1.07201
-1.08291 -1.06846
-1.08171 -1.07025
-1.08322 -1.06991
-1.08149 -1.07074
-1.08162 -1.07035
-1.08348 -1.07207
-1.08278 -1.07054
-1.08398 -1.06834
-1.08568 -1.06772
-1.08392 -1.06929
-1.0835 -1.07063
-1.08637 -1.06631
-1.08088 -1.07108
-1.08309 -1.06971
-1.08145 -1.07044
-1.08503 -1.06764
-1.08286 -1.07008
-1.08127 -1.07271
-1.08439 -1.0662
-1.08209 -1.07053
-1.08 -1.07038
-1.08182 -1.06989
-1.08153 -1.06849
-1.08265 -1.06931
-1.0795 -1.0706
-1.08234 -1.06813
-1.08151 -1.06728
-1.08236 -1.06975
-1.08457 -1.06589
-1.08216 -1.07025
-1.08365 -1.06712
-1.08094 -1.06649
-1.08186 -1.07108
-1.08374 -1.06736
-1.08309 -1.06805
-1.07967 -1.07149
-1.08275 -1.06834
-1.08174 -1.06893
-1.0837 -1.06851
-1.08009 -1.07022
-1.08319 -1.06764
-1.08388 -1.06782
-1.08332 -1.06703
-1.0858 -1.06787
-1.08094 -1.06964
-1.08424 -1.06608
-1.08453 -1.06842
-1.08157 -1.06911
-1.08443 -1.06867
-1.08289 -1.06917
-1.0809 -1.06923
-1.08074 -1.07105
-1.08405 -1.06622
-1.08039 -1.07015
-1.0821 -1.06874
-1.08277 -1.06642
-1.08157 -1.06902
-1.08407 -1.06654
-1.08386 -1.06763
-1.08224 -1.0673
-1.08226 -1.06708
-1.08127 -1.0687
-1.08314 -1.06649
-1.08195 -1.06742
-1.08036 -1.06762
-1.0831 -1.06869
-1.08186 -1.06796
-1.08297 -1.06626
-1.08347 -1.06768
-1.0842 -1.0656
-1.08269 -1.06907
-1.08089 -1.06885
-1.0832 -1.06539
-1.08017 -1.06834
-1.08131 -1.06835
-1.08088 -1.06634
-1.07998 -1.06795
-1.08045 -1.07027
-1.08197 -1.06588
-1.08061 -1.07204
-1.08143 -1.06771
-1.08319 -1.06875
-1.07964 -1.07101
-1.08215 -1.06754
-1.08232 -1.06941
-1.08177 -1.07002
-1.08377 -1.06421
-1.08178 -1.07009
-1.08355 -1.06727
-1.08371 -1.06487
-1.0829 -1.0684
-1.08016 -1.06938
-1.08544 -1.06513
-1.07841 -1.06754
-1.0837 -1.06881
-1.08063 -1.06546
-1.0805 -1.06937
-1.08078 -1.06899
-1.08087 -1.06874
-1.08204 -1.06785
-1.08249 -1.06583
-1.08078 -1.06889
-1.0826 -1.06624
-1.08059 -1.0666
-1.08045 -1.06697
-1.0816 -1.06746
-1.08197 -1.06705
-1.08073 -1.06748
-1.08 -1.06783
-1.08056 -1.06809
-1.08266 -1.06628
-1.0819 -1.0691
-1.08283 -1.06613
-1.08156 -1.06683
-1.08093 -1.06573
-1.08007 -1.06489
-1.08012 -1.06667
-1.0812 -1.06598
-1.08181 -1.06416
-1.07978 -1.06683
-1.07976 -1.0672
-1.08086 -1.06558
-1.08088 -1.06798
-1.0789 -1.06905
-1.07922 -1.06562
-1.07931 -1.0655
-1.08022 -1.06636
-1.07777 -1.06648
-1.08011 -1.06376
-1.07962 -1.06561
-1.07963 -1.06482
-1.07883 -1.06491
-1.08194 -1.06441
-1.08072 -1.06676
-1.08098 -1.06493
-1.08006 -1.06334
-1.08006 -1.06816
-1.07937 -1.06662
-1.07925 -1.06487
-1.07795 -1.06679
-1.08068 -1.06436
-1.07825 -1.06751
-1.07858 -1.065
-1.07649 -1.06931
-1.08103 -1.06134
-1.07867 -1.06562
-1.0808 -1.06509
-1.07807 -1.06567
-1.07964 -1.06629
-1.07799 -1.06567
-1.07839 -1.06739
-1.07889 -1.06479
-1.07841 -1.06658
-1.07623 -1.06685
-1.079 -1.06448
-1.07889 -1.06549
-1.07614 -1.06653
-1.07924 -1.06442
-1.07942 -1.06335
-1.07649 -1.06794
-1.07924 -1.0632
-1.07799 -1.06451
-1.07863 -1.06677
-1.07796 -1.06184
-1.07619 -1.06748
-1.07905 -1.06354
-1.07694 -1.06563
-1.07548 -1.06651
-1.07736 -1.06488
-1.07836 -1.06648
-1.07748 -1.06292
-1.07727 -1.06519
-1.07544 -1.06517
-1.07912 -1.06271
-1.07944 -1.06397
-1.07755 -1.06238
-1.07896 -1.06101
-1.07776 -1.06532
-1.07667 -1.06359
-1.07846 -1.06231
-1.07672 -1.06248
-1.07548 -1.06224
-1.07686 -1.06421
-1.07572 -1.06209
-1.07283 -1.06545
-1.07432 -1.06458
-1.07416 -1.06353
-1.07435 -1.06285
-1.07447 -1.06299
-1.07299 -1.06285
-1.07265 -1.06556
-1.07341 -1.06188
-1.07398 -1.06429
-1.07612 -1.06263
-1.07544 -1.06238
-1.07336 -1.06307
-1.07385 -1.06218
-1.07364 -1.06501
-1.07456 -1.06272
-1.07125 -1.06527
-1.07568 -1.06232
-1.07404 -1.06046
-1.07467 -1.063
-1.07427 -1.06263
-1.07537 -1.06248
-1.07365 -1.06167
-1.07516 -1.06169
-1.07407 -1.06219
-1.07224 -1.06341
-1.07507 -1.06076
-1.07458 -1.06336
-1.07199 -1.06383
-1.07482 -1.06285
-1.0719 -1.06319
-1.07322 -1.06401
-1.07358 -1.06101
-1.07381 -1.06273
-1.074 -1.0611
-1.07494 -1.06056
-1.07366 -1.06401
-1.07487 -1.05975
-1.07594 -1.06261
-1.07371 -1.06218
-1.07378 -1.06077
-1.07674 -1.06126
-1.07454 -1.06256
-1.07332 -1.06315
-1.07417 -1.06112
-1.07176 -1.06482
-1.07517 -1.06064
-1.07274 -1.06375
-1.07474 -1.06239
-1.07342 -1.06125
-1.07497 -1.06255
-1.07324 -1.06174
-1.0726 -1.06147
-1.07525 -1.06221
-1.07201 -1.06032
-1.07388 -1.06366
-1.07173 -1.0636
-1.07284 -1.06332
-1.07035 -1.06244
-1.07105 -1.0641
-1.07142 -1.06409
-1.07221 -1.06365
-1.06873 -1.06328
-1.0732 -1.06262
-1.06966 -1.06295
-1.07043 -1.06282
-1.07014 -1.0636
-1.07132 -1.06481
-1.07249 -1.06004
-1.0704 -1.06337
-1.07195 -1.06295
-1.07324 -1.06106
-1.07137 -1.06341
-1.07532 -1.05924
-1.07157 -1.06421
-1.07573 -1.05845
-1.07053 -1.06079
-1.07338 -1.06119
-1.07494 -1.05899
-1.07198 -1.06189
-1.07233 -1.06129
-1.07217 -1.06109
-1.07168 -1.06024
-1.07325 -1.06373
-1.07371 -1.05687
-1.07261 -1.06241
-1.07311 -1.05891
-1.07308 -1.05977
-1.07417 -1.06021
-1.07181 -1.05988
-1.07365 -1.0599
-1.07098 -1.06021
-1.07211 -1.06086
-1.07326 -1.05988
-1.07132 -1.06014
-1.07232 -1.06036
-1.073 -1.0595
-1.07214 -1.05982
-1.07118 -1.05936
-1.06987 -1.06237
-1.07274 -1.05942
-1.07022 -1.06034
-1.0727 -1.06091
-1.07022 -1.05905
-1.07159 -1.0593
-1.07146 -1.06031
-1.07097 -1.05861
-1.06977 -1.06227
-1.07314 -1.05549
-1.07113 -1.05968
-1.07141 -1.06081
-1.0719 -1.05935
-1.06976 -1.06019
-1.07246 -1.05808
-1.07154 -1.06145
-1.07013 -1.05852
-1.0713 -1.0622
-1.06981 -1.05889
-1.07181 -1.05991
-1.07276 -1.05922
-1.06874 -1.06023
-1.07211 -1.05729
-1.07007 -1.05951
-1.06891 -1.05791
-1.07368 -1.05707
-1.06938 -1.05916
-1.06942 -1.05778
-1.06873 -1.05805
-1.07062 -1.05767
-1.07048 -1.0577
-1.0705 -1.05913
-1.07098 -1.05894
-1.07237 -1.05774
-1.07054 -1.05895
-1.0705 -1.05885
-1.07159 -1.05758
-1.07099 -1.05854
-1.06917 -1.05943
-1.07033 -1.05663
-1.06988 -1.05777
-1.07109 -1.05864
-1.06921 -1.05724
-1.07272 -1.05576
-1.07146 -1.05742
-1.06948 -1.05595
-1.07043 -1.05604
-1.07114 -1.05583
-1.06847 -1.05872
-1.07049 -1.05789
-1.06913 -1.05603
-1.07028 -1.05975
-1.06931 -1.0556
-1.0665 -1.05834
-1.06976 -1.05676
-1.0671 -1.05754
-1.06854 -1.0578
-1.06733 -1.05744
-1.06763 -1.05705
-1.06908 -1.05648
-1.06841 -1.05725
-1.06961 -1.05525
-1.06883 -1.05751
-1.06833 -1.05589
-1.06811 -1.05783
-1.06944 -1.05474
-1.06703 -1.06072
-1.06991 -1.0566
-1.06802 -1.05881
-1.06634 -1.05929
-1.06683 -1.05851
-1.06604 -1.0571
-1.06665 -1.05776
-1.06816 -1.05705
-1.06625 -1.05864
-1.06781 -1.05808
-1.06871 -1.05575
-1.066 -1.05722
-1.06766 -1.05639
-1.06671 -1.05479
-1.06761 -1.05502
-1.06711 -1.05683
-1.06723 -1.05544
-1.06766 -1.05832
-1.0677 -1.05653
-1.06447 -1.05849
-1.06534 -1.05948
-1.06458 -1.05762
-1.06686 -1.05903
-1.06533 -1.05698
-1.06432 -1.05924
-1.06587 -1.05545
-1.06694 -1.05793
-1.06621 -1.05421
-1.06783 -1.05653
-1.06678 -1.05665
-1.06646 -1.05542
-1.06887 -1.05734
-1.06517 -1.05594
-1.06559 -1.05673
-1.06668 -1.05726
-1.06646 -1.05556
-1.06268 -1.05844
-1.06601 -1.0543
-1.06347 -1.05855
-1.06591 -1.05454
-1.06548 -1.05534
-1.06512 -1.05604
-1.06666 -1.05704
-1.0667 -1.05524
-1.06573 -1.05528
-1.06728 -1.05566
-1.06782 -1.05498
-1.06711 -1.05628
-1.06577 -1.05572
-1.06512 -1.05791
-1.06506 -1.05739
-1.06729 -1.0534
-1.06684 -1.05615
-1.0642 -1.05698
-1.06828 -1.05565
-1.06627 -1.05551
-1.06616 -1.05725
-1.06834 -1.0535
-1.0645 -1.05839
-1.06845 -1.05531
-1.06679 -1.05434
-1.06515 -1.05605
-1.06731 -1.05341
-1.06726 -1.05376
-1.06561 -1.05654
-1.06725 -1.05445
-1.06713 -1.0545
-1.06782 -1.0542
-1.06513 -1.05533
-1.06548 -1.0549
-1.06554 -1.05619
-1.06597 -1.05224
-1.06408 -1.05638
-1.06472 -1.05541
-1.06765 -1.05332
-1.06584 -1.05466
-1.06508 -1.05555
-1.06811 -1.05288
-1.065 -1.05218
-1.06556 -1.05419
-1.06669 -1.05278
-1.06555 -1.05463
-1.06523 -1.05241
-1.0658 -1.05587
-1.06442 -1.05483
-1.06812 -1.0543
-1.06577 -1.05469
-1.06704 -1.05273
-1.06431 -1.05678
-1.06764 -1.05043
-1.06325 -1.05668
-1.0675 -1.05338
-1.06512 -1.05391
-1.06619 -1.0534
-1.06713 -1.05183
-1.06758 -1.05372
-1.06843 -1.05078
-1.06755 -1.05109
-1.06805 -1.05091
-1.06804 -1.05364
-1.06561 -1.05253
-1.06735 -1.04943
-1.06761 -1.05375
-1.0679 -1.05253
-1.06612 -1.05186
-1.0672 -1.05147
-1.06684 -1.05148
-1.06582 -1.05194
-1.06514 -1.05246
-1.06647 -1.05092
-1.06708 -1.05092
-1.06634 -1.0525
-1.06635 -1.05122
-1.06749 -1.05084
-1.0682 -1.05002
-1.06611 -1.05194
-1.06671 -1.0502
-1.06712 -1.054
-1.06743 -1.05008
-1.06762 -1.05082
-1.06656 -1.05347
-1.06959 -1.04846
-1.06789 -1.05098
-1.0663 -1.05111
-1.06714 -1.04955
-1.06835 -1.04973
-1.06726 -1.05137
-1.06868 -1.04872
-1.06788 -1.04975
-1.06655 -1.05127
-1.06823 -1.04858
-1.06627 -1.05184
-1.0689 -1.04855
-1.06539 -1.0524
-1.06627 -1.04947
-1.06686 -1.05154
-1.06861 -1.04974
-1.06632 -1.05094
-1.06486 -1.05214
-1.06785 -1.04847
-1.06364 -1.05156
-1.06639 -1.04912
-1.06738 -1.04922
-1.06415 -1.05238
-1.06712 -1.04979
-1.06545 -1.05047
-1.06749 -1.05026
-1.06697 -1.04871
-1.0663 -1.04968
-1.06838 -1.04836
-1.06508 -1.05135
-1.06823 -1.04689
-1.06489 -1.05038
-1.0658 -1.04949
-1.06621 -1.05213
-1.06725 -1.04895
-1.06516 -1.05128
-1.06673 -1.0515
-1.06732 -1.04792
-1.06582 -1.05144
-1.06641 -1.04867
-1.06753 -1.04868
-1.06541 -1.05008
-1.06503 -1.04822
-1.06572 -1.05078
-1.06601 -1.04931
-1.06618 -1.04985
-1.06584 -1.0499
-1.0668 -1.04797
-1.06645 -1.04997
-1.066 -1.05204
-1.06525 -1.05138
-1.06444 -1.05051
-1.06678 -1.04973
-1.0651 -1.05231
-1.06753 -1.04734
-1.06457 -1.05145
-1.06694 -1.04732
-1.06859 -1.04919
-1.06491 -1.05107
-1.06526 -1.04835
-1.06701 -1.04821
-1.06512 -1.04975
-1.06533 -1.04956
-1.06718 -1.04688
-1.06619 -1.05095
-1.06707 -1.04771
-1.06547 -1.04889
-1.06538 -1.04997
-1.06367 -1.04977
-1.06527 -1.04857
-1.06508 -1.04803
-1.06374 -1.04747
-1.06377 -1.04956
-1.06574 -1.05063
-1.06424 -1.04782
-1.06593 -1.05146
-1.06396 -1.04704
-1.06587 -1.05033
-1.0637 -1.04923
-1.06674 -1.04913
-1.06539 -1.04888
-1.06246 -1.05074
-1.06642 -1.04582
-1.06541 -1.0476
-1.06372 -1.05014
-1.06758 -1.04695
-1.06557 -1.04814
-1.06502 -1.04843
-1.06827 -1.04492
-1.06426 -1.04872
-1.06572 -1.04936
-1.06591 -1.04685
-1.06331 -1.04992
-1.06405 -1.05028
-1.06433 -1.04541
-1.06368 -1.05011
-1.06383 -1.04803
-1.06483 -1.04868
-1.06393 -1.04894
-1.06591 -1.04707
-1.06321 -1.0492
-1.06499 -1.04962
-1.06519 -1.04814
-1.06403 -1.04918
-1.06472 -1.04981
-1.06508 -1.04733
-1.06477 -1.04845
-1.06429 -1.04902
-1.06501 -1.04585
-1.06525 -1.0462
-1.06736 -1.04915
-1.06398 -1.04495
-1.06745 -1.04545
-1.06209 -1.04828
-1.06644 -1.04569
-1.06329 -1.04861
-1.06542 -1.04712
-1.06345 -1.04576
-1.06334 -1.04987
-1.06425 -1.04929
-1.06482 -1.04573
-1.06012 -1.0529
-1.06443 -1.04639
-1.06598 -1.0472
-1.06115 -1.05069
-1.06429 -1.04963
-1.06207 -1.04902
-1.06306 -1.04698
-1.06207 -1.0513
-1.06107 -1.05012
-1.06448 -1.04766
-1.06027 -1.05117
-1.06606 -1.04576
-1.06329 -1.0479
-1.06225 -1.04691
-1.06304 -1.0466
-1.06338 -1.04913
-1.06242 -1.04791
-1.06395 -1.0462
-1.06182 -1.0482
-1.06271 -1.04865
-1.06224 -1.0477
-1.06104 -1.0485
-1.0624 -1.04632
-1.06083 -1.0487
-1.06294 -1.04519
-1.06018 -1.04839
-1.06204 -1.04809
-1.06086 -1.04614
-1.06228 -1.04909
-1.06003 -1.04749
-1.06503 -1.0432
-1.05939 -1.0481
-1.06137 -1.04929
-1.06462 -1.04239
-1.06342 -1.04725
-1.06163 -1.04416
-1.06088 -1.04717
-1.0609 -1.04731
-1.06361 -1.04408
-1.05794 -1.05076
-1.06266 -1.04526
-1.06089 -1.04669
-1.06102 -1.04605
-1.06262 -1.04715
-1.06302 -1.04608
-1.0616 -1.04598
-1.06215 -1.04716
-1.06035 -1.04627
-1.06359 -1.04556
-1.06048 -1.04723
-1.06252 -1.04543
-1.05974 -1.04686
-1.06223 -1.04616
-1.06054 -1.04513
-1.06185 -1.04548
-1.06166 -1.04689
-1.06226 -1.04308
-1.0602 -1.0469
-1.061 -1.04618
-1.06098 -1.04384
-1.05939 -1.04704
-1.0624 -1.04458
-1.05866 -1.04657
-1.0611 -1.04588
-1.06046 -1.04461
-1.0589 -1.04691
-1.06165 -1.04285
-1.06174 -1.0455
-1.06041 -1.04496
-1.06051 -1.04289
-1.06243 -1.04473
-1.06053 -1.04505
-1.0602 -1.04559
-1.06199 -1.04344
-1.0608 -1.04513
-1.0597 -1.04497
-1.06081 -1.04309
-1.06095 -1.04306
-1.05934 -1.04679
-1.05947 -1.04487
-1.06238 -1.04345
-1.05898 -1.04673
-1.06253 -1.04058
-1.05992 -1.04667
-1.0604 -1.04346
-1.06113 -1.04353
-1.06277 -1.04431
-1.06082 -1.04181
-1.06095 -1.04405
-1.06339 -1.04078
-1.06136 -1.04373
-1.06198 -1.04274
-1.06253 -1.0402
-1.05966 -1.04422
-1.0644 -1.04203
-1.06081 -1.04267
-1.0606 -1.04126
-1.06167 -1.04304
-1.06256 -1.04186
-1.06172 -1.04417
-1.06213 -1.04217
-1.0619 -1.04327
-1.06138 -1.04116
-1.06053 -1.04441
-1.06227 -1.04171
-1.06148 -1.04189
-1.06195 -1.04401
-1.06171 -1.04125
-1.06052 -1.04354
-1.06139 -1.043
-1.05994 -1.0444
-1.0617 -1.04326
-1.06135 -1.04382
-1.0603 -1.04141
-1.06188 -1.04449
-1.06143 -1.04283
-1.06189 -1.04214
-1.06074 -1.04399
-1.06232 -1.04141
-1.06155 -1.0439
-1.0621 -1.03903
-1.06223 -1.04247
-1.06156 -1.04343
-1.06109 -1.04197
-1.06076 -1.04137
-1.06205 -1.04282
-1.05958 -1.04203
-1.06228 -1.04059
-1.06143 -1.04185
-1.06188 -1.04309
-1.06061 -1.04023
-1.06131 -1.04259
-1.06076 -1.04301
-1.06119 -1.04247
-1.06114 -1.03981
-1.06057 -1.04061
-1.06156 -1.04222
-1.06339 -1.03738
-1.05963 -1.04227
-1.06153 -1.04098
-1.06172 -1.04111
-1.05928 -1.0437
-1.06139 -1.04122
-1.06113 -1.04057
-1.05986 -1.04254
-1.05812 -1.04351
-1.0608 -1.04173
-1.0588 -1.04356
-1.05942 -1.04019
-1.06049 -1.04225
-1.0608 -1.03983
-1.05752 -1.0436
-1.06327 -1.04033
-1.06051 -1.04055
-1.06019 -1.04201
-1.05927 -1.03991
-1.0598 -1.0393
-1.06025 -1.04255
-1.0607 -1.04013
-1.05851 -1.04039
-1.05934 -1.04259
-1.05822 -1.04101
-1.06045 -1.04065
-1.05822 -1.04308
-1.05913 -1.04108
-1.05659 -1.04187
-1.06015 -1.03986
-1.05816 -1.04444
-1.06078 -1.03819
-1.05638 -1.04551
-1.06052 -1.03953
-1.05888 -1.04107
-1.05856 -1.04148
-1.06042 -1.03962
-1.06092 -1.04092
-1.06041 -1.03955
-1.05903 -1.04199
-1.06164 -1.04032
-1.05728 -1.04219
-1.0588 -1.04004
-1.06095 -1.04057
-1.05886 -1.04234
-1.05907 -1.03968
-1.059 -1.04025
-1.05868 -1.04262
-1.05852 -1.04168
-1.05996 -1.04203
-1.05765 -1.04037
-1.05941 -1.04002
-1.05773 -1.0406
-1.05868 -1.04066
-1.05985 -1.04019
-1.05875 -1.04018
-1.05839 -1.03895
-1.06025 -1.04214
-1.05808 -1.03997
-1.05714 -1.04157
-1.05723 -1.0414
-1.0584 -1.03951
-1.05959 -1.04232
-1.05868 -1.03935
-1.05726 -1.043
-1.05946 -1.03991
-1.0593 -1.04039
-1.05771 -1.04248
-1.05942 -1.03995
-1.05857 -1.04224
-1.05717 -1.04141
-1.05818 -1.04206
-1.0584 -1.03982
-1.05788 -1.04013
-1.0573 -1.04013
-1.05855 -1.04124
-1.05835 -1.03924
-1.05877 -1.03966
-1.05847 -1.03888
-1.0569 -1.04139
-1.05819 -1.03934
-1.05833 -1.03911
-1.05694 -1.04079
-1.05805 -1.03964
-1.05905 -1.03985
-1.05746 -1.03962
-1.05706 -1.03967
-1.05827 -1.0392
-1.05651 -1.04046
-1.05828 -1.03932
-1.05753 -1.0381
-1.05669 -1.04102
-1.05794 -1.03983
-1.05734 -1.03854
-1.05716 -1.04182
-1.05549 -1.03715
-1.05896 -1.03944
-1.05904 -1.03852
-1.06057 -1.03664
-1.05816 -1.03979
-1.05939 -1.03759
-1.05926 -1.03791
-1.05901 -1.04026
-1.05812 -1.03694
-1.05828 -1.03726
-1.05742 -1.04114
-1.0559 -1.03882
-1.05812 -1.03879
-1.05687 -1.04002
-1.05687 -1.03866
-1.06038 -1.03705
-1.05605 -1.04017
-1.05736 -1.03805
-1.05903 -1.03671
-1.05614 -1.03942
-1.05798 -1.03753
-1.05626 -1.03929
-1.05876 -1.03848
-1.05882 -1.03491
-1.05498 -1.04051
-1.0578 -1.03843
-1.05658 -1.03738
-1.05722 -1.03927
-1.05733 -1.03501
-1.05628 -1.04033
-1.05807 -1.03772
-1.05815 -1.03754
-1.05653 -1.04013
-1.05982 -1.03639
-1.05736 -1.03811
-1.05595 -1.03822
-1.05805 -1.03919
-1.05538 -1.03785
-1.05798 -1.0365
-1.05497 -1.03877
-1.05853 -1.03714
-1.05501 -1.03608
-1.05839 -1.0377
-1.05786 -1.03689
-1.05817 -1.03514
-1.05536 -1.03808
-1.05833 -1.03717
-1.05723 -1.03753
-1.05717 -1.03659
-1.0572 -1.03532
-1.05678 -1.03699
-1.05743 -1.03777
-1.05517 -1.03779
-1.05697 -1.0374
-1.05734 -1.03722
-1.05755 -1.03782
-1.05833 -1.03622
-1.05692 -1.03621
-1.05934 -1.03503
-1.05712 -1.0375
-1.05794 -1.03694
-1.05837 -1.03534
-1.05751 -1.03744
-1.05819 -1.03429
-1.05658 -1.03993
-1.05758 -1.03539
-1.05711 -1.03379
-1.05654 -1.03644
-1.05918 -1.03564
-1.06105 -1.03419
-1.05551 -1.03616
-1.05869 -1.0343
-1.05777 -1.03553
-1.05873 -1.03419
-1.05813 -1.03559
-1.05658 -1.03479
-1.05605 -1.03463
-1.0584 -1.03474
-1.05781 -1.03489
-1.05796 -1.03515
-1.05802 -1.03426
-1.05723 -1.03755
-1.05827 -1.03371
-1.05676 -1.03612
-1.05923 -1.03392
-1.05638 -1.03506
-1.05597 -1.03441
-1.05823 -1.03487
-1.0577 -1.03403
-1.0565 -1.03415
-1.06043 -1.03372
-1.0576 -1.03447
-1.05764 -1.03494
-1.05603 -1.0328
-1.05627 -1.03602
-1.05619 -1.03403
-1.05626 -1.03477
-1.05606 -1.0341
-1.05661 -1.03567
-1.05586 -1.03514
-1.05736 -1.0331
-1.0549 -1.0377
-1.05641 -1.03337
-1.05685 -1.03575
-1.05655 -1.03692
-1.05511 -1.0353
-1.05702 -1.03666
-1.0543 -1.03599
-1.05646 -1.03313
-1.05617 -1.03629
-1.05491 -1.03504
-1.05699 -1.03522
-1.0548 -1.03503
-1.05463 -1.03608
-1.05548 -1.03565
-1.05448 -1.03399
-1.05635 -1.03437
-1.05701 -1.03377
-1.05549 -1.03313
-1.05704 -1.03368
-1.05684 -1.03341
-1.05519 -1.03249
-1.05747 -1.03242
-1.0549 -1.0344
-1.05674 -1.03211
-1.05291 -1.03626
-1.05603 -1.03424
-1.05448 -1.03443
-1.05514 -1.03476
-1.05401 -1.03556
-1.0564 -1.03607
-1.05235 -1.03431
-1.05514 -1.03409
-1.05414 -1.03357
-1.05534 -1.03506
-1.05282 -1.035
-1.05672 -1.03233
-1.05268 -1.03522
-1.0554 -1.03277
-1.05461 -1.0327
-1.05706 -1.03299
-1.05459 -1.03467
-1.05599 -1.0323
-1.05605 -1.03343
-1.05639 -1.03356
-1.05577 -1.03171
-1.0539 -1.03361
-1.05549 -1.03036
-1.05311 -1.03282
-1.05465 -1.03372
-1.05483 -1.03173
-1.055 -1.03458
-1.05428 -1.03565
-1.05467 -1.03414
-1.05542 -1.03551
-1.05486 -1.03277
-1.05688 -1.0343
-1.05636 -1.03379
-1.05839 -1.03224
-1.05513 -1.03312
-1.05741 -1.03148
-1.05758 -1.03122
-1.05517 -1.03273
-1.0562 -1.03483
-1.05688 -1.03193
-1.05516 -1.03277
-1.05485 -1.03386
-1.05488 -1.03399
-1.05598 -1.03261
-1.05429 -1.03183
-1.05423 -1.03662
-1.05586 -1.03307
-1.05328 -1.03584
-1.05558 -1.03256
-1.05205 -1.03339
-1.05191 -1.03587
-1.05552 -1.0324
-1.05438 -1.03335
-1.05442 -1.03383
-1.0551 -1.03329
-1.05589 -1.0329
-1.05351 -1.03307
-1.05516 -1.03562
-1.05484 -1.03233
-1.05305 -1.0348
-1.05418 -1.03292
-1.05508 -1.03495
-1.05405 -1.0338
-1.05562 -1.034
-1.05564 -1.03327
-1.05488 -1.0353
-1.05443 -1.03288
-1.05718 -1.0331
-1.05287 -1.03418
-1.05519 -1.03422
-1.0548 -1.0321
-1.05371 -1.035
-1.05442 -1.03278
-1.05619 -1.03398
-1.05385 -1.03235
-1.05419 -1.03283
-1.05465 -1.03373
-1.05465 -1.03224
-1.0535 -1.03224
-1.05289 -1.03344
-1.05401 -1.03435
-1.05342 -1.03176
-1.05171 -1.03594
-1.05504 -1.03266
-1.05519 -1.03171
-1.05274 -1.03454
-1.05455 -1.03337
-1.05418 -1.03282
-1.05407 -1.03443
-1.05327 -1.03418
-1.05509 -1.03402
-1.05268 -1.03331
-1.05352 -1.03378
-1.05215 -1.03296
-1.0522 -1.03551
-1.05109 -1.03226
-1.05119 -1.03493
-1.05155 -1.03511
-1.05261 -1.03347
-1.05179 -1.03195
-1.0526 -1.03399
-1.05541 -1.03268
-1.05283 -1.03292
-1.05495 -1.03337
-1.05302 -1.03292
-1.05429 -1.0339
-1.05247 -1.03416
-1.05334 -1.03412
-1.0506 -1.03495
-1.05264 -1.0346
-1.05181 -1.03611
-1.05268 -1.03196
-1.05241 -1.034
-1.05118 -1.03606
-1.05431 -1.02981
-1.05205 -1.03283
-1.05473 -1.0293
-1.05358 -1.03228
-1.05424 -1.03173
-1.05262 -1.0318
-1.05217 -1.03137
-1.05306 -1.03323
-1.05107 -1.03315
-1.05254 -1.03368
-1.05037 -1.03516
-1.0538 -1.03383
-1.0516 -1.03366
-1.05259 -1.03515
-1.05447 -1.03117
-1.05235 -1.03308
-1.052 -1.03261
-1.05318 -1.03373
-1.05376 -1.03075
-1.05323 -1.03118
-1.05609 -1.0304
-1.05219 -1.0303
-1.0551 -1.03189
-1.05216 -1.0308
-1.05518 -1.02945
-1.05324 -1.03107
-1.05363 -1.03131
-1.05306 -1.03161
-1.05573 -1.03215
-1.05221 -1.03025
-1.05284 -1.0325
-1.05264 -1.03145
-1.05331 -1.03031
-1.05274 -1.03166
-1.05118 -1.03198
-1.05268 -1.03063
-1.05513 -1.02977
-1.05145 -1.03197
-1.0538 -1.03014
-1.05317 -1.02919
-1.05355 -1.03233
-1.05209 -1.03209
-1.05478 -1.02847
-1.04968 -1.03289
-1.05266 -1.02799
-1.05163 -1.03169
-1.05236 -1.03095
-1.05118 -1.03119
-1.0517 -1.03115
-1.05129 -1.03305
-1.05476 -1.02717
-1.04977 -1.03115
-1.05208 -1.03135
-1.05361 -1.02783
-1.0532 -1.02921
-1.05083 -1.02918
-1.05346 -1.02937
-1.0505 -1.03035
-1.05353 -1.03015
-1.05125 -1.02869
-1.05279 -1.02998
-1.05148 -1.02989
-1.05301 -1.02932
-1.05116 -1.03079
-1.0523 -1.0295
-1.05433 -1.0286
-1.05116 -1.03032
-1.05376 -1.02569
-1.05217 -1.03003
-1.05435 -1.02826
-1.05396 -1.02625
-1.05132 -1.03011
-1.05262 -1.02896
-1.05351 -1.02939
-1.05343 -1.02888
-1.05321 -1.03014
-1.05258 -1.03187
-1.05098 -1.02865
-1.05371 -1.02788
-1.04978 -1.03121
-1.05225 -1.02925
-1.04978 -1.03046
-1.05012 -1.03065
-1.05053 -1.02827
-1.04995 -1.03224
-1.05121 -1.03052
-1.05195 -1.02988
-1.05109 -1.02941
-1.0538 -1.02713
-1.0517 -1.0313
-1.05363 -1.02801
-1.05069 -1.03109
-1.05293 -1.02763
-1.05192 -1.02977
-1.05111 -1.03004
-1.05167 -1.03031
-1.05104 -1.02728
-1.04956 -1.03208
-1.05016 -1.02878
-1.05169 -1.02911
-1.04993 -1.0317
-1.05118 -1.02816
-1.04917 -1.02968
-1.05085 -1.02711
-1.05088 -1.03025
-1.05066 -1.02867
-1.05293 -1.02651
-1.0518 -1.03
-1.05332 -1.02615
-1.05137 -1.02811
-1.05209 -1.02633
-1.05148 -1.02859
-1.04918 -1.03033
-1.05124 -1.02643
-1.04849 -1.02923
-1.049 -1.02791
-1.04914 -1.02974
-1.04918 -1.02862
-1.04879 -1.02925
-1.05139 -1.02772
-1.04817 -1.02961
-1.05202 -1.02585
-1.04772 -1.0294
-1.05145 -1.02804
-1.05045 -1.02739
-1.04977 -1.02824
-1.05135 -1.02698
-1.04848 -1.0286
-1.04766 -1.02863
-1.05083 -1.02935
-1.05038 -1.02751
-1.04764 -1.03173
-1.04967 -1.02719
-1.04922 -1.02925
-1.04871 -1.02907
-1.05145 -1.0276
-1.04948 -1.02714
-1.04869 -1.03005
-1.05002 -1.02735
-1.04848 -1.02988
-1.04819 -1.02794
-1.04817 -1.02971
-1.04931 -1.02682
-1.04718 -1.03011
-1.04805 -1.02824
-1.04843 -1.02719
-1.04813 -1.02926
-1.05008 -1.02553
-1.05021 -1.02634
-1.04757 -1.03091
-1.04923 -1.02704
-1.04975 -1.02625
-1.04742 -1.02875
-1.04625 -1.02907
-1.04761 -1.02682
-1.04796 -1.02839
-1.04751 -1.02768
-1.04856 -1.02842
-1.04783 -1.02835
-1.04755 -1.02777
-1.04928 -1.02703
-1.04748 -1.02843
-1.04846 -1.02676
-1.04662 -1.02814
-1.04774 -1.02572
-1.04684 -1.0282
-1.04917 -1.02516
-1.04738 -1.02699
-1.04977 -1.0253
-1.04582 -1.02739
-1.048 -1.02655
-1.04858 -1.02568
-1.04605 -1.02605
-1.04975 -1.0251
-1.0453 -1.02441
-1.0466 -1.0275
-1.04688 -1.02329
-1.04682 -1.0272
-1.04701 -1.02545
-1.04807 -1.02557
-1.04744 -1.02545
-1.04934 -1.02475
-1.04525 -1.02612
-1.04847 -1.02548
-1.04495 -1.02539
-1.04559 -1.02639
-1.04545 -1.02578
-1.04731 -1.02478
-1.04483 -1.02832
-1.0469 -1.02476
-1.04612 -1.02596
-1.04652 -1.02565
-1.04671 -1.02477
-1.04561 -1.02669
-1.0472 -1.02447
-1.04783 -1.02516
-1.04618 -1.02382
-1.04664 -1.02545
-1.04599 -1.02386
-1.04671 -1.0258
-1.04668 -1.02356
-1.04543 -1.02585
-1.04791 -1.02486
-1.04489 -1.02402
-1.04617 -1.02714
-1.04473 -1.02479
-1.04565 -1.02445
-1.0457 -1.02504
-1.04375 -1.02608
-1.04653 -1.02105
-1.04641 -1.02416
-1.04512 -1.0259
-1.04686 -1.02405
-1.04437 -1.02432
-1.04704 -1.02316
-1.04738 -1.02388
-1.04701 -1.02352
-1.04814 -1.02084
-1.04495 -1.0241
-1.04692 -1.02195
-1.04458 -1.02519
-1.04484 -1.02268
-1.04735 -1.02103
-1.04464 -1.0264
-1.04669 -1.02133
-1.0431 -1.02415
-1.04401 -1.02252
-1.04523 -1.02452
-1.04411 -1.02473
-1.04488 -1.02389
-1.04629 -1.0254
-1.04449 -1.0239
-1.04533 -1.02235
-1.04333 -1.02876
-1.04557 -1.0237
-1.04461 -1.02272
-1.0453 -1.02262
-1.04296 -1.02509
-1.04532 -1.02076
-1.0426 -1.02457
-1.04447 -1.02213
-1.04179 -1.02508
-1.04391 -1.02268
-1.04341 -1.02345
-1.04304 -1.02402
-1.04452 -1.02221
-1.04432 -1.02306
-1.04178 -1.02458
-1.04603 -1.02244
-1.04356 -1.0231
-1.04514 -1.02129
-1.04221 -1.02461
-1.04728 -1.01889
-1.04371 -1.0243
-1.04351 -1.02262
-1.04457 -1.02145
-1.04388 -1.02461
-1.04462 -1.02112
-1.04505 -1.02302
-1.04445 -1.02259
-1.04561 -1.02496
-1.04371 -1.02019
-1.04517 -1.02225
-1.04359 -1.02536
-1.04549 -1.02247
-1.04419 -1.02168
-1.04377 -1.02452
-1.04238 -1.02219
-1.04479 -1.0223
-1.04254 -1.02527
-1.04589 -1.01981
-1.04299 -1.02183
-1.04322 -1.02266
-1.04551 -1.0225
-1.0431 -1.02343
-1.04232 -1.02422
-1.04369 -1.02137
-1.04503 -1.02304
-1.04439 -1.02207
-1.04306 -1.02424
-1.04375 -1.02009
-1.04197 -1.02434
-1.0417 -1.02168
-1.04084 -1.02499
-1.04251 -1.02274
-1.04106 -1.02141
-1.041 -1.02354
-1.04259 -1.02235
-1.04382 -1.02067
-1.04038 -1.02429
-1.04155 -1.02111
-1.04352 -1.02173
-1.0428 -1.02085
-1.04238 -1.02101
-1.0452 -1.01992
-1.04185 -1.02169
-1.0445 -1.01949
-1.04281 -1.02329
-1.04475 -1.01889
-1.04257 -1.02308
-1.04083 -1.02147
-1.0424 -1.02162
-1.03943 -1.02304
-1.04183 -1.02206
-1.04066 -1.02152
-1.04281 -1.0208
-1.04163 -1.0237
-1.04154 -1.02135
-1.04401 -1.01934
-1.04214 -1.02258
-1.04558 -1.01937
-1.0446 -1.0198
-1.04333 -1.02129
-1.04309 -1.02061
-1.04518 -1.01935
-1.04145 -1.02328
-1.04241 -1.02122
-1.04329 -1.02253
-1.04493 -1.02049
-1.03894 -1.02347
-1.04268 -1.02062
-1.04103 -1.0204
-1.04177 -1.02078
-1.04175 -1.02376
-1.04399 -1.02014
-1.04403 -1.02168
-1.04123 -1.02029
-1.04196 -1.02205
-1.04536 -1.01716
-1.04263 -1.02131
-1.04251 -1.02067
-1.0419 -1.02079
-1.04298 -1.0217
-1.0403 -1.02212
-1.04597 -1.02015
-1.04122 -1.02228
-1.04409 -1.01913
-1.04089 -1.02138
-1.04318 -1.02028
-1.04072 -1.02023
-1.04056 -1.02262
-1.04138 -1.02015
-1.04274 -1.02026
-1.03899 -1.02169
-1.04385 -1.01873
-1.04178 -1.0207
-1.04224 -1.01919
-1.04253 -1.02161
-1.04216 -1.01851
-1.04042 -1.02051
-1.04441 -1.01979
-1.04185 -1.0221
-1.04316 -1.01811
-1.04245 -1.02078
-1.04296 -1.02085
-1.04409 -1.0187
-1.04174 -1.01974
-1.04232 -1.02094
-1.04395 -1.01803
-1.04048 -1.01968
-1.04236 -1.01978
-1.04211 -1.01775
-1.04161 -1.02006
-1.0427 -1.02105
-1.04238 -1.01932
-1.04195 -1.01987
-1.04262 -1.02088
-1.0411 -1.02192
-1.04163 -1.01968
-1.04104 -1.01927
-1.03928 -1.02296
-1.04037 -1.01816
-1.03979 -1.02331
-1.04237 -1.02067
-1.03991 -1.02127
-1.04008 -1.02091
-1.04103 -1.02087
-1.04132 -1.02132
-1.04099 -1.01972
-1.04087 -1.02314
-1.04078 -1.01812
-1.04203 -1.01956
-1.04038 -1.02071
-1.04099 -1.01789
-1.04059 -1.01922
-1.03984 -1.02038
-1.03984 -1.02054
-1.04024 -1.01948
-1.03816 -1.02032
-1.04154 -1.0201
-1.03972 -1.02026
-1.03927 -1.02157
-1.04173 -1.01808
-1.03978 -1.02094
-1.04204 -1.01744
-1.04107 -1.01875
-1.04084 -1.01875
-1.03923 -1.02064
-1.04391 -1.01635
-1.04136 -1.01899
-1.04086 -1.02033
-1.04366 -1.01617
-1.03916 -1.02164
-1.04179 -1.02061
-1.04222 -1.01905
-1.04082 -1.01933
-1.03965 -1.01915
-1.04253 -1.0177
-1.03998 -1.02052
-1.04255 -1.02122
-1.04397 -1.01646
-1.04072 -1.01889
-1.04203 -1.01978
-1.04011 -1.01832
-1.04061 -1.02078
-1.04091 -1.01963
-1.03989 -1.01996
-1.03964 -1.01818
-1.0378 -1.02249
-1.04181 -1.01758
-1.0376 -1.02271
-1.04084 -1.0188
-1.04043 -1.01869
-1.04143 -1.02053
-1.04108 -1.01756
-1.03998 -1.02034
-1.04133 -1.01668
-1.04232 -1.01847
-1.03975 -1.02036
-1.04172 -1.01875
-1.03767 -1.0203
-1.04332 -1.01776
-1.03881 -1.02187
-1.0418 -1.01739
-1.04015 -1.02177
-1.04138 -1.01567
-1.03885 -1.01976
-1.03889 -1.02041
-1.04176 -1.01757
-1.03928 -1.01935
-1.0402 -1.02
-1.04141 -1.0184
-1.03985 -1.01854
-1.0401 -1.01891
-1.04112 -1.01709
-1.04303 -1.01745
-1.03971 -1.01706
-1.04019 -1.02025
-1.0404 -1.01804
-1.0421 -1.01646
-1.03882 -1.02018
-1.04156 -1.01708
-1.03917 -1.01945
-1.04164 -1.01764
-1.04119 -1.01855
-1.04044 -1.01885
-1.04094 -1.01679
-1.0391 -1.01747
-1.04052 -1.01767
-1.03985 -1.01804
-1.03872 -1.01839
-1.04154 -1.01816
-1.03898 -1.01746
-1.03912 -1.02146
-1.03868 -1.01775
-1.0395 -1.01813
-1.03892 -1.01793
-1.03993 -1.01754
-1.04078 -1.01635
-1.03779 -1.0197
-1.03872 -1.01801
-1.04053 -1.01584
-1.03927 -1.01935
-1.03744 -1.02082
-1.03757 -1.01859
-1.03882 -1.01994
-1.03885 -1.01641
-1.03773 -1.01993
-1.03826 -1.01914
-1.03955 -1.01677
-1.03664 -1.01762
-1.03835 -1.01887
-1.04002 -1.01902
-1.03775 -1.01901
-1.03797 -1.01922
-1.03803 -1.02132
-1.03591 -1.01879
-1.03733 -1.02035
-1.0358 -1.02152
-1.0369 -1.01832
-1.03456 -1.02168
-1.03715 -1.01929
-1.03556 -1.02314
-1.03585 -1.02064
-1.03844 -1.01909
-1.03666 -1.02216
-1.03719 -1.0186
-1.03827 -1.01672
-1.03548 -1.02036
-1.03856 -1.01767
-1.0395 -1.01904
-1.03681 -1.01931
-1.03764 -1.01771
-1.03777 -1.01934
-1.03668 -1.01872
-1.03602 -1.01903
-1.0363 -1.0191
-1.0352 -1.01974
-1.03341 -1.02155
-1.03572 -1.01986
-1.03499 -1.01854
-1.03755 -1.01952
-1.03477 -1.01993
-1.03662 -1.01953
-1.03474 -1.01972
-1.03568 -1.01788
-1.03334 -1.02012
-1.03606 -1.01809
-1.03491 -1.02075
-1.03454 -1.01971
-1.03503 -1.01987
-1.03725 -1.01924
-1.03626 -1.01954
-1.03506 -1.01899
-1.03561 -1.01981
-1.0374 -1.01848
-1.03417 -1.01865
-1.0335 -1.02172
-1.03523 -1.01857
-1.03478 -1.02093
