0 0
-0.0525425 -0.0494764
-0.104187 -0.0982376
-0.154665 -0.146345
-0.204148 -0.192914
-0.252665 -0.238776
-0.299669 -0.28356
-0.34599 -0.327511
-0.391301 -0.371008
-0.435431 -0.41324
-0.478528 -0.454783
-0.520493 -0.495071
-0.561686 -0.534939
-0.601459 -0.573588
-0.639919 -0.61116
-0.677956 -0.648442
-0.71513 -0.683806
-0.749542 -0.718299
-0.783813 -0.752794
-0.818361 -0.785666
-0.848492 -0.818433
-0.880299 -0.849346
-0.911604 -0.877088
-0.936169 -0.909757
-0.967948 -0.935326
-0.992077 -0.964013
-1.01771 -0.988538
-1.0401 -1.01632
-1.06324 -1.04007
-1.08398 -1.06088
-1.10224 -1.08502
-1.10234 -1.08201
-1.09866 -1.08354
-1.10164 -1.0793
-1.0996 -1.08431
-1.10187 -1.08311
-1.1023 -1.08287
-1.10223 -1.08436
-1.10213 -1.08241
-1.10209 -1.08164
-1.10109 -1.08328
-1.10009 -1.08175
-1.09885 -1.08237
-1.1004 -1.08267
-1.09949 -1.08082
-1.10284 -1.08153
-1.09823 -1.0831
-1.10169 -1.08021
-1.09855 -1.08199
-1.09962 -1.08184
-1.09574 -1.08152
-1.09795 -1.08161
-1.09791 -1.08135
-1.09754 -1.08181
-1.09605 -1.08189
-1.097 -1.08114
-1.09788 -1.08056
-1.09648 -1.08279
-1.09658 -1.07909
-1.0953 -1.0809
-1.09649 -1.0809
-1.09769 -1.08021
-1.09679 -1.08128
-1.0969 -1.08112
-1.09825 -1.08112
-1.09361 -1.08137
-1.09683 -1.08287
-1.09704 -1.07794
-1.09501 -1.08313
-1.09785 -1.07864
-1.09742 -1.08258
-1.09643 -1.08071
-1.09711 -1.07941
-1.094 -1.0809
-1.09501 -1.08015
-1.09648 -1.08164
-1.09493 -1.07911
-1.09493 -1.08135
-1.09793 -1.07874
-1.09427 -1.08155
-1.09451 -1.08094
-1.0935 -1.0789
-1.09371 -1.07973
-1.09339 -1.08071
-1.09549 -1.0772
-1.09352 -1.08101
-1.09587 -1.0789
-1.09346 -1.07937
-1.09453 -1.07995
-1.09472 -1.07942
-1.09431 -1.07838
-1.09491 -1.07828
-1.09373 -1.07858
-1.09292 -1.08021
-1.09589 -1.07711
-1.09391 -1.0801
-1.09489 -1.08127
-1.09327 -1.07887
-1.09519 -1.08057
-1.09154 -1.07988
-1.09438 -1.07916
-1.09217 -1.08072
-1.09151 -1.08015
-1.09421 -1.07699
-1.09272 -1.08133
-1.09256 -1.07805
-1.09404 -1.07884
-1.09157 -1.07928
-1.09289 -1.07802
-1.09165 -1.07852
-1.09406 -1.07624
-1.08903 -1.07887
-1.09238 -1.07654
-1.09083 -1.07743
-1.08997 -1.07708
-1.09036 -1.07921
-1.09401 -1.07544
-1.09113 -1.07986
-1.09311 -1.07843
-1.09229 -1.07629
-1.08921 -1.07793
-1.08892 -1.07602
-1.08856 -1.07535
-1.08942 -1.07614
-1.08994 -1.07793
-1.09059 -1.07486
-1.09011 -1.07769
-1.08982 -1.07631
-1.09022 -1.07685
-1.08919 -1.07525
-1.08842 -1.07675
-1.08854 -1.0744
-1.09018 -1.07653
-1.08885 -1.07602
-1.09036 -1.07537
-1.08974 -1.07483
-1.09015 -1.07604
-1.0893 -1.07552
-1.08844 -1.0753
-1.08838 -1.0759
-1.08761 -1.07606
-1.0889 -1.07471
-1.08764 -1.07581
-1.08863 -1.07487
-1.08834 -1.07568
-1.0856 -1.07603
-1.08801 -1.07538
-1.08607 -1.0733
-1.08897 -1.07562
-1.0863 -1.07493
-1.08718 -1.07391
-1.08869 -1.07402
-1.08603 -1.07627
-1.08481 -1.07412
-1.08747 -1.07184
-1.08505 -1.07451
-1.08513 -1.0743
-1.08451 -1.07351
-1.08602 -1.07254
-1.0846 -1.0761
-1.08388 -1.07144
-1.08536 -1.07236
-1.08571 -1.07413
-1.08607 -1.0723
-1.08545 -1.07398
-1.08391 -1.07317
-1.085 -1.07246
-1.08728 -1.07071
-1.08418 -1.07507
-1.08411 -1.07163
-1.08432 -1.07214
-1.08587 -1.07093
-1.08525 -1.07359
-1.08437 -1.07222
-1.08686 -1.07031
-1.08366 -1.07268
-1.08599 -1.07233
-1.08496 -1.07046
-1.08429 -1.07286
-1.08276 -1.06996
-1.08664 -1.07241
-1.08357 -1.07171
-1.08354 -1.07184
-1.08586 -1.07212
-1.08398 -1.07406
-1.08458 -1.0695
-1.08336 -1.07395
-1.08589 -1.06977
-1.08296 -1.07141
-1.08238 -1.07076
-1.08416 -1.07018
-1.08373 -1.07001
-1.08359 -1.07097
-1.08427 -1.07142
-1.08394 -1.07096
-1.08454 -1.07046
-1.08439 -1.06974
-1.08247 -1.0701
-1.08395 -1.07001
-1.08228 -1.06953
-1.08291 -1.07185
-1.08421 -1.0696
-1.08227 -1.07037
-1.08478 -1.07121
-1.08377 -1.06988
-1.08068 -1.07061
-1.08216 -1.07112
-1.0844 -1.06801
-1.08272 -1.07266
-1.08556 -1.06639
-1.08289 -1.07134
-1.08654 -1.06904
-1.08276 -1.06963
-1.08365 -1.06779
-1.08145 -1.07102
-1.08485 -1.067
-1.08213 -1.06996
-1.08455 -1.06754
-1.08441 -1.06974
-1.08285 -1.0685
-1.08337 -1.07043
-1.08495 -1.06538
-1.08095 -1.0687
-1.08315 -1.06788
-1.08085 -1.06925
-1.08225 -1.06844
-1.08251 -1.06685
-1.08092 -1.06825
-1.08174 -1.06864
-1.08181 -1.06628
-1.08223 -1.06631
-1.08243 -1.0688
-1.08336 -1.06679
-1.08282 -1.06695
-1.0825 -1.06671
-1.08241 -1.06703
-1.0809 -1.06518
-1.08217 -1.06634
-1.08119 -1.06651
-1.08063 -1.0654
-1.08126 -1.06721
-1.0838 -1.06476
-1.08028 -1.06614
-1.08356 -1.06531
-1.07934 -1.0665
-1.08217 -1.06557
-1.08125 -1.06378
-1.07952 -1.06613
-1.07985 -1.0671
-1.08245 -1.06402
-1.081 -1.06651
-1.08206 -1.06557
-1.081 -1.06617
-1.0798 -1.06696
-1.08137 -1.06603
-1.07977 -1.06731
-1.08226 -1.06464
-1.07978 -1.06778
-1.07996 -1.066
-1.08215 -1.06474
-1.07818 -1.06805
-1.0807 -1.06525
-1.07769 -1.06473
-1.07984 -1.06527
-1.07851 -1.06672
-1.08102 -1.06489
-1.07801 -1.06591
-1.07996 -1.0644
-1.08051 -1.06512
-1.07963 -1.06543
-1.07881 -1.06342
-1.07927 -1.06418
-1.07711 -1.06602
-1.07774 -1.06429
-1.07884 -1.06385
-1.07987 -1.06482
-1.07847 -1.06213
-1.07781 -1.06667
-1.08001 -1.06216
-1.07803 -1.066
-1.07908 -1.06324
-1.07737 -1.0644
-1.07893 -1.0625
-1.07646 -1.06682
-1.0788 -1.06208
-1.07935 -1.06244
-1.07896 -1.06441
-1.07971 -1.06221
-1.07898 -1.06266
-1.07828 -1.06252
-1.07851 -1.06222
-1.07859 -1.06171
-1.0782 -1.06099
-1.07758 -1.06367
-1.08018 -1.06149
-1.07803 -1.06188
-1.07817 -1.06134
-1.07687 -1.06154
-1.07821 -1.0618
-1.07648 -1.06013
-1.07581 -1.06312
-1.07837 -1.06057
-1.07805 -1.06291
-1.07686 -1.06233
-1.07768 -1.06135
-1.07718 -1.0599
-1.07575 -1.06431
-1.07912 -1.05852
-1.07765 -1.06229
-1.07597 -1.06094
-1.07758 -1.06153
-1.07755 -1.06059
-1.07736 -1.06233
-1.07645 -1.06085
-1.07737 -1.05846
-1.07478 -1.06153
-1.07659 -1.06073
-1.07733 -1.05958
-1.07406 -1.06435
-1.07816 -1.05939
-1.07687 -1.06209
-1.07679 -1.06041
-1.07656 -1.06053
-1.0755 -1.05999
-1.07546 -1.06074
-1.07445 -1.05953
-1.07517 -1.06001
-1.07292 -1.0615
-1.07818 -1.05751
-1.07253 -1.06306
-1.07693 -1.05854
-1.07487 -1.06066
-1.07634 -1.05781
-1.07465 -1.05974
-1.07514 -1.06189
-1.07513 -1.05835
-1.07315 -1.05924
-1.07519 -1.06046
-1.07484 -1.06096
-1.07381 -1.05772
-1.07518 -1.06025
-1.07453 -1.05932
-1.0749 -1.06001
-1.07534 -1.06015
-1.0753 -1.0614
-1.07364 -1.06096
-1.07552 -1.05775
-1.07342 -1.05958
-1.074 -1.05976
-1.07431 -1.05692
-1.07337 -1.06201
-1.07302 -1.05922
-1.0761 -1.05931
-1.07174 -1.06157
-1.07412 -1.05935
-1.07569 -1.05884
-1.07222 -1.05995
-1.0743 -1.05715
-1.07179 -1.06148
-1.07324 -1.05791
-1.07524 -1.05947
-1.07236 -1.05917
-1.07312 -1.05939
-1.07204 -1.05908
-1.07235 -1.06092
-1.07315 -1.0565
-1.07108 -1.06113
-1.07126 -1.05641
-1.07342 -1.05987
-1.07068 -1.05825
-1.07196 -1.05791
-1.07141 -1.05739
-1.07034 -1.05851
-1.07077 -1.05844
-1.07283 -1.05637
-1.0687 -1.06042
-1.07365 -1.05468
-1.07043 -1.05883
-1.07296 -1.05484
-1.06904 -1.05869
-1.07214 -1.05707
-1.07001 -1.05701
-1.07053 -1.05688
-1.0707 -1.05667
-1.06936 -1.05789
-1.07102 -1.05485
-1.0698 -1.05686
-1.06998 -1.05611
-1.07035 -1.05655
-1.06882 -1.05544
-1.07213 -1.0551
-1.06939 -1.05752
-1.07026 -1.05678
-1.06882 -1.056
-1.06977 -1.05726
-1.07045 -1.05504
-1.0687 -1.05792
-1.06868 -1.05818
-1.06804 -1.055
-1.06803 -1.05794
-1.06963 -1.05434
-1.0665 -1.05731
-1.06654 -1.05682
-1.06936 -1.05543
-1.06776 -1.05923
-1.06768 -1.0551
-1.06727 -1.05593
-1.0675 -1.05755
-1.06575 -1.05521
-1.06719 -1.05461
-1.06624 -1.05691
-1.06556 -1.05553
-1.06586 -1.05624
-1.06772 -1.05628
-1.0673 -1.05788
-1.06705 -1.05464
-1.06635 -1.05737
-1.06628 -1.05622
-1.06418 -1.05594
-1.06455 -1.05554
-1.06607 -1.05522
-1.0651 -1.0564
-1.06562 -1.05677
-1.06733 -1.05407
-1.06618 -1.05802
-1.06639 -1.05459
-1.06654 -1.05708
-1.06596 -1.05335
-1.06365 -1.05567
-1.0668 -1.05484
-1.06517 -1.05354
-1.06445 -1.05604
-1.03957 -1.00749
-1.01933 -0.964431
-1.01698 -0.965192
-1.01859 -0.96485
-1.01842 -0.96487
-1.0173 -0.965682
-1.01915 -0.964201
-1.01922 -0.965805
-1.0193 -0.965038
-1.01751 -0.96553
-1.01939 -0.964329
-1.01869 -0.964878
-1.01939 -0.964667
-1.01826 -0.964892
-1.01943 -0.964079
-1.01584 -0.966199
-1.01934 -0.96391
-1.01749 -0.965997
-1.01966 -0.964903
-1.01844 -0.964331
-1.01658 -0.965285
-1.01822 -0.966209
-1.01769 -0.967992
-1.01789 -0.966718
-1.01657 -0.970613
-1.01826 -0.965607
-1.01829 -0.969034
-1.01877 -0.967936
-1.01817 -0.968209
-1.01853 -0.968217
-1.01757 -0.967354
-1.0187 -0.967908
-1.01832 -0.9674
-1.01622 -0.969841
-1.0198 -0.967219
-1.01876 -0.967192
-1.01856 -0.969137
-1.01942 -0.967287
-1.01783 -0.969918
-1.02089 -0.967135
-1.01803 -0.967326
-1.01808 -0.968556
-1.01838 -0.967731
-1.01812 -0.96842
-1.01878 -0.967927
-1.0179 -0.968128
-1.0169 -0.968011
-1.01739 -0.966212
-1.01739 -0.969456
-1.01816 -0.966737
-1.0178 -0.967105
-1.01877 -0.967893
-1.01749 -0.968442
-1.0184 -0.966979
-1.01721 -0.96659
-1.017 -0.967621
-1.0165 -0.968196
-1.01654 -0.966136
-1.01657 -0.968716
-1.01576 -0.966474
-1.01671 -0.968479
-1.01746 -0.967809
-1.01676 -0.966945
-1.01746 -0.969093
-1.01554 -0.967022
-1.01551 -0.967669
-1.01565 -0.968476
-1.0167 -0.966789
-1.01525 -0.967833
-1.01607 -0.96788
-1.01654 -0.967737
-1.01598 -0.968144
-1.01725 -0.967357
-1.0157 -0.966553
-1.01371 -0.969371
-1.01612 -0.966254
-1.01717 -0.967926
-1.01571 -0.966576
-1.01417 -0.968713
-1.0171 -0.966634
-1.01634 -0.966157
-1.01609 -0.967511
-1.01603 -0.965989
-1.0165 -0.967348
-1.01563 -0.967415
-1.0163 -0.965459
-1.01577 -0.967556
-1.01596 -0.966363
-1.01553 -0.967844
-1.01625 -0.966781
-1.01542 -0.967454
-1.01554 -0.967931
-1.01541 -0.965676
-1.01337 -0.967783
-1.01621 -0.965664
-1.01563 -0.966976
-1.01498 -0.96713
-1.01635 -0.966695
-1.01514 -0.967982
-1.0149 -0.965334
-1.01444 -0.967484
-1.01675 -0.965572
-1.01436 -0.96731
-1.01567 -0.965938
-1.01487 -0.966297
-1.01493 -0.967205
-1.01541 -0.964989
-1.0143 -0.966811
-1.01426 -0.965483
-1.0147 -0.967688
-1.01608 -0.963469
-1.01438 -0.966613
-1.01461 -0.967365
-1.01463 -0.965038
-1.01387 -0.965324
-1.01495 -0.967109
-1.01595 -0.967257
-1.01346 -0.965369
-1.01392 -0.965967
-1.01456 -0.967687
-1.01625 -0.966195
-1.01474 -0.966087
-1.01456 -0.966085
-1.01571 -0.966352
-1.01483 -0.964281
-1.01458 -0.966533
-1.01462 -0.966819
-1.01693 -0.964596
-1.01368 -0.966206
-1.01578 -0.965964
-1.01391 -0.966158
-1.01568 -0.965084
-1.01354 -0.964504
-1.01356 -0.966882
-1.01468 -0.965018
-1.01393 -0.96506
-1.01395 -0.964588
-1.01574 -0.965941
-1.01473 -0.963995
-1.01414 -0.965705
-1.01496 -0.964803
-1.01601 -0.964522
-1.01411 -0.964592
-1.01441 -0.964496
-1.0144 -0.963527
-1.01407 -0.964264
-1.01514 -0.964655
-1.01567 -0.965158
-1.01452 -0.965311
-1.01541 -0.96424
-1.01391 -0.966242
-1.01575 -0.96457
-1.01341 -0.964992
-1.01569 -0.965366
-1.01353 -0.96541
-1.01386 -0.96642
-1.01466 -0.964043
-1.01457 -0.964341
-1.01306 -0.965322
-1.01312 -0.965021
-1.01508 -0.965354
-1.01362 -0.964238
-1.01443 -0.964702
-1.01451 -0.964901
-1.01301 -0.96555
-1.01666 -0.963072
-1.01392 -0.965935
-1.01431 -0.962916
-1.01392 -0.966168
-1.01328 -0.962732
-1.01482 -0.963612
-1.01366 -0.964762
-1.01337 -0.963864
-1.01461 -0.963402
-1.01267 -0.963504
-1.01443 -0.96568
-1.01281 -0.963944
-1.01346 -0.963077
-1.01227 -0.965545
-1.01331 -0.96334
-1.01324 -0.964689
-1.01299 -0.963987
-1.01303 -0.96431
-1.01305 -0.964523
-1.01532 -0.963247
-1.01233 -0.964354
-1.01337 -0.964109
-1.01294 -0.96347
-1.01392 -0.965694
-1.01449 -0.962402
-1.0126 -0.965191
-1.01378 -0.964372
-1.01387 -0.963666
-1.01324 -0.965636
-1.01271 -0.963627
-1.01288 -0.965278
-1.01235 -0.964391
-1.01375 -0.963878
-1.01257 -0.964273
-1.0145 -0.963177
-1.01274 -0.964859
-1.01313 -0.962832
-1.01285 -0.964649
-1.01227 -0.963641
-1.01291 -0.963438
-1.01205 -0.962721
-1.01292 -0.962967
-1.0126 -0.963825
-1.01262 -0.963381
-1.01433 -0.961972
-1.0143 -0.963184
-1.00979 -0.964272
-1.01612 -0.962072
-1.01266 -0.962941
-1.01152 -0.96292
-1.01201 -0.963105
-1.01443 -0.961904
-1.01207 -0.96437
-1.01324 -0.961713
-1.01331 -0.963147
-1.01337 -0.963395
-1.01424 -0.962555
-1.01367 -0.965485
-1.01154 -0.966919
-1.01361 -0.964668
-1.01375 -0.96543
-1.01306 -0.965641
-1.01368 -0.96605
-1.01351 -0.963451
-1.01329 -0.967034
-1.01443 -0.962513
-1.01129 -0.966418
-1.01295 -0.966012
-1.01187 -0.965458
-1.01259 -0.964217
-1.01406 -0.966325
-1.01114 -0.965307
-1.01342 -0.965881
-1.01406 -0.964825
-1.01261 -0.965293
-1.01318 -0.965435
-1.01161 -0.964627
-1.01192 -0.96393
-1.01272 -0.965575
-1.01348 -0.963232
-1.01299 -0.966929
-1.01435 -0.964169
-1.01292 -0.96591
-1.01376 -0.964043
-1.01333 -0.965283
-1.01191 -0.965445
-1.01507 -0.963864
-1.00942 -0.965958
-1.01385 -0.964112
-1.01298 -0.965333
-1.01244 -0.964953
-1.01324 -0.963959
-1.01191 -0.964871
-1.013 -0.96477
-1.01093 -0.964598
-1.01318 -0.964237
-1.01375 -0.963223
-1.01237 -0.965235
-1.01255 -0.964098
-1.01307 -0.96444
-1.01403 -0.964957
-1.01151 -0.963205
-1.01137 -0.964033
-1.01386 -0.962795
-1.01152 -0.964085
-1.01133 -0.965404
-1.01315 -0.962893
-1.01145 -0.965297
-1.01373 -0.963945
-1.0127 -0.964244
-1.01279 -0.965447
-1.01367 -0.96282
-1.01403 -0.962903
-1.01156 -0.965467
-1.01239 -0.962922
-1.01187 -0.962561
-1.0118 -0.96393
-1.01178 -0.964503
-1.01236 -0.961764
-1.01299 -0.964725
-1.01229 -0.963916
-1.01208 -0.963464
-1.01409 -0.964031
-1.01254 -0.963381
-1.01414 -0.962049
-1.01191 -0.964616
-1.01283 -0.964133
-1.01384 -0.963879
-1.01347 -0.962568
-1.01142 -0.966274
-1.01452 -0.962076
-1.01384 -0.962577
-1.01337 -0.966165
-1.01302 -0.962346
-1.01413 -0.962175
-1.01227 -0.963439
-1.01275 -0.964217
-1.01304 -0.961892
-1.01308 -0.964037
-1.01241 -0.962423
-1.01549 -0.963899
-1.01315 -0.964633
-1.01313 -0.962528
-1.01228 -0.962975
-1.01358 -0.962923
-1.01136 -0.964305
-1.01483 -0.962497
-1.01172 -0.961917
-1.01296 -0.964059
-1.0117 -0.963534
-1.01598 -0.961332
-1.0126 -0.963882
-1.01402 -0.962777
-1.0139 -0.96291
-1.01402 -0.963177
-1.01201 -0.963739
-1.01396 -0.962742
-1.01423 -0.962585
-1.01234 -0.962908
-1.01255 -0.96339
-1.01413 -0.963029
-1.01542 -0.961946
-1.01333 -0.964666
-1.01195 -0.963166
-1.01212 -0.962731
-1.01177 -0.96215
-1.01183 -0.962492
-1.01278 -0.963184
-1.01345 -0.963242
-1.01306 -0.962563
-1.01234 -0.96307
-1.01333 -0.962137
-1.01301 -0.963099
-1.01252 -0.962921
-1.01339 -0.961841
-1.01155 -0.963524
-1.01261 -0.963227
-1.01203 -0.962653
-1.01018 -0.962947
-1.01034 -0.963308
-1.01202 -0.96175
-1.00993 -0.962679
-1.01077 -0.963665
-1.01208 -0.962144
-1.01124 -0.962909
-1.01035 -0.963399
-1.01041 -0.962923
-1.01129 -0.962833
-1.00872 -0.964235
-1.01173 -0.96356
-1.01154 -0.963218
-1.00991 -0.963902
-1.01058 -0.963601
-1.01073 -0.962138
-1.00949 -0.962837
-1.01067 -0.963243
-1.00925 -0.96271
-1.00944 -0.962664
-1.0095 -0.963473
-1.00937 -0.962832
-1.01174 -0.962407
-1.00903 -0.963564
-1.01187 -0.962629
-1.00925 -0.964501
-1.01112 -0.96231
-1.01088 -0.962438
-1.01034 -0.962582
-1.00994 -0.962742
-1.01172 -0.96219
-1.00883 -0.96467
-1.01213 -0.962381
-1.01041 -0.961745
-1.00787 -0.964547
-1.01113 -0.961364
-1.00912 -0.962883
-1.00979 -0.962819
-1.00758 -0.963595
-1.01205 -0.96255
-1.01018 -0.962981
-1.00974 -0.963852
-1.00991 -0.96343
-1.01141 -0.96289
-1.00858 -0.962769
-1.00971 -0.96293
-1.00865 -0.962113
-1.00883 -0.963268
-1.00837 -0.962219
-1.01135 -0.961151
-1.00827 -0.962666
-1.01028 -0.963783
-1.01073 -0.961963
-1.00878 -0.962869
-1.00979 -0.962652
-1.01017 -0.963899
-1.00959 -0.961646
-1.00919 -0.96344
-1.01046 -0.962346
-1.00881 -0.962797
-1.0097 -0.962103
-1.0096 -0.962421
-1.00852 -0.962021
-1.00903 -0.962755
-1.00836 -0.961816
-1.00913 -0.961846
-1.0097 -0.962934
-1.01027 -0.961039
-1.00897 -0.963635
-1.00984 -0.96141
-1.00867 -0.963958
-1.00995 -0.961498
-1.00779 -0.962954
-1.00828 -0.961707
-1.00814 -0.96232
-1.00972 -0.962083
-1.00622 -0.963222
-1.00875 -0.963092
-1.00873 -0.962949
-1.00824 -0.961371
-1.00791 -0.963764
-1.00907 -0.960824
-1.00642 -0.964114
-1.00769 -0.962805
-1.0089 -0.960865
-1.00638 -0.964679
-1.00884 -0.960532
-1.00954 -0.962549
-1.00556 -0.96324
-1.00815 -0.962799
-1.00899 -0.961551
-1.006 -0.963291
-1.00679 -0.962584
-1.00867 -0.961789
-1.00785 -0.962777
-1.00862 -0.961914
-1.00712 -0.962843
-1.00722 -0.960854
-1.00768 -0.963067
-1.009 -0.961625
-1.00711 -0.963122
-1.00957 -0.960669
-1.00782 -0.963172
-1.00878 -0.962134
-1.00643 -0.960814
-1.00792 -0.962444
-1.00803 -0.959975
-1.00645 -0.963577
-1.00875 -0.960426
-1.00781 -0.962335
-1.00799 -0.961281
-1.00699 -0.961744
-1.00633 -0.962024
-1.00666 -0.960594
-1.00735 -0.961246
-1.00649 -0.961619
-1.0063 -0.961205
-1.00803 -0.962327
-1.00695 -0.96098
-1.00809 -0.959388
-1.00578 -0.96344
-1.00761 -0.959873
-1.00856 -0.961167
-1.00607 -0.962022
-1.00693 -0.961269
-1.00796 -0.960019
-1.00548 -0.961236
-1.0075 -0.960512
-1.00512 -0.962016
-1.00681 -0.960144
-1.00527 -0.960216
-1.00581 -0.961667
-1.00774 -0.961128
-1.00679 -0.960567
-1.00855 -0.961242
-1.00654 -0.961554
-1.00824 -0.959995
-1.00686 -0.960399
-1.00915 -0.96021
-1.00503 -0.961133
-1.00709 -0.960717
-1.00757 -0.95782
-1.00465 -0.961434
-1.0072 -0.958839
-1.00639 -0.960227
-1.00592 -0.960447
-1.00619 -0.96037
-1.00687 -0.95975
-1.00575 -0.959319
-1.00509 -0.960409
-1.00579 -0.960446
-1.00518 -0.959989
-1.00511 -0.959449
-1.00598 -0.960227
-1.00581 -0.958305
-1.00333 -0.960642
-1.00483 -0.958768
-1.0039 -0.958649
-1.00566 -0.959044
-1.004 -0.960572
-1.00717 -0.959514
-1.00623 -0.959887
-1.00537 -0.960748
-1.00617 -0.960197
-1.0053 -0.959464
-1.00464 -0.960214
-1.0066 -0.959715
-1.00392 -0.960443
-1.00473 -0.95887
-1.00436 -0.960268
-1.00545 -0.958524
-1.00604 -0.959275
-1.0053 -0.960239
-1.0053 -0.958502
-1.00583 -0.959138
-1.00569 -0.95846
-1.0057 -0.959599
-1.00579 -0.959702
-1.00491 -0.960243
-1.0053 -0.959677
-1.00563 -0.960051
-1.00609 -0.958827
-1.00509 -0.961027
-1.00626 -0.958687
-1.00671 -0.959344
-1.00478 -0.960021
-1.00563 -0.959687
-1.00679 -0.959864
-1.00649 -0.958869
-1.00468 -0.960488
-1.00815 -0.958572
-1.00433 -0.960614
-1.00921 -0.958506
-1.00592 -0.960072
-1.00576 -0.960088
-1.00789 -0.958573
-1.00496 -0.959576
-1.00516 -0.960465
-1.0078 -0.958645
-1.00517 -0.960355
-1.00457 -0.959186
-1.00607 -0.959372
-1.00521 -0.95908
-1.00426 -0.960489
-1.00547 -0.959718
-1.0042 -0.959309
-1.00635 -0.960307
-1.00555 -0.958885
-1.00453 -0.961913
-1.00571 -0.959559
-1.00426 -0.960593
-1.00475 -0.959858
-1.00444 -0.959945
-1.00465 -0.961387
-1.00473 -0.959661
-1.0023 -0.96155
-1.00534 -0.961167
-1.00403 -0.960027
-1.00503 -0.961259
-1.00531 -0.961067
-1.00368 -0.961521
-1.00414 -0.961765
-1.00387 -0.960008
-1.00414 -0.960623
-1.00308 -0.961356
-1.00321 -0.960616
-1.00203 -0.960666
-1.00438 -0.959436
-1.00381 -0.960739
-1.00255 -0.960967
-1.00454 -0.961691
-1.00453 -0.959653
-1.00384 -0.959949
-1.00504 -0.960944
-1.00315 -0.96062
-1.00251 -0.959548
-1.0041 -0.960898
-1.00298 -0.960987
-1.00411 -0.959434
-1.00235 -0.96193
-1.00291 -0.960512
-1.00292 -0.959727
-1.00308 -0.959695
-1.00231 -0.960143
-1.00242 -0.959354
-1.00484 -0.960809
-1.00382 -0.960501
-1.00498 -0.961591
-1.00317 -0.960004
-1.00425 -0.958482
-1.00314 -0.962222
-1.00314 -0.957898
-1.00224 -0.959531
-1.00343 -0.959668
-1.00381 -0.958431
-1.00283 -0.960276
-1.00325 -0.95925
-1.00495 -0.958299
-1.00299 -0.960868
-1.00508 -0.958206
-1.00434 -0.959351
-1.00517 -0.959598
-1.00466 -0.95886
-1.00349 -0.959743
-1.00431 -0.958537
-1.00565 -0.958431
-1.0035 -0.958705
-1.00277 -0.958485
-1.00402 -0.957713
-1.0039 -0.958673
-1.0037 -0.959894
-1.00381 -0.95859
-1.00404 -0.959767
-1.00493 -0.95931
-1.00282 -0.959773
-1.00409 -0.957718
-1.00327 -0.959276
-1.00245 -0.95884
-1.00226 -0.95866
-1.00326 -0.95698
-1.00288 -0.959882
-1.00295 -0.957395
-1.00456 -0.95883
-1.00341 -0.958866
-1.00302 -0.956845
-1.00233 -0.959531
-1.00342 -0.957774
-1.00181 -0.958961
-1.00127 -0.959186
-1.00474 -0.956481
-1.0019 -0.959731
-1.0022 -0.959665
-1.00232 -0.956616
-1.00314 -0.958054
-1.00128 -0.957648
-1.00163 -0.959445
-1.00321 -0.957358
-1.00118 -0.958617
-1.00151 -0.958281
-1.00342 -0.957514
-1.00033 -0.958472
-1.00375 -0.956698
-1.00136 -0.959641
-1.00424 -0.957537
-1.00251 -0.958422
-1.0017 -0.957918
-1.00409 -0.958368
-1.00275 -0.957392
-1.00213 -0.958191
-1.0037 -0.958891
-1.00285 -0.958164
-1.00324 -0.958502
-1.00005 -0.959023
-1.00385 -0.957275
-1.00187 -0.957515
-1.00162 -0.95892
-1.00238 -0.958591
-1.00321 -0.957671
-1.0019 -0.957713
-1.00221 -0.958267
-1.00095 -0.958163
-1.00449 -0.956781
-1.00157 -0.958877
-1.00233 -0.957388
-1.0015 -0.958264
-1.00168 -0.958659
-1.00094 -0.957684
-1.0018 -0.957072
-1.00121 -0.957443
-1.00006 -0.957727
-1.00194 -0.959835
-1.00335 -0.955748
-1.00085 -0.959008
-1.00223 -0.957022
-1.00175 -0.957159
-1.00086 -0.957548
-1.00342 -0.956417
-1.00031 -0.956729
-1.00207 -0.958948
-1.00152 -0.957014
-1.00236 -0.957485
-1.00219 -0.957742
-0.998506 -0.957871
-1.00338 -0.955841
-1.00095 -0.959293
-1.00139 -0.957414
-1.0026 -0.956443
-1.00119 -0.958857
-1.00164 -0.956838
-1.00181 -0.957722
-1.00012 -0.957769
-1.00099 -0.957586
-1.0016 -0.957698
-1.00016 -0.958376
-1.00256 -0.955818
-1.00134 -0.958466
-1.00025 -0.957349
-1.00125 -0.957006
-1.00178 -0.956257
-0.99933 -0.957956
-1.00155 -0.956502
-1.00157 -0.957738
-1.00063 -0.957586
-1.00328 -0.955607
-1.00015 -0.957224
-1.001 -0.957526
-1.00101 -0.955554
-1.00202 -0.957007
-1.00079 -0.956689
-1.0026 -0.957066
-1.00179 -0.956352
-1.00175 -0.957381
-1.00228 -0.955965
-1.00262 -0.956455
-1.00127 -0.956463
-1.00275 -0.955952
-1.00151 -0.956209
-1.0011 -0.957024
-1.00217 -0.954444
-1.00059 -0.95801
-1.00027 -0.955353
-1.00076 -0.956166
-1.00293 -0.955483
-0.998929 -0.956955
-1.00218 -0.95468
-1 -0.956088
-1.00084 -0.955271
-1.00059 -0.956678
-1.00064 -0.955841
-1.00136 -0.955075
-1.00002 -0.957346
-1.00194 -0.956731
-1.00007 -0.954401
-1.00137 -0.956695
-1.0016 -0.954614
-1.00062 -0.956448
-1.00219 -0.955075
-1.00086 -0.955175
-1.00067 -0.955716
-1.0015 -0.955207
-0.99954 -0.956723
-1.00064 -0.954321
-1.00028 -0.956189
-0.999232 -0.954744
-1.00028 -0.956487
-1.00052 -0.95351
-0.998682 -0.956634
-1.00051 -0.955591
-0.998739 -0.953362
-0.999473 -0.956225
-0.999238 -0.955564
-1.00034 -0.955102
-0.999396 -0.955943
-0.999566 -0.954177
-0.998958 -0.956106
-0.998517 -0.95433
-0.998545 -0.955976
-0.996757 -0.954201
-0.999753 -0.957256
-0.998252 -0.953881
-0.996768 -0.955234
-0.999804 -0.955888
-0.998124 -0.955017
-0.996469 -0.956018
-0.997489 -0.954277
-0.999282 -0.955086
-0.998528 -0.953751
-0.997242 -0.955793
-0.999109 -0.954997
-0.996297 -0.955931
-0.997449 -0.953756
-0.997439 -0.95518
-0.997025 -0.954506
-0.996924 -0.955473
-0.9978 -0.954548
-0.99912 -0.954369
-0.998534 -0.954863
-0.998088 -0.954834
-0.998434 -0.953451
-0.997431 -0.955055
-0.996957 -0.953631
-0.998096 -0.953579
-0.996875 -0.953029
-0.995739 -0.955105
-0.997537 -0.952784
-0.996602 -0.954238
-0.995396 -0.953696
-0.996256 -0.953839
-0.996537 -0.95357
-0.997597 -0.952218
-0.995686 -0.954824
-0.996295 -0.953866
-0.996773 -0.952555
-0.995652 -0.953005
-0.994955 -0.954902
-0.996981 -0.952071
-0.994651 -0.952693
-0.996921 -0.952823
-0.996096 -0.952697
-0.996837 -0.953425
-0.997646 -0.952922
-0.996847 -0.954033
-0.996245 -0.952539
-0.997017 -0.952267
-0.995853 -0.953779
-0.997765 -0.953298
-0.99948 -0.951653
-0.99527 -0.954833
-0.999246 -0.951621
-0.996207 -0.954597
-0.998443 -0.952147
-0.996925 -0.952823
-0.998471 -0.952934
-0.997707 -0.953594
-0.996586 -0.953908
-0.997428 -0.952759
-0.998205 -0.953819
-0.997621 -0.952231
-0.996331 -0.953219
-0.997801 -0.953119
-0.99477 -0.952981
-0.995374 -0.953027
-0.996519 -0.951312
-0.996193 -0.953797
-0.995938 -0.952824
-0.995743 -0.952071
-0.996564 -0.951996
-0.996688 -0.953302
-0.994345 -0.953057
-0.995835 -0.953181
-0.994882 -0.952102
-0.996153 -0.952413
-0.995357 -0.953348
-0.995873 -0.953546
-0.996128 -0.952972
-0.997203 -0.951845
-0.995329 -0.95417
-0.997299 -0.953266
-0.995876 -0.951774
-0.995535 -0.953383
-0.99648 -0.951879
-0.997187 -0.951938
-0.995303 -0.954009
-0.996874 -0.952281
-0.997492 -0.952063
-0.997663 -0.952214
-0.99598 -0.953186
-0.998666 -0.953319
-0.995841 -0.952725
-0.995739 -0.953546
-0.996852 -0.952226
-0.997258 -0.952212
-0.994263 -0.95349
-0.997591 -0.951506
-0.995342 -0.953951
-0.99841 -0.950333
-0.995272 -0.953808
-0.996099 -0.952042
-0.998086 -0.950301
-0.996222 -0.953869
-0.996508 -0.951333
-0.996252 -0.952565
-0.996581 -0.951534
-0.998679 -0.951412
-0.997662 -0.953537
-0.995631 -0.951412
-0.997451 -0.952044
-0.995876 -0.953318
-0.997223 -0.950535
-0.996496 -0.95284
-0.997013 -0.951676
-0.997197 -0.952008
-0.995451 -0.951682
-0.996463 -0.951414
-0.999164 -0.951351
-0.995194 -0.953076
-0.997031 -0.95065
-0.997679 -0.951425
-0.995855 -0.953355
-0.997868 -0.949316
-0.997216 -0.951705
-0.99648 -0.951804
-0.99799 -0.950106
-0.995711 -0.952545
-0.998224 -0.950508
-0.996831 -0.951813
-0.996164 -0.952019
-0.997536 -0.950359
-0.997643 -0.950962
-0.997642 -0.951763
-0.997811 -0.950828
-0.997056 -0.949772
-0.996645 -0.952262
-0.997078 -0.949266
-0.99648 -0.950683
-0.996632 -0.950337
-0.996919 -0.952684
-0.997712 -0.949197
-0.995911 -0.95259
-0.996525 -0.951005
-0.998301 -0.950504
-0.996312 -0.951914
-0.996268 -0.951521
-0.998157 -0.951723
-0.996589 -0.950495
-0.996617 -0.951367
-0.996997 -0.951057
-0.998119 -0.949067
-0.994921 -0.953386
-0.997166 -0.949719
-0.996721 -0.950565
-0.996726 -0.949971
-0.996198 -0.951906
-0.996321 -0.949509
-0.99515 -0.952075
-0.996979 -0.950928
-0.996779 -0.950395
-0.995366 -0.951981
-0.997565 -0.950384
-0.99561 -0.950748
-0.995799 -0.950411
-0.99586 -0.951776
-0.996419 -0.949237
-0.995115 -0.951958
-0.996935 -0.950281
-0.994747 -0.951607
-0.998007 -0.948761
-0.99414 -0.953412
-0.996171 -0.949507
-0.995209 -0.950095
-0.994368 -0.950556
-0.995768 -0.95024
-0.99398 -0.951367
-0.995837 -0.949065
-0.995247 -0.952825
-0.994947 -0.949633
-0.99611 -0.951042
-0.995083 -0.950627
-0.995154 -0.950235
-0.996533 -0.949783
-0.993891 -0.95
-0.99364 -0.949803
-0.993563 -0.949859
-0.995368 -0.948061
-0.992457 -0.950209
-0.993635 -0.950547
-0.99488 -0.948491
-0.994299 -0.950085
-0.993855 -0.949016
-0.993644 -0.95049
-0.993813 -0.950221
-0.994546 -0.949392
-0.992998 -0.949651
-0.993564 -0.948763
-0.994514 -0.949487
-0.991951 -0.949347
-0.992794 -0.949472
-0.992623 -0.949687
-0.992593 -0.948072
-0.991734 -0.94917
-0.993438 -0.948509
-0.993347 -0.950036
-0.991907 -0.950271
-0.99284 -0.950352
-0.992747 -0.947886
-0.992877 -0.950077
-0.991909 -0.950754
-0.990799 -0.950542
-0.993085 -0.948728
-0.992038 -0.950261
-0.993214 -0.950255
-0.992036 -0.949481
-0.992035 -0.95037
-0.99246 -0.950392
-0.992882 -0.948977
-0.990292 -0.951016
-0.990888 -0.950354
-0.991916 -0.949092
-0.99075 -0.950176
-0.990305 -0.951397
-0.992335 -0.94915
-0.990624 -0.950118
-0.990922 -0.952434
-0.990524 -0.948648
-0.993766 -0.950769
-0.990199 -0.950872
-0.992079 -0.949348
-0.992733 -0.949177
-0.991883 -0.95116
-0.991587 -0.948898
-0.991539 -0.949162
-0.99077 -0.94997
-0.991949 -0.949609
-0.990577 -0.949019
-0.9911 -0.950021
-0.990719 -0.948671
-0.990303 -0.949453
-0.991094 -0.949062
-0.989858 -0.950299
-0.992583 -0.948174
-0.989776 -0.951434
-0.990736 -0.949347
-0.991743 -0.947911
-0.991366 -0.950124
-0.991712 -0.948758
-0.990007 -0.948478
-0.990683 -0.949272
-0.990527 -0.948572
-0.990135 -0.948722
-0.991765 -0.948346
-0.990202 -0.949
-0.990213 -0.95008
-0.99034 -0.948313
-0.991052 -0.947972
-0.988548 -0.949546
-0.991515 -0.948086
-0.990334 -0.948064
-0.990079 -0.949196
-0.989773 -0.949554
-0.991622 -0.94734
-0.989849 -0.948974
-0.990965 -0.947461
-0.989792 -0.948973
-0.990369 -0.948625
-0.990035 -0.947424
-0.992846 -0.94857
-0.988575 -0.94913
-0.989918 -0.948657
-0.989448 -0.949509
-0.990529 -0.946333
-0.988533 -0.948338
-0.990428 -0.949624
-0.988845 -0.947944
-0.991175 -0.948462
-0.989716 -0.947479
-0.990482 -0.948988
-0.989048 -0.949067
-0.992177 -0.946459
-0.988005 -0.948451
-0.990281 -0.948853
-0.991026 -0.947585
-0.990231 -0.948521
-0.990771 -0.947544
-0.988951 -0.948595
-0.990264 -0.947399
-0.990398 -0.947405
-0.991294 -0.947332
-0.989615 -0.94844
-0.991293 -0.947845
-0.992063 -0.947411
-0.989747 -0.94815
-0.992462 -0.948367
-0.989491 -0.947765
-0.990121 -0.947262
-0.98863 -0.948892
-0.991115 -0.947364
-0.99064 -0.947415
-0.988289 -0.951081
-0.99127 -0.946478
-0.990451 -0.946654
-0.989076 -0.951207
-0.990757 -0.946341
-0.989208 -0.948629
-0.988898 -0.948276
-0.991367 -0.947368
-0.989742 -0.948229
-0.990729 -0.948714
-0.990573 -0.947196
-0.989895 -0.948263
-0.990085 -0.947603
-0.989624 -0.947703
-0.989596 -0.948239
-0.990568 -0.947891
-0.990882 -0.946919
-0.990896 -0.948189
-0.991013 -0.946534
-0.992429 -0.947965
-0.990763 -0.948184
-0.990782 -0.947028
-0.990758 -0.947373
-0.990121 -0.948642
-0.990305 -0.948939
-0.991988 -0.947039
-0.990209 -0.94836
-0.991095 -0.946279
-0.991177 -0.948559
-0.990738 -0.948387
-0.99085 -0.947002
-0.991058 -0.946892
-0.989389 -0.948381
-0.991543 -0.948232
-0.989859 -0.947446
-0.991922 -0.947388
-0.98973 -0.947964
-0.990925 -0.948015
-0.991249 -0.946537
-0.989904 -0.949331
-0.990981 -0.947676
-0.990747 -0.94713
-0.990634 -0.946067
-0.990203 -0.948203
-0.988481 -0.948444
-0.990643 -0.946492
-0.99002 -0.948521
-0.990126 -0.947375
-0.990785 -0.947942
-0.989348 -0.947566
-0.991767 -0.946702
-0.989606 -0.948044
-0.989841 -0.947317
-0.989782 -0.946809
-0.990592 -0.945401
-0.98761 -0.94762
-0.990005 -0.946205
-0.989965 -0.946614
-0.990172 -0.947097
-0.988408 -0.946741
-0.99142 -0.945525
-0.989237 -0.946755
-0.990487 -0.946099
-0.988164 -0.946096
-0.989392 -0.946841
-0.988336 -0.945499
-0.988927 -0.947178
-0.988342 -0.947493
-0.98816 -0.946895
-0.989594 -0.946381
-0.988712 -0.947106
-0.987748 -0.946863
-0.990678 -0.94455
-0.986464 -0.95
-0.989189 -0.944981
-0.988777 -0.944727
-0.988596 -0.946327
-0.987866 -0.947324
-0.988311 -0.946045
-0.989459 -0.945878
-0.987837 -0.945856
-0.987548 -0.945722
-0.990162 -0.945724
-0.987615 -0.948459
-0.990066 -0.943903
-0.987976 -0.946767
-0.988775 -0.946028
-0.988892 -0.944511
-0.98921 -0.946329
-0.988783 -0.945904
-0.988188 -0.94655
-0.986724 -0.946432
-0.99008 -0.943781
-0.988183 -0.947382
-0.988596 -0.945604
-0.988935 -0.94454
-0.990352 -0.94692
-0.988787 -0.944914
-0.989764 -0.946163
-0.989586 -0.945154
-0.98879 -0.944863
-0.989137 -0.945198
-0.989762 -0.946278
-0.990999 -0.944789
-0.989477 -0.945847
-0.98961 -0.944736
-0.989925 -0.94432
-0.989557 -0.945547
-0.988166 -0.945054
-0.989949 -0.944561
-0.990401 -0.943777
-0.987116 -0.945854
-0.990749 -0.944867
-0.988498 -0.945616
-0.990775 -0.944272
-0.989534 -0.945518
-0.990762 -0.944581
-0.9892 -0.94551
-0.992392 -0.943425
-0.987921 -0.946931
-0.991989 -0.943655
-0.989479 -0.94393
-0.990153 -0.945194
-0.988881 -0.943575
-0.990187 -0.944416
-0.990083 -0.94435
-0.99063 -0.943064
-0.989395 -0.945137
-0.98952 -0.943954
-0.989926 -0.944439
-0.9898 -0.942696
-0.989345 -0.945001
-0.992264 -0.94413
-0.989073 -0.943902
-0.990265 -0.944842
-0.990508 -0.944343
-0.991087 -0.943557
-0.988746 -0.944973
-0.989055 -0.945144
-0.99173 -0.942865
-0.989945 -0.943335
-0.988874 -0.946169
-0.991054 -0.944209
-0.990502 -0.943323
-0.989023 -0.945292
-0.989992 -0.94359
-0.990777 -0.944023
-0.987706 -0.945186
-0.988266 -0.943748
-0.990308 -0.944133
-0.989183 -0.943358
-0.989722 -0.946124
-0.989404 -0.943533
-0.988261 -0.944839
-0.98935 -0.944607
-0.990688 -0.943537
-0.988306 -0.945357
-0.989343 -0.943881
-0.988031 -0.944918
-0.989272 -0.943656
-0.987369 -0.944633
-0.988997 -0.944523
-0.989612 -0.94476
-0.988821 -0.943664
-0.988874 -0.944358
-0.987885 -0.944694
-0.988605 -0.943855
-0.989188 -0.943411
-0.987885 -0.9447
-0.987962 -0.944078
-0.987083 -0.944494
-0.986369 -0.94523
-0.98927 -0.944614
-0.988051 -0.943678
-0.989027 -0.944116
-0.987982 -0.945403
-0.989743 -0.942812
-0.987328 -0.945684
-0.989702 -0.942391
-0.987836 -0.945414
-0.988452 -0.942971
-0.987793 -0.944732
-0.987661 -0.944411
-0.987222 -0.942818
-0.986583 -0.945262
-0.98752 -0.943643
-0.988929 -0.94377
-0.985922 -0.94465
-0.986365 -0.94545
-0.987514 -0.942692
-0.986768 -0.943082
-0.986759 -0.946722
-0.987024 -0.942489
-0.987033 -0.943838
-0.987535 -0.944188
-0.987169 -0.944337
-0.986857 -0.942546
-0.987372 -0.943524
-0.986971 -0.943262
-0.986939 -0.943367
-0.987502 -0.943343
-0.985797 -0.942051
-0.985768 -0.943177
-0.988627 -0.943417
-0.986536 -0.942172
-0.988165 -0.943267
-0.986559 -0.944632
-0.986893 -0.942886
-0.988315 -0.943185
-0.987045 -0.942306
-0.986343 -0.944584
-0.987401 -0.942335
-0.98546 -0.942881
-0.987819 -0.943056
-0.986293 -0.943049
-0.986421 -0.941451
-0.986458 -0.943932
-0.985684 -0.943975
-0.987404 -0.942429
-0.985567 -0.941699
-0.985164 -0.943198
-0.986011 -0.943818
-0.986291 -0.942422
-0.986482 -0.942943
-0.986142 -0.94237
-0.98476 -0.944222
-0.985433 -0.943117
-0.986673 -0.9431
-0.984814 -0.942364
-0.986588 -0.94245
-0.984545 -0.944871
-0.986405 -0.941271
-0.984949 -0.94403
-0.987856 -0.940489
-0.983724 -0.944872
-0.986086 -0.942792
-0.985954 -0.9421
-0.986063 -0.941581
-0.984348 -0.943274
-0.9849 -0.941633
-0.985497 -0.941734
-0.985752 -0.941793
-0.986178 -0.943486
-0.986642 -0.941155
-0.984164 -0.943603
-0.98698 -0.941265
-0.984043 -0.94311
-0.985896 -0.941425
-0.985669 -0.941469
-0.985089 -0.942125
-0.98478 -0.942074
-0.984948 -0.941979
-0.984257 -0.942957
-0.986577 -0.942258
-0.98373 -0.941944
-0.986007 -0.942543
-0.983609 -0.942938
-0.98639 -0.941292
-0.984631 -0.943204
-0.984031 -0.942418
-0.984749 -0.942518
-0.986105 -0.939335
-0.983781 -0.94401
-0.984698 -0.94189
-0.984022 -0.941165
-0.985598 -0.940936
-0.985218 -0.943587
-0.984487 -0.940371
-0.984411 -0.941649
-0.982153 -0.943374
-0.984481 -0.940432
-0.983968 -0.941556
-0.984764 -0.940563
-0.984475 -0.942488
-0.983954 -0.942314
-0.987719 -0.939207
-0.984653 -0.942618
-0.984326 -0.941038
-0.985337 -0.941891
-0.98512 -0.939909
-0.984939 -0.94141
-0.986142 -0.941431
-0.985407 -0.941447
-0.984449 -0.941171
-0.986271 -0.940141
-0.98317 -0.944076
-0.98515 -0.939132
-0.984489 -0.94229
-0.984835 -0.941687
-0.983148 -0.942897
-0.986085 -0.940817
-0.985412 -0.942275
-0.984376 -0.940062
-0.983886 -0.942652
-0.984459 -0.942335
-0.985974 -0.942423
-0.985811 -0.941829
-0.983694 -0.942279
-0.985097 -0.94153
-0.985696 -0.943473
-0.983309 -0.941568
-0.984963 -0.940836
-0.98498 -0.942368
-0.983561 -0.942624
-0.98349 -0.942498
-0.984629 -0.942927
-0.98433 -0.940797
-0.983882 -0.942082
-0.982971 -0.941858
-0.98466 -0.944007
-0.984031 -0.941405
-0.984676 -0.941184
-0.983837 -0.942853
-0.98495 -0.943062
-0.985447 -0.940744
-0.984193 -0.942467
-0.984781 -0.941183
-0.984518 -0.943021
-0.983177 -0.942292
-0.987675 -0.940578
-0.981287 -0.942989
-0.984106 -0.941753
-0.98545 -0.942613
-0.984234 -0.941288
-0.983917 -0.941143
-0.98474 -0.942472
-0.983823 -0.94154
-0.98486 -0.942254
-0.984892 -0.939162
-0.982581 -0.942997
-0.984524 -0.93964
-0.982888 -0.942001
-0.984187 -0.940242
-0.985172 -0.940692
-0.983855 -0.94118
-0.984684 -0.939722
-0.982877 -0.941906
-0.984374 -0.940847
-0.982134 -0.941306
-0.984121 -0.940708
-0.982977 -0.940062
-0.98292 -0.941558
-0.985351 -0.941663
-0.985027 -0.94042
-0.982859 -0.942086
-0.982693 -0.942331
-0.984233 -0.939817
-0.98275 -0.942684
-0.984685 -0.940953
-0.981909 -0.942569
-0.983149 -0.942408
-0.984093 -0.940833
-0.982064 -0.941631
-0.981747 -0.942866
-0.98427 -0.939919
-0.981906 -0.942137
-0.983069 -0.942065
-0.982651 -0.943505
-0.985456 -0.939642
-0.982706 -0.942627
-0.98361 -0.941596
-0.98509 -0.942259
-0.982577 -0.940753
-0.985019 -0.940091
-0.981761 -0.945144
-0.984843 -0.939009
-0.983514 -0.943157
-0.982224 -0.940907
-0.983527 -0.940911
-0.983084 -0.94192
-0.985394 -0.939896
-0.98283 -0.941689
-0.98365 -0.941279
-0.98431 -0.941449
-0.984083 -0.940525
-0.984459 -0.941641
-0.98423 -0.939798
-0.982735 -0.942448
-0.984032 -0.939694
-0.982857 -0.942916
-0.983515 -0.939412
-0.982993 -0.94078
-0.984584 -0.942151
-0.982203 -0.940747
-0.985184 -0.941646
-0.981513 -0.940662
-0.983389 -0.940718
-0.982765 -0.940832
-0.979888 -0.941882
-0.984778 -0.941132
-0.982946 -0.939484
-0.982205 -0.942746
-0.982916 -0.939956
-0.985017 -0.94089
-0.984086 -0.940365
-0.982228 -0.9407
-0.984308 -0.941409
-0.983491 -0.939265
-0.982711 -0.942092
-0.98159 -0.940237
-0.983095 -0.938529
-0.981712 -0.941455
-0.982885 -0.940158
-0.983506 -0.940341
-0.981242 -0.940095
-0.982895 -0.940894
-0.984199 -0.939702
-0.981396 -0.941818
-0.983385 -0.939878
-0.98199 -0.939959
-0.982 -0.939304
-0.98279 -0.940921
-0.9789 -0.940489
-0.982633 -0.939804
-0.979536 -0.941803
-0.983187 -0.9397
-0.982289 -0.939299
-0.979976 -0.941689
-0.981845 -0.941097
-0.983624 -0.938944
-0.980838 -0.941004
-0.983142 -0.939303
-0.981175 -0.940017
-0.979975 -0.940496
-0.982165 -0.93853
-0.981801 -0.939848
-0.981648 -0.940922
-0.982022 -0.939581
-0.982054 -0.940555
-0.983278 -0.938741
-0.983028 -0.939656
-0.982751 -0.940321
-0.982214 -0.940324
-0.982539 -0.93825
-0.981307 -0.940035
-0.982603 -0.939895
-0.982146 -0.938671
-0.982427 -0.939899
-0.984075 -0.938924
-0.982369 -0.940071
-0.983154 -0.939737
-0.981859 -0.939121
-0.9829 -0.938473
-0.979324 -0.940782
-0.981498 -0.938228
-0.980289 -0.939437
-0.980892 -0.938637
-0.981647 -0.940449
-0.982911 -0.938031
-0.981153 -0.940062
-0.982307 -0.938364
-0.981173 -0.939186
-0.980821 -0.939492
-0.981434 -0.938209
-0.980023 -0.939687
-0.981478 -0.936856
-0.980851 -0.941053
-0.980607 -0.93851
-0.981593 -0.939338
-0.982884 -0.938521
-0.981062 -0.939324
-0.982115 -0.939406
-0.980336 -0.938365
-0.98047 -0.938089
-0.981935 -0.939044
-0.980547 -0.939116
-0.981366 -0.938539
-0.981676 -0.937974
-0.979733 -0.939647
-0.982984 -0.938908
-0.980267 -0.939153
-0.982376 -0.938155
-0.980111 -0.938652
-0.979935 -0.939349
-0.981081 -0.938156
-0.979374 -0.938939
-0.981157 -0.938442
-0.97995 -0.939308
-0.981929 -0.937909
-0.979048 -0.941017
-0.981317 -0.937804
-0.979577 -0.938755
-0.980401 -0.938056
-0.980443 -0.938319
-0.982276 -0.939183
-0.981136 -0.937273
-0.981275 -0.940479
-0.980273 -0.938485
-0.981064 -0.938518
-0.981129 -0.939145
-0.980984 -0.93694
-0.980989 -0.939345
-0.980466 -0.937857
-0.979837 -0.939535
-0.98201 -0.937135
-0.979949 -0.93984
-0.979561 -0.939501
-0.982395 -0.935921
-0.979326 -0.939299
-0.979731 -0.938476
-0.98278 -0.937196
-0.978469 -0.939389
-0.981866 -0.93714
-0.980791 -0.937793
-0.979997 -0.938682
-0.980354 -0.936737
-0.98046 -0.938385
-0.979371 -0.936751
-0.980741 -0.93743
