0 0
-0.0871619 -0.0820194
-0.171542 -0.161724
-0.25283 -0.238564
-0.331216 -0.313174
-0.406594 -0.385147
-0.478905 -0.454474
-0.548509 -0.521027
-0.615233 -0.585796
-0.678304 -0.646097
-0.737512 -0.706735
-0.795757 -0.762345
-0.849262 -0.815914
-0.900621 -0.865786
-0.947416 -0.914234
-0.991756 -0.96073
-1.03331 -1.00374
-1.07048 -1.04268
-1.10456 -1.08079
-1.13548 -1.11636
-1.16014 -1.151
-1.18368 -1.177
-1.20706 -1.21018
-1.22285 -1.23525
-1.23739 -1.25656
-1.24933 -1.27904
-1.26284 -1.29857
-1.26809 -1.31567
-1.27714 -1.33389
-1.28165 -1.34779
-1.28893 -1.35989
-1.28528 -1.36576
-1.28643 -1.36312
-1.28858 -1.36169
-1.28653 -1.365
-1.28777 -1.36365
-1.28535 -1.36309
-1.28779 -1.36486
-1.28472 -1.36223
-1.28549 -1.36664
-1.2885 -1.3622
-1.28614 -1.36245
-1.28732 -1.36301
-1.28408 -1.36326
-1.28451 -1.36494
-1.28751 -1.36091
-1.28675 -1.3625
-1.28541 -1.36316
-1.28434 -1.36309
-1.28627 -1.36213
-1.28425 -1.36507
-1.28775 -1.36033
-1.28522 -1.36158
-1.28653 -1.36121
-1.28897 -1.35823
-1.28714 -1.35914
-1.28463 -1.3591
-1.28965 -1.3584
-1.28588 -1.35929
-1.28314 -1.36047
-1.2854 -1.35909
-1.28634 -1.36135
-1.28192 -1.36315
-1.28509 -1.35777
-1.28692 -1.36133
-1.28491 -1.36198
-1.28475 -1.35936
-1.28554 -1.35811
-1.28864 -1.35751
-1.28566 -1.35852
-1.28586 -1.35844
-1.28603 -1.35966
-1.2874 -1.35792
-1.28446 -1.35995
-1.28531 -1.35828
-1.28625 -1.35762
-1.28604 -1.35731
-1.28487 -1.35741
-1.28711 -1.35401
-1.28545 -1.35918
-1.28285 -1.36034
-1.28799 -1.35534
-1.28395 -1.35747
-1.28437 -1.35856
-1.28525 -1.35856
-1.28419 -1.35552
-1.28461 -1.36106
-1.28631 -1.35712
-1.28465 -1.35665
-1.28469 -1.3578
-1.28509 -1.35713
-1.28236 -1.3579
-1.28631 -1.35725
-1.28345 -1.35932
-1.28512 -1.35508
-1.2829 -1.35711
-1.28701 -1.35601
-1.28362 -1.35954
-1.28405 -1.35294
-1.28453 -1.3583
-1.28463 -1.35342
-1.28627 -1.35425
-1.28301 -1.35612
-1.28448 -1.35773
-1.28505 -1.35604
-1.28346 -1.35547
-1.28523 -1.35357
-1.28178 -1.36107
-1.28453 -1.35215
-1.28181 -1.35726
-1.28607 -1.35475
-1.2863 -1.359
-1.2829 -1.35368
-1.28558 -1.35104
-1.28524 -1.35827
-1.28299 -1.35533
-1.28396 -1.35533
-1.28705 -1.35573
-1.28416 -1.35651
-1.28724 -1.35353
-1.28692 -1.35399
-1.28542 -1.35372
-1.2857 -1.35449
-1.28806 -1.35303
-1.28693 -1.35647
-1.28738 -1.3496
-1.28707 -1.35362
-1.28542 -1.35377
-1.28498 -1.35695
-1.28818 -1.3551
-1.28308 -1.35507
-1.28655 -1.35677
-1.28896 -1.353
-1.28425 -1.35698
-1.28648 -1.35501
-1.28815 -1.35114
-1.28413 -1.35339
-1.28754 -1.3498
-1.28529 -1.35438
-1.28591 -1.35399
-1.28547 -1.35539
-1.28424 -1.35704
-1.28609 -1.35278
-1.28681 -1.35595
-1.28443 -1.35222
-1.28595 -1.35253
-1.28712 -1.35549
-1.28458 -1.35531
-1.28592 -1.35444
-1.28266 -1.3527
-1.28664 -1.35484
-1.2835 -1.35452
-1.28245 -1.35568
-1.28549 -1.35297
-1.28428 -1.35408
-1.28412 -1.35309
-1.28303 -1.35611
-1.28647 -1.35297
-1.2851 -1.35287
-1.28229 -1.35532
-1.28437 -1.35345
-1.2857 -1.35288
-1.28299 -1.35456
-1.2854 -1.35246
-1.2821 -1.35446
-1.29068 -1.35227
-1.28275 -1.35421
-1.28474 -1.35559
-1.28457 -1.35313
-1.28623 -1.35282
-1.28437 -1.35019
-1.28711 -1.35016
-1.28473 -1.35073
-1.28371 -1.35271
-1.28601 -1.34885
-1.28487 -1.35416
-1.28269 -1.35139
-1.28487 -1.34859
-1.28539 -1.3514
-1.28225 -1.35334
-1.28516 -1.34873
-1.28575 -1.3524
-1.28234 -1.35112
-1.28497 -1.35103
-1.28406 -1.35305
-1.28321 -1.35241
-1.28516 -1.34939
-1.28065 -1.35261
-1.28555 -1.35361
-1.2822 -1.35031
-1.2838 -1.3515
-1.28589 -1.35267
-1.2834 -1.35289
-1.28466 -1.35086
-1.28419 -1.352
-1.2841 -1.35335
-1.28463 -1.35121
-1.28392 -1.35158
-1.28266 -1.352
-1.28121 -1.35036
-1.28348 -1.35451
-1.28326 -1.35067
-1.28285 -1.35059
-1.28181 -1.35583
-1.28152 -1.35066
-1.27933 -1.35713
-1.28139 -1.35211
-1.28398 -1.3521
-1.28129 -1.35323
-1.28017 -1.35651
-1.28234 -1.3494
-1.27926 -1.35571
-1.28264 -1.34905
-1.28265 -1.35378
-1.28249 -1.35054
-1.28355 -1.35029
-1.28244 -1.35301
-1.28503 -1.35051
-1.28331 -1.35208
-1.28177 -1.35203
-1.28532 -1.35112
-1.28301 -1.35223
-1.28269 -1.35173
-1.28535 -1.35184
-1.28352 -1.34968
-1.28447 -1.34718
-1.28368 -1.35326
-1.28195 -1.3516
-1.28436 -1.34984
-1.28594 -1.34918
-1.27912 -1.35254
-1.28564 -1.3518
-1.28247 -1.35083
-1.28095 -1.35386
-1.28603 -1.3487
-1.28145 -1.35011
-1.28284 -1.34809
-1.28429 -1.34815
-1.28351 -1.34923
-1.2857 -1.34506
-1.27892 -1.34936
-1.2861 -1.34906
-1.28192 -1.34925
-1.28293 -1.3521
-1.28576 -1.34702
-1.28131 -1.35114
-1.28643 -1.34608
-1.2851 -1.3511
-1.28423 -1.34947
-1.28614 -1.34943
-1.2843 -1.34633
-1.28422 -1.347
-1.28718 -1.34879
-1.2822 -1.35089
-1.28717 -1.34722
-1.28264 -1.35025
-1.28529 -1.34778
-1.28577 -1.34753
-1.28337 -1.35128
-1.28453 -1.34898
-1.28388 -1.3528
-1.28293 -1.34887
-1.28234 -1.34825
-1.28515 -1.34994
-1.2831 -1.35125
-1.28212 -1.34931
-1.28498 -1.35013
-1.28551 -1.35042
-1.28143 -1.34847
-1.28097 -1.35171
-1.28323 -1.35064
-1.28144 -1.35106
-1.28393 -1.352
-1.28036 -1.35001
-1.28047 -1.35334
-1.28275 -1.35105
-1.27871 -1.35036
-1.28319 -1.34957
-1.27999 -1.35112
-1.28495 -1.3483
-1.27709 -1.35184
-1.2836 -1.35114
-1.2801 -1.34966
-1.27908 -1.34908
-1.28136 -1.35009
-1.27961 -1.35248
-1.27991 -1.34982
-1.283 -1.34729
-1.28061 -1.35118
-1.2826 -1.35088
-1.2834 -1.34566
-1.28366 -1.34943
-1.27974 -1.34998
-1.28323 -1.34848
-1.28132 -1.34638
-1.28098 -1.34987
-1.28338 -1.34338
-1.2827 -1.34992
-1.28282 -1.34604
-1.28099 -1.34858
-1.28283 -1.34729
-1.28101 -1.34964
-1.2809 -1.34919
-1.28402 -1.34999
-1.28104 -1.34802
-1.28505 -1.34674
-1.28011 -1.34975
-1.28372 -1.34572
-1.28272 -1.34536
-1.2842 -1.34826
-1.28186 -1.34476
-1.28763 -1.34354
-1.28476 -1.3502
-1.28222 -1.34762
-1.28407 -1.34615
-1.28512 -1.34494
-1.28345 -1.34669
-1.28567 -1.34445
-1.28283 -1.34652
-1.28357 -1.34865
-1.28286 -1.34458
-1.28519 -1.34814
-1.28263 -1.34537
-1.28452 -1.3481
-1.28538 -1.34395
-1.28124 -1.34816
-1.28294 -1.34688
-1.2849 -1.34546
-1.28451 -1.34413
-1.28376 -1.34726
-1.28554 -1.34593
-1.28399 -1.34406
-1.2847 -1.34696
-1.28259 -1.3463
-1.28399 -1.34396
-1.28312 -1.3444
-1.28353 -1.34537
-1.28374 -1.34242
-1.2815 -1.34341
-1.28336 -1.34683
-1.28337 -1.34559
-1.28414 -1.34277
-1.28126 -1.34446
-1.28202 -1.3456
-1.28419 -1.34262
-1.2814 -1.34812
-1.28183 -1.34284
-1.28041 -1.34637
-1.2843 -1.34372
-1.28179 -1.34211
-1.28371 -1.34162
-1.28191 -1.34598
-1.28327 -1.34468
-1.28197 -1.34533
-1.28215 -1.34504
-1.28408 -1.33944
-1.28243 -1.34561
-1.28597 -1.34093
-1.28242 -1.34184
-1.28415 -1.34179
-1.28246 -1.34325
-1.28355 -1.34197
-1.28299 -1.34269
-1.28607 -1.34225
-1.28317 -1.34377
-1.28249 -1.3439
-1.28446 -1.34455
-1.28075 -1.346
-1.28357 -1.3442
-1.28415 -1.34293
-1.28373 -1.34253
-1.28505 -1.34199
-1.28214 -1.34038
-1.28535 -1.34452
-1.2846 -1.34154
-1.28272 -1.34197
-1.28216 -1.34051
-1.28566 -1.34182
-1.28172 -1.3446
-1.28402 -1.34668
-1.28481 -1.3412
-1.28012 -1.34362
-1.28418 -1.34083
-1.28451 -1.34555
-1.28339 -1.34279
-1.28424 -1.34395
-1.28272 -1.34679
-1.28274 -1.34074
-1.28325 -1.34093
-1.2846 -1.34412
-1.28259 -1.34093
-1.28342 -1.34172
-1.28416 -1.34121
-1.28295 -1.34201
-1.28525 -1.34049
-1.28484 -1.34068
-1.27969 -1.34355
-1.28591 -1.3411
-1.28623 -1.33777
-1.28085 -1.34458
-1.2856 -1.33927
-1.28515 -1.33989
-1.28461 -1.34279
-1.28135 -1.33929
-1.28232 -1.34066
-1.2833 -1.3391
-1.28257 -1.34022
-1.28403 -1.33823
-1.28144 -1.34152
-1.28251 -1.33831
-1.28126 -1.34133
-1.28333 -1.33749
-1.28258 -1.34056
-1.28368 -1.33866
-1.28067 -1.3403
-1.28696 -1.33862
-1.28081 -1.34208
-1.28402 -1.33654
-1.28145 -1.34072
-1.28611 -1.33916
-1.28062 -1.34032
-1.28474 -1.33936
-1.28465 -1.34041
-1.28529 -1.33813
-1.28393 -1.34073
-1.28156 -1.34
-1.28417 -1.33903
-1.28256 -1.34153
-1.28302 -1.33926
-1.28204 -1.34073
-1.28346 -1.34249
-1.28256 -1.33895
-1.2851 -1.3384
-1.28151 -1.34018
-1.28001 -1.34142
-1.28448 -1.33972
-1.28171 -1.34184
-1.28342 -1.3402
-1.28436 -1.33855
-1.28615 -1.33998
-1.28157 -1.34111
-1.2864 -1.33783
-1.28479 -1.33646
-1.28087 -1.34127
-1.28642 -1.33789
-1.2814 -1.34202
-1.28475 -1.33855
-1.28227 -1.33901
-1.28649 -1.33831
-1.28255 -1.34074
-1.28481 -1.34016
-1.28385 -1.33852
-1.28626 -1.33642
-1.28595 -1.33972
-1.28127 -1.34144
-1.28567 -1.33695
-1.28282 -1.33987
-1.28096 -1.34058
-1.28145 -1.34
-1.28627 -1.33828
-1.2815 -1.3411
-1.28169 -1.33994
-1.28331 -1.33637
-1.28371 -1.33854
-1.27963 -1.34185
-1.28296 -1.33416
-1.28367 -1.33999
-1.28305 -1.34022
-1.28388 -1.33717
-1.27999 -1.34026
-1.28387 -1.33747
-1.27735 -1.33987
-1.28187 -1.34183
-1.2826 -1.34161
-1.2762 -1.33767
-1.28199 -1.33907
-1.2792 -1.3429
-1.28049 -1.33789
-1.28043 -1.3386
-1.28027 -1.34245
-1.28097 -1.33722
-1.28179 -1.33839
-1.27651 -1.34176
-1.2832 -1.33875
-1.27984 -1.33917
-1.27806 -1.34014
-1.28079 -1.34111
-1.28016 -1.34079
-1.28272 -1.33773
-1.27845 -1.3405
-1.28303 -1.33505
-1.27801 -1.33941
-1.28077 -1.3407
-1.27902 -1.33464
-1.28177 -1.34122
-1.2808 -1.33813
-1.28006 -1.33638
-1.27851 -1.34091
-1.27778 -1.34058
-1.28107 -1.33762
-1.28099 -1.33696
-1.28087 -1.33974
-1.28017 -1.3394
-1.27848 -1.33817
-1.28179 -1.33466
-1.28064 -1.33707
-1.27843 -1.33961
-1.28239 -1.33468
-1.28043 -1.33435
-1.27993 -1.339
-1.2811 -1.33983
-1.27915 -1.33399
-1.28096 -1.33393
-1.28105 -1.33894
-1.28051 -1.33385
-1.28033 -1.34152
-1.28123 -1.336
-1.2809 -1.33798
-1.27943 -1.33833
-1.28114 -1.33673
-1.27808 -1.3376
-1.28254 -1.33655
-1.27796 -1.33899
-1.28087 -1.33954
-1.27994 -1.33786
-1.28014 -1.33416
-1.27899 -1.342
-1.27773 -1.33775
-1.27789 -1.336
-1.27891 -1.33934
-1.27989 -1.33739
-1.27798 -1.33734
-1.28111 -1.33881
-1.28332 -1.33607
-1.27978 -1.341
-1.27914 -1.33706
-1.28107 -1.33749
-1.27769 -1.3384
-1.27932 -1.33833
-1.27839 -1.33753
-1.28053 -1.34182
-1.27579 -1.33757
-1.28023 -1.33876
-1.28037 -1.33758
-1.27993 -1.33851
-1.27764 -1.33627
-1.28141 -1.33821
-1.27872 -1.33856
-1.28128 -1.33781
-1.27848 -1.33821
-1.27909 -1.33437
-1.27966 -1.3355
-1.2776 -1.33938
-1.27861 -1.33786
-1.27763 -1.33957
-1.28143 -1.33779
-1.27545 -1.34043
-1.27866 -1.33613
-1.27762 -1.33875
-1.27812 -1.33802
-1.27726 -1.33945
-1.27823 -1.33834
-1.27545 -1.33834
-1.27713 -1.34027
-1.27748 -1.34001
-1.27488 -1.33932
-1.27959 -1.33446
-1.27871 -1.33721
-1.27894 -1.33933
-1.27791 -1.33676
-1.27961 -1.33645
-1.2771 -1.34105
-1.28004 -1.33559
-1.27762 -1.3398
-1.28049 -1.3368
-1.27832 -1.33741
-1.28088 -1.33331
-1.28012 -1.33865
-1.28149 -1.33512
-1.27633 -1.33993
-1.28059 -1.33689
-1.27854 -1.33586
-1.27863 -1.33905
-1.2785 -1.3373
-1.28083 -1.33665
-1.2763 -1.33752
-1.27949 -1.33683
-1.27945 -1.33902
-1.27822 -1.33629
-1.27727 -1.33833
-1.28027 -1.33361
-1.28111 -1.33832
-1.28138 -1.33409
-1.27808 -1.33655
-1.27891 -1.33651
-1.27757 -1.33757
-1.27849 -1.33692
-1.28064 -1.33478
-1.27699 -1.3402
-1.27969 -1.33539
-1.27876 -1.33618
-1.27855 -1.33628
-1.27825 -1.3346
-1.27727 -1.33553
-1.28016 -1.3366
-1.28172 -1.335
-1.27952 -1.3343
-1.27968 -1.33603
-1.279 -1.33521
-1.27987 -1.33523
-1.28 -1.33574
-1.28018 -1.33358
-1.27911 -1.33604
-1.2818 -1.33411
-1.27715 -1.33565
-1.28074 -1.33389
-1.2783 -1.33672
-1.27878 -1.33462
-1.27955 -1.33486
-1.27777 -1.33561
-1.27784 -1.33438
-1.27623 -1.33697
-1.27739 -1.336
-1.27747 -1.33779
-1.28035 -1.33652
-1.27642 -1.33618
-1.28061 -1.33561
-1.27682 -1.33744
-1.2781 -1.33607
-1.27956 -1.33392
-1.27936 -1.33726
-1.28115 -1.33383
-1.27886 -1.33793
-1.2804 -1.33618
-1.27923 -1.3337
-1.28151 -1.33445
-1.27832 -1.33687
-1.28294 -1.33581
-1.27824 -1.33664
-1.28018 -1.33299
-1.28199 -1.33733
-1.28053 -1.33292
-1.2793 -1.33453
-1.27915 -1.33614
-1.2819 -1.33474
-1.27925 -1.33841
-1.28029 -1.33506
-1.28029 -1.33501
-1.28083 -1.33365
-1.27899 -1.33414
-1.28323 -1.3347
-1.28302 -1.33135
-1.2805 -1.3381
-1.28147 -1.33189
-1.27999 -1.33532
-1.28003 -1.33546
-1.28252 -1.33262
-1.28147 -1.33567
-1.27756 -1.33737
-1.28211 -1.33491
-1.27779 -1.33795
-1.2784 -1.33653
-1.27793 -1.33501
-1.27871 -1.33592
-1.2777 -1.33651
-1.2818 -1.33176
-1.27718 -1.33662
-1.28088 -1.33477
-1.27886 -1.33466
-1.27726 -1.3344
-1.27953 -1.33126
-1.28126 -1.33467
-1.27864 -1.33667
-1.2809 -1.3335
-1.27895 -1.33322
-1.27944 -1.33453
-1.27832 -1.33627
-1.28063 -1.33238
-1.28019 -1.33308
-1.28059 -1.3322
-1.2792 -1.33254
-1.27973 -1.33399
-1.28157 -1.33516
-1.27972 -1.33123
-1.2805 -1.33283
-1.27919 -1.33202
-1.27882 -1.33311
-1.27694 -1.3331
-1.28157 -1.33227
-1.28003 -1.33139
-1.27896 -1.3334
-1.28002 -1.33182
-1.28044 -1.33181
-1.27758 -1.33539
-1.2795 -1.33105
-1.27729 -1.33258
-1.27898 -1.33476
-1.27843 -1.33521
-1.27636 -1.33306
-1.28023 -1.33049
-1.28166 -1.33062
-1.27562 -1.3339
-1.27922 -1.33455
-1.27953 -1.33143
-1.27999 -1.33208
-1.27731 -1.3346
-1.27936 -1.33083
-1.27939 -1.33523
-1.28107 -1.32971
-1.27865 -1.33221
-1.27844 -1.33613
-1.27482 -1.33194
-1.2817 -1.33377
-1.27759 -1.33071
-1.27858 -1.33249
-1.27927 -1.33304
-1.27832 -1.33125
-1.27998 -1.33129
-1.27845 -1.33148
-1.27849 -1.33286
-1.27795 -1.3342
-1.27753 -1.33345
-1.28011 -1.33032
-1.2793 -1.33308
-1.27875 -1.33251
-1.27785 -1.33238
-1.28115 -1.33114
-1.27739 -1.33142
-1.28055 -1.33109
-1.27986 -1.33025
-1.27992 -1.33214
-1.27742 -1.32992
-1.28207 -1.32955
-1.28047 -1.33358
-1.28011 -1.32944
-1.27821 -1.3343
-1.2815 -1.33011
-1.27731 -1.33523
-1.27828 -1.33276
-1.27952 -1.33326
-1.28053 -1.32982
-1.27892 -1.33155
-1.279 -1.33285
-1.27914 -1.32986
-1.28146 -1.33249
-1.2763 -1.33162
-1.2802 -1.32962
-1.27727 -1.33031
-1.28001 -1.32971
-1.27774 -1.32967
-1.27806 -1.32928
-1.27875 -1.33121
-1.27947 -1.33197
-1.27581 -1.3318
-1.27745 -1.32994
-1.27765 -1.33044
-1.27467 -1.32934
-1.28044 -1.33027
-1.27543 -1.3306
-1.27629 -1.33023
-1.27789 -1.32984
-1.2758 -1.33073
-1.27621 -1.33004
-1.27647 -1.33389
-1.2769 -1.32797
-1.27707 -1.32971
-1.27565 -1.33035
-1.27332 -1.33121
-1.27655 -1.33005
-1.27768 -1.32888
-1.27489 -1.3292
-1.27676 -1.3345
-1.27646 -1.32844
-1.27604 -1.32966
-1.27703 -1.33313
-1.27326 -1.32859
-1.27516 -1.33055
-1.2775 -1.33073
-1.277 -1.33024
-1.27541 -1.3306
-1.27832 -1.32991
-1.27442 -1.33197
-1.27403 -1.32845
-1.27479 -1.33098
-1.27543 -1.32988
-1.27377 -1.32877
-1.27315 -1.33347
-1.27647 -1.32751
-1.2725 -1.33291
-1.2738 -1.33
-1.27844 -1.33081
-1.27579 -1.3293
-1.27462 -1.33139
-1.27445 -1.33333
-1.27304 -1.32663
-1.27433 -1.33176
-1.27441 -1.3291
-1.27798 -1.33012
-1.27335 -1.32943
-1.27662 -1.32857
-1.27569 -1.33192
-1.27485 -1.32748
-1.27358 -1.3336
-1.27574 -1.32729
-1.27472 -1.33411
-1.27644 -1.32827
-1.27664 -1.32971
-1.27529 -1.32849
-1.27676 -1.32993
-1.27479 -1.33131
-1.27917 -1.32858
-1.27546 -1.32794
-1.27833 -1.32793
-1.27777 -1.32947
-1.27649 -1.33111
-1.27826 -1.3296
-1.27644 -1.3286
-1.27472 -1.32854
-1.27748 -1.33147
-1.27336 -1.33041
-1.27738 -1.33198
-1.27403 -1.33119
-1.27632 -1.3288
-1.27463 -1.33216
-1.27652 -1.32661
-1.27354 -1.33148
-1.27759 -1.3269
-1.27556 -1.32924
-1.27549 -1.32984
-1.27457 -1.32871
-1.27445 -1.32974
-1.27624 -1.32872
-1.27314 -1.32872
-1.27481 -1.32837
-1.27364 -1.3306
-1.27733 -1.33096
-1.27518 -1.32966
-1.27298 -1.32903
-1.27708 -1.32802
-1.27505 -1.32678
-1.27465 -1.33125
-1.27438 -1.32616
-1.27567 -1.32685
-1.27882 -1.32672
-1.27183 -1.33214
-1.27674 -1.32978
-1.27509 -1.32546
-1.27754 -1.32705
-1.27149 -1.32866
-1.27487 -1.32486
-1.27548 -1.32798
-1.27541 -1.32704
-1.27319 -1.32738
-1.2755 -1.32793
-1.27365 -1.33068
-1.27328 -1.32738
-1.27247 -1.32923
-1.27448 -1.3294
-1.27246 -1.32965
-1.27584 -1.3274
-1.2762 -1.3279
-1.27241 -1.33232
-1.27427 -1.32682
-1.27559 -1.32821
-1.27244 -1.32875
-1.27327 -1.32802
-1.27191 -1.32961
-1.27193 -1.32985
-1.27488 -1.32842
-1.27296 -1.33291
-1.2746 -1.32637
-1.27227 -1.32838
-1.27091 -1.32777
-1.27585 -1.32778
-1.27205 -1.32989
-1.27431 -1.32848
-1.27389 -1.32843
-1.27288 -1.32831
-1.27545 -1.32508
-1.27479 -1.32649
-1.27339 -1.32903
-1.27654 -1.32643
-1.27438 -1.33044
-1.27083 -1.32746
-1.27585 -1.32579
-1.2721 -1.33016
-1.27295 -1.32437
-1.2726 -1.32674
-1.27332 -1.32974
-1.27101 -1.33024
-1.27616 -1.32564
-1.27515 -1.32663
-1.27392 -1.32619
-1.2746 -1.32594
-1.27364 -1.32588
-1.2736 -1.3259
-1.27776 -1.32444
-1.27233 -1.32507
-1.2742 -1.32663
-1.27296 -1.32645
-1.27542 -1.32686
-1.27486 -1.32801
-1.27332 -1.32392
-1.27472 -1.32629
-1.27408 -1.32553
-1.27369 -1.32656
-1.27317 -1.32309
-1.27408 -1.32617
-1.26994 -1.32777
-1.27703 -1.32486
-1.27291 -1.32651
-1.27225 -1.32506
-1.27068 -1.32804
-1.2735 -1.32597
-1.27083 -1.32395
-1.27274 -1.32528
-1.27386 -1.32454
-1.27628 -1.3284
-1.27212 -1.32238
-1.27335 -1.32639
-1.27183 -1.32613
-1.27241 -1.32545
-1.27621 -1.3259
-1.27311 -1.3238
-1.27455 -1.32448
-1.27016 -1.32444
-1.27392 -1.3242
-1.27361 -1.32585
-1.27157 -1.32635
-1.27187 -1.32421
-1.27059 -1.32509
-1.27415 -1.32465
-1.27046 -1.32449
-1.27453 -1.32494
-1.27366 -1.32202
-1.27472 -1.32308
-1.27433 -1.32007
-1.2702 -1.32761
-1.27593 -1.31905
-1.26881 -1.32737
-1.27565 -1.32275
-1.27333 -1.32366
-1.27337 -1.32591
-1.27368 -1.32385
-1.27277 -1.32382
-1.2721 -1.32675
-1.27336 -1.32218
-1.27187 -1.32298
-1.27416 -1.32618
-1.2711 -1.32371
-1.27421 -1.32341
-1.27283 -1.32276
-1.27402 -1.32463
-1.2713 -1.32496
-1.27402 -1.32265
-1.27245 -1.32679
-1.27284 -1.32412
-1.27216 -1.32268
-1.27364 -1.3248
-1.2704 -1.32402
-1.27692 -1.32257
-1.27128 -1.32683
-1.27305 -1.32243
-1.27222 -1.32637
-1.27251 -1.32425
-1.27309 -1.32247
-1.27373 -1.32416
-1.27171 -1.3235
-1.274 -1.32297
-1.27235 -1.32394
-1.27279 -1.32391
-1.27356 -1.3258
-1.27032 -1.32298
-1.27028 -1.32609
-1.27071 -1.32568
-1.27167 -1.32123
-1.27005 -1.32358
-1.27288 -1.32381
-1.27301 -1.32415
-1.27169 -1.32298
-1.27296 -1.325
-1.27044 -1.32326
-1.27686 -1.32425
-1.27163 -1.32353
-1.27169 -1.32677
-1.27064 -1.32408
-1.27378 -1.32217
-1.27638 -1.32327
-1.2702 -1.32436
-1.27433 -1.3234
-1.2709 -1.32314
-1.27535 -1.32123
-1.27175 -1.32396
-1.2743 -1.32399
-1.26977 -1.32487
-1.27356 -1.32447
-1.27151 -1.32545
-1.27343 -1.32589
-1.27405 -1.32262
-1.27261 -1.32313
-1.27279 -1.32068
-1.27401 -1.32394
-1.27423 -1.32372
-1.27345 -1.32309
-1.26928 -1.32411
-1.27497 -1.32196
-1.27224 -1.32416
-1.27429 -1.32109
-1.27363 -1.32251
-1.27265 -1.32221
-1.27335 -1.32137
-1.27355 -1.32376
-1.2741 -1.32231
-1.2717 -1.32284
-1.27619 -1.3192
-1.27307 -1.32175
-1.27274 -1.32117
-1.2718 -1.3193
-1.2727 -1.32189
-1.27216 -1.32168
-1.27133 -1.32038
-1.27449 -1.32059
-1.27065 -1.32266
-1.27137 -1.32166
-1.27197 -1.3226
-1.27177 -1.32047
-1.27377 -1.32311
-1.27061 -1.32194
-1.27315 -1.32009
-1.27392 -1.32168
-1.27335 -1.31887
-1.27016 -1.32336
-1.27317 -1.31996
-1.27215 -1.31913
-1.27081 -1.32159
-1.27444 -1.32127
-1.27289 -1.32035
-1.27093 -1.32055
-1.27035 -1.32125
-1.27197 -1.32265
-1.27367 -1.32042
-1.271 -1.32055
-1.27158 -1.32173
-1.26992 -1.32252
-1.27305 -1.31759
-1.2708 -1.32073
-1.27454 -1.31744
-1.27245 -1.31914
-1.27069 -1.32215
-1.27195 -1.32042
-1.27136 -1.32096
-1.27016 -1.31982
-1.27153 -1.32213
-1.26885 -1.32048
-1.27227 -1.32099
-1.26929 -1.31944
-1.27033 -1.31986
-1.27106 -1.32009
-1.26993 -1.32092
-1.27078 -1.31886
-1.27086 -1.32004
-1.27121 -1.32189
-1.2716 -1.31926
-1.26825 -1.31964
-1.2734 -1.31711
-1.2713 -1.3203
-1.27148 -1.31772
-1.27132 -1.31802
-1.26938 -1.31881
-1.27142 -1.3199
-1.27172 -1.31679
-1.26975 -1.32226
-1.26872 -1.32231
-1.27216 -1.31784
-1.27047 -1.32129
-1.26981 -1.31957
-1.27192 -1.3181
-1.26675 -1.31831
-1.27087 -1.32198
-1.2694 -1.32014
-1.27037 -1.31938
-1.26914 -1.3216
-1.27097 -1.32042
-1.26611 -1.31931
-1.27413 -1.31934
-1.26955 -1.32029
-1.26918 -1.32057
-1.26927 -1.32011
-1.27159 -1.31745
-1.26959 -1.32197
-1.27029 -1.31794
-1.26982 -1.32176
-1.26807 -1.31836
-1.27243 -1.31686
-1.27073 -1.3162
-1.27093 -1.31962
-1.2702 -1.32148
-1.26934 -1.31988
-1.26981 -1.31696
-1.2714 -1.31736
-1.26746 -1.31899
-1.27051 -1.31705
-1.2685 -1.31878
-1.2669 -1.31887
-1.27111 -1.31712
-1.26792 -1.31965
-1.27002 -1.31494
-1.27049 -1.31848
-1.26983 -1.31914
-1.26715 -1.31733
-1.27051 -1.31861
-1.26941 -1.31877
-1.26736 -1.32103
-1.26845 -1.3209
-1.26776 -1.32304
-1.27091 -1.31952
-1.26803 -1.32144
-1.27032 -1.31822
-1.26618 -1.32133
-1.26869 -1.31882
-1.26846 -1.31838
-1.26784 -1.32094
-1.27022 -1.32061
-1.26937 -1.3189
-1.27076 -1.31998
-1.26687 -1.31856
-1.26986 -1.32161
-1.26846 -1.31782
-1.27271 -1.32096
-1.27064 -1.31941
-1.2699 -1.31784
-1.27026 -1.31977
-1.27044 -1.31875
-1.26827 -1.31989
-1.27246 -1.31754
-1.26769 -1.31992
-1.27142 -1.31876
-1.27079 -1.32107
-1.27082 -1.31905
-1.27045 -1.3169
-1.26753 -1.3219
-1.2706 -1.31655
-1.27036 -1.32142
-1.26993 -1.31935
-1.27048 -1.31859
-1.26808 -1.32015
-1.27014 -1.31941
-1.26959 -1.32122
-1.26819 -1.31871
-1.26641 -1.31876
-1.27147 -1.31924
-1.26558 -1.32003
-1.27026 -1.31685
-1.26927 -1.31817
-1.26835 -1.31802
-1.27032 -1.31488
-1.26833 -1.317
-1.27061 -1.31786
-1.26867 -1.31643
-1.26768 -1.31959
-1.2706 -1.3179
-1.26949 -1.31813
-1.26966 -1.31846
-1.26858 -1.31779
-1.26978 -1.31692
-1.27191 -1.31551
-1.26753 -1.31764
-1.27048 -1.31651
-1.27051 -1.31698
-1.26745 -1.31624
-1.27083 -1.31478
-1.26736 -1.31765
-1.27181 -1.31483
-1.272 -1.31524
-1.26846 -1.31735
-1.26821 -1.31781
-1.26926 -1.31586
-1.27169 -1.31682
-1.26744 -1.31559
-1.27154 -1.31602
-1.26878 -1.31515
-1.26788 -1.3176
-1.2706 -1.31449
-1.26867 -1.31623
-1.2687 -1.3159
-1.27333 -1.31437
-1.26837 -1.31619
-1.26758 -1.31545
-1.26981 -1.31798
-1.27102 -1.31673
-1.27062 -1.31402
-1.26999 -1.31685
-1.26866 -1.31496
-1.27144 -1.31597
-1.26996 -1.31567
-1.27323 -1.31354
-1.26939 -1.31662
-1.27314 -1.31514
-1.26949 -1.31511
-1.27196 -1.31517
-1.27006 -1.31656
-1.26925 -1.31585
-1.27353 -1.31379
-1.27058 -1.31622
-1.26964 -1.314
-1.27203 -1.31412
-1.27039 -1.31653
-1.27133 -1.31602
-1.27227 -1.31305
-1.27281 -1.31402
-1.26906 -1.31513
-1.27069 -1.31541
-1.27198 -1.3151
-1.27086 -1.31522
-1.2699 -1.3142
-1.27181 -1.31553
-1.27248 -1.31568
-1.27153 -1.31456
-1.27236 -1.31424
-1.27276 -1.31568
-1.2715 -1.31533
-1.27333 -1.313
-1.27064 -1.31702
-1.27181 -1.31483
-1.27066 -1.3137
-1.27067 -1.31734
-1.27251 -1.31491
-1.26872 -1.31791
-1.27065 -1.31121
-1.27293 -1.31465
-1.27045 -1.31604
-1.27047 -1.31454
-1.27155 -1.31522
-1.26702 -1.31824
-1.26988 -1.31449
-1.26884 -1.31605
-1.26743 -1.31827
-1.26816 -1.31596
-1.27137 -1.31345
-1.26661 -1.31688
-1.27012 -1.31529
-1.27102 -1.31707
-1.26728 -1.3142
-1.27433 -1.31487
-1.26896 -1.31619
-1.26715 -1.31637
-1.27185 -1.31286
-1.27036 -1.3139
-1.27051 -1.31571
-1.26966 -1.31477
-1.26678 -1.31957
-1.27192 -1.31562
-1.26787 -1.31514
-1.27185 -1.31207
-1.26675 -1.31928
-1.26747 -1.31863
-1.26819 -1.31899
-1.26851 -1.31496
-1.27105 -1.31455
-1.26995 -1.31584
-1.27147 -1.31508
-1.26813 -1.3175
-1.26886 -1.3152
-1.26959 -1.31554
-1.26983 -1.3164
-1.26833 -1.31832
-1.26834 -1.31478
-1.26705 -1.31724
-1.26904 -1.31574
-1.26844 -1.31657
-1.26895 -1.31777
-1.26979 -1.31542
-1.26858 -1.31574
-1.26805 -1.31621
-1.26875 -1.31664
-1.2681 -1.31505
-1.26781 -1.31622
-1.26963 -1.31596
-1.26598 -1.31466
-1.27045 -1.31465
-1.26784 -1.31442
-1.26979 -1.31678
-1.27009 -1.31257
-1.26924 -1.31482
-1.26612 -1.31616
-1.26892 -1.31427
-1.26856 -1.31287
-1.26791 -1.31382
-1.26749 -1.31522
-1.2699 -1.31168
-1.26875 -1.31324
-1.27303 -1.31437
-1.26939 -1.31025
-1.26768 -1.31383
-1.27083 -1.31153
-1.26924 -1.31473
-1.27563 -1.31047
-1.26815 -1.31212
-1.27007 -1.31482
-1.27173 -1.30969
-1.27133 -1.31077
-1.26914 -1.31472
-1.26923 -1.31339
-1.27004 -1.31362
-1.27092 -1.31527
-1.2713 -1.31057
-1.27063 -1.31339
-1.27138 -1.3112
-1.26862 -1.31352
-1.27121 -1.31219
-1.27135 -1.31033
-1.27156 -1.31174
-1.27203 -1.3076
-1.27018 -1.31242
-1.272 -1.31286
-1.26866 -1.30989
-1.27301 -1.31089
-1.26962 -1.30883
-1.27079 -1.31187
-1.27247 -1.30724
-1.26865 -1.31015
-1.27018 -1.31288
-1.27288 -1.30943
-1.2695 -1.31457
-1.26883 -1.30846
-1.27055 -1.31037
-1.27228 -1.31032
-1.2689 -1.30975
-1.27322 -1.30947
-1.26957 -1.30831
-1.2723 -1.31058
-1.27054 -1.30898
-1.27131 -1.30915
-1.27177 -1.30794
-1.27007 -1.30753
-1.27163 -1.30894
-1.2708 -1.30876
-1.27001 -1.30916
-1.27279 -1.30801
-1.26933 -1.30835
-1.27381 -1.30717
-1.27036 -1.30859
-1.26963 -1.30876
-1.27118 -1.30973
-1.26853 -1.31023
-1.27112 -1.3043
-1.27121 -1.31297
-1.27008 -1.30643
-1.27153 -1.30571
-1.27096 -1.3104
-1.27238 -1.30513
-1.26948 -1.30824
-1.27129 -1.30965
-1.2722 -1.30791
-1.27209 -1.30696
-1.2722 -1.30756
-1.27102 -1.30696
-1.27274 -1.30701
-1.27394 -1.3076
-1.27136 -1.30795
-1.27323 -1.30606
-1.27349 -1.3074
-1.27038 -1.30575
-1.2691 -1.30826
-1.27201 -1.30596
-1.26931 -1.30639
-1.26849 -1.30779
-1.27021 -1.30939
-1.26877 -1.30883
-1.26845 -1.30767
-1.27077 -1.30708
-1.26744 -1.3075
-1.26899 -1.30935
-1.26813 -1.30788
-1.26937 -1.31025
-1.27143 -1.30813
-1.26761 -1.30947
-1.27062 -1.30829
-1.26828 -1.30723
-1.27019 -1.3092
-1.26784 -1.31035
-1.26866 -1.30609
-1.27241 -1.30777
-1.2693 -1.31002
-1.27029 -1.30907
-1.27055 -1.30851
-1.27055 -1.30801
-1.26828 -1.30884
-1.26906 -1.30894
-1.27077 -1.31152
-1.27007 -1.30485
-1.27031 -1.30901
-1.26873 -1.30949
-1.2676 -1.30717
-1.2674 -1.30943
-1.26992 -1.30535
-1.26909 -1.30755
-1.26994 -1.30472
-1.26551 -1.30937
-1.2672 -1.31053
-1.27235 -1.30521
-1.26718 -1.30971
-1.26904 -1.30521
-1.2676 -1.30673
-1.2681 -1.30836
-1.26969 -1.30813
-1.26832 -1.30628
-1.27063 -1.30602
-1.26639 -1.30995
-1.26936 -1.30509
-1.26707 -1.30936
-1.27001 -1.30779
-1.26706 -1.30797
-1.2677 -1.30942
-1.26813 -1.30794
-1.27015 -1.30897
-1.26659 -1.30751
-1.26666 -1.30785
-1.26936 -1.30762
-1.26837 -1.30686
-1.26839 -1.30529
-1.26871 -1.30852
-1.26867 -1.30835
-1.27061 -1.30378
-1.26965 -1.30705
-1.27191 -1.30466
-1.26938 -1.30524
-1.27177 -1.30494
-1.26999 -1.3052
-1.27107 -1.30644
-1.27113 -1.30507
-1.26952 -1.3069
-1.2697 -1.3045
-1.27185 -1.30709
-1.26974 -1.30294
-1.26771 -1.30685
-1.27257 -1.30414
-1.26863 -1.30824
-1.2716 -1.30348
-1.26837 -1.30776
-1.26735 -1.30591
-1.27216 -1.30787
-1.2682 -1.30692
-1.27045 -1.30454
-1.2697 -1.30614
-1.26687 -1.30749
-1.27101 -1.30493
-1.26552 -1.30686
-1.2693 -1.30391
-1.26632 -1.30768
-1.27049 -1.30647
-1.26857 -1.30806
-1.26737 -1.30734
-1.26857 -1.30546
-1.26777 -1.30836
-1.26935 -1.30459
-1.26931 -1.30815
-1.26809 -1.30574
-1.26891 -1.30578
-1.26967 -1.30698
-1.27037 -1.30912
-1.26912 -1.30436
-1.2696 -1.30463
-1.26818 -1.30637
-1.26972 -1.30675
-1.26853 -1.30517
-1.26985 -1.30679
-1.26859 -1.3048
-1.27059 -1.30269
-1.26582 -1.31121
-1.27088 -1.30157
-1.26881 -1.30526
-1.26783 -1.30667
-1.26995 -1.30638
-1.26913 -1.30337
-1.27018 -1.30587
-1.26969 -1.30934
-1.26764 -1.30248
-1.27122 -1.30666
-1.2699 -1.3051
-1.26773 -1.30561
-1.26746 -1.30613
-1.27008 -1.30658
-1.2699 -1.30496
-1.26922 -1.30666
-1.26818 -1.30593
-1.26802 -1.30465
-1.27046 -1.30272
-1.27076 -1.30446
-1.26763 -1.3042
-1.27013 -1.30634
-1.268 -1.3031
-1.27087 -1.30185
-1.26829 -1.30515
-1.26791 -1.30562
-1.2697 -1.3021
-1.26701 -1.30728
-1.2693 -1.30563
-1.27065 -1.30314
-1.26525 -1.30805
-1.27126 -1.30396
-1.26647 -1.30367
-1.26815 -1.30689
-1.26877 -1.30733
-1.26915 -1.3048
-1.26625 -1.30554
-1.2694 -1.30623
-1.2677 -1.30714
-1.27087 -1.30599
-1.26772 -1.30764
-1.26856 -1.30651
-1.26814 -1.3075
-1.26708 -1.30526
-1.26436 -1.30962
-1.273 -1.30595
-1.26622 -1.30895
-1.26845 -1.30487
-1.2705 -1.3024
-1.26524 -1.31178
-1.27217 -1.30181
-1.27013 -1.30377
-1.2662 -1.30756
-1.27169 -1.30468
-1.26982 -1.30683
-1.27189 -1.30579
-1.26717 -1.3059
-1.27061 -1.30585
-1.26769 -1.30808
-1.26739 -1.30864
-1.26987 -1.30547
-1.26683 -1.30992
-1.2691 -1.30321
-1.26899 -1.30867
-1.2684 -1.30745
-1.27008 -1.30453
-1.26756 -1.30826
-1.2657 -1.30736
-1.26972 -1.30589
-1.26905 -1.30657
-1.26613 -1.3067
-1.27056 -1.30511
-1.26655 -1.30883
-1.26869 -1.30568
-1.26993 -1.30416
-1.2689 -1.30647
-1.26925 -1.30758
-1.26963 -1.30462
-1.26876 -1.30424
-1.26814 -1.30738
-1.26997 -1.30316
-1.26745 -1.30588
-1.26993 -1.30385
-1.26748 -1.30646
-1.26945 -1.30297
-1.2685 -1.30364
-1.27057 -1.30328
-1.26935 -1.30329
-1.26912 -1.30534
-1.26791 -1.30732
-1.27069 -1.30016
-1.26721 -1.3074
-1.27013 -1.30407
-1.26849 -1.30263
-1.2658 -1.30488
-1.27005 -1.30231
-1.267 -1.30243
-1.26944 -1.30523
-1.26902 -1.30214
-1.26737 -1.30121
-1.26606 -1.30739
-1.27129 -1.30005
-1.26654 -1.30703
-1.26756 -1.30343
-1.269 -1.30529
-1.26462 -1.30718
-1.26674 -1.30317
-1.26785 -1.30413
-1.26768 -1.30491
-1.2671 -1.3036
-1.26667 -1.3058
-1.26815 -1.30365
-1.26618 -1.3046
-1.26767 -1.30681
-1.26544 -1.3025
-1.26732 -1.30436
-1.26766 -1.3042
-1.26565 -1.30782
-1.26772 -1.30171
-1.26528 -1.30465
-1.26569 -1.30614
-1.26657 -1.30204
-1.26576 -1.30607
-1.26726 -1.30336
-1.26579 -1.30278
-1.26788 -1.3038
-1.26545 -1.3018
-1.26913 -1.30515
-1.26688 -1.30363
-1.26666 -1.3043
-1.26721 -1.30336
-1.26698 -1.30259
-1.26603 -1.3043
-1.26499 -1.30609
-1.26637 -1.30169
-1.26664 -1.30347
-1.26669 -1.304
-1.26573 -1.29996
-1.26666 -1.30485
-1.26621 -1.30146
-1.2638 -1.30493
-1.26814 -1.30146
-1.2674 -1.30542
-1.26798 -1.30172
-1.2672 -1.30076
-1.26594 -1.30412
-1.26813 -1.30274
-1.268 -1.30078
-1.26736 -1.29969
-1.26811 -1.3011
-1.26543 -1.30233
-1.26394 -1.30284
-1.27042 -1.29943
-1.266 -1.30538
-1.26456 -1.30272
-1.26978 -1.30147
-1.26351 -1.30276
-1.26511 -1.30203
-1.26813 -1.30292
-1.26632 -1.29917
-1.26416 -1.30285
-1.2654 -1.30315
-1.26775 -1.30205
-1.26319 -1.30156
-1.2654 -1.3019
-1.26415 -1.30294
-1.26462 -1.30252
-1.26383 -1.30389
-1.26739 -1.30392
-1.26441 -1.30176
-1.26388 -1.30497
-1.26616 -1.29994
-1.26574 -1.30369
-1.26627 -1.30101
-1.26438 -1.3028
-1.26755 -1.30339
-1.26556 -1.30129
-1.26343 -1.30262
-1.26531 -1.30131
-1.26352 -1.30455
-1.26424 -1.30136
-1.2658 -1.30132
-1.26491 -1.30317
-1.26612 -1.30142
-1.26589 -1.3008
-1.26405 -1.30345
-1.26672 -1.29781
-1.26627 -1.30148
-1.26832 -1.30098
-1.26238 -1.30359
-1.2695 -1.29911
-1.2657 -1.29996
-1.26643 -1.30208
-1.26575 -1.30158
-1.26497 -1.30105
-1.2677 -1.30047
-1.26568 -1.30181
-1.26679 -1.29817
-1.26654 -1.30401
-1.26434 -1.29778
-1.26525 -1.30061
-1.26595 -1.30212
-1.26671 -1.29906
-1.26428 -1.30153
-1.26642 -1.30147
-1.2659 -1.29964
-1.26455 -1.29882
-1.26669 -1.30176
-1.26339 -1.30072
-1.26484 -1.29805
-1.26565 -1.30098
-1.26446 -1.29938
-1.2649 -1.30061
-1.26265 -1.30093
-1.26533 -1.30151
-1.26345 -1.30383
-1.2646 -1.30033
-1.26596 -1.29986
-1.26633 -1.30184
-1.26365 -1.29837
-1.26472 -1.3007
-1.26842 -1.2995
-1.26367 -1.29911
-1.26685 -1.30015
-1.26551 -1.29973
-1.26466 -1.3001
-1.26379 -1.30026
-1.26688 -1.29684
-1.26223 -1.30236
-1.26453 -1.3017
-1.26487 -1.29816
-1.26426 -1.30123
-1.26284 -1.29938
-1.26511 -1.3019
-1.26324 -1.30058
-1.26486 -1.30282
-1.26212 -1.29997
-1.26513 -1.29892
-1.26323 -1.3002
-1.26722 -1.30144
-1.26408 -1.30238
-1.26496 -1.30196
-1.26529 -1.29756
-1.26272 -1.30035
-1.26222 -1.30365
-1.26504 -1.30138
-1.26538 -1.29911
-1.26612 -1.30002
-1.26075 -1.30135
-1.26794 -1.30139
-1.26383 -1.30029
-1.2653 -1.30235
-1.26345 -1.29818
-1.26653 -1.30086
-1.26626 -1.29893
-1.26265 -1.30233
-1.26671 -1.29742
-1.26184 -1.30273
-1.26582 -1.30022
-1.26372 -1.30015
-1.26631 -1.29729
-1.26479 -1.30119
-1.26605 -1.29895
-1.26658 -1.29802
-1.26677 -1.30123
-1.26565 -1.29643
-1.26252 -1.29975
-1.2683 -1.29758
-1.26317 -1.30012
-1.26615 -1.30041
-1.26498 -1.29927
-1.26625 -1.29878
-1.26193 -1.29869
-1.26455 -1.29814
-1.26418 -1.30081
-1.26657 -1.29621
-1.26623 -1.30059
-1.26709 -1.2956
-1.26516 -1.29979
-1.26495 -1.29934
-1.26266 -1.30053
-1.26416 -1.2993
-1.26517 -1.30116
-1.26191 -1.29826
-1.26368 -1.30112
-1.26429 -1.2981
-1.26686 -1.29957
-1.26246 -1.30048
-1.2651 -1.29777
-1.26635 -1.29938
-1.26504 -1.30124
-1.26411 -1.29934
-1.26304 -1.30021
-1.26677 -1.29849
-1.26438 -1.30016
-1.26415 -1.30083
-1.26223 -1.29995
-1.26546 -1.29893
-1.26427 -1.29888
-1.2641 -1.29746
-1.26512 -1.29963
-1.26328 -1.29891
-1.26606 -1.29898
-1.26237 -1.29695
-1.26376 -1.30148
-1.26481 -1.29824
-1.26283 -1.29662
-1.26371 -1.30265
-1.26583 -1.29921
-1.26246 -1.29783
-1.26231 -1.30133
-1.26256 -1.30048
-1.2642 -1.29676
-1.2642 -1.30417
-1.26274 -1.29833
-1.26529 -1.2968
-1.2633 -1.29916
-1.2619 -1.29875
-1.26316 -1.29925
-1.26393 -1.29803
-1.26202 -1.29762
-1.26355 -1.29872
-1.26488 -1.2983
-1.26177 -1.29918
-1.26138 -1.29999
-1.26088 -1.29905
-1.26265 -1.30017
-1.26202 -1.29979
-1.26135 -1.29596
-1.262 -1.3013
-1.26346 -1.29857
-1.25957 -1.29815
-1.26504 -1.29766
-1.26259 -1.30041
-1.26469 -1.29394
-1.26175 -1.30213
-1.26076 -1.2975
-1.26309 -1.29902
-1.2594 -1.29843
-1.26312 -1.29958
-1.26316 -1.29842
-1.26321 -1.29645
-1.2618 -1.29817
-1.26476 -1.29775
-1.25989 -1.29815
-1.26267 -1.29608
-1.26533 -1.29937
-1.2622 -1.29913
-1.26254 -1.29371
-1.26274 -1.29891
-1.26131 -1.29692
-1.26378 -1.29674
-1.26294 -1.29974
-1.2621 -1.29778
-1.26242 -1.29574
-1.25993 -1.29906
-1.26295 -1.2976
-1.26291 -1.29694
-1.26002 -1.29787
-1.2606 -1.29894
-1.26264 -1.296
-1.25953 -1.30043
-1.26141 -1.29693
-1.26003 -1.29687
-1.25954 -1.2984
-1.26212 -1.30004
-1.26085 -1.29743
-1.26221 -1.29743
-1.26078 -1.29749
-1.26244 -1.29613
-1.2609 -1.29465
-1.26382 -1.29513
-1.26289 -1.29791
-1.25871 -1.29521
-1.26202 -1.29785
-1.26218 -1.29724
-1.26027 -1.29621
-1.25938 -1.29651
-1.25777 -1.29865
-1.26121 -1.2978
-1.25781 -1.29779
-1.26075 -1.29676
-1.25794 -1.29641
-1.26078 -1.29533
-1.26093 -1.29769
-1.25823 -1.29788
-1.26118 -1.29437
-1.2603 -1.29916
-1.26104 -1.2965
-1.25953 -1.29863
-1.2611 -1.29917
-1.26006 -1.29412
-1.26 -1.29752
-1.26151 -1.29562
-1.26027 -1.2959
-1.25967 -1.29644
-1.26006 -1.29544
-1.26094 -1.29645
-1.2606 -1.29668
-1.25992 -1.29421
-1.26047 -1.29386
-1.26117 -1.29465
-1.26006 -1.29377
-1.26217 -1.29508
-1.25947 -1.29492
-1.26061 -1.29496
-1.26042 -1.29789
-1.25802 -1.29477
-1.26025 -1.29529
-1.2583 -1.29853
-1.26222 -1.29258
-1.25685 -1.29956
-1.26102 -1.29561
-1.25967 -1.29655
-1.26189 -1.29614
-1.25586 -1.29742
-1.2603 -1.29832
-1.25769 -1.2966
-1.25967 -1.29667
-1.25911 -1.29944
-1.25926 -1.29362
-1.25978 -1.29526
-1.25774 -1.29612
-1.26141 -1.29499
-1.26047 -1.29403
-1.2585 -1.29903
-1.25878 -1.29471
-1.26026 -1.29753
-1.25883 -1.29614
-1.26074 -1.29735
-1.25813 -1.29694
-1.25871 -1.2935
-1.25989 -1.29854
-1.25862 -1.29486
-1.25881 -1.29553
-1.25834 -1.2957
-1.26087 -1.29687
-1.25862 -1.2976
-1.25802 -1.2964
-1.26164 -1.29753
-1.25933 -1.29454
-1.25893 -1.29875
-1.26019 -1.29489
-1.25891 -1.29948
-1.25928 -1.29341
-1.25827 -1.29951
-1.2567 -1.29603
-1.25865 -1.29739
-1.26044 -1.29741
-1.25793 -1.29523
-1.25793 -1.2975
-1.2574 -1.29824
-1.26002 -1.29622
-1.25636 -1.29898
-1.25979 -1.29548
-1.25725 -1.29724
-1.25922 -1.29515
-1.25888 -1.29596
-1.25885 -1.29405
-1.25878 -1.29428
-1.25849 -1.29678
-1.25661 -1.29573
-1.25797 -1.29912
-1.26124 -1.29482
-1.25518 -1.29815
-1.25733 -1.29833
-1.25969 -1.29622
-1.25794 -1.2975
-1.25918 -1.29601
-1.25692 -1.29686
-1.25991 -1.29594
-1.25839 -1.29692
-1.25765 -1.29608
-1.25933 -1.29651
-1.25741 -1.29381
-1.25813 -1.29624
-1.2586 -1.29776
-1.25985 -1.29584
-1.25755 -1.29614
-1.25981 -1.29616
-1.25957 -1.29582
-1.2596 -1.29864
-1.25766 -1.29758
-1.25855 -1.29448
-1.25541 -1.2979
-1.26074 -1.29475
-1.25851 -1.29588
-1.2603 -1.29816
-1.25572 -1.29611
-1.25803 -1.29669
-1.2578 -1.29707
-1.25822 -1.29682
-1.25865 -1.29419
-1.25791 -1.29605
-1.2575 -1.29615
-1.25641 -1.29491
-1.25898 -1.29557
-1.25895 -1.29272
-1.25945 -1.29562
-1.25807 -1.29445
-1.25967 -1.29504
-1.25702 -1.29478
-1.25855 -1.29389
-1.25554 -1.29783
-1.26089 -1.29078
-1.25762 -1.29584
-1.25869 -1.29507
-1.25561 -1.29571
-1.25977 -1.29433
-1.25796 -1.29196
-1.25753 -1.29409
-1.25907 -1.29409
-1.25762 -1.29561
-1.25889 -1.29126
-1.25668 -1.29634
-1.25669 -1.29547
-1.25809 -1.29311
-1.25754 -1.294
-1.25774 -1.29489
-1.25895 -1.29133
-1.25617 -1.29328
-1.25862 -1.29557
-1.25563 -1.29504
-1.25748 -1.29341
-1.25807 -1.2942
-1.25799 -1.29346
-1.25727 -1.29383
-1.25733 -1.29461
-1.25721 -1.29324
-1.25359 -1.2965
-1.25625 -1.2953
-1.25387 -1.29485
