0 0
-0.0871731 -0.0820041
-0.171549 -0.16165
-0.25292 -0.238653
-0.331294 -0.313145
-0.406663 -0.385141
-0.479054 -0.454572
-0.548635 -0.52108
-0.615305 -0.58588
-0.67853 -0.64621
-0.737732 -0.707064
-0.796323 -0.762161
-0.849887 -0.816048
-0.900738 -0.866485
-0.948929 -0.914845
-0.992327 -0.960715
-1.03363 -1.00392
-1.07154 -1.0424
-1.10298 -1.08226
-1.13699 -1.11722
-1.16214 -1.14693
-1.18434 -1.17895
-1.20936 -1.205
-1.22376 -1.23559
-1.2385 -1.25377
-1.24894 -1.27738
-1.2624 -1.2956
-1.2687 -1.31033
-1.27236 -1.32958
-1.28328 -1.34287
-1.28682 -1.35812
-1.28588 -1.35282
-1.28696 -1.3545
-1.28332 -1.35484
-1.28637 -1.35034
-1.2846 -1.35124
-1.28323 -1.35207
-1.28453 -1.35195
-1.28545 -1.35199
-1.28726 -1.35041
-1.28525 -1.35374
-1.28368 -1.34931
-1.28447 -1.35142
-1.28191 -1.35179
-1.28521 -1.35078
-1.28492 -1.34847
-1.28428 -1.34618
-1.28408 -1.34971
-1.28321 -1.34896
-1.28353 -1.35049
-1.28527 -1.345
-1.28284 -1.35081
-1.2857 -1.34766
-1.28466 -1.34892
-1.2838 -1.34744
-1.28345 -1.34678
-1.28604 -1.34949
-1.28296 -1.34988
-1.28389 -1.34357
-1.284 -1.34524
-1.28123 -1.34799
-1.2818 -1.34725
-1.28093 -1.34673
-1.28451 -1.34357
-1.28149 -1.34151
-1.28192 -1.34447
-1.28148 -1.34751
-1.28144 -1.34667
-1.28196 -1.34346
-1.28099 -1.34548
-1.28248 -1.34059
-1.28224 -1.34256
-1.27955 -1.34482
-1.27955 -1.34466
-1.2822 -1.34362
-1.28132 -1.34577
-1.28215 -1.34483
-1.28423 -1.34135
-1.27997 -1.34119
-1.28223 -1.34166
-1.27828 -1.34509
-1.27978 -1.34021
-1.27611 -1.34425
-1.27866 -1.34179
-1.27786 -1.34328
-1.27853 -1.34202
-1.27827 -1.33858
-1.27789 -1.33853
-1.27963 -1.34025
-1.27834 -1.33737
-1.28076 -1.33866
-1.27915 -1.34095
-1.28034 -1.33765
-1.27841 -1.34083
-1.27991 -1.34002
-1.27648 -1.3417
-1.28046 -1.33434
-1.27969 -1.3391
-1.27739 -1.33853
-1.28119 -1.33673
-1.27723 -1.33904
-1.28019 -1.33785
-1.27928 -1.33713
-1.27628 -1.33797
-1.28098 -1.3354
-1.27859 -1.34107
-1.27881 -1.33613
-1.27991 -1.33464
-1.27881 -1.33994
-1.27881 -1.33756
-1.28019 -1.33388
-1.28026 -1.33397
-1.27748 -1.33596
-1.2829 -1.33227
-1.27925 -1.33089
-1.28032 -1.334
-1.27766 -1.33633
-1.27766 -1.33397
-1.2801 -1.33381
-1.27833 -1.33437
-1.28055 -1.33116
-1.27841 -1.33365
-1.27767 -1.33373
-1.27584 -1.33263
-1.27777 -1.33178
-1.2768 -1.32909
-1.27952 -1.32785
-1.27367 -1.33022
-1.27724 -1.33082
-1.27826 -1.32905
-1.28001 -1.3277
-1.2764 -1.32817
-1.27808 -1.32864
-1.27579 -1.3295
-1.27659 -1.33037
-1.27925 -1.32481
-1.27723 -1.32904
-1.27576 -1.32731
-1.27598 -1.32866
-1.27351 -1.33424
-1.27608 -1.32369
-1.27604 -1.32897
-1.27909 -1.32522
-1.27668 -1.3288
-1.27608 -1.33033
-1.27323 -1.33084
-1.27521 -1.33065
-1.274 -1.32873
-1.27815 -1.32573
-1.2719 -1.32685
-1.27441 -1.32991
-1.27233 -1.32694
-1.27133 -1.32857
-1.27535 -1.32708
-1.277 -1.32693
-1.271 -1.32771
-1.27436 -1.32738
-1.27213 -1.32569
-1.27528 -1.33017
-1.2712 -1.32902
-1.2725 -1.32556
-1.27482 -1.32103
-1.27607 -1.32603
-1.27267 -1.3258
-1.27443 -1.32347
-1.2749 -1.3277
-1.27273 -1.32552
-1.27618 -1.32214
-1.27202 -1.32572
-1.2732 -1.32265
-1.27463 -1.32548
-1.27058 -1.32387
-1.27198 -1.32788
-1.27078 -1.32675
-1.26906 -1.32721
-1.27299 -1.3256
-1.27083 -1.3264
-1.27156 -1.32388
-1.27277 -1.32204
-1.27008 -1.32866
-1.26942 -1.32504
-1.27069 -1.32524
-1.27258 -1.32776
-1.2675 -1.32643
-1.2703 -1.3233
-1.27003 -1.32353
-1.26873 -1.32577
-1.27117 -1.3236
-1.27045 -1.32304
-1.26801 -1.32667
-1.27147 -1.32235
-1.27118 -1.32294
-1.27002 -1.32373
-1.26889 -1.32227
-1.26816 -1.32198
-1.27005 -1.32228
-1.26955 -1.32105
-1.27143 -1.32363
-1.27444 -1.31909
-1.26619 -1.32199
-1.26798 -1.32138
-1.27086 -1.31752
-1.26915 -1.32094
-1.268 -1.31912
-1.27016 -1.31896
-1.27108 -1.31812
-1.26944 -1.31879
-1.26908 -1.31863
-1.26572 -1.319
-1.26583 -1.32032
-1.26545 -1.32053
-1.26623 -1.3215
-1.26793 -1.31817
-1.26705 -1.3218
-1.26538 -1.32221
-1.2665 -1.32302
-1.2638 -1.32312
-1.26439 -1.32143
-1.26692 -1.32354
-1.26449 -1.31942
-1.26274 -1.32362
-1.2661 -1.31989
-1.26236 -1.32393
-1.26607 -1.31843
-1.2693 -1.31689
-1.26323 -1.31839
-1.26387 -1.32125
-1.26483 -1.32248
-1.26786 -1.31574
-1.26099 -1.32127
-1.26592 -1.32004
-1.26161 -1.31778
-1.26749 -1.31784
-1.26431 -1.31806
-1.26557 -1.31753
-1.26717 -1.31874
-1.26927 -1.31683
-1.26367 -1.32066
-1.26832 -1.31918
-1.26291 -1.32062
-1.2642 -1.31705
-1.26218 -1.31924
-1.26034 -1.32258
-1.26027 -1.31978
-1.26311 -1.3187
-1.26392 -1.31792
-1.26339 -1.3144
-1.26312 -1.31803
-1.26259 -1.31833
-1.2641 -1.31769
-1.26112 -1.3235
-1.26795 -1.3156
-1.26489 -1.31514
-1.26387 -1.31774
-1.26339 -1.31843
-1.26495 -1.31466
-1.26399 -1.31723
-1.26674 -1.31313
-1.2646 -1.31447
-1.26431 -1.3149
-1.26062 -1.31695
-1.26257 -1.31628
-1.26268 -1.31375
-1.26355 -1.31654
-1.26427 -1.31059
-1.25908 -1.31581
-1.26178 -1.31301
-1.26031 -1.31448
-1.26254 -1.31194
-1.26064 -1.31353
-1.26134 -1.31428
-1.25936 -1.31565
-1.26025 -1.31214
-1.26258 -1.31387
-1.26196 -1.3096
-1.26417 -1.30834
-1.26235 -1.31113
-1.25967 -1.31104
-1.26312 -1.3111
-1.25709 -1.31354
-1.25934 -1.31132
-1.26023 -1.31087
-1.2564 -1.31531
-1.2579 -1.31556
-1.25719 -1.31525
-1.26232 -1.3131
-1.26066 -1.31221
-1.25716 -1.31071
-1.26185 -1.31373
-1.25982 -1.30986
-1.25912 -1.31058
-1.26049 -1.31059
-1.2608 -1.30878
-1.25995 -1.31033
-1.26056 -1.30658
-1.25771 -1.3094
-1.25852 -1.31482
-1.25735 -1.30801
-1.26119 -1.31381
-1.25776 -1.30918
-1.25894 -1.30886
-1.25871 -1.30852
-1.25825 -1.30676
-1.25839 -1.30669
-1.25691 -1.30752
-1.25541 -1.30931
-1.25856 -1.30536
-1.25652 -1.30775
-1.25474 -1.30814
-1.25848 -1.30305
-1.2568 -1.30655
-1.25205 -1.31049
-1.25622 -1.30707
-1.25496 -1.30556
-1.25464 -1.30543
-1.25426 -1.30579
-1.25248 -1.30439
-1.25382 -1.3069
-1.254 -1.30502
-1.25596 -1.30601
-1.25815 -1.30502
-1.25253 -1.30517
-1.25672 -1.30564
-1.2536 -1.30649
-1.2563 -1.30187
-1.25237 -1.30726
-1.25666 -1.30328
-1.25225 -1.30364
-1.25257 -1.30538
-1.25575 -1.30252
-1.251 -1.3056
-1.25165 -1.30443
-1.25221 -1.30458
-1.25236 -1.29971
-1.25391 -1.30353
-1.25108 -1.30323
-1.25353 -1.30279
-1.25376 -1.30556
-1.2496 -1.30546
-1.25267 -1.3052
-1.2518 -1.30268
-1.25116 -1.30499
-1.25342 -1.30093
-1.25073 -1.30338
-1.25258 -1.30552
-1.25149 -1.30434
-1.25021 -1.30538
-1.25059 -1.30554
-1.25539 -1.30176
-1.24806 -1.30282
-1.25358 -1.30209
-1.24965 -1.30677
-1.24938 -1.30309
-1.25178 -1.30507
-1.24837 -1.30568
-1.25149 -1.30222
-1.25135 -1.30372
-1.24883 -1.30058
-1.25183 -1.30283
-1.25142 -1.30322
-1.24921 -1.29973
-1.25407 -1.29899
-1.24896 -1.30148
-1.25284 -1.29647
-1.24804 -1.30275
-1.25402 -1.2985
-1.24856 -1.29732
-1.25375 -1.29753
-1.24998 -1.29773
-1.24984 -1.30215
-1.25226 -1.29832
-1.2526 -1.29915
-1.24783 -1.29873
-1.25057 -1.30059
-1.25033 -1.29541
-1.2486 -1.3013
-1.24649 -1.29661
-1.24855 -1.29905
-1.24774 -1.29912
-1.24635 -1.29888
-1.24902 -1.29725
-1.24574 -1.29844
-1.25005 -1.29748
-1.24336 -1.29994
-1.24936 -1.29596
-1.24378 -1.29699
-1.24764 -1.29875
-1.24819 -1.29659
-1.24711 -1.29663
-1.2455 -1.29735
-1.24483 -1.29791
-1.24857 -1.29403
-1.24579 -1.29864
-1.24467 -1.29556
-1.24542 -1.29543
-1.24503 -1.29657
-1.24371 -1.29702
-1.24589 -1.29454
-1.24378 -1.29675
-1.24556 -1.2932
-1.24677 -1.29447
-1.24497 -1.29303
-1.24481 -1.2954
-1.24439 -1.29638
-1.24491 -1.29454
-1.24637 -1.29196
-1.24607 -1.29458
-1.24633 -1.29068
-1.24683 -1.29279
-1.2446 -1.29316
-1.24611 -1.28947
-1.24521 -1.29369
-1.24453 -1.29548
-1.24338 -1.29271
-1.24461 -1.29723
-1.24413 -1.28967
-1.24445 -1.29197
-1.24687 -1.29316
-1.24328 -1.29488
-1.24579 -1.29346
-1.24435 -1.29412
-1.24381 -1.29386
-1.24678 -1.29181
-1.24455 -1.29152
-1.24478 -1.28855
-1.2418 -1.29645
-1.24466 -1.28937
-1.24221 -1.29318
-1.24204 -1.2945
-1.24095 -1.29224
-1.245 -1.29037
-1.24093 -1.29285
-1.24694 -1.29026
-1.24105 -1.29261
-1.24507 -1.29426
-1.24024 -1.29233
-1.24578 -1.29154
-1.24373 -1.29143
-1.24279 -1.29178
-1.248 -1.28691
-1.24226 -1.29421
-1.24122 -1.29084
-1.23892 -1.29299
-1.23911 -1.29165
-1.24213 -1.28813
-1.23711 -1.29111
-1.23898 -1.29293
-1.24161 -1.28317
-1.23822 -1.29032
-1.24011 -1.2904
-1.24081 -1.28618
-1.23962 -1.28847
-1.24148 -1.28889
-1.24046 -1.28762
-1.24041 -1.28524
-1.24254 -1.28707
-1.23996 -1.28545
-1.24033 -1.28441
-1.24027 -1.28526
-1.23725 -1.28646
-1.24026 -1.28421
-1.23698 -1.29111
-1.23906 -1.28319
-1.2387 -1.28842
-1.23562 -1.28731
-1.23877 -1.28723
-1.23456 -1.28844
-1.2368 -1.28627
-1.2359 -1.28855
-1.23521 -1.28933
-1.23777 -1.28375
-1.23469 -1.29054
-1.23954 -1.28511
-1.23965 -1.28496
-1.23662 -1.28461
-1.23759 -1.28734
-1.23782 -1.28682
-1.23927 -1.28593
-1.23855 -1.28366
-1.23985 -1.28235
-1.24082 -1.28378
-1.23964 -1.28326
-1.24173 -1.27962
-1.23712 -1.28818
-1.24141 -1.27945
-1.23922 -1.28417
-1.24099 -1.28226
-1.23956 -1.28138
-1.24078 -1.27943
-1.24092 -1.28509
-1.24094 -1.28078
-1.23851 -1.28019
-1.23916 -1.27991
-1.24013 -1.27503
-1.23703 -1.27994
-1.2392 -1.28132
-1.23861 -1.27894
-1.23682 -1.28124
-1.23875 -1.27784
-1.23818 -1.27707
-1.23662 -1.28099
-1.23571 -1.27979
-1.24225 -1.2759
-1.23667 -1.28112
-1.23581 -1.27877
-1.23559 -1.27834
-1.23651 -1.28137
-1.23713 -1.28042
-1.23645 -1.2774
-1.23537 -1.28126
-1.23765 -1.27925
-1.23624 -1.28074
-1.23669 -1.27446
-1.23392 -1.2778
-1.23696 -1.28121
-1.23355 -1.27687
-1.23862 -1.2774
-1.23654 -1.27636
-1.23322 -1.28049
-1.23253 -1.28137
-1.23438 -1.27672
-1.23063 -1.28017
-1.23183 -1.28021
-1.23137 -1.27743
-1.23445 -1.27709
-1.23388 -1.27383
-1.23229 -1.27829
-1.23053 -1.28156
-1.23295 -1.28154
-1.23592 -1.27498
-1.23239 -1.27836
-1.2343 -1.27628
-1.23464 -1.27503
-1.23471 -1.27727
-1.23162 -1.27561
-1.2316 -1.2761
-1.2348 -1.2743
-1.2301 -1.27712
-1.23427 -1.27531
-1.23308 -1.27695
-1.23344 -1.27674
-1.22933 -1.27892
-1.23133 -1.27908
-1.23125 -1.27775
-1.22779 -1.27761
-1.22726 -1.27669
-1.22824 -1.2795
-1.22979 -1.27802
-1.22856 -1.27754
-1.2297 -1.27395
-1.23147 -1.27518
-1.23316 -1.2761
-1.23186 -1.27611
-1.23031 -1.27664
-1.2286 -1.27754
-1.22889 -1.27567
-1.22814 -1.27907
-1.23092 -1.27841
-1.22921 -1.2737
-1.23062 -1.2732
-1.22999 -1.27786
-1.22833 -1.27822
-1.23031 -1.27332
-1.23059 -1.27138
-1.23108 -1.27366
-1.22969 -1.27212
-1.22817 -1.27632
-1.22981 -1.27343
-1.23162 -1.27037
-1.22842 -1.27386
-1.22839 -1.27313
-1.22612 -1.27573
-1.22871 -1.27368
-1.22896 -1.27529
-1.2258 -1.27286
-1.22854 -1.27542
-1.22479 -1.27236
-1.22564 -1.27409
-1.22868 -1.27029
-1.22493 -1.27209
-1.23014 -1.27047
-1.22918 -1.27273
-1.23007 -1.26703
-1.22719 -1.2751
-1.22829 -1.27081
-1.2253 -1.26942
-1.22787 -1.27537
-1.22716 -1.27201
-1.22793 -1.27045
-1.22538 -1.27252
-1.22948 -1.27
-1.22476 -1.26917
-1.22683 -1.27378
-1.22579 -1.27014
-1.22633 -1.27156
-1.22729 -1.27182
-1.22464 -1.27113
-1.22749 -1.27358
-1.22545 -1.27091
-1.22704 -1.26949
-1.22708 -1.27097
-1.22713 -1.26992
-1.22586 -1.26712
-1.22535 -1.26924
-1.22515 -1.27227
-1.22667 -1.26752
-1.22484 -1.26801
-1.2248 -1.26951
-1.22654 -1.26854
-1.22497 -1.26493
-1.2249 -1.26638
-1.22457 -1.26615
-1.22301 -1.26756
-1.22738 -1.26652
-1.22308 -1.26469
-1.2275 -1.26338
-1.22637 -1.2636
-1.22491 -1.26396
-1.2267 -1.26273
-1.22598 -1.26839
-1.22594 -1.26078
-1.22416 -1.2687
-1.22448 -1.26468
-1.2237 -1.26602
-1.2247 -1.26658
-1.22656 -1.26271
-1.22636 -1.26502
-1.2242 -1.26714
-1.22573 -1.2622
-1.22513 -1.26142
-1.2241 -1.26739
-1.22481 -1.26167
-1.22323 -1.26679
-1.22579 -1.26319
-1.22495 -1.26558
-1.22364 -1.26494
-1.22233 -1.26418
-1.22231 -1.26138
-1.22446 -1.26049
-1.22367 -1.26156
-1.22277 -1.26316
-1.22412 -1.26291
-1.22292 -1.26263
-1.22149 -1.26581
-1.22244 -1.26292
-1.22312 -1.26044
-1.22141 -1.2625
-1.22317 -1.26169
-1.22479 -1.26093
-1.22405 -1.26097
-1.22136 -1.26218
-1.22047 -1.26478
-1.22211 -1.26085
-1.2217 -1.26402
-1.22121 -1.26192
-1.22239 -1.2637
-1.22146 -1.25754
-1.22253 -1.26279
-1.22369 -1.25615
-1.22176 -1.26327
-1.22345 -1.25819
-1.22081 -1.26652
-1.22194 -1.25924
-1.22179 -1.263
-1.22303 -1.25673
-1.22183 -1.25972
-1.22363 -1.2577
-1.22299 -1.25859
-1.22205 -1.26173
-1.21744 -1.2623
-1.22227 -1.26699
-1.22091 -1.26139
-1.22317 -1.25655
-1.22177 -1.26067
-1.22212 -1.2596
-1.22155 -1.25811
-1.22424 -1.2578
-1.22198 -1.26104
-1.22092 -1.25707
-1.22192 -1.25716
-1.2212 -1.25567
-1.21856 -1.26096
-1.21853 -1.2589
-1.22212 -1.25813
-1.21961 -1.25878
-1.2183 -1.2607
-1.22351 -1.25595
-1.2182 -1.25919
-1.22244 -1.25629
-1.21966 -1.25743
-1.22204 -1.25435
-1.21927 -1.25592
-1.22136 -1.25641
-1.21858 -1.25785
-1.221 -1.2566
-1.22168 -1.2558
-1.21887 -1.25858
-1.22125 -1.25638
-1.2221 -1.25748
-1.22003 -1.25679
-1.22225 -1.25743
-1.22057 -1.25738
-1.22284 -1.25541
-1.21838 -1.26202
-1.2169 -1.25734
-1.21895 -1.26118
-1.22086 -1.2555
-1.22101 -1.25136
-1.21964 -1.25929
-1.22495 -1.25093
-1.21571 -1.2594
-1.22138 -1.25692
-1.22321 -1.25412
-1.22145 -1.25475
-1.21967 -1.25725
-1.22223 -1.25633
-1.2208 -1.25656
-1.22357 -1.25429
-1.22178 -1.25673
-1.21953 -1.25675
-1.22262 -1.25669
-1.22253 -1.25263
-1.22085 -1.25268
-1.2194 -1.25489
-1.22019 -1.254
-1.21943 -1.25535
-1.21945 -1.25278
-1.21779 -1.25672
-1.2149 -1.25501
-1.21579 -1.25588
-1.21917 -1.25531
-1.21771 -1.25453
-1.21997 -1.25316
-1.22098 -1.25359
-1.21892 -1.25053
-1.21807 -1.25576
-1.21912 -1.25503
-1.21604 -1.25666
-1.21662 -1.25576
-1.21873 -1.25327
-1.21589 -1.2538
-1.22129 -1.25144
-1.21697 -1.25133
-1.21852 -1.2521
-1.21654 -1.25635
-1.22112 -1.25127
-1.21799 -1.25467
-1.22004 -1.2527
-1.21919 -1.25325
-1.218 -1.25182
-1.21821 -1.24952
-1.21684 -1.25554
-1.21537 -1.25255
-1.21737 -1.25255
-1.21895 -1.24954
-1.21891 -1.25329
-1.21697 -1.25268
-1.21652 -1.25161
-1.21699 -1.25076
-1.21648 -1.25519
-1.21188 -1.25477
-1.21688 -1.25016
-1.21512 -1.25548
-1.21278 -1.25232
-1.21395 -1.25706
-1.21675 -1.24968
-1.21815 -1.25259
-1.21729 -1.24965
-1.21611 -1.25124
-1.21521 -1.25078
-1.21725 -1.25025
-1.21501 -1.25211
-1.2153 -1.25268
-1.21605 -1.25022
-1.21289 -1.25289
-1.21738 -1.24812
-1.21392 -1.25212
-1.2172 -1.24558
-1.21194 -1.25577
-1.21724 -1.24561
-1.21488 -1.25256
-1.21703 -1.24269
-1.21836 -1.24869
-1.21659 -1.24424
-1.21853 -1.24523
-1.21286 -1.24585
-1.21953 -1.24732
-1.21458 -1.24827
-1.2207 -1.24397
-1.21766 -1.24307
-1.21566 -1.24628
-1.21717 -1.24561
-1.21473 -1.24644
-1.21526 -1.2482
-1.21219 -1.24888
-1.21643 -1.24549
-1.21327 -1.24552
-1.21765 -1.2433
-1.21672 -1.24152
-1.21488 -1.24843
-1.21541 -1.24344
-1.21463 -1.24821
-1.21304 -1.24574
-1.21736 -1.2437
-1.21405 -1.24559
-1.21691 -1.24483
-1.21514 -1.24863
-1.21412 -1.2442
-1.21338 -1.24428
-1.21456 -1.24582
-1.21175 -1.24435
-1.21512 -1.24443
-1.21327 -1.24458
-1.21872 -1.24006
-1.21403 -1.24502
-1.21515 -1.23882
-1.21232 -1.24506
-1.21254 -1.24545
-1.21204 -1.24164
-1.21225 -1.24311
-1.2141 -1.24212
-1.2107 -1.24182
-1.21292 -1.24211
-1.21413 -1.23732
-1.21244 -1.24233
-1.21412 -1.24007
-1.21238 -1.2423
-1.21359 -1.23798
-1.21208 -1.23968
-1.21135 -1.2425
-1.21256 -1.24118
-1.20974 -1.24313
-1.21254 -1.2402
-1.2155 -1.24012
-1.21242 -1.24039
-1.21023 -1.24366
-1.21188 -1.24388
-1.20917 -1.24288
-1.21292 -1.2436
-1.20966 -1.24405
-1.21454 -1.23747
-1.21284 -1.23805
-1.21149 -1.23769
-1.20944 -1.24002
-1.20929 -1.24053
-1.20966 -1.24054
-1.20589 -1.24404
-1.20978 -1.23793
-1.20973 -1.23809
-1.21047 -1.23842
-1.21243 -1.23618
-1.21035 -1.23405
-1.20802 -1.24225
-1.21001 -1.23752
-1.21037 -1.24101
-1.20919 -1.23993
-1.208 -1.23781
-1.2076 -1.24271
-1.20816 -1.24095
-1.20909 -1.23742
-1.2077 -1.23861
-1.21089 -1.23666
-1.20841 -1.23906
-1.20409 -1.24219
-1.20656 -1.24134
-1.20807 -1.23902
-1.2029 -1.24371
-1.20924 -1.23554
-1.20681 -1.24205
-1.20636 -1.23608
-1.20721 -1.24146
-1.20386 -1.2435
-1.20617 -1.23927
-1.20489 -1.23752
-1.20574 -1.23967
-1.20478 -1.23736
-1.20341 -1.24218
-1.20693 -1.23841
-1.20362 -1.2399
-1.20471 -1.23869
-1.20314 -1.24002
-1.20579 -1.24086
-1.20154 -1.24059
-1.20386 -1.24063
-1.206 -1.23626
-1.20212 -1.24266
-1.20569 -1.23495
-1.20577 -1.23959
-1.20238 -1.23791
-1.20414 -1.23935
-1.2038 -1.23869
-1.20344 -1.23999
-1.20346 -1.23962
-1.20511 -1.23519
-1.20442 -1.24037
-1.20511 -1.24091
-1.20619 -1.23342
-1.20823 -1.23637
-1.20537 -1.23556
-1.20434 -1.23765
-1.20645 -1.23692
-1.20209 -1.23949
-1.20218 -1.23774
-1.20383 -1.23743
-1.20359 -1.23628
-1.20065 -1.23899
-1.20426 -1.23695
-1.20335 -1.23541
-1.2031 -1.23418
-1.20447 -1.23648
-1.20398 -1.23365
-1.20222 -1.23927
-1.20343 -1.23594
-1.20168 -1.23313
-1.20358 -1.23464
-1.2012 -1.23256
-1.20296 -1.23916
-1.20528 -1.23145
-1.2053 -1.23295
-1.20207 -1.23766
-1.20277 -1.23558
-1.20125 -1.23468
-1.19992 -1.23794
-1.19986 -1.23566
-1.2015 -1.23701
-1.20307 -1.23395
-1.20163 -1.23772
-1.2025 -1.23114
-1.20474 -1.23266
-1.20085 -1.23545
-1.20483 -1.23141
-1.20398 -1.23376
-1.20357 -1.23045
-1.20035 -1.23356
-1.20387 -1.23467
-1.20401 -1.22958
-1.20533 -1.23117
-1.20496 -1.23022
-1.20421 -1.23141
-1.20416 -1.23147
-1.20568 -1.2327
-1.20119 -1.23218
-1.20418 -1.23287
-1.19992 -1.23516
-1.20249 -1.23353
-1.20257 -1.23353
-1.20481 -1.23058
-1.20026 -1.2324
-1.20695 -1.22647
-1.19985 -1.23613
-1.20221 -1.2336
-1.2051 -1.2329
-1.20101 -1.23211
-1.2025 -1.23228
-1.20272 -1.23242
-1.20118 -1.22892
-1.20413 -1.23317
-1.20263 -1.22784
-1.19951 -1.23348
-1.20304 -1.23028
-1.1989 -1.23451
-1.20411 -1.22832
-1.20007 -1.23197
-1.19985 -1.23221
-1.19995 -1.23431
-1.20307 -1.22868
-1.20127 -1.23277
-1.20423 -1.22662
-1.20312 -1.2332
-1.20274 -1.23034
-1.20274 -1.23114
-1.20166 -1.22999
-1.20161 -1.23104
-1.20102 -1.23102
-1.204 -1.23189
-1.20368 -1.23092
-1.20063 -1.23163
-1.2026 -1.2282
-1.20448 -1.22933
-1.2026 -1.2297
-1.20267 -1.2322
-1.20069 -1.2297
-1.20026 -1.22848
-1.20244 -1.22913
-1.20215 -1.23034
-1.20358 -1.22587
-1.204 -1.22638
-1.19983 -1.22879
-1.20322 -1.23059
-1.20011 -1.22701
-1.20174 -1.22553
-1.20052 -1.23004
-1.20342 -1.22591
-1.20124 -1.22717
-1.20327 -1.22756
-1.20419 -1.22673
-1.20368 -1.22589
-1.20108 -1.2266
-1.20149 -1.22762
-1.20046 -1.22754
-1.19952 -1.23074
-1.20266 -1.2284
-1.20163 -1.22633
-1.20332 -1.22605
-1.20417 -1.22581
-1.20313 -1.22627
-1.20406 -1.22961
-1.20226 -1.22406
-1.20419 -1.22793
-1.20152 -1.22815
-1.20268 -1.2265
-1.19843 -1.22947
-1.20514 -1.22545
-1.20017 -1.22451
-1.20106 -1.2256
-1.20086 -1.22629
-1.20196 -1.22648
-1.20154 -1.22732
-1.20227 -1.22479
-1.20093 -1.22845
-1.20141 -1.22618
-1.2018 -1.22592
-1.20061 -1.22733
-1.20006 -1.22677
-1.20408 -1.22209
-1.19964 -1.22758
-1.2041 -1.22197
-1.2004 -1.22672
-1.20483 -1.22281
-1.20084 -1.22547
-1.20385 -1.22607
-1.20346 -1.22207
-1.20015 -1.22865
-1.20174 -1.22665
-1.20423 -1.22599
-1.20067 -1.2239
-1.20181 -1.2263
-1.20249 -1.22702
-1.20257 -1.22207
-1.20169 -1.2274
-1.19892 -1.22666
-1.20356 -1.22291
-1.20255 -1.22395
-1.20101 -1.22639
-1.20402 -1.22402
-1.19977 -1.22435
-1.20565 -1.22131
-1.20122 -1.2235
-1.20175 -1.22391
-1.20423 -1.21769
-1.20149 -1.22454
-1.20411 -1.21964
-1.20072 -1.22396
-1.20435 -1.21733
-1.20373 -1.22149
-1.20145 -1.21928
-1.20261 -1.21997
-1.20108 -1.22085
-1.20214 -1.22036
-1.20157 -1.22074
-1.19791 -1.22372
-1.19941 -1.22044
-1.20027 -1.2239
-1.1995 -1.22062
-1.20147 -1.22021
-1.19796 -1.22279
-1.20332 -1.22007
-1.20081 -1.22166
-1.1998 -1.22254
-1.19984 -1.22234
-1.19997 -1.22096
-1.19698 -1.22453
-1.20153 -1.21979
-1.19495 -1.22119
-1.19974 -1.21927
-1.19906 -1.22145
-1.19806 -1.22114
-1.19729 -1.22291
-1.19858 -1.21997
-1.195 -1.22178
-1.19525 -1.22267
-1.19623 -1.22221
-1.19405 -1.22009
-1.19838 -1.21744
-1.19848 -1.2181
-1.19874 -1.21576
-1.19911 -1.21571
-1.19524 -1.22076
-1.20012 -1.21506
-1.19691 -1.22079
-1.19886 -1.21613
-1.19355 -1.22159
-1.19903 -1.21803
-1.19428 -1.21895
-1.19374 -1.22213
-1.19899 -1.2145
-1.19625 -1.22015
-1.19479 -1.21835
-1.19634 -1.22092
-1.19689 -1.21874
-1.19699 -1.21833
-1.19588 -1.22166
-1.19789 -1.218
-1.19661 -1.2195
-1.19703 -1.21614
-1.19941 -1.21712
-1.19435 -1.21948
-1.19835 -1.21757
-1.1937 -1.21871
-1.19518 -1.22367
-1.19477 -1.21566
-1.19431 -1.21908
-1.19459 -1.22112
-1.19801 -1.21445
-1.19303 -1.21914
-1.19687 -1.21576
-1.19476 -1.21716
-1.19382 -1.2189
-1.19318 -1.21669
-1.19313 -1.21945
-1.19308 -1.22102
-1.19706 -1.21396
-1.19412 -1.21795
-1.19556 -1.21549
-1.19718 -1.21841
-1.19646 -1.2153
-1.19721 -1.21472
-1.19151 -1.22048
-1.19457 -1.21491
-1.18998 -1.2217
-1.19439 -1.22027
-1.19408 -1.21944
-1.19367 -1.21669
-1.18926 -1.22299
-1.19333 -1.21868
-1.19198 -1.21988
-1.19438 -1.21582
-1.18987 -1.22068
-1.19235 -1.21538
-1.19065 -1.22244
-1.19271 -1.21735
-1.19124 -1.21832
-1.19141 -1.21819
-1.18977 -1.22018
-1.19215 -1.21945
-1.19077 -1.21818
-1.19441 -1.21448
-1.18882 -1.22023
-1.1922 -1.21487
-1.19184 -1.21757
-1.18986 -1.21912
-1.19303 -1.21816
-1.18523 -1.21927
-1.19309 -1.21742
-1.18679 -1.21733
-1.18909 -1.21816
-1.18933 -1.21798
-1.18842 -1.21667
-1.18601 -1.21994
-1.18812 -1.21952
-1.18913 -1.2189
-1.18516 -1.22101
-1.19042 -1.21804
-1.19015 -1.21764
-1.19013 -1.21543
-1.18933 -1.21482
-1.19147 -1.21838
-1.19011 -1.214
-1.18822 -1.2183
-1.18911 -1.21606
-1.18845 -1.21719
-1.18885 -1.21891
-1.19307 -1.21381
-1.18868 -1.21472
-1.18943 -1.21585
-1.18857 -1.21731
-1.18931 -1.21276
-1.18779 -1.21679
-1.18814 -1.21787
-1.18903 -1.21553
-1.18848 -1.2153
-1.18754 -1.21525
-1.18825 -1.2158
-1.18679 -1.21445
-1.18939 -1.21584
-1.19094 -1.21447
-1.18929 -1.21352
-1.18991 -1.21172
-1.18719 -1.21565
-1.19035 -1.21408
-1.18814 -1.21544
-1.18981 -1.21604
-1.19034 -1.21391
-1.18945 -1.2145
-1.18874 -1.21486
-1.19098 -1.21209
-1.18795 -1.21485
-1.18625 -1.21422
-1.1871 -1.21358
-1.18992 -1.21075
-1.18323 -1.2181
-1.18716 -1.20952
-1.18412 -1.21689
-1.18565 -1.21593
-1.18763 -1.21458
-1.18613 -1.21349
-1.19112 -1.21077
-1.18564 -1.21466
-1.18624 -1.21299
-1.18683 -1.2129
-1.18456 -1.2148
-1.18718 -1.21088
-1.18744 -1.21329
-1.18824 -1.21341
-1.18925 -1.21341
-1.1862 -1.21324
-1.19178 -1.20967
-1.1846 -1.21538
-1.18809 -1.21074
-1.18799 -1.21206
-1.18502 -1.21514
-1.18519 -1.21327
-1.18478 -1.21297
-1.18641 -1.21501
-1.18792 -1.21092
-1.18468 -1.21396
-1.18403 -1.21352
-1.18754 -1.21071
-1.18631 -1.21291
-1.18391 -1.21395
-1.18593 -1.21256
-1.18777 -1.21147
-1.18349 -1.21398
-1.18595 -1.21234
-1.18552 -1.21139
-1.18664 -1.21009
-1.18639 -1.21084
-1.18814 -1.20728
-1.18498 -1.21442
-1.18728 -1.20888
-1.18486 -1.21366
-1.18607 -1.21125
-1.18662 -1.20994
-1.18212 -1.21724
-1.18563 -1.21442
-1.18541 -1.21417
-1.1857 -1.20943
-1.18669 -1.21105
-1.18584 -1.21172
-1.18306 -1.2129
-1.18658 -1.21128
-1.18553 -1.21298
-1.18599 -1.20954
-1.18499 -1.21282
-1.18563 -1.21273
-1.18389 -1.20971
-1.18668 -1.20818
-1.18455 -1.21294
-1.18341 -1.21242
-1.18416 -1.21024
-1.18281 -1.21566
-1.1824 -1.21178
-1.18266 -1.21425
-1.18277 -1.21178
-1.1855 -1.20961
-1.18437 -1.21249
-1.18234 -1.2127
-1.18758 -1.20985
-1.18072 -1.21231
-1.184 -1.21162
-1.18665 -1.20857
-1.18458 -1.21117
-1.18588 -1.21058
-1.18615 -1.20699
-1.1842 -1.2155
-1.18536 -1.20633
-1.18362 -1.20821
-1.18112 -1.21556
-1.18497 -1.20922
-1.18285 -1.21259
-1.18252 -1.21418
-1.18433 -1.21154
-1.18214 -1.21087
-1.1837 -1.21086
-1.18117 -1.20985
-1.18445 -1.21023
-1.18037 -1.21375
-1.18395 -1.20738
-1.18311 -1.21158
-1.18192 -1.20949
-1.18274 -1.21052
-1.17931 -1.21284
-1.18166 -1.2089
-1.18372 -1.21189
-1.18114 -1.21166
-1.18387 -1.2095
-1.1813 -1.21148
-1.17949 -1.20753
-1.17942 -1.2132
-1.18299 -1.20736
-1.18311 -1.20829
-1.18458 -1.20896
-1.18532 -1.2022
-1.18227 -1.21065
-1.18385 -1.20632
-1.17986 -1.2107
-1.18359 -1.2048
-1.18177 -1.20985
-1.18201 -1.20902
-1.17929 -1.21132
-1.18592 -1.20393
-1.18125 -1.20973
-1.18142 -1.20758
-1.18183 -1.20732
-1.1794 -1.20806
-1.18164 -1.20883
-1.18261 -1.20606
-1.18243 -1.21075
-1.1826 -1.20517
-1.18501 -1.20667
-1.18433 -1.20484
-1.18277 -1.20517
-1.18187 -1.20984
-1.18687 -1.20148
-1.17829 -1.20739
-1.18127 -1.20696
-1.18003 -1.21242
-1.18347 -1.20426
-1.18283 -1.20632
-1.18357 -1.20724
-1.18102 -1.20742
-1.18346 -1.2043
-1.18138 -1.20835
-1.18148 -1.20533
-1.18324 -1.20752
-1.18058 -1.20716
-1.18082 -1.20898
-1.1843 -1.20846
-1.18269 -1.20578
-1.18235 -1.20824
-1.18044 -1.20727
-1.18532 -1.20568
-1.18207 -1.20488
-1.18432 -1.20471
-1.1842 -1.20479
-1.18418 -1.20506
-1.18555 -1.20219
-1.18451 -1.20604
-1.18502 -1.20242
-1.18299 -1.20647
-1.18573 -1.20486
-1.18272 -1.20701
-1.18517 -1.20224
-1.18172 -1.2049
-1.18376 -1.20657
-1.18594 -1.20228
-1.18258 -1.20535
-1.18166 -1.20965
-1.18426 -1.20103
-1.18382 -1.20903
-1.1827 -1.20403
-1.18471 -1.20535
-1.18495 -1.20555
-1.18385 -1.20672
-1.18432 -1.20416
-1.18216 -1.20625
-1.18401 -1.20365
-1.18397 -1.20657
-1.18574 -1.20516
-1.18317 -1.20386
-1.18713 -1.20133
-1.18334 -1.2043
-1.18396 -1.20104
-1.18238 -1.20474
-1.18231 -1.20531
-1.18253 -1.20321
-1.18299 -1.20381
-1.18456 -1.20226
-1.18638 -1.20216
-1.18662 -1.20182
-1.18471 -1.20215
-1.18739 -1.20159
-1.18378 -1.20448
-1.18431 -1.20519
-1.18384 -1.19985
-1.18003 -1.20483
-1.18035 -1.20382
-1.18284 -1.20195
-1.18336 -1.20217
-1.18435 -1.19929
-1.18595 -1.20024
-1.18295 -1.19971
-1.18429 -1.20102
-1.18301 -1.19993
-1.18017 -1.20374
-1.18092 -1.20311
-1.17828 -1.20419
-1.18136 -1.19937
-1.18126 -1.20142
-1.18085 -1.19947
-1.1826 -1.2013
-1.17755 -1.20267
-1.17937 -1.20112
-1.18026 -1.19868
-1.17895 -1.20039
-1.18033 -1.1977
-1.17851 -1.20047
-1.18211 -1.19579
-1.1802 -1.19981
-1.17918 -1.19926
-1.18139 -1.19964
-1.18122 -1.20015
-1.17902 -1.20104
-1.17866 -1.20093
-1.17781 -1.20168
-1.17972 -1.19937
-1.17716 -1.20305
-1.18157 -1.20011
-1.17979 -1.19786
-1.18014 -1.20056
-1.18203 -1.19871
-1.18378 -1.19498
-1.17983 -1.19969
-1.17811 -1.19711
-1.18032 -1.19875
-1.17518 -1.20218
-1.17705 -1.19978
-1.17602 -1.20376
-1.17877 -1.20032
-1.1777 -1.20214
-1.17834 -1.20056
-1.18155 -1.19627
-1.17999 -1.19937
-1.18057 -1.19685
-1.17847 -1.19885
-1.17902 -1.19962
-1.17993 -1.19868
-1.17858 -1.2023
-1.17701 -1.19611
-1.17681 -1.19821
-1.18 -1.19877
-1.17947 -1.19702
-1.17974 -1.19812
-1.17934 -1.19905
-1.17944 -1.19729
-1.17696 -1.19777
-1.17597 -1.20257
-1.18042 -1.1965
-1.17595 -1.20026
-1.17946 -1.19849
-1.17639 -1.1986
-1.17646 -1.19949
-1.18215 -1.19555
-1.17732 -1.19929
-1.1776 -1.19555
-1.17839 -1.19727
-1.17733 -1.19722
-1.17792 -1.19907
-1.17952 -1.19625
-1.17559 -1.19885
-1.17889 -1.19943
-1.1772 -1.19835
-1.17597 -1.19612
-1.17609 -1.19884
-1.17664 -1.19728
-1.17538 -1.19918
-1.17608 -1.19512
-1.17603 -1.19653
-1.17708 -1.19733
-1.17326 -1.19629
-1.17867 -1.19307
-1.17667 -1.19543
-1.17461 -1.19825
-1.17583 -1.19256
-1.1759 -1.1977
-1.17504 -1.19504
-1.17547 -1.19421
-1.17672 -1.19715
-1.17761 -1.19241
-1.17471 -1.19621
-1.17682 -1.19204
-1.17766 -1.19317
-1.17548 -1.1943
-1.17446 -1.19525
-1.17531 -1.19735
-1.17205 -1.19865
-1.17409 -1.19349
-1.17361 -1.19652
-1.17268 -1.19779
-1.17574 -1.19263
-1.17723 -1.19076
-1.17303 -1.19547
-1.17691 -1.19306
-1.17445 -1.19206
-1.17558 -1.1925
-1.1776 -1.19256
-1.17416 -1.19295
-1.1762 -1.19126
-1.17539 -1.1929
-1.17576 -1.19206
-1.17422 -1.19287
-1.17484 -1.19153
-1.17487 -1.19395
-1.17419 -1.19315
-1.17367 -1.19354
-1.17476 -1.19318
-1.17424 -1.19328
-1.17331 -1.19105
-1.17457 -1.19289
-1.17312 -1.19505
-1.17704 -1.19018
-1.17295 -1.19433
-1.1735 -1.19032
-1.17467 -1.19341
-1.17805 -1.18739
-1.17358 -1.19419
-1.17601 -1.1908
-1.17444 -1.19206
-1.17377 -1.19212
-1.17541 -1.18766
-1.17308 -1.19277
-1.1758 -1.19072
-1.17283 -1.19304
-1.17371 -1.18853
-1.1724 -1.19347
-1.17247 -1.18928
-1.17352 -1.1916
-1.17391 -1.19009
-1.17176 -1.19321
-1.17578 -1.18606
-1.17117 -1.19041
-1.17563 -1.18785
-1.17008 -1.18947
-1.17449 -1.18949
-1.17243 -1.19059
-1.17368 -1.18751
-1.17372 -1.18857
-1.17199 -1.18719
-1.17666 -1.1897
-1.17162 -1.18753
-1.17405 -1.18965
-1.1727 -1.18953
-1.17078 -1.1912
-1.17156 -1.18652
-1.17214 -1.1903
-1.16924 -1.19192
-1.17122 -1.18685
-1.17242 -1.18887
-1.1704 -1.18988
-1.1713 -1.18874
-1.17093 -1.19132
-1.17168 -1.1901
-1.17316 -1.18658
-1.16932 -1.19008
-1.17201 -1.18783
-1.17385 -1.18753
-1.1712 -1.18841
-1.17331 -1.18592
-1.17313 -1.18794
-1.17185 -1.18545
-1.1714 -1.18674
-1.17294 -1.18768
-1.17165 -1.18734
-1.17081 -1.19016
-1.17133 -1.1843
-1.16965 -1.19039
-1.17129 -1.18588
-1.1714 -1.18506
-1.17084 -1.18726
-1.16911 -1.18331
-1.17175 -1.18633
-1.16737 -1.18935
-1.16595 -1.18806
-1.1692 -1.1877
-1.16815 -1.18795
-1.16762 -1.19028
-1.16841 -1.18731
-1.17251 -1.18457
-1.16713 -1.18958
-1.16856 -1.18832
-1.17124 -1.18492
-1.17239 -1.1864
-1.17036 -1.18482
-1.16652 -1.1854
-1.16965 -1.186
-1.16441 -1.19081
-1.16928 -1.18467
-1.16651 -1.18919
-1.17057 -1.18351
-1.16726 -1.18812
-1.17158 -1.18316
-1.1676 -1.1891
-1.1693 -1.1861
-1.16897 -1.18636
-1.16833 -1.18593
-1.16807 -1.18716
-1.16737 -1.18676
-1.16859 -1.18788
-1.16814 -1.186
-1.16809 -1.18829
-1.16781 -1.18864
-1.16789 -1.18658
-1.16878 -1.18768
-1.16711 -1.18774
-1.17116 -1.18244
-1.17014 -1.18695
-1.17074 -1.18444
-1.16874 -1.1844
-1.17035 -1.18396
-1.16661 -1.18985
-1.16732 -1.18693
-1.1681 -1.18713
-1.16555 -1.18825
-1.16529 -1.18851
-1.16806 -1.18702
-1.16743 -1.18613
-1.1668 -1.18743
-1.1694 -1.18356
-1.16743 -1.18634
-1.16842 -1.18657
-1.17039 -1.18367
-1.16523 -1.18676
-1.16458 -1.18749
-1.16844 -1.18544
-1.16483 -1.18557
-1.16847 -1.18435
-1.16588 -1.18639
-1.171 -1.18448
-1.16456 -1.18853
-1.17014 -1.1845
-1.16696 -1.18439
-1.16924 -1.18421
-1.16889 -1.18445
-1.16801 -1.18291
-1.17023 -1.18514
-1.167 -1.18405
-1.16544 -1.18832
-1.16713 -1.18307
-1.1692 -1.18433
-1.16765 -1.18332
-1.16689 -1.18476
-1.1683 -1.1846
-1.16731 -1.18301
-1.1674 -1.18452
-1.16637 -1.18298
-1.16848 -1.18355
-1.1663 -1.18301
-1.16994 -1.1837
-1.17109 -1.18103
-1.16735 -1.18368
-1.17081 -1.18189
-1.16899 -1.18261
-1.16881 -1.1832
-1.16909 -1.18101
-1.16814 -1.18487
-1.16918 -1.18146
-1.16772 -1.18649
-1.17048 -1.18084
-1.16837 -1.18258
-1.17059 -1.18272
-1.17002 -1.18284
-1.16585 -1.18494
-1.1674 -1.18649
-1.16902 -1.18209
-1.1661 -1.18516
-1.16778 -1.18324
-1.16686 -1.18534
-1.16613 -1.18425
-1.16633 -1.18272
-1.16712 -1.18358
-1.16597 -1.18565
-1.16848 -1.18172
-1.16694 -1.18503
-1.16572 -1.18621
-1.16725 -1.18333
-1.16454 -1.18693
-1.16533 -1.18151
-1.16772 -1.18363
-1.16367 -1.18634
-1.16427 -1.18336
-1.1642 -1.18548
-1.16546 -1.1826
-1.1631 -1.18654
-1.16615 -1.18207
-1.16166 -1.18687
-1.16736 -1.17998
-1.1637 -1.18515
-1.16426 -1.18374
-1.16184 -1.18465
-1.16657 -1.18219
-1.16165 -1.18471
-1.16611 -1.18251
-1.16664 -1.18133
-1.16574 -1.18241
-1.16462 -1.17902
-1.16604 -1.17888
-1.16341 -1.18349
-1.16379 -1.18103
-1.16228 -1.18038
-1.16204 -1.18287
-1.16163 -1.18173
-1.16206 -1.18289
-1.16295 -1.1835
-1.16367 -1.17804
-1.16397 -1.17898
-1.16386 -1.18087
-1.16476 -1.17666
-1.16308 -1.18338
-1.16473 -1.17997
-1.16367 -1.17683
-1.16484 -1.181
-1.16739 -1.17555
-1.16479 -1.18067
-1.16462 -1.17718
-1.16343 -1.18002
-1.164 -1.1805
-1.16315 -1.17771
-1.16639 -1.18255
-1.16394 -1.17556
-1.16442 -1.18132
-1.16652 -1.17705
-1.16529 -1.17989
-1.16698 -1.1786
-1.16548 -1.17664
-1.16273 -1.18003
-1.16766 -1.17577
-1.16267 -1.18046
-1.16424 -1.18003
-1.16483 -1.17897
-1.16484 -1.1768
-1.16473 -1.17897
-1.16568 -1.17776
-1.16616 -1.17541
-1.16568 -1.17691
-1.16483 -1.17601
-1.16707 -1.1755
-1.1659 -1.17723
-1.16471 -1.17467
-1.16407 -1.17648
-1.1646 -1.17337
-1.16418 -1.17763
-1.16611 -1.1733
-1.16288 -1.17443
-1.16098 -1.17832
-1.1644 -1.17467
-1.16456 -1.17836
-1.1623 -1.17628
-1.16469 -1.17225
-1.16144 -1.1787
-1.16465 -1.17474
-1.16152 -1.17877
-1.16146 -1.17572
-1.16412 -1.17863
-1.16148 -1.18047
-1.1621 -1.17734
-1.16526 -1.17631
-1.16282 -1.17942
-1.163 -1.17872
-1.16099 -1.1786
-1.1653 -1.17641
-1.16298 -1.17874
-1.16201 -1.1784
-1.16516 -1.17857
-1.15977 -1.17704
-1.16342 -1.17856
-1.16351 -1.17731
-1.16254 -1.17782
-1.16159 -1.17642
-1.16308 -1.17843
-1.1637 -1.17775
-1.16209 -1.17533
-1.16741 -1.17383
-1.16071 -1.17703
-1.16648 -1.17081
-1.16331 -1.17579
-1.16363 -1.17547
-1.16382 -1.17639
-1.1606 -1.17684
-1.163 -1.17828
-1.16235 -1.17654
-1.15997 -1.17925
-1.16347 -1.17333
-1.15921 -1.17527
-1.1627 -1.17444
-1.16017 -1.17844
-1.16231 -1.17367
-1.15939 -1.17355
-1.16124 -1.17577
-1.16026 -1.17565
-1.15863 -1.1764
-1.16113 -1.17603
-1.16126 -1.17378
-1.15862 -1.17841
-1.15964 -1.1746
-1.15868 -1.17756
-1.16021 -1.17562
-1.15909 -1.1792
-1.16112 -1.17432
-1.1588 -1.17845
-1.16112 -1.17278
-1.1608 -1.1758
-1.16089 -1.17572
-1.1619 -1.17113
-1.1605 -1.1725
-1.16016 -1.17721
-1.15992 -1.17284
-1.15936 -1.1735
-1.16023 -1.17456
-1.15839 -1.17539
-1.16005 -1.17483
-1.16056 -1.17421
-1.15868 -1.17537
-1.1594 -1.17301
-1.15991 -1.17526
-1.16011 -1.17611
-1.15966 -1.17477
-1.16266 -1.17324
-1.15899 -1.17589
-1.15785 -1.1729
-1.15928 -1.17362
-1.15746 -1.17532
-1.16067 -1.17242
-1.15826 -1.17653
-1.162 -1.17373
-1.15674 -1.1767
-1.16061 -1.17358
-1.16156 -1.17507
-1.16015 -1.17257
-1.16146 -1.17289
-1.1615 -1.1722
-1.15984 -1.17633
-1.15909 -1.1726
-1.15772 -1.1759
-1.15934 -1.17479
-1.15864 -1.17451
-1.15938 -1.17098
-1.15885 -1.17591
-1.15923 -1.17484
-1.15769 -1.17283
-1.15733 -1.1743
-1.15761 -1.17661
-1.15711 -1.1737
-1.15751 -1.17512
-1.15998 -1.17276
-1.16054 -1.17175
-1.15821 -1.17393
-1.16077 -1.17153
-1.15818 -1.17477
-1.15755 -1.17428
-1.15999 -1.17527
-1.15617 -1.17549
-1.15922 -1.17339
-1.15711 -1.1764
-1.16157 -1.17073
-1.15863 -1.1749
-1.15948 -1.17177
-1.1594 -1.17506
-1.15674 -1.17696
-1.15733 -1.17544
-1.16039 -1.17563
-1.15689 -1.17374
-1.1578 -1.1753
-1.15936 -1.17332
-1.15816 -1.17503
-1.16165 -1.17293
-1.15991 -1.17156
-1.15743 -1.1744
-1.15889 -1.17178
-1.15756 -1.17496
-1.15656 -1.1754
-1.15941 -1.1738
-1.15943 -1.17217
-1.1571 -1.17762
-1.15856 -1.17025
-1.15905 -1.17343
-1.15607 -1.1764
-1.15833 -1.17207
-1.15757 -1.17541
-1.15761 -1.17256
-1.15743 -1.17313
-1.15632 -1.17518
-1.15605 -1.17313
-1.15844 -1.17726
-1.15707 -1.17414
-1.15978 -1.16864
-1.15728 -1.17489
-1.16076 -1.16985
-1.15651 -1.17818
-1.16027 -1.17137
-1.15911 -1.17331
-1.15717 -1.17267
-1.15767 -1.17455
-1.15485 -1.17537
-1.15624 -1.17798
-1.15861 -1.17162
-1.15631 -1.17102
-1.15674 -1.1749
-1.1588 -1.17064
-1.15651 -1.17157
-1.15795 -1.17299
-1.15616 -1.17276
-1.15607 -1.17354
-1.1567 -1.17292
-1.15448 -1.1731
-1.15429 -1.17447
-1.15753 -1.17389
-1.15419 -1.17307
-1.15734 -1.17325
-1.15437 -1.17356
-1.15858 -1.17144
-1.15439 -1.17435
-1.15791 -1.17294
-1.1571 -1.17085
-1.15862 -1.17212
-1.15777 -1.16992
-1.15501 -1.17111
-1.15593 -1.17083
-1.15379 -1.17274
-1.15358 -1.17212
-1.15166 -1.1756
-1.15378 -1.1731
-1.15194 -1.17306
-1.15554 -1.17224
-1.15669 -1.17124
-1.15625 -1.17066
-1.15544 -1.17313
-1.15625 -1.17046
-1.15752 -1.16937
-1.15478 -1.16996
-1.15504 -1.17061
-1.15539 -1.16997
-1.15787 -1.16858
-1.1547 -1.17023
-1.15927 -1.17006
-1.15691 -1.16989
-1.15406 -1.17134
-1.15355 -1.17147
-1.15468 -1.17075
-1.15574 -1.16839
-1.15236 -1.17108
-1.15768 -1.16714
-1.15285 -1.17259
-1.15539 -1.16923
-1.15577 -1.17167
-1.15596 -1.16851
-1.15284 -1.17148
-1.15504 -1.17163
-1.15373 -1.16823
-1.15554 -1.16966
-1.15805 -1.16759
-1.15514 -1.16661
-1.15506 -1.17032
-1.1569 -1.16908
-1.15511 -1.16738
-1.15585 -1.16923
-1.15562 -1.16781
-1.15431 -1.16796
-1.15372 -1.171
-1.15594 -1.1676
-1.15302 -1.16978
-1.15883 -1.16764
-1.15436 -1.16902
-1.15713 -1.16769
-1.15332 -1.17104
-1.15349 -1.16926
-1.15515 -1.16945
-1.15201 -1.17094
-1.15527 -1.17037
-1.15112 -1.16863
-1.15583 -1.17021
-1.15399 -1.16679
-1.15363 -1.16826
-1.15463 -1.1693
-1.1551 -1.16537
-1.15233 -1.17381
-1.15387 -1.16625
-1.15407 -1.17195
-1.15377 -1.16654
-1.15181 -1.17057
-1.15198 -1.1694
-1.1522 -1.16826
-1.15278 -1.16827
-1.15378 -1.16936
-1.15347 -1.16836
-1.15426 -1.16832
-1.15463 -1.16713
-1.15307 -1.16927
-1.1557 -1.16653
-1.15117 -1.17102
-1.15393 -1.16804
-1.15414 -1.16638
-1.15172 -1.1705
-1.15356 -1.16689
-1.15596 -1.16633
-1.15296 -1.16865
-1.15634 -1.16481
-1.15332 -1.1671
-1.15592 -1.16595
-1.15216 -1.16617
-1.15463 -1.16632
-1.1519 -1.16706
