0 0
-0.0526292 -0.0494893
-0.104279 -0.0981951
-0.154874 -0.145981
-0.204384 -0.192612
-0.252883 -0.238641
-0.300264 -0.28385
-0.346475 -0.327402
-0.391831 -0.371178
-0.436161 -0.413095
-0.479127 -0.454748
-0.521342 -0.49489
-0.562294 -0.534571
-0.602124 -0.573127
-0.640744 -0.610467
-0.678973 -0.648058
-0.715268 -0.682691
-0.750028 -0.717327
-0.784177 -0.751871
-0.817642 -0.782775
-0.84704 -0.816458
-0.878697 -0.846315
-0.907721 -0.87557
-0.933478 -0.905096
-0.961434 -0.931686
-0.984193 -0.958764
-1.00743 -0.981032
-1.02822 -1.00416
-1.04844 -1.027
-1.06717 -1.05013
-1.08115 -1.06891
-1.07992 -1.06498
-1.07534 -1.06736
-1.07537 -1.06344
-1.07722 -1.0638
-1.07622 -1.06604
-1.07562 -1.06571
-1.07499 -1.06599
-1.07909 -1.06708
-1.07794 -1.06891
-1.07782 -1.06611
-1.07787 -1.06533
-1.07729 -1.0659
-1.07695 -1.06064
-1.07598 -1.06111
-1.0743 -1.06266
-1.07174 -1.06265
-1.07201 -1.06283
-1.07123 -1.06584
-1.07278 -1.063
-1.07015 -1.06811
-1.07431 -1.06101
-1.07324 -1.06334
-1.07105 -1.06262
-1.07071 -1.06172
-1.06914 -1.05958
-1.06783 -1.06138
-1.07097 -1.05679
-1.06752 -1.0602
-1.06683 -1.05923
-1.06613 -1.05915
-1.06316 -1.06121
-1.06484 -1.05913
-1.06737 -1.05585
-1.06443 -1.06001
-1.06723 -1.05777
-1.06362 -1.05818
-1.06322 -1.0581
-1.06444 -1.05725
-1.06312 -1.05564
-1.06377 -1.05703
-1.06243 -1.05713
-1.06323 -1.05646
-1.06247 -1.05896
-1.06134 -1.0547
-1.06361 -1.0557
-1.06483 -1.05632
-1.06117 -1.05602
-1.06354 -1.05513
-1.05966 -1.0597
-1.06313 -1.05378
-1.06091 -1.05688
-1.06074 -1.05799
-1.0616 -1.05243
-1.06002 -1.0562
-1.05867 -1.05552
-1.06065 -1.0558
-1.06358 -1.05212
-1.05999 -1.05517
-1.06095 -1.05498
-1.05849 -1.05709
-1.05819 -1.05831
-1.05908 -1.05359
-1.06033 -1.05235
-1.06078 -1.05077
-1.05768 -1.05516
-1.05881 -1.05503
-1.05809 -1.0532
-1.05888 -1.05157
-1.0545 -1.05638
-1.05562 -1.05485
-1.05511 -1.05175
-1.05455 -1.05603
-1.05833 -1.04945
-1.05917 -1.0494
-1.05953 -1.05269
-1.05916 -1.0526
-1.05806 -1.04871
-1.05803 -1.04841
-1.05757 -1.04915
-1.05659 -1.04641
-1.05553 -1.04996
-1.05674 -1.04783
-1.05201 -1.05327
-1.05401 -1.05154
-1.05436 -1.05168
-1.05179 -1.05534
-1.05638 -1.04915
-1.05472 -1.05514
-1.05505 -1.05183
-1.05518 -1.04917
-1.05294 -1.05019
-1.05382 -1.05047
-1.05477 -1.04728
-1.05316 -1.04952
-1.05181 -1.04877
-1.05233 -1.04901
-1.05215 -1.05024
-1.05475 -1.04672
-1.05156 -1.05095
-1.0533 -1.04942
-1.05339 -1.04608
-1.05212 -1.04574
-1.05079 -1.04477
-1.05197 -1.04547
-1.05248 -1.04665
-1.0519 -1.04524
-1.05175 -1.04668
-1.05163 -1.04598
-1.04749 -1.049
-1.0494 -1.04543
-1.04502 -1.04808
-1.04991 -1.04712
-1.04634 -1.04651
-1.04479 -1.04986
-1.04591 -1.04478
-1.0471 -1.04492
-1.04405 -1.04795
-1.04742 -1.04193
-1.04553 -1.04634
-1.04736 -1.04467
-1.04619 -1.04655
-1.045 -1.04465
-1.04518 -1.04216
-1.04582 -1.04538
-1.04382 -1.04411
-1.0413 -1.04587
-1.04359 -1.04198
-1.04344 -1.04198
-1.04297 -1.04524
-1.04401 -1.04318
-1.04217 -1.04306
-1.04428 -1.04442
-1.04432 -1.04104
-1.04483 -1.04057
-1.04451 -1.03846
-1.04308 -1.04241
-1.04248 -1.04158
-1.03906 -1.04217
-1.03888 -1.04447
-1.03963 -1.04324
-1.03865 -1.04361
-1.04074 -1.04226
-1.04309 -1.03802
-1.04003 -1.04205
-1.04406 -1.03955
-1.04201 -1.03837
-1.04187 -1.03593
-1.04064 -1.03919
-1.0371 -1.04071
-1.04157 -1.03827
-1.03714 -1.04433
-1.04006 -1.03991
-1.03796 -1.0407
-1.03767 -1.04135
-1.03651 -1.03813
-1.03731 -1.03938
-1.03767 -1.03668
-1.03859 -1.03799
-1.03829 -1.03872
-1.04064 -1.03674
-1.03599 -1.03916
-1.03658 -1.03999
-1.03729 -1.03826
-1.03401 -1.03985
-1.03311 -1.0411
-1.03713 -1.03811
-1.03315 -1.04143
-1.03492 -1.03792
-1.03329 -1.0401
-1.03401 -1.04004
-1.03399 -1.03868
-1.03562 -1.03814
-1.0357 -1.03917
-1.03511 -1.03897
-1.03547 -1.03713
-1.0341 -1.03871
-1.03075 -1.04052
-1.03341 -1.03654
-1.0329 -1.03657
-1.03162 -1.03721
-1.03424 -1.03555
-1.03172 -1.03957
-1.03285 -1.03876
-1.0358 -1.03529
-1.03186 -1.04095
-1.03458 -1.03692
-1.03278 -1.04134
-1.03583 -1.03734
-1.0311 -1.03867
-1.03074 -1.03835
-1.02975 -1.03366
-1.029 -1.03893
-1.03023 -1.03558
-1.03144 -1.03563
-1.03366 -1.03718
-1.03216 -1.03802
-1.02958 -1.03579
-1.03179 -1.03739
-1.02908 -1.03806
-1.02918 -1.03566
-1.0304 -1.0374
-1.02954 -1.0337
-1.02812 -1.03775
-1.03026 -1.03386
-1.0303 -1.03487
-1.03167 -1.03471
-1.031 -1.03604
-1.03026 -1.03586
-1.03248 -1.03385
-1.02909 -1.03794
-1.03207 -1.03543
-1.02911 -1.0372
-1.02979 -1.03622
-1.02835 -1.03244
-1.02879 -1.03419
-1.02849 -1.03457
-1.03029 -1.03377
-1.03003 -1.03451
-1.03062 -1.03634
-1.03164 -1.03318
-1.03142 -1.03255
-1.02936 -1.03372
-1.02767 -1.03662
-1.02711 -1.0366
-1.02458 -1.0374
-1.02613 -1.03197
-1.02419 -1.03568
-1.02529 -1.03446
-1.0283 -1.03406
-1.0259 -1.03485
-1.02905 -1.03233
-1.02825 -1.03307
-1.02416 -1.03717
-1.02789 -1.03113
-1.02255 -1.03697
-1.02687 -1.03271
-1.021 -1.03352
-1.02456 -1.03297
-1.02375 -1.03408
-1.02391 -1.03294
-1.02317 -1.03585
-1.02354 -1.0356
-1.02382 -1.03461
-1.02309 -1.03257
-1.02119 -1.03304
-1.02329 -1.0299
-1.02164 -1.03451
-1.02253 -1.0322
-1.02534 -1.02805
-1.02167 -1.03345
-1.02426 -1.02968
-1.02086 -1.03143
-1.02152 -1.03347
-1.02073 -1.03029
-1.01905 -1.0312
-1.0183 -1.03136
-1.02033 -1.02898
-1.02134 -1.03334
-1.02129 -1.02993
-1.01916 -1.03245
-1.02288 -1.03225
-1.02169 -1.0288
-1.02284 -1.03099
-1.02153 -1.03063
-1.02081 -1.03166
-1.02269 -1.02825
-1.0205 -1.0292
-1.02013 -1.02878
-1.02092 -1.02943
-1.02233 -1.02936
-1.02177 -1.03128
-1.02222 -1.02935
-1.01952 -1.0316
-1.02243 -1.02972
-1.02077 -1.02693
-1.01952 -1.03218
-1.01903 -1.02796
-1.01931 -1.02731
-1.02148 -1.02552
-1.01929 -1.02615
-1.01929 -1.02787
-1.01838 -1.02576
-1.01356 -1.02812
-1.01792 -1.0254
-1.01545 -1.02718
-1.01522 -1.0294
-1.01446 -1.02802
-1.01517 -1.02699
-1.01274 -1.02585
-1.01049 -1.02858
-1.01298 -1.02414
-1.01233 -1.02697
-1.01358 -1.03012
-1.01723 -1.02751
-1.01693 -1.02581
-1.01415 -1.02627
-1.01452 -1.02625
-1.01615 -1.02448
-1.01241 -1.02332
-1.01425 -1.02298
-1.01216 -1.02487
-1.01212 -1.02493
-1.0111 -1.02478
-1.01429 -1.02205
-1.01154 -1.02489
-1.01271 -1.02673
-1.0133 -1.02339
-1.01353 -1.02185
-1.01318 -1.02468
-1.01108 -1.02372
-1.01114 -1.02195
-1.01074 -1.02205
-1.01174 -1.02125
-1.00854 -1.02629
-1.01388 -1.01978
-1.01275 -1.02193
-1.00972 -1.0213
-1.0109 -1.01974
-1.01013 -1.01891
-1.01043 -1.01831
-1.00981 -1.0177
-1.01058 -1.02127
-1.0105 -1.01739
-1.00784 -1.02141
-1.00874 -1.01543
-1.00623 -1.01886
-1.00611 -1.0193
-1.0051 -1.01663
-1.00325 -1.0195
-1.00381 -1.02035
-1.00248 -1.01819
-1.00167 -1.01955
-1.00192 -1.01813
-1.00198 -1.01778
-0.998674 -1.02069
-1.00385 -1.01714
-1.00088 -1.01759
-0.999153 -1.0192
-1.00137 -1.01637
-1.001 -1.01654
-1.00023 -1.01551
-1.00046 -1.01551
-1.00101 -1.01695
-1.00188 -1.01457
-1.00033 -1.01518
-0.999178 -1.01708
-0.999276 -1.01254
-0.99872 -1.01485
-0.999735 -1.01556
-0.997538 -1.01614
-0.998468 -1.01215
-0.996387 -1.01317
-0.99434 -1.01405
-0.998645 -1.01057
-0.994073 -1.01459
-0.997815 -1.01306
-0.993311 -1.01581
-0.997566 -1.01242
-0.995563 -1.0119
-0.995327 -1.01583
-0.998317 -1.00906
-0.995402 -1.0112
-0.995633 -1.0133
-0.996963 -1.00915
-0.995645 -1.00928
-0.995018 -1.01131
-0.99523 -1.01029
-0.994581 -1.01154
-0.965321 -0.962822
-0.940621 -0.918293
-0.943109 -0.924291
-0.941486 -0.926167
-0.939429 -0.924488
-0.942873 -0.929187
-0.940805 -0.931628
-0.942267 -0.932269
-0.942556 -0.927988
-0.941621 -0.932336
-0.940075 -0.928917
-0.941015 -0.929609
-0.93896 -0.929348
-0.939066 -0.930387
-0.941014 -0.92743
-0.937075 -0.933767
-0.93937 -0.930334
-0.939933 -0.930418
-0.937617 -0.934464
-0.940238 -0.929974
-0.939672 -0.928636
-0.939191 -0.930957
-0.938331 -0.927441
-0.938949 -0.929886
-0.937501 -0.930927
-0.939547 -0.928111
-0.937423 -0.929644
-0.937548 -0.928988
-0.93856 -0.926867
-0.939086 -0.928867
-0.938379 -0.92952
-0.939695 -0.926463
-0.940475 -0.926897
-0.939214 -0.92899
-0.938729 -0.926332
-0.940781 -0.928522
-0.939842 -0.929171
-0.938673 -0.932124
-0.938996 -0.927857
-0.938318 -0.929723
-0.93725 -0.931537
-0.938186 -0.92925
-0.936066 -0.930227
-0.937805 -0.929135
-0.937521 -0.930163
-0.93723 -0.929251
-0.936117 -0.929554
-0.938012 -0.929185
-0.936389 -0.928206
-0.937975 -0.928521
-0.938047 -0.928562
-0.939512 -0.92632
-0.937239 -0.928938
-0.937494 -0.929
-0.938004 -0.925586
-0.939862 -0.928876
-0.935711 -0.928641
-0.938731 -0.928801
-0.936398 -0.92973
-0.93809 -0.9268
-0.936482 -0.928322
-0.936843 -0.928813
-0.936509 -0.926991
-0.934367 -0.928517
-0.935582 -0.927072
-0.936316 -0.927029
-0.93441 -0.927096
-0.935394 -0.927432
-0.934224 -0.925185
-0.935311 -0.926231
-0.933316 -0.924961
-0.935935 -0.923003
-0.933978 -0.92721
-0.933928 -0.92313
-0.935508 -0.923953
-0.935007 -0.924294
-0.932744 -0.922931
-0.933749 -0.923383
-0.930893 -0.925171
-0.93358 -0.923815
-0.932692 -0.924485
-0.931403 -0.926331
-0.931351 -0.926732
-0.929595 -0.925107
-0.92968 -0.924329
-0.930486 -0.92222
-0.926679 -0.923347
-0.929535 -0.922778
-0.929141 -0.920254
-0.928354 -0.924035
-0.930766 -0.921474
-0.928206 -0.921791
-0.929512 -0.92319
-0.928757 -0.921105
-0.928635 -0.923256
-0.929217 -0.921956
-0.929972 -0.924225
-0.929875 -0.925663
-0.930742 -0.925404
-0.929692 -0.926707
-0.932547 -0.924533
-0.928678 -0.926611
-0.928263 -0.924854
-0.930682 -0.922879
-0.929732 -0.92302
-0.927407 -0.925857
-0.930369 -0.926644
-0.930575 -0.922552
-0.928297 -0.926365
-0.929356 -0.923649
-0.927516 -0.926794
-0.929558 -0.923434
-0.929271 -0.923482
-0.928795 -0.926652
-0.931203 -0.923295
-0.928749 -0.926078
-0.930661 -0.924317
-0.928582 -0.925002
-0.929226 -0.924682
-0.929962 -0.92373
-0.92918 -0.92621
-0.930902 -0.922949
-0.929654 -0.92816
-0.930704 -0.923917
-0.931224 -0.925497
-0.930116 -0.924204
-0.92907 -0.923396
-0.930019 -0.92295
-0.928404 -0.925031
-0.927805 -0.923525
-0.929782 -0.923427
-0.92678 -0.925784
-0.928123 -0.923867
-0.928591 -0.923234
-0.926291 -0.923888
-0.927301 -0.922865
-0.92543 -0.92443
-0.925387 -0.922789
-0.926147 -0.92281
-0.923553 -0.92374
-0.926124 -0.921794
-0.924503 -0.922189
-0.923511 -0.92219
-0.923194 -0.922186
-0.923484 -0.921942
-0.921851 -0.921322
-0.923291 -0.922232
-0.921569 -0.921785
-0.922862 -0.91952
-0.921144 -0.920987
-0.92194 -0.920608
-0.920703 -0.922631
-0.922211 -0.919875
-0.922361 -0.92076
-0.920183 -0.923443
-0.92268 -0.921753
-0.921751 -0.920696
-0.92321 -0.91984
-0.921183 -0.92294
-0.921936 -0.920853
-0.921049 -0.92382
-0.921575 -0.921142
-0.923269 -0.922972
-0.924157 -0.92201
-0.92508 -0.921721
-0.924051 -0.924227
-0.923172 -0.922274
-0.921082 -0.922682
-0.925053 -0.919692
-0.922045 -0.92315
-0.922322 -0.920863
-0.923471 -0.922612
-0.923181 -0.922781
-0.923489 -0.920847
-0.923071 -0.921884
-0.92369 -0.919733
-0.921611 -0.922118
-0.919699 -0.921175
-0.922614 -0.919243
-0.921754 -0.91963
-0.921769 -0.921562
-0.922809 -0.921801
-0.922934 -0.920894
-0.923322 -0.920689
-0.924279 -0.920573
-0.921809 -0.920478
-0.922952 -0.920449
-0.924357 -0.920142
-0.922711 -0.919319
-0.922029 -0.922674
-0.923862 -0.918149
-0.921611 -0.92074
-0.922836 -0.920217
-0.920233 -0.922241
-0.921464 -0.918004
-0.920035 -0.919287
-0.921888 -0.918201
-0.920484 -0.919027
-0.920056 -0.920732
-0.920799 -0.918353
-0.91915 -0.918961
-0.919781 -0.916822
-0.919173 -0.917547
-0.91944 -0.916753
-0.918943 -0.915158
-0.919703 -0.913958
-0.92014 -0.918933
-0.920682 -0.914998
-0.920098 -0.91674
-0.920717 -0.916889
-0.919262 -0.918415
-0.918776 -0.915474
-0.920355 -0.91614
-0.918007 -0.918211
-0.91871 -0.915053
-0.918956 -0.915826
-0.917085 -0.917835
-0.916528 -0.917162
-0.917739 -0.916182
-0.91683 -0.917365
-0.916048 -0.916921
-0.915871 -0.919049
-0.917184 -0.915631
-0.915212 -0.917195
-0.915082 -0.916323
-0.917197 -0.912571
-0.913264 -0.919368
-0.916118 -0.914926
-0.916734 -0.912627
-0.913032 -0.919108
-0.915794 -0.91491
-0.917325 -0.914377
-0.914257 -0.915068
-0.913469 -0.917703
-0.915282 -0.914531
-0.913711 -0.915271
-0.909299 -0.91824
-0.911888 -0.913637
-0.909973 -0.914547
-0.911314 -0.915803
-0.910664 -0.912611
-0.91018 -0.917425
-0.910197 -0.915299
-0.909178 -0.914713
-0.909262 -0.914327
-0.907043 -0.914079
-0.908224 -0.914222
-0.905335 -0.913742
-0.906614 -0.913042
-0.906039 -0.912108
-0.905974 -0.912554
-0.90426 -0.912863
-0.908025 -0.909654
-0.90584 -0.911927
-0.906836 -0.909752
-0.906045 -0.91047
-0.905402 -0.90981
-0.903864 -0.910087
-0.902537 -0.911689
-0.903802 -0.908946
-0.903624 -0.909264
-0.900757 -0.91052
-0.901956 -0.909769
-0.901016 -0.908679
-0.899844 -0.907175
-0.899499 -0.90804
-0.899777 -0.908555
-0.899576 -0.90835
-0.89752 -0.908652
-0.896594 -0.90878
-0.897989 -0.90709
-0.895242 -0.908657
-0.897289 -0.906215
-0.897242 -0.903597
-0.89283 -0.911177
-0.895677 -0.903829
-0.895555 -0.9068
-0.894866 -0.90556
-0.893647 -0.90599
-0.895721 -0.90303
-0.894827 -0.905679
-0.893355 -0.905228
-0.896111 -0.904438
-0.894829 -0.905476
-0.892911 -0.90471
-0.895578 -0.904498
-0.894423 -0.902792
-0.892917 -0.905886
-0.894469 -0.902511
-0.891071 -0.906639
-0.893843 -0.903644
-0.892665 -0.903082
-0.893355 -0.904567
-0.891885 -0.904966
-0.893659 -0.903604
-0.894427 -0.903298
-0.891438 -0.906451
-0.893199 -0.902267
-0.892756 -0.904649
-0.890673 -0.907481
-0.891953 -0.905099
-0.893166 -0.900958
-0.889567 -0.904714
-0.890232 -0.902393
-0.889802 -0.903702
-0.890726 -0.900374
-0.888973 -0.903779
-0.889992 -0.903517
-0.889927 -0.90115
-0.890057 -0.902067
-0.887895 -0.902623
-0.88946 -0.903042
-0.889338 -0.89957
-0.88916 -0.902286
-0.887714 -0.902868
-0.889281 -0.900044
-0.884832 -0.902974
-0.885758 -0.901268
-0.885561 -0.902768
-0.885436 -0.898794
-0.885491 -0.901601
-0.884246 -0.903468
-0.885367 -0.900416
-0.864514 -0.870699
-0.843687 -0.837949
-0.845726 -0.839135
-0.842614 -0.841584
-0.843698 -0.836957
-0.844257 -0.840506
-0.843043 -0.840233
-0.843666 -0.837025
-0.844452 -0.839651
-0.844008 -0.840436
-0.84425 -0.83824
-0.843984 -0.842056
-0.844562 -0.838117
-0.843784 -0.838987
-0.842635 -0.840595
-0.844529 -0.836953
-0.843336 -0.840242
-0.843978 -0.840172
-0.843578 -0.840284
-0.844234 -0.837874
-0.843712 -0.839908
-0.84278 -0.838953
-0.843007 -0.839022
-0.842929 -0.838934
-0.841998 -0.839712
-0.843652 -0.838831
-0.843375 -0.838379
-0.842256 -0.840622
-0.843019 -0.83779
-0.843002 -0.840117
-0.843496 -0.838777
-0.841415 -0.838308
-0.842226 -0.840243
-0.840182 -0.840408
-0.841745 -0.838476
-0.838598 -0.839434
-0.841402 -0.839195
-0.84096 -0.837864
-0.840889 -0.839447
-0.840616 -0.839884
-0.840406 -0.83746
-0.839933 -0.83908
-0.83962 -0.839949
-0.839996 -0.83874
-0.83943 -0.839718
-0.83841 -0.838686
-0.839558 -0.839667
-0.839563 -0.839178
-0.840762 -0.838432
-0.837767 -0.840042
-0.838201 -0.83803
-0.838015 -0.83835
-0.838869 -0.836354
-0.837807 -0.83823
-0.836698 -0.837711
-0.836223 -0.8394
-0.836411 -0.836598
-0.836057 -0.837082
-0.833951 -0.838464
-0.835396 -0.839419
-0.835932 -0.834317
-0.833625 -0.839645
-0.834466 -0.836259
-0.833709 -0.837928
-0.834484 -0.837587
-0.831974 -0.837086
-0.832613 -0.839559
-0.832915 -0.832706
-0.832185 -0.838293
-0.834215 -0.837116
-0.832054 -0.835637
-0.835628 -0.836514
-0.833444 -0.836232
-0.833365 -0.837583
-0.834558 -0.836278
-0.834409 -0.836733
-0.834051 -0.837099
-0.834711 -0.837004
-0.835276 -0.833483
-0.834219 -0.838691
-0.833203 -0.835864
-0.836606 -0.837323
-0.835101 -0.836024
-0.836293 -0.836974
-0.835317 -0.83808
-0.835459 -0.836279
-0.834371 -0.838956
-0.835423 -0.83653
-0.834702 -0.838163
-0.833934 -0.836047
-0.834924 -0.83771
-0.8332 -0.83666
-0.834638 -0.835032
-0.833648 -0.837674
-0.833414 -0.835848
-0.833288 -0.837262
-0.833251 -0.836067
-0.832569 -0.837134
-0.832848 -0.836101
-0.83229 -0.836652
-0.831955 -0.836018
-0.831821 -0.836481
-0.831322 -0.834331
-0.832366 -0.834371
-0.829883 -0.836451
-0.83126 -0.836154
-0.83264 -0.83447
-0.829873 -0.83663
-0.830844 -0.835564
-0.832307 -0.832973
-0.828918 -0.835723
-0.832645 -0.832607
-0.828628 -0.838216
-0.830702 -0.836166
-0.831162 -0.833583
-0.830051 -0.834462
-0.830715 -0.834748
-0.828883 -0.836784
-0.831133 -0.834615
-0.829518 -0.837111
-0.831481 -0.833474
-0.829039 -0.836398
-0.83019 -0.83346
-0.830677 -0.836275
-0.830179 -0.834987
-0.82982 -0.834023
-0.829481 -0.835813
-0.830266 -0.834573
-0.829198 -0.835634
-0.829831 -0.835101
-0.829028 -0.836523
-0.83032 -0.834575
-0.828683 -0.836581
-0.830077 -0.833703
-0.829842 -0.834824
-0.829304 -0.836724
-0.829092 -0.833085
-0.829923 -0.834992
-0.828042 -0.835971
-0.830907 -0.831224
-0.829601 -0.83482
-0.827932 -0.836543
-0.832107 -0.832634
-0.829163 -0.83455
-0.830709 -0.833375
-0.829577 -0.835007
-0.830054 -0.834502
-0.830267 -0.834069
-0.830342 -0.834249
-0.829666 -0.834704
-0.829932 -0.833907
-0.828655 -0.83358
-0.828805 -0.834509
-0.829449 -0.834312
-0.828295 -0.833593
-0.82751 -0.832844
-0.82678 -0.834888
-0.826868 -0.831477
-0.826797 -0.833232
-0.825516 -0.83349
-0.827592 -0.829949
-0.824554 -0.83518
-0.827077 -0.832102
-0.826639 -0.833545
-0.827002 -0.83141
-0.8261 -0.834304
-0.826323 -0.833734
-0.826888 -0.830895
-0.825043 -0.833443
-0.826742 -0.831533
-0.825155 -0.831824
-0.825632 -0.832981
-0.827426 -0.831962
-0.82698 -0.833062
-0.827791 -0.83262
-0.828106 -0.833993
-0.827134 -0.834035
-0.828242 -0.830941
-0.827502 -0.833575
-0.826298 -0.832737
-0.827324 -0.832937
-0.82559 -0.832538
-0.826354 -0.830918
-0.825991 -0.831734
-0.82499 -0.833228
-0.826541 -0.83232
-0.827169 -0.832103
-0.827089 -0.832834
-0.827665 -0.834571
-0.828122 -0.831751
-0.827731 -0.832934
-0.828671 -0.831998
-0.82632 -0.83141
-0.826613 -0.834761
-0.82913 -0.829856
-0.826115 -0.833417
-0.827408 -0.832633
-0.827504 -0.831712
-0.827103 -0.83238
-0.827886 -0.832682
-0.827426 -0.831701
-0.828185 -0.83244
-0.827701 -0.83113
-0.8265 -0.833159
-0.826397 -0.83114
-0.828713 -0.829658
-0.825708 -0.830781
-0.826537 -0.833073
-0.82531 -0.832349
-0.825369 -0.831012
-0.825725 -0.832697
-0.823742 -0.83169
-0.825272 -0.830357
-0.823502 -0.832611
-0.824048 -0.830738
-0.825469 -0.831126
-0.823175 -0.832216
-0.824151 -0.83125
-0.823255 -0.832423
-0.825481 -0.830665
-0.823339 -0.831563
-0.823286 -0.834171
-0.823758 -0.830919
-0.823487 -0.83122
-0.823251 -0.831579
-0.82125 -0.831968
-0.82459 -0.829888
-0.822955 -0.831474
-0.82579 -0.832116
-0.824166 -0.831736
-0.82533 -0.833012
-0.824849 -0.830674
-0.826221 -0.832905
-0.824934 -0.831825
-0.823937 -0.832122
-0.823888 -0.833412
-0.824622 -0.83004
-0.824143 -0.832498
-0.823334 -0.830013
-0.823561 -0.833866
-0.823745 -0.83127
-0.825569 -0.831432
-0.823396 -0.833409
-0.825908 -0.833046
-0.824701 -0.831393
-0.824764 -0.833016
-0.825289 -0.831594
-0.824277 -0.83221
-0.825192 -0.831933
-0.824267 -0.830563
-0.825768 -0.830806
-0.823653 -0.830835
-0.825826 -0.831888
-0.82383 -0.831628
-0.822638 -0.832122
-0.825678 -0.832305
-0.825138 -0.828988
-0.823138 -0.833888
-0.824405 -0.82922
-0.823689 -0.83241
-0.825033 -0.829654
-0.822802 -0.831507
-0.822472 -0.830732
-0.824043 -0.83008
-0.824058 -0.831189
-0.82283 -0.83036
-0.824174 -0.831404
-0.824548 -0.829095
-0.822688 -0.831963
-0.823249 -0.830079
-0.822834 -0.831526
-0.823351 -0.830118
-0.823443 -0.831108
-0.82128 -0.830366
-0.822595 -0.828762
-0.82233 -0.83169
-0.821073 -0.830552
-0.823154 -0.829988
-0.821926 -0.8317
-0.822788 -0.830752
-0.82257 -0.833306
-0.822484 -0.830371
-0.822519 -0.829785
-0.82094 -0.832131
-0.822489 -0.828881
-0.821177 -0.83186
-0.823275 -0.829891
-0.822309 -0.830715
-0.82132 -0.83177
-0.823953 -0.829897
-0.821288 -0.831607
-0.821864 -0.831257
-0.822937 -0.829398
-0.819701 -0.832085
-0.823817 -0.831403
-0.822069 -0.83014
-0.821883 -0.832049
-0.822191 -0.832117
-0.823324 -0.828896
-0.821822 -0.83336
-0.822016 -0.831503
-0.82296 -0.830337
-0.821717 -0.832542
-0.820923 -0.83143
-0.821227 -0.83123
-0.821538 -0.829319
-0.82085 -0.83057
-0.821069 -0.830926
-0.821088 -0.832004
-0.822304 -0.829566
-0.820024 -0.832413
-0.822501 -0.828819
-0.820334 -0.829582
-0.818827 -0.83207
-0.820418 -0.829226
-0.81995 -0.828571
-0.820059 -0.828889
-0.818137 -0.829447
-0.818846 -0.830086
-0.818774 -0.828399
-0.818043 -0.829018
-0.818008 -0.830433
-0.819427 -0.828532
-0.818461 -0.829558
-0.819514 -0.828742
-0.819436 -0.829356
-0.820395 -0.828207
-0.819071 -0.830706
-0.818166 -0.828577
-0.819367 -0.829269
-0.816894 -0.830262
-0.819725 -0.827437
-0.817721 -0.831235
-0.819337 -0.826951
-0.81991 -0.829895
-0.820147 -0.830031
-0.819169 -0.829984
-0.818199 -0.830269
-0.819293 -0.827205
-0.818152 -0.830725
-0.817395 -0.828058
-0.819011 -0.829416
-0.817076 -0.827619
-0.817287 -0.828122
-0.818265 -0.829125
-0.817619 -0.828932
-0.818942 -0.828668
-0.818664 -0.829574
-0.819373 -0.827603
-0.817202 -0.832542
-0.818512 -0.827048
-0.819498 -0.830217
-0.817474 -0.828794
-0.818437 -0.829395
-0.818135 -0.831533
-0.818332 -0.826455
-0.817296 -0.831571
-0.81793 -0.827034
-0.816965 -0.829551
-0.817202 -0.82795
-0.817782 -0.826661
-0.817316 -0.828233
-0.817151 -0.828177
-0.817583 -0.82797
-0.818646 -0.828314
-0.819199 -0.827247
-0.819323 -0.827656
-0.818848 -0.829509
-0.818807 -0.828805
-0.818524 -0.829039
-0.818914 -0.828374
-0.819329 -0.829315
-0.819184 -0.829795
-0.819283 -0.829387
-0.819602 -0.827591
-0.819524 -0.829985
-0.819305 -0.827925
-0.819365 -0.829796
-0.819834 -0.826831
-0.819293 -0.829225
-0.820676 -0.82811
-0.819355 -0.82968
-0.822052 -0.829015
-0.820745 -0.829167
-0.81944 -0.830641
-0.821448 -0.827255
-0.820864 -0.829328
-0.821154 -0.828686
-0.82136 -0.828052
-0.820047 -0.829547
-0.818106 -0.828861
-0.821542 -0.828758
-0.818713 -0.828239
-0.820316 -0.828389
-0.818592 -0.830052
-0.822026 -0.827541
-0.818074 -0.831755
-0.820895 -0.826349
-0.818509 -0.829765
-0.818984 -0.827262
-0.818323 -0.828204
-0.817825 -0.828697
-0.819728 -0.827318
-0.818513 -0.827439
-0.817067 -0.827026
-0.82095 -0.826906
-0.816682 -0.82887
-0.818854 -0.826987
-0.817701 -0.8272
-0.817768 -0.828738
-0.817678 -0.828583
-0.817135 -0.828734
-0.816737 -0.827925
-0.816382 -0.827792
-0.816541 -0.828503
-0.816886 -0.826389
-0.816334 -0.829447
-0.817272 -0.827633
-0.818315 -0.828265
-0.814924 -0.829632
-0.818176 -0.825968
-0.816203 -0.829421
-0.815891 -0.827306
-0.818689 -0.830233
-0.815948 -0.826245
-0.816603 -0.829566
-0.818161 -0.825731
-0.817284 -0.826926
-0.816657 -0.828345
-0.817989 -0.827456
-0.817145 -0.827076
-0.817104 -0.827611
-0.81725 -0.827513
-0.815416 -0.828622
-0.81713 -0.830144
-0.81663 -0.830382
-0.817622 -0.830823
-0.81713 -0.82772
-0.817768 -0.831442
-0.817409 -0.829634
-0.816173 -0.831717
-0.8181 -0.829448
-0.816246 -0.829753
-0.818239 -0.832365
-0.816258 -0.828795
-0.815238 -0.829608
-0.817372 -0.830211
-0.816716 -0.828614
-0.81596 -0.830702
-0.81576 -0.829082
-0.816761 -0.83009
-0.815116 -0.829789
-0.817588 -0.828477
-0.816788 -0.829751
-0.816758 -0.82882
-0.817361 -0.829202
-0.818334 -0.829322
-0.817167 -0.830025
-0.819041 -0.828613
-0.818142 -0.831612
-0.818365 -0.829606
-0.818725 -0.829613
-0.817996 -0.829946
-0.818616 -0.829069
-0.816984 -0.831144
-0.818814 -0.828428
-0.819488 -0.827926
-0.817489 -0.830952
-0.817194 -0.829587
-0.819798 -0.828317
-0.817345 -0.830441
-0.818615 -0.829997
-0.817393 -0.829949
-0.818219 -0.829084
-0.817922 -0.829276
-0.817848 -0.828582
-0.816948 -0.829776
-0.818496 -0.829013
-0.818317 -0.828832
-0.816619 -0.83087
-0.818897 -0.827424
-0.818097 -0.828731
-0.81805 -0.829343
-0.816849 -0.830099
-0.817515 -0.829212
-0.818176 -0.827218
-0.817788 -0.829618
-0.815198 -0.829251
-0.817875 -0.827604
-0.816704 -0.827676
-0.816524 -0.828181
-0.817052 -0.830747
-0.816173 -0.82879
-0.817284 -0.828602
-0.81697 -0.828667
-0.817256 -0.82858
-0.816169 -0.828065
-0.815442 -0.829625
-0.81625 -0.828554
-0.817108 -0.827139
-0.814667 -0.829278
-0.816972 -0.828303
-0.815275 -0.829119
-0.817302 -0.828375
-0.816929 -0.828662
-0.815806 -0.82802
-0.817207 -0.828001
-0.815407 -0.8286
-0.816322 -0.828814
-0.817114 -0.829011
-0.815679 -0.828953
-0.815058 -0.829935
-0.815787 -0.8266
-0.815202 -0.828574
-0.815745 -0.829418
-0.815288 -0.827538
-0.81544 -0.829087
-0.815301 -0.827244
-0.814029 -0.828713
-0.816728 -0.828609
-0.815193 -0.826195
-0.814437 -0.827006
-0.814626 -0.827323
-0.813142 -0.825911
-0.814734 -0.828868
-0.813803 -0.827492
-0.815204 -0.826989
-0.814209 -0.829535
-0.815431 -0.826472
-0.815 -0.827329
-0.814418 -0.828949
-0.81638 -0.828967
-0.816408 -0.826954
-0.816105 -0.829264
-0.816379 -0.82725
-0.816496 -0.826919
-0.815663 -0.829301
-0.818537 -0.826867
-0.816411 -0.828256
-0.817615 -0.828663
-0.816592 -0.828213
-0.816989 -0.827148
-0.816822 -0.827244
-0.815837 -0.827848
-0.815587 -0.827907
-0.815578 -0.827671
-0.815265 -0.828226
-0.816691 -0.824899
-0.814405 -0.8294
-0.817089 -0.827295
-0.816158 -0.82776
-0.817175 -0.826589
-0.816965 -0.828172
-0.816189 -0.828417
-0.817002 -0.829254
-0.816819 -0.826206
-0.81677 -0.826663
-0.815465 -0.828419
-0.815366 -0.826947
-0.815232 -0.828264
-0.816531 -0.82694
-0.813949 -0.829226
-0.816768 -0.826809
-0.815328 -0.827644
-0.816718 -0.827718
-0.815976 -0.827586
-0.816674 -0.828242
-0.814992 -0.829333
-0.816114 -0.82692
-0.815804 -0.827915
-0.815963 -0.827292
-0.815526 -0.827226
-0.815173 -0.827674
-0.816929 -0.825964
-0.815685 -0.82944
-0.817118 -0.826541
-0.818083 -0.827562
-0.816315 -0.828067
-0.815878 -0.826591
-0.816186 -0.826721
-0.817352 -0.826236
-0.815562 -0.827465
-0.817398 -0.828223
-0.816833 -0.825744
-0.817596 -0.829014
-0.817116 -0.828591
-0.818974 -0.825776
-0.81865 -0.826071
-0.816046 -0.828133
-0.817039 -0.827449
-0.818788 -0.826042
-0.816943 -0.824981
-0.818185 -0.827044
-0.816982 -0.827774
-0.817345 -0.826491
-0.816937 -0.828966
-0.819341 -0.824839
-0.817183 -0.828055
-0.817706 -0.827146
-0.818083 -0.826168
-0.817377 -0.827489
-0.817858 -0.825182
-0.817408 -0.829188
-0.818067 -0.825594
-0.816881 -0.827479
-0.817146 -0.827371
-0.815294 -0.826494
-0.817699 -0.828062
-0.815186 -0.826235
-0.81651 -0.827685
-0.816895 -0.826785
-0.814399 -0.826432
-0.818161 -0.827192
-0.816081 -0.827386
-0.815264 -0.826776
-0.817146 -0.826778
-0.815506 -0.826189
-0.814943 -0.826803
-0.816271 -0.824902
-0.815143 -0.825883
-0.816074 -0.827208
-0.816119 -0.824309
-0.814427 -0.826796
-0.815198 -0.825651
-0.815099 -0.825013
-0.815481 -0.82568
-0.814986 -0.826175
-0.816222 -0.826128
-0.813729 -0.826261
-0.816484 -0.824011
-0.814771 -0.827096
-0.814095 -0.825298
-0.814528 -0.824391
-0.813694 -0.82541
-0.814373 -0.826136
-0.813152 -0.825284
-0.814449 -0.82426
-0.815078 -0.824944
-0.814422 -0.825227
-0.814864 -0.82566
-0.814577 -0.82624
-0.815393 -0.824809
-0.815293 -0.826033
-0.814833 -0.826784
-0.814596 -0.825838
-0.815647 -0.825618
-0.814617 -0.826037
-0.815643 -0.824643
-0.815381 -0.827275
-0.817402 -0.826245
-0.81595 -0.826425
-0.816356 -0.825455
-0.816424 -0.825476
-0.81606 -0.825338
-0.8146 -0.826264
-0.817187 -0.823096
-0.814501 -0.825159
-0.813976 -0.825371
-0.815766 -0.824776
-0.814674 -0.824863
-0.814724 -0.824576
-0.814627 -0.826683
-0.816108 -0.824189
-0.816411 -0.824563
-0.813978 -0.824324
-0.81466 -0.824329
-0.81392 -0.823538
-0.812275 -0.824263
-0.813057 -0.82457
-0.812666 -0.823637
-0.812441 -0.825734
-0.813048 -0.823474
-0.8128 -0.825711
-0.815 -0.823388
-0.814198 -0.824602
-0.813104 -0.824394
-0.814498 -0.823253
-0.812704 -0.824317
-0.813183 -0.823433
-0.811712 -0.822755
-0.814229 -0.824323
-0.813072 -0.822496
-0.812159 -0.825443
-0.813557 -0.823731
-0.813771 -0.823438
-0.812915 -0.824541
-0.814099 -0.824018
-0.813132 -0.824399
-0.811359 -0.825173
-0.813677 -0.823834
-0.81209 -0.824623
-0.811999 -0.823941
-0.813156 -0.823918
-0.813996 -0.824121
-0.813999 -0.823765
-0.814009 -0.823887
-0.813972 -0.825861
-0.814038 -0.823025
-0.814054 -0.822626
-0.814162 -0.825229
-0.81244 -0.824107
-0.814089 -0.823802
-0.812899 -0.825952
-0.812938 -0.824077
-0.812624 -0.825666
-0.814751 -0.823209
-0.813185 -0.825189
-0.814214 -0.823191
-0.814123 -0.823589
-0.813497 -0.825227
-0.814053 -0.823735
-0.812964 -0.825167
-0.813144 -0.823503
-0.813118 -0.824081
-0.812523 -0.824894
-0.813274 -0.824005
-0.813651 -0.823218
-0.812669 -0.823936
-0.812985 -0.823546
-0.813198 -0.824788
-0.813778 -0.824787
-0.812803 -0.824034
-0.813915 -0.825501
-0.813499 -0.823624
-0.8138 -0.825079
-0.813394 -0.82553
-0.814616 -0.823338
-0.813919 -0.825656
-0.813689 -0.824376
-0.8141 -0.825203
-0.813706 -0.825027
-0.812947 -0.82477
-0.813325 -0.823565
-0.811711 -0.826141
-0.812721 -0.82324
-0.81365 -0.823706
-0.813124 -0.825303
-0.813077 -0.825892
-0.815111 -0.823288
-0.812285 -0.825048
-0.814899 -0.822976
-0.812676 -0.825586
-0.813003 -0.825757
-0.812885 -0.823416
-0.814319 -0.823
-0.812626 -0.825636
-0.811992 -0.825151
-0.814306 -0.823555
-0.812631 -0.825273
-0.813686 -0.823174
-0.814773 -0.825637
-0.812278 -0.825542
-0.815207 -0.824769
-0.81406 -0.824053
-0.814007 -0.825134
-0.814121 -0.825438
-0.813169 -0.825506
-0.81383 -0.824528
-0.813739 -0.824338
-0.81346 -0.824832
-0.810638 -0.827062
-0.812804 -0.823577
-0.813305 -0.824906
-0.812047 -0.823875
-0.812476 -0.825436
-0.812615 -0.822949
-0.812367 -0.824699
-0.811342 -0.824073
-0.812264 -0.82415
-0.810661 -0.825231
-0.812393 -0.823981
-0.81148 -0.825161
-0.810752 -0.824885
-0.812616 -0.824009
-0.810207 -0.82373
-0.812589 -0.824505
-0.810123 -0.825229
-0.811634 -0.82313
-0.809877 -0.824829
-0.810754 -0.823012
-0.810296 -0.823756
-0.808969 -0.823647
-0.809584 -0.824301
-0.809258 -0.823788
-0.809432 -0.822242
-0.809036 -0.824819
-0.808504 -0.824753
-0.810268 -0.820534
-0.809515 -0.824817
-0.809365 -0.825546
-0.810328 -0.823385
-0.809899 -0.824009
-0.80866 -0.824518
-0.809006 -0.823924
-0.809683 -0.823369
-0.809907 -0.823287
-0.809563 -0.821396
-0.809505 -0.823821
-0.80934 -0.822317
-0.810585 -0.822646
-0.809427 -0.822671
-0.810265 -0.823566
-0.809622 -0.823552
-0.810785 -0.822686
-0.810531 -0.825153
-0.810672 -0.823342
-0.81004 -0.825
-0.810364 -0.822307
-0.810641 -0.823864
-0.810526 -0.824021
-0.811353 -0.823197
-0.810682 -0.824119
-0.809342 -0.824418
-0.810793 -0.822483
-0.810395 -0.82288
-0.809326 -0.822762
-0.809954 -0.822355
-0.808703 -0.823261
-0.809806 -0.822134
-0.809007 -0.824216
-0.809913 -0.821888
-0.809928 -0.824406
-0.810368 -0.821722
-0.809999 -0.823991
-0.809936 -0.823238
-0.809613 -0.822274
-0.808634 -0.823163
-0.809038 -0.822238
-0.809725 -0.823346
-0.80864 -0.823372
-0.809847 -0.822974
-0.810434 -0.823393
-0.809552 -0.82327
-0.810539 -0.822975
-0.810021 -0.824406
-0.808477 -0.824705
-0.810603 -0.821198
-0.809943 -0.823681
-0.808872 -0.823076
-0.808542 -0.825164
-0.809564 -0.821738
-0.810313 -0.822365
-0.810674 -0.823662
-0.809712 -0.824335
-0.810224 -0.823443
-0.810132 -0.822807
-0.809077 -0.821758
-0.810275 -0.823052
-0.808584 -0.822059
-0.808478 -0.823061
-0.80812 -0.823209
-0.807942 -0.821042
-0.807948 -0.823406
-0.807572 -0.822832
-0.808266 -0.822881
-0.809266 -0.821276
-0.807738 -0.823224
-0.808936 -0.822637
-0.807787 -0.821158
-0.807809 -0.823029
-0.807631 -0.820762
-0.807776 -0.822344
-0.807595 -0.823036
-0.807672 -0.822742
-0.80897 -0.820932
-0.807062 -0.823368
-0.809038 -0.821692
-0.807902 -0.822602
-0.808254 -0.823275
-0.808485 -0.821573
-0.80784 -0.822682
-0.80718 -0.822447
-0.808748 -0.820513
-0.806132 -0.823201
-0.807317 -0.822556
-0.809191 -0.821354
-0.806288 -0.824513
-0.808824 -0.821353
-0.805878 -0.823825
-0.80978 -0.8218
-0.807384 -0.822417
-0.809745 -0.823375
-0.808747 -0.822109
-0.808353 -0.823488
-0.808843 -0.822617
-0.809032 -0.82028
-0.808527 -0.824338
-0.807586 -0.821338
-0.809258 -0.820981
-0.807073 -0.82248
-0.808378 -0.821121
-0.80651 -0.823261
-0.808344 -0.821752
-0.808914 -0.822065
-0.80751 -0.824554
-0.808502 -0.822575
-0.809702 -0.823203
-0.810371 -0.82237
-0.808688 -0.824366
-0.808334 -0.82375
-0.809445 -0.822301
-0.807225 -0.821043
-0.807618 -0.822383
-0.807802 -0.821163
-0.807398 -0.821448
-0.806864 -0.821427
-0.80793 -0.82165
-0.808828 -0.821746
-0.807286 -0.822146
-0.808585 -0.822443
-0.807069 -0.823565
-0.807604 -0.821749
-0.808325 -0.821903
-0.807774 -0.822066
-0.806715 -0.821827
-0.807168 -0.822847
-0.80664 -0.820943
-0.806389 -0.823864
-0.807356 -0.822057
-0.807588 -0.821078
-0.806516 -0.8219
-0.808044 -0.822624
-0.808023 -0.82191
-0.808846 -0.821159
-0.807687 -0.822481
-0.80934 -0.822158
-0.80637 -0.821549
-0.809105 -0.820431
-0.807782 -0.822032
-0.807662 -0.819591
-0.806452 -0.823188
-0.807752 -0.820765
-0.807965 -0.823278
-0.809142 -0.81976
-0.807282 -0.822155
-0.807711 -0.821666
-0.808501 -0.82066
-0.807149 -0.820905
-0.808079 -0.821041
-0.805564 -0.82251
-0.807924 -0.819521
-0.806998 -0.820952
-0.807254 -0.821864
-0.806106 -0.822821
-0.807543 -0.819489
-0.806617 -0.820517
-0.805437 -0.821548
-0.805726 -0.821339
-0.807844 -0.82063
-0.807555 -0.821175
-0.806412 -0.820047
-0.807788 -0.820741
-0.806306 -0.821965
-0.80683 -0.820387
-0.807285 -0.820928
-0.806312 -0.820942
-0.806256 -0.822727
-0.806851 -0.819588
-0.807007 -0.820718
-0.805645 -0.819896
-0.806819 -0.820407
-0.806115 -0.820339
-0.807221 -0.819317
-0.807433 -0.819167
-0.806754 -0.821419
-0.807991 -0.819299
-0.809189 -0.821498
-0.809014 -0.820354
-0.808949 -0.820683
-0.807932 -0.82276
-0.808447 -0.818794
-0.807262 -0.820666
-0.808727 -0.82069
-0.807652 -0.820452
-0.807331 -0.820349
-0.80711 -0.82104
-0.807966 -0.820543
-0.806914 -0.820149
-0.80648 -0.82021
-0.80628 -0.822308
-0.806595 -0.819776
-0.805961 -0.81951
-0.806801 -0.821535
-0.804945 -0.820335
-0.807334 -0.821457
-0.805285 -0.820347
-0.807615 -0.818431
-0.80595 -0.821041
-0.806545 -0.820621
-0.807058 -0.820727
-0.806285 -0.819569
-0.805453 -0.818905
-0.805265 -0.821401
-0.805598 -0.818006
-0.804613 -0.819311
-0.805279 -0.818743
-0.803731 -0.820664
-0.80594 -0.817083
-0.80434 -0.820559
-0.805437 -0.820546
-0.806211 -0.820078
-0.805561 -0.820098
-0.805325 -0.821028
-0.807138 -0.820182
-0.805637 -0.820525
-0.806404 -0.820931
-0.806979 -0.817911
-0.805575 -0.821358
-0.806812 -0.817469
-0.805379 -0.820004
-0.806897 -0.819171
-0.805113 -0.820096
-0.805682 -0.81851
-0.806715 -0.819608
-0.805715 -0.819383
-0.805453 -0.818367
-0.805528 -0.819894
-0.804493 -0.819371
-0.806032 -0.818552
-0.804872 -0.819998
-0.806196 -0.818539
-0.805741 -0.819937
-0.807991 -0.81993
-0.807138 -0.819136
-0.806909 -0.821582
-0.808095 -0.818727
-0.806877 -0.820647
-0.807514 -0.820663
-0.806266 -0.819014
-0.808947 -0.818127
-0.805732 -0.819167
-0.806246 -0.819346
-0.806918 -0.819152
-0.807335 -0.817597
-0.804333 -0.821563
-0.80661 -0.817274
-0.805958 -0.820608
-0.805711 -0.819336
-0.806093 -0.818507
-0.806367 -0.818383
-0.805083 -0.819225
-0.80634 -0.819152
-0.805931 -0.818745
-0.805557 -0.817605
-0.805363 -0.818834
-0.805982 -0.82086
-0.806201 -0.817578
-0.804772 -0.821401
-0.807916 -0.817297
-0.804504 -0.819055
-0.806682 -0.820291
-0.804579 -0.818725
-0.807392 -0.819412
-0.805742 -0.819686
-0.805919 -0.817323
-0.806037 -0.819764
-0.805426 -0.818779
-0.805449 -0.818302
-0.804283 -0.818915
-0.806374 -0.817694
-0.805845 -0.819678
-0.805815 -0.817631
-0.805814 -0.819739
-0.805094 -0.819944
-0.805969 -0.817738
-0.805982 -0.819313
-0.805815 -0.820225
-0.8054 -0.820459
-0.80604 -0.819836
-0.804731 -0.819823
-0.806043 -0.818142
-0.803446 -0.82071
-0.804914 -0.816791
-0.805366 -0.818596
-0.804354 -0.818902
-0.804629 -0.819744
-0.804797 -0.818803
-0.806248 -0.820076
-0.806017 -0.820287
-0.805768 -0.819335
-0.806049 -0.82117
-0.806164 -0.818948
-0.805494 -0.818888
-0.805089 -0.820545
-0.805297 -0.819425
-0.804857 -0.820552
-0.804528 -0.817486
-0.804861 -0.819819
-0.804778 -0.818137
-0.80277 -0.820689
-0.806091 -0.818202
-0.804477 -0.818835
-0.804724 -0.819979
-0.80547 -0.818153
-0.803154 -0.820942
-0.803579 -0.820379
-0.805331 -0.816513
-0.80373 -0.820715
-0.804539 -0.816821
-0.803831 -0.819389
-0.804313 -0.819294
-0.802966 -0.817825
-0.804293 -0.819358
-0.802904 -0.819169
-0.803737 -0.818142
-0.803598 -0.819656
-0.802891 -0.818572
-0.801464 -0.820706
-0.802639 -0.816973
-0.801767 -0.819292
-0.802846 -0.81764
-0.802529 -0.819655
-0.803296 -0.817437
-0.804144 -0.819558
-0.803065 -0.818999
-0.803357 -0.819556
-0.80427 -0.818921
-0.803304 -0.817168
-0.802859 -0.819473
-0.802283 -0.81667
-0.802618 -0.818216
-0.802333 -0.817303
-0.802046 -0.816485
-0.801247 -0.820474
-0.801352 -0.818114
-0.802287 -0.814703
-0.801276 -0.819728
-0.801791 -0.814411
-0.79994 -0.819602
-0.778169 -0.778198
-0.751569 -0.737651
-0.752355 -0.739801
-0.753173 -0.740148
-0.750422 -0.739559
-0.751917 -0.738082
-0.751246 -0.739856
-0.751616 -0.738512
-0.75108 -0.738241
-0.750208 -0.738626
-0.751816 -0.737723
-0.751312 -0.737351
-0.750471 -0.739349
-0.75285 -0.738298
-0.751787 -0.739436
-0.751806 -0.74234
-0.752204 -0.742094
-0.753474 -0.744446
-0.752627 -0.741237
-0.75149 -0.7429
-0.752563 -0.744026
-0.750497 -0.741833
-0.753493 -0.743222
-0.751434 -0.74226
-0.751108 -0.74222
-0.752771 -0.744854
-0.751574 -0.7416
-0.753279 -0.742863
-0.752772 -0.743603
-0.75268 -0.742507
-0.751113 -0.743653
-0.752506 -0.742561
-0.752127 -0.742471
-0.751294 -0.743348
-0.753198 -0.741844
-0.750941 -0.743432
-0.750365 -0.74233
-0.751672 -0.743252
-0.751632 -0.741455
-0.750248 -0.743409
-0.751988 -0.740695
-0.752721 -0.741898
-0.751646 -0.742732
-0.751924 -0.741816
-0.750975 -0.7419
-0.751136 -0.7428
-0.751652 -0.742449
-0.750155 -0.74242
-0.752848 -0.743612
-0.751418 -0.740125
-0.750854 -0.742727
-0.751961 -0.742486
-0.750532 -0.741552
-0.751246 -0.742441
-0.751315 -0.742617
-0.75012 -0.742296
-0.751206 -0.741786
-0.75079 -0.741044
-0.750913 -0.74157
-0.750651 -0.742209
-0.750534 -0.741804
-0.751071 -0.741056
-0.750562 -0.743812
-0.750615 -0.742821
-0.751042 -0.741978
-0.752526 -0.74301
-0.750516 -0.740934
-0.751121 -0.7438
-0.751857 -0.742466
-0.751496 -0.742459
-0.750748 -0.743945
-0.752263 -0.742609
-0.75171 -0.741915
-0.750766 -0.743841
-0.751454 -0.741687
-0.751062 -0.743188
-0.750416 -0.743547
-0.751731 -0.740646
-0.750542 -0.743405
-0.750915 -0.741824
-0.750359 -0.740606
-0.749791 -0.742929
-0.750233 -0.740831
-0.749223 -0.741179
-0.749349 -0.741379
-0.750144 -0.741166
-0.749228 -0.740759
-0.750311 -0.740396
-0.748943 -0.742863
-0.750555 -0.740602
-0.749838 -0.741513
-0.750593 -0.741551
-0.751095 -0.740912
-0.749275 -0.741953
-0.751174 -0.740719
-0.750735 -0.741771
-0.750665 -0.741556
-0.750767 -0.741043
-0.751731 -0.741628
-0.749958 -0.742418
-0.752045 -0.743714
-0.751558 -0.744501
-0.752475 -0.746187
-0.750952 -0.748029
-0.752338 -0.744147
-0.751525 -0.746702
-0.752028 -0.745658
-0.751789 -0.746266
-0.751997 -0.746127
-0.752541 -0.745227
-0.750982 -0.745761
-0.752138 -0.745703
-0.751946 -0.745517
-0.750535 -0.74541
-0.751959 -0.746125
-0.751806 -0.74482
-0.751937 -0.74617
-0.751121 -0.744905
-0.752775 -0.745103
-0.751458 -0.746026
-0.752589 -0.743554
-0.752128 -0.746061
-0.752538 -0.746342
-0.752791 -0.74696
-0.752161 -0.748065
-0.751727 -0.745895
-0.752709 -0.748102
-0.752228 -0.745739
-0.751161 -0.749405
-0.753295 -0.744689
-0.751639 -0.747887
-0.751665 -0.746334
-0.75241 -0.746256
-0.75163 -0.747263
-0.752085 -0.745832
-0.752879 -0.747241
-0.752016 -0.746624
-0.752698 -0.747083
-0.752763 -0.748183
-0.752573 -0.746442
-0.752619 -0.749638
-0.751931 -0.74711
-0.752829 -0.746453
-0.752167 -0.747291
-0.750616 -0.746842
-0.752614 -0.746867
-0.75088 -0.747224
-0.751868 -0.746427
-0.751754 -0.748643
-0.752286 -0.746393
