0 0
-0.08544 -0.0788641
-0.16779 -0.156444
-0.247675 -0.233385
-0.323304 -0.299826
-0.397332 -0.370302
-0.468412 -0.437515
-0.53692 -0.502709
-0.602256 -0.56513
-0.665757 -0.624493
-0.723378 -0.684242
-0.781665 -0.737942
-0.834692 -0.791517
-0.886173 -0.841584
-0.932415 -0.890546
-0.978725 -0.934249
-1.01944 -0.975448
-1.05701 -1.02221
-1.09108 -1.05448
-1.12167 -1.09296
-1.14929 -1.12522
-1.1718 -1.15711
-1.1954 -1.18199
-1.2115 -1.21013
-1.19604 -1.1913
-1.21831 -1.20843
-1.23256 -1.22735
-1.2439 -1.24929
-1.25422 -1.26284
-1.26556 -1.28276
-1.2727 -1.29251
-1.26605 -1.29583
-1.24822 -1.25731
-1.25489 -1.25238
-1.25694 -1.24592
-1.25443 -1.24888
-1.25459 -1.24845
-1.25315 -1.24926
-1.25123 -1.2471
-1.25142 -1.24852
-1.24988 -1.24979
-1.25073 -1.24669
-1.25361 -1.24821
-1.25119 -1.24504
-1.25238 -1.24305
-1.24574 -1.24503
-1.25252 -1.24095
-1.2484 -1.24349
-1.24933 -1.24058
-1.25127 -1.24241
-1.24989 -1.2412
-1.24896 -1.24056
-1.2497 -1.2394
-1.25197 -1.24087
-1.25249 -1.23415
-1.251 -1.23894
-1.24716 -1.24102
-1.25077 -1.24044
-1.24783 -1.24081
-1.2485 -1.24125
-1.24848 -1.24194
-1.24912 -1.23655
-1.25149 -1.24029
-1.24584 -1.23881
-1.24798 -1.237
-1.24673 -1.24186
-1.24289 -1.23797
-1.24424 -1.24093
-1.24375 -1.23698
-1.24731 -1.23802
-1.245 -1.23568
-1.24757 -1.23793
-1.24442 -1.23697
-1.25158 -1.2323
-1.24638 -1.24007
-1.24565 -1.23368
-1.2453 -1.23482
-1.2414 -1.23344
-1.24625 -1.23965
-1.24943 -1.23384
-1.24311 -1.23615
-1.24292 -1.23251
-1.24541 -1.23625
-1.24236 -1.23445
-1.24552 -1.23566
-1.2418 -1.23149
-1.2454 -1.23401
-1.24468 -1.23096
-1.24517 -1.22878
-1.24723 -1.23264
-1.24248 -1.23363
-1.25016 -1.23291
-1.24254 -1.23193
-1.24632 -1.23086
-1.24141 -1.2343
-1.24265 -1.23235
-1.24166 -1.23097
-1.24613 -1.22709
-1.24394 -1.22714
-1.2457 -1.22288
-1.2465 -1.22959
-1.24155 -1.22708
-1.24558 -1.22807
-1.24509 -1.22527
-1.24057 -1.23148
-1.24714 -1.22199
-1.24272 -1.22885
-1.24237 -1.22625
-1.24637 -1.22698
-1.24132 -1.22996
-1.24621 -1.22587
-1.243 -1.22383
-1.24347 -1.22615
-1.2379 -1.22875
-1.2439 -1.22228
-1.2421 -1.22581
-1.23938 -1.22455
-1.24199 -1.2229
-1.23953 -1.22178
-1.24 -1.22275
-1.24184 -1.22427
-1.24159 -1.21798
-1.24 -1.22511
-1.23942 -1.22026
-1.23962 -1.21985
-1.23828 -1.22206
-1.24186 -1.22116
-1.23751 -1.22373
-1.23956 -1.22229
-1.24089 -1.22078
-1.23625 -1.22095
-1.23514 -1.22126
-1.23939 -1.21824
-1.23655 -1.22275
-1.23687 -1.22028
-1.23914 -1.22078
-1.23441 -1.21907
-1.23516 -1.22125
-1.23564 -1.21896
-1.23486 -1.21826
-1.23893 -1.21489
-1.23874 -1.21701
-1.23694 -1.21525
-1.23785 -1.21757
-1.23548 -1.21614
-1.23798 -1.21489
-1.23411 -1.22155
-1.23654 -1.21458
-1.23314 -1.21716
-1.23303 -1.21782
-1.2405 -1.21596
-1.22938 -1.21446
-1.23193 -1.2187
-1.23414 -1.21584
-1.232 -1.21391
-1.23509 -1.21187
-1.23488 -1.21238
-1.23465 -1.2076
-1.2363 -1.21642
-1.23325 -1.20948
-1.23127 -1.21248
-1.23442 -1.21158
-1.23429 -1.21532
-1.23475 -1.21095
-1.23106 -1.21255
-1.23468 -1.21185
-1.23085 -1.20832
-1.23343 -1.21234
-1.22844 -1.20946
-1.23207 -1.21167
-1.23127 -1.20751
-1.23307 -1.21202
-1.22825 -1.21012
-1.23019 -1.21343
-1.22916 -1.20938
-1.23117 -1.21145
-1.23195 -1.20377
-1.2335 -1.20874
-1.23462 -1.20535
-1.23156 -1.2046
-1.2345 -1.20607
-1.22966 -1.20795
-1.23186 -1.20442
-1.22732 -1.20687
-1.22904 -1.20596
-1.22906 -1.20703
-1.2326 -1.20594
-1.23142 -1.20505
-1.23266 -1.20847
-1.23476 -1.20902
-1.23116 -1.208
-1.2359 -1.20646
-1.23182 -1.2036
-1.23263 -1.20727
-1.22978 -1.20783
-1.23133 -1.20631
-1.22916 -1.21067
-1.22609 -1.20803
-1.2276 -1.2097
-1.22796 -1.20718
-1.22819 -1.20776
-1.23031 -1.20403
-1.22802 -1.20684
-1.2318 -1.2043
-1.22745 -1.20793
-1.22948 -1.20433
-1.22808 -1.2074
-1.22844 -1.2061
-1.22861 -1.20927
-1.22711 -1.20716
-1.22768 -1.2061
-1.23169 -1.20462
-1.22948 -1.20631
-1.23198 -1.20507
-1.23008 -1.20682
-1.22996 -1.20331
-1.22747 -1.20747
-1.23062 -1.20367
-1.22978 -1.20472
-1.2285 -1.20444
-1.23413 -1.2002
-1.23052 -1.20366
-1.23154 -1.20165
-1.22892 -1.20099
-1.23021 -1.2015
-1.23091 -1.20337
-1.23025 -1.20281
-1.23242 -1.2004
-1.23275 -1.19728
-1.2299 -1.20056
-1.22656 -1.2022
-1.23121 -1.20077
-1.22868 -1.20584
-1.22706 -1.19972
-1.22083 -1.20046
-1.22631 -1.20697
-1.22909 -1.19939
-1.22676 -1.19864
-1.23189 -1.19831
-1.23025 -1.19451
-1.22663 -1.20339
-1.22833 -1.19366
-1.22736 -1.20272
-1.22469 -1.19834
-1.22432 -1.20462
-1.22532 -1.20072
-1.2277 -1.19701
-1.22729 -1.19873
-1.22923 -1.19508
-1.22604 -1.19985
-1.22811 -1.19464
-1.22843 -1.19899
-1.22549 -1.19683
-1.22691 -1.19942
-1.22529 -1.19741
-1.22478 -1.1958
-1.22391 -1.19475
-1.22743 -1.19624
-1.22755 -1.19595
-1.2224 -1.19333
-1.22779 -1.1942
-1.22604 -1.19536
-1.22725 -1.19238
-1.22484 -1.1951
-1.22516 -1.19356
-1.22619 -1.19192
-1.22711 -1.19234
-1.22518 -1.19241
-1.22685 -1.19381
-1.22128 -1.19294
-1.2232 -1.19376
-1.2232 -1.1933
-1.22111 -1.19253
-1.22163 -1.19353
-1.2223 -1.19234
-1.22275 -1.1919
-1.21863 -1.19545
-1.21885 -1.19224
-1.22156 -1.19688
-1.22145 -1.18892
-1.22548 -1.19061
-1.22122 -1.19253
-1.22209 -1.18865
-1.22005 -1.19331
-1.22371 -1.18868
-1.22304 -1.19497
-1.22229 -1.18862
-1.22592 -1.19145
-1.22172 -1.18817
-1.22695 -1.19009
-1.22373 -1.19193
-1.22219 -1.19228
-1.2217 -1.18939
-1.22087 -1.1924
-1.21967 -1.19336
-1.21866 -1.18912
-1.21898 -1.18953
-1.22221 -1.19077
-1.22269 -1.1891
-1.22184 -1.18726
-1.2164 -1.18901
-1.22027 -1.18705
-1.2217 -1.18495
-1.22046 -1.18755
-1.21815 -1.18636
-1.21983 -1.1877
-1.21746 -1.18208
-1.21586 -1.18915
-1.21737 -1.18705
-1.2188 -1.18628
-1.21915 -1.18772
-1.2138 -1.18696
-1.21726 -1.18711
-1.21611 -1.18744
-1.21877 -1.19064
-1.21581 -1.18606
-1.22363 -1.1845
-1.21737 -1.18746
-1.21769 -1.18365
-1.21647 -1.18793
-1.21567 -1.18451
-1.21484 -1.18913
-1.21411 -1.18919
-1.21423 -1.18624
-1.21639 -1.18928
-1.21676 -1.18291
-1.21444 -1.18608
-1.21686 -1.18473
-1.21556 -1.19011
-1.21197 -1.18613
-1.21306 -1.18847
-1.21444 -1.1867
-1.21455 -1.18821
-1.21376 -1.18601
-1.21428 -1.18921
-1.21355 -1.18684
-1.21409 -1.18723
-1.2145 -1.18521
-1.21234 -1.18736
-1.21364 -1.18915
-1.21015 -1.18364
-1.21818 -1.18883
-1.21176 -1.18336
-1.21374 -1.18811
-1.21288 -1.18748
-1.2148 -1.18479
-1.211 -1.18738
-1.21428 -1.18759
-1.20954 -1.18446
-1.21018 -1.18597
-1.21224 -1.18516
-1.21021 -1.1882
-1.20871 -1.18519
-1.21041 -1.18891
-1.21151 -1.18681
-1.20798 -1.18362
-1.20638 -1.18862
-1.20919 -1.18355
-1.20788 -1.18885
-1.21069 -1.18604
-1.20935 -1.18766
-1.20742 -1.18408
-1.20952 -1.18712
-1.20849 -1.18249
-1.21245 -1.18508
-1.20667 -1.18315
-1.21214 -1.18301
-1.20967 -1.18363
-1.20891 -1.18318
-1.21 -1.18531
-1.20457 -1.18718
-1.20894 -1.18289
-1.20621 -1.18587
-1.20935 -1.18196
-1.21225 -1.18179
-1.20931 -1.18345
-1.21054 -1.18241
-1.2074 -1.18372
-1.20867 -1.1823
-1.20727 -1.18491
-1.20977 -1.18299
-1.20815 -1.18627
-1.20849 -1.17811
-1.20773 -1.18537
-1.20971 -1.17719
-1.20533 -1.18502
-1.20511 -1.18364
-1.20739 -1.18239
-1.20911 -1.1801
-1.20642 -1.18149
-1.21067 -1.17939
-1.21051 -1.18027
-1.21003 -1.17927
-1.20662 -1.17802
-1.20249 -1.18403
-1.20746 -1.18343
-1.20708 -1.17861
-1.20181 -1.18432
-1.20772 -1.1785
-1.20866 -1.17836
-1.20693 -1.18149
-1.20726 -1.18019
-1.20731 -1.17728
-1.20467 -1.18319
-1.20389 -1.1816
-1.20342 -1.1831
-1.20759 -1.17881
-1.20279 -1.18447
-1.20785 -1.17867
-1.20214 -1.18142
-1.20815 -1.17943
-1.20533 -1.18239
-1.20243 -1.18266
-1.2069 -1.18132
-1.20503 -1.18076
-1.20563 -1.1816
-1.20728 -1.18042
-1.20711 -1.17913
-1.20535 -1.17866
-1.20639 -1.18032
-1.20454 -1.18167
-1.20132 -1.17922
-1.20459 -1.18406
-1.20276 -1.18
-1.20487 -1.18194
-1.20503 -1.18067
-1.20288 -1.1813
-1.20306 -1.18277
-1.20648 -1.18159
-1.20604 -1.17885
-1.2063 -1.18374
-1.20533 -1.18281
-1.20305 -1.18061
-1.20486 -1.18309
-1.20368 -1.17976
-1.20652 -1.18427
-1.20244 -1.18129
-1.20642 -1.18489
-1.20162 -1.18072
-1.20367 -1.18234
-1.20502 -1.18196
-1.20632 -1.1813
-1.20328 -1.1824
-1.2069 -1.18073
-1.20132 -1.18518
-1.20831 -1.17955
-1.20211 -1.18214
-1.20416 -1.18349
-1.20124 -1.18213
-1.20338 -1.18622
-1.20438 -1.1822
-1.19995 -1.18699
-1.20365 -1.17963
-1.20527 -1.18681
-1.20704 -1.17877
-1.20284 -1.18283
-1.20332 -1.17752
-1.20029 -1.18294
-1.20461 -1.18022
-1.20351 -1.17643
-1.20465 -1.1812
-1.20067 -1.17978
-1.20253 -1.18026
-1.20608 -1.17883
-1.20282 -1.17797
-1.20002 -1.18132
-1.20216 -1.18188
-1.20118 -1.18011
-1.20026 -1.18259
-1.20064 -1.18035
-1.20235 -1.18131
-1.20071 -1.18262
-1.20124 -1.17997
-1.19993 -1.17941
-1.20154 -1.18259
-1.20002 -1.18006
-1.19875 -1.1796
-1.19559 -1.1815
-1.20219 -1.18342
-1.19892 -1.17888
-1.20221 -1.17892
-1.1976 -1.18313
-1.19967 -1.17919
-1.19826 -1.18079
-1.1997 -1.17711
-1.19962 -1.18031
-1.20194 -1.17784
-1.1997 -1.17645
-1.19822 -1.17956
-1.19813 -1.17685
-1.19649 -1.18155
-1.20159 -1.17617
-1.19793 -1.18135
-1.19725 -1.17716
-1.20041 -1.18142
-1.20137 -1.17809
-1.19949 -1.17806
-1.19968 -1.17888
-1.19654 -1.17785
-1.19798 -1.17721
-1.19475 -1.17969
-1.19646 -1.1818
-1.19613 -1.17632
-1.19761 -1.17743
-1.19757 -1.17663
-1.19466 -1.17851
-1.19809 -1.17645
-1.19937 -1.17505
-1.19762 -1.17679
-1.19642 -1.17722
-1.2002 -1.17684
-1.19723 -1.17468
-1.19851 -1.17815
-1.19158 -1.18069
-1.19934 -1.17618
-1.19833 -1.18009
-1.1951 -1.17823
-1.19471 -1.17619
-1.19788 -1.18042
-1.19654 -1.17467
-1.19564 -1.17751
-1.19812 -1.17608
-1.19366 -1.17683
-1.19769 -1.17727
-1.19533 -1.17592
-1.19654 -1.17573
-1.19617 -1.17912
-1.19371 -1.17591
-1.19454 -1.1768
-1.19486 -1.17592
-1.19521 -1.17672
-1.19462 -1.17597
-1.19209 -1.17459
-1.19468 -1.17631
-1.19068 -1.17915
-1.19287 -1.17453
-1.19208 -1.1791
-1.19088 -1.17916
-1.19239 -1.17819
-1.19349 -1.17663
-1.19267 -1.18051
-1.19434 -1.17621
-1.19187 -1.1759
-1.19316 -1.17883
-1.19215 -1.17517
-1.19017 -1.17682
-1.19383 -1.17832
-1.19444 -1.17678
-1.19166 -1.17904
-1.19309 -1.17558
-1.1933 -1.17552
-1.19392 -1.17645
-1.19164 -1.17943
-1.19477 -1.17321
-1.19147 -1.17854
-1.19291 -1.17346
-1.19206 -1.1789
-1.18965 -1.17623
-1.19266 -1.17995
-1.19036 -1.17257
-1.18988 -1.17472
-1.19256 -1.17552
-1.19392 -1.1749
-1.19233 -1.17206
-1.19442 -1.17469
-1.19362 -1.1702
-1.18993 -1.17741
-1.1928 -1.17038
-1.19547 -1.17189
-1.19276 -1.17164
-1.19351 -1.17178
-1.19178 -1.17494
-1.19592 -1.17158
-1.19118 -1.17306
-1.19077 -1.17275
-1.19165 -1.1724
-1.19294 -1.1738
-1.19353 -1.17319
-1.19316 -1.17063
-1.18993 -1.17489
-1.1911 -1.17364
-1.19257 -1.17009
-1.18852 -1.17655
-1.19161 -1.16792
-1.19201 -1.17442
-1.18663 -1.1729
-1.18974 -1.17381
-1.19127 -1.16949
-1.19087 -1.17182
-1.19121 -1.16868
-1.18765 -1.17634
-1.18788 -1.16869
-1.18857 -1.17767
-1.18796 -1.1723
-1.18837 -1.17376
-1.18716 -1.17312
-1.18516 -1.17543
-1.18926 -1.17227
-1.18968 -1.17305
-1.1887 -1.17318
-1.18966 -1.17376
-1.1926 -1.1697
-1.18788 -1.17254
-1.18909 -1.169
-1.18722 -1.17486
-1.19091 -1.17289
-1.1854 -1.17329
-1.18971 -1.17079
-1.18868 -1.17389
-1.18557 -1.17302
-1.18614 -1.17249
-1.1911 -1.17072
-1.18853 -1.17049
-1.18803 -1.17448
-1.18526 -1.17138
-1.18915 -1.17068
-1.18465 -1.1738
-1.18778 -1.17082
-1.183 -1.17323
-1.18642 -1.17293
-1.18481 -1.17579
-1.18716 -1.16862
-1.18701 -1.17328
-1.18804 -1.17069
-1.18679 -1.17046
-1.18611 -1.16989
-1.18535 -1.1708
-1.19074 -1.16639
-1.18573 -1.17373
-1.18708 -1.16949
-1.18599 -1.16707
-1.18364 -1.17185
-1.1837 -1.1676
-1.18596 -1.16949
-1.18792 -1.16996
-1.18606 -1.16585
-1.18767 -1.16787
-1.1895 -1.16375
-1.18391 -1.1673
-1.18884 -1.16715
-1.18819 -1.16507
-1.19006 -1.1676
-1.18364 -1.16586
-1.18693 -1.16528
-1.18931 -1.16497
-1.18403 -1.16635
-1.18775 -1.16722
-1.18511 -1.16496
-1.18904 -1.16476
-1.18612 -1.16881
-1.18381 -1.16433
-1.18398 -1.16886
-1.18477 -1.16715
-1.18135 -1.16649
-1.18564 -1.16454
-1.18339 -1.16387
-1.18445 -1.16368
-1.18655 -1.16236
-1.18435 -1.16271
-1.18609 -1.16084
-1.18777 -1.16522
-1.18316 -1.16146
-1.18332 -1.16552
-1.18604 -1.15973
-1.18645 -1.16397
-1.18516 -1.1633
-1.18839 -1.16056
-1.18679 -1.16327
-1.18706 -1.16028
-1.18564 -1.16595
-1.18328 -1.16301
-1.1849 -1.16192
-1.18652 -1.16058
-1.18187 -1.16314
-1.18053 -1.16345
-1.18113 -1.16295
-1.18285 -1.16099
-1.18487 -1.16261
-1.18437 -1.16165
-1.18451 -1.16139
-1.18266 -1.16497
-1.18155 -1.16225
-1.18218 -1.16553
-1.18402 -1.15956
-1.18384 -1.16189
-1.1852 -1.16313
-1.18355 -1.15672
-1.18394 -1.16176
-1.18478 -1.15779
-1.18406 -1.16464
-1.18649 -1.15713
-1.18376 -1.16397
-1.18766 -1.158
-1.18271 -1.16164
-1.18447 -1.16133
-1.18563 -1.16052
-1.18059 -1.16345
-1.18402 -1.15724
-1.18383 -1.16272
-1.18548 -1.1586
-1.18406 -1.16164
-1.18076 -1.15955
-1.18078 -1.16198
-1.18073 -1.15951
-1.18024 -1.16202
-1.18127 -1.16389
-1.18063 -1.15972
-1.18263 -1.16299
-1.18186 -1.16214
-1.18128 -1.16355
-1.18207 -1.16169
-1.18609 -1.15726
-1.18453 -1.16137
-1.18494 -1.15976
-1.18414 -1.16326
-1.18198 -1.15913
-1.18113 -1.16411
-1.18103 -1.15985
-1.18145 -1.16417
-1.18328 -1.15821
-1.18095 -1.162
-1.17942 -1.15922
-1.18241 -1.16029
-1.18164 -1.16006
-1.18047 -1.16195
-1.1793 -1.16224
-1.17782 -1.16394
-1.1806 -1.1612
-1.1754 -1.16424
-1.18073 -1.16386
-1.17737 -1.16273
-1.17593 -1.16216
-1.17753 -1.16218
-1.18075 -1.15823
-1.17931 -1.16187
-1.17749 -1.16055
-1.17797 -1.15998
-1.17851 -1.16353
-1.17727 -1.16311
-1.17424 -1.16395
-1.17872 -1.16137
-1.17912 -1.16297
-1.17585 -1.16201
-1.17802 -1.1604
-1.17476 -1.15865
-1.17941 -1.16263
-1.17936 -1.15935
-1.17331 -1.16155
-1.17821 -1.16178
-1.17786 -1.16053
-1.17754 -1.16177
-1.17685 -1.1612
-1.17933 -1.15712
-1.17655 -1.16489
-1.17893 -1.15987
-1.17702 -1.16087
-1.17917 -1.1608
-1.17891 -1.16216
-1.1804 -1.15939
-1.17834 -1.15849
-1.18194 -1.15743
-1.18157 -1.15858
-1.17831 -1.1583
-1.17867 -1.15813
-1.18317 -1.15836
-1.17921 -1.15969
-1.17934 -1.15944
-1.17827 -1.15838
-1.18136 -1.16087
-1.18085 -1.15733
-1.18019 -1.15819
-1.17787 -1.15843
-1.1779 -1.15689
-1.17695 -1.15996
-1.17644 -1.16057
-1.17667 -1.15955
-1.17439 -1.16067
-1.17288 -1.16375
-1.17673 -1.15761
-1.17674 -1.15958
-1.1748 -1.16119
-1.17661 -1.1572
-1.17638 -1.15988
-1.17361 -1.16124
-1.1735 -1.1583
-1.17593 -1.16404
-1.17293 -1.16109
-1.17257 -1.15926
-1.17713 -1.16187
-1.17642 -1.15697
-1.17511 -1.16218
-1.17416 -1.16103
-1.1748 -1.1607
-1.17461 -1.1605
-1.17154 -1.16238
-1.17418 -1.16188
-1.17248 -1.16034
-1.17247 -1.16323
-1.17066 -1.16026
-1.17112 -1.16022
-1.17461 -1.15725
-1.17365 -1.16013
-1.17735 -1.1589
-1.17636 -1.15661
-1.17467 -1.16212
-1.17512 -1.1564
-1.17469 -1.15851
-1.17234 -1.15744
-1.17516 -1.16148
-1.17494 -1.15753
-1.17453 -1.16048
-1.17134 -1.1574
-1.1733 -1.16029
-1.17869 -1.15655
-1.17324 -1.15761
-1.17638 -1.16101
-1.17627 -1.1587
-1.16993 -1.16123
-1.14818 -1.12676
-1.14332 -1.11462
-1.14194 -1.11561
-1.14226 -1.11244
-1.14179 -1.11418
-1.14182 -1.11352
-1.14656 -1.1122
-1.14002 -1.11397
-1.14428 -1.11194
-1.14383 -1.11233
-1.14507 -1.11235
-1.14343 -1.11401
-1.14414 -1.11506
-1.14607 -1.11232
-1.14247 -1.11679
-1.14357 -1.11226
-1.1431 -1.11272
-1.145 -1.11364
-1.1456 -1.11389
-1.14177 -1.11209
-1.14477 -1.11059
-1.14203 -1.1137
-1.1438 -1.11074
-1.14206 -1.1116
-1.14396 -1.1122
-1.1421 -1.11231
-1.14219 -1.11273
-1.14104 -1.11282
-1.14384 -1.11328
-1.14077 -1.11136
-1.14096 -1.11307
-1.14179 -1.11079
-1.14405 -1.11021
-1.14083 -1.11484
-1.14358 -1.11177
-1.14482 -1.11065
-1.14261 -1.11148
-1.14483 -1.10835
-1.14217 -1.11145
-1.1433 -1.10795
-1.14328 -1.10924
-1.14156 -1.11196
-1.14519 -1.11084
-1.14127 -1.11179
-1.14148 -1.1103
-1.14681 -1.10917
-1.14226 -1.10946
-1.14456 -1.11038
-1.14255 -1.10839
-1.14029 -1.11063
-1.14203 -1.11201
-1.14357 -1.11164
-1.14197 -1.11151
-1.14092 -1.11044
-1.14202 -1.11163
-1.14015 -1.10963
-1.14549 -1.10933
-1.14018 -1.11167
-1.14512 -1.1081
-1.14161 -1.11187
-1.14216 -1.11003
-1.13946 -1.11036
-1.13827 -1.11181
-1.14085 -1.11057
-1.1395 -1.11301
-1.13968 -1.11087
-1.13972 -1.10961
-1.14053 -1.11263
-1.14237 -1.10942
-1.13866 -1.10911
-1.14084 -1.11068
-1.13777 -1.11279
-1.14084 -1.10864
-1.13869 -1.11404
-1.14141 -1.10794
-1.13915 -1.11158
-1.1412 -1.10881
-1.13852 -1.10865
-1.14279 -1.10798
-1.13984 -1.10933
-1.1396 -1.10927
-1.1405 -1.10878
-1.14002 -1.10962
-1.13744 -1.11082
-1.13821 -1.11007
-1.13953 -1.10954
-1.13894 -1.10921
-1.13784 -1.11147
-1.14012 -1.1106
-1.13567 -1.11014
-1.13759 -1.11188
-1.14042 -1.10695
-1.1373 -1.11058
-1.13687 -1.1104
-1.13916 -1.11194
-1.13849 -1.10982
-1.14108 -1.10835
-1.13971 -1.11035
-1.13931 -1.10988
-1.13896 -1.10582
-1.13996 -1.11406
-1.13661 -1.10743
-1.14027 -1.11008
-1.13725 -1.11164
-1.13978 -1.11183
-1.13749 -1.10947
-1.13889 -1.11219
-1.14119 -1.10967
-1.13926 -1.11
-1.13779 -1.10802
-1.14008 -1.10809
-1.13863 -1.10772
-1.13969 -1.10417
-1.13708 -1.10967
-1.13872 -1.10917
-1.13946 -1.10611
-1.136 -1.11048
-1.13823 -1.10978
-1.13449 -1.10893
-1.13943 -1.10798
-1.13735 -1.1063
-1.1376 -1.10992
-1.1407 -1.10375
-1.13591 -1.11029
-1.13805 -1.1073
-1.13768 -1.11022
-1.13853 -1.10525
-1.13775 -1.10652
-1.13698 -1.11097
-1.14148 -1.10598
-1.13703 -1.10963
-1.13802 -1.10937
-1.13812 -1.10612
-1.13769 -1.10857
-1.13811 -1.1085
-1.13662 -1.10784
-1.13988 -1.10955
-1.13644 -1.11071
-1.13964 -1.11117
-1.13814 -1.11063
-1.13862 -1.10932
-1.13759 -1.11372
-1.14043 -1.10575
-1.13554 -1.11122
-1.137 -1.10806
-1.13895 -1.1092
-1.13572 -1.10987
-1.13682 -1.11001
-1.13707 -1.10636
-1.13869 -1.10832
-1.13567 -1.10905
-1.13918 -1.11056
-1.13796 -1.10869
-1.13611 -1.10823
-1.13536 -1.1108
-1.13797 -1.10977
-1.1356 -1.10767
-1.13546 -1.10932
-1.14014 -1.10689
-1.13764 -1.11021
-1.13755 -1.10724
-1.13761 -1.10878
-1.1377 -1.10902
-1.13701 -1.10828
-1.13751 -1.10763
-1.13894 -1.1086
-1.13608 -1.11095
-1.13813 -1.10647
-1.13601 -1.11062
-1.13454 -1.1106
-1.13618 -1.10996
-1.13602 -1.10979
-1.13839 -1.10905
-1.14053 -1.11003
-1.1376 -1.10922
-1.13799 -1.10759
-1.14167 -1.10851
-1.13942 -1.10695
-1.13991 -1.10963
-1.13992 -1.10819
-1.13923 -1.10851
-1.13972 -1.10891
-1.13718 -1.10988
-1.13684 -1.10949
-1.1362 -1.11112
-1.13864 -1.10634
-1.13866 -1.11007
-1.13489 -1.11001
-1.13968 -1.10776
-1.13826 -1.10907
-1.13871 -1.10888
-1.13786 -1.10971
-1.13554 -1.10973
-1.13786 -1.10995
-1.13729 -1.1081
-1.13745 -1.11069
-1.13746 -1.10762
-1.13829 -1.1082
-1.13555 -1.11058
-1.14128 -1.10679
-1.1378 -1.10849
-1.13664 -1.10743
-1.13772 -1.10716
-1.13553 -1.10912
-1.13658 -1.10867
-1.13591 -1.10786
-1.13614 -1.10935
-1.13706 -1.10531
-1.14241 -1.10313
-1.13938 -1.10783
-1.14114 -1.10325
-1.13981 -1.10547
-1.14051 -1.10442
-1.13746 -1.10723
-1.13692 -1.10697
-1.13988 -1.10487
-1.1358 -1.10986
-1.13764 -1.10683
-1.13791 -1.10753
-1.13925 -1.10433
-1.13608 -1.10612
-1.13942 -1.10411
-1.1392 -1.10319
-1.14272 -1.10371
-1.13817 -1.10259
-1.13917 -1.10734
-1.1418 -1.10168
-1.13785 -1.10471
-1.1387 -1.10744
-1.13868 -1.10406
-1.14001 -1.10339
-1.13783 -1.10829
-1.14094 -1.10427
-1.13616 -1.10682
-1.14245 -1.10471
-1.14085 -1.1041
-1.14176 -1.10377
-1.1402 -1.10468
-1.13839 -1.10483
-1.13912 -1.10528
-1.13692 -1.10628
-1.13356 -1.1088
-1.13802 -1.1064
-1.13438 -1.10615
-1.13462 -1.10781
-1.13678 -1.10511
-1.14011 -1.10413
-1.13586 -1.10663
-1.14134 -1.09999
-1.13999 -1.10334
-1.14207 -1.09955
-1.13551 -1.10271
-1.14022 -1.10172
-1.13729 -1.10303
-1.13755 -1.10342
-1.13779 -1.10449
-1.13932 -1.10343
-1.1366 -1.10573
-1.13762 -1.10399
-1.13827 -1.10561
-1.13678 -1.10443
-1.14008 -1.10069
-1.1375 -1.10428
-1.13867 -1.10136
-1.13651 -1.10216
-1.13683 -1.1031
-1.13806 -1.1016
-1.137 -1.10262
-1.13562 -1.10733
-1.13628 -1.1018
-1.13408 -1.10677
-1.13699 -1.10113
-1.13472 -1.1041
-1.13579 -1.10636
-1.13788 -1.10101
-1.13634 -1.10364
-1.13745 -1.10237
-1.13886 -1.10311
-1.13928 -1.10305
-1.1377 -1.10182
-1.13962 -1.10208
-1.13947 -1.10172
-1.13745 -1.10289
-1.13686 -1.10372
-1.13809 -1.10296
-1.13346 -1.10702
-1.1396 -1.10091
-1.13508 -1.10401
-1.13841 -1.10145
-1.1355 -1.1027
-1.1356 -1.1043
-1.13953 -1.10179
-1.14 -1.10517
-1.13767 -1.10155
-1.1368 -1.10519
-1.13439 -1.10451
-1.13821 -1.10297
-1.13598 -1.10519
-1.13296 -1.10539
-1.13769 -1.10038
-1.13448 -1.10259
-1.13507 -1.10405
-1.1348 -1.1029
-1.13579 -1.09906
-1.13613 -1.1035
-1.13668 -1.09827
-1.13466 -1.10528
-1.13384 -1.10063
-1.13648 -1.10531
-1.13442 -1.10241
-1.13619 -1.10154
-1.13249 -1.10445
-1.13137 -1.10292
-1.13375 -1.10326
-1.132 -1.10271
-1.13658 -1.10223
-1.13502 -1.1014
-1.13241 -1.10329
-1.13619 -1.10096
-1.13129 -1.10537
-1.1345 -1.10217
-1.1344 -1.1021
-1.13407 -1.10293
-1.13465 -1.10107
-1.13509 -1.10006
-1.13183 -1.10356
-1.13379 -1.10332
-1.13216 -1.10253
-1.1306 -1.1037
-1.13117 -1.10553
-1.1313 -1.10378
-1.13118 -1.10402
-1.13042 -1.10299
-1.1326 -1.10238
-1.13497 -1.10282
-1.13375 -1.10333
-1.13448 -1.0994
-1.13239 -1.10117
-1.13553 -1.10021
-1.13196 -1.10339
-1.13154 -1.10087
-1.13317 -1.10253
-1.12891 -1.10112
-1.1338 -1.10263
-1.13145 -1.10149
-1.13211 -1.10259
-1.12948 -1.10169
-1.13462 -1.10086
-1.13259 -1.1017
-1.13344 -1.1009
-1.1332 -1.10162
-1.13295 -1.10205
-1.13403 -1.10109
-1.13446 -1.10264
-1.13548 -1.10027
-1.13522 -1.1018
-1.13395 -1.10154
-1.13352 -1.10531
-1.13473 -1.0993
-1.13037 -1.10472
-1.13323 -1.10074
-1.13385 -1.10551
-1.13584 -1.09889
-1.13022 -1.10524
-1.13374 -1.10033
-1.13076 -1.1013
-1.13639 -1.1
-1.13113 -1.10128
-1.13296 -1.10042
-1.13149 -1.10257
-1.13294 -1.09975
-1.13108 -1.10141
-1.13298 -1.10186
-1.13363 -1.10333
-1.12905 -1.10082
-1.13355 -1.10407
-1.13073 -1.09898
-1.133 -1.10352
-1.12941 -1.10249
-1.13421 -1.09975
-1.13034 -1.10229
-1.1355 -1.10129
-1.13173 -1.09978
-1.13109 -1.10374
-1.12981 -1.10057
-1.13254 -1.10225
-1.13333 -1.09719
-1.13292 -1.10192
-1.1325 -1.09922
-1.13219 -1.10141
-1.13178 -1.09955
-1.13047 -1.10013
-1.13141 -1.10224
-1.13206 -1.09602
-1.13081 -1.10182
-1.1321 -1.0982
-1.13141 -1.10102
-1.13176 -1.09687
-1.13098 -1.10326
-1.13232 -1.1
-1.13084 -1.1002
-1.13144 -1.10174
-1.133 -1.10062
-1.13266 -1.10172
-1.13386 -1.09944
-1.13336 -1.09986
-1.13456 -1.09932
-1.13405 -1.09772
-1.13572 -1.09819
-1.13 -1.09957
-1.12952 -1.09963
-1.13042 -1.1007
-1.1298 -1.10088
-1.13117 -1.10153
-1.13229 -1.09784
-1.13046 -1.1007
-1.13008 -1.09745
-1.13154 -1.10018
-1.1308 -1.09952
-1.13209 -1.1013
-1.12945 -1.10259
-1.13146 -1.09781
-1.13182 -1.09972
-1.12977 -1.09903
-1.13061 -1.09863
-1.13116 -1.10031
-1.13019 -1.10093
-1.12728 -1.10063
-1.13207 -1.09996
-1.12794 -1.09938
-1.13117 -1.10032
-1.12848 -1.09829
-1.12947 -1.10118
-1.13029 -1.09718
-1.12758 -1.09956
-1.12981 -1.09654
-1.13008 -1.10102
-1.12996 -1.09784
-1.13002 -1.10001
-1.12899 -1.10032
-1.12998 -1.09815
-1.13023 -1.10239
-1.1274 -1.09669
-1.13079 -1.0989
-1.12534 -1.10237
-1.13177 -1.09536
-1.12918 -1.10284
-1.13024 -1.09975
-1.12977 -1.09886
-1.13029 -1.10163
-1.12927 -1.09669
-1.12762 -1.10234
-1.13078 -1.09831
-1.13077 -1.10132
-1.12722 -1.10044
-1.13197 -1.09938
-1.1273 -1.10112
-1.1301 -1.10268
-1.1293 -1.09898
-1.12898 -1.10046
-1.13014 -1.09926
-1.12858 -1.10112
-1.12861 -1.0996
-1.13248 -1.1004
-1.12919 -1.09867
-1.12991 -1.09591
-1.12915 -1.10067
-1.12789 -1.0977
-1.13078 -1.10155
-1.12956 -1.09674
-1.12701 -1.10281
-1.12872 -1.09863
-1.12653 -1.10282
-1.12988 -1.09957
-1.1243 -1.09998
-1.12914 -1.10015
-1.13055 -1.09759
-1.13007 -1.09791
-1.13024 -1.09724
-1.12876 -1.09636
-1.12949 -1.10098
-1.13008 -1.09577
-1.12904 -1.10349
-1.13097 -1.096
-1.12812 -1.10141
-1.12695 -1.10034
-1.12956 -1.09785
-1.12626 -1.10103
-1.12814 -1.09912
-1.12555 -1.10221
-1.12781 -1.09785
-1.12736 -1.09941
-1.12943 -1.09859
-1.12937 -1.09666
-1.12771 -1.09987
-1.12738 -1.09901
-1.12689 -1.10226
-1.12706 -1.0991
-1.12547 -1.10059
-1.12852 -1.09908
-1.12553 -1.10312
-1.1288 -1.0962
-1.12821 -1.10269
-1.12875 -1.09784
-1.12835 -1.09738
-1.1285 -1.09964
-1.12753 -1.09923
-1.12982 -1.09919
-1.12591 -1.10042
-1.12648 -1.10143
-1.12564 -1.10325
-1.12712 -1.10093
-1.12506 -1.10074
-1.1261 -1.09937
-1.12746 -1.09909
-1.12616 -1.09987
-1.128 -1.09821
-1.12699 -1.09675
-1.12844 -1.09974
-1.125 -1.09925
-1.12603 -1.09979
-1.1246 -1.0986
-1.12256 -1.10383
-1.12552 -1.09915
-1.12316 -1.09956
-1.124 -1.1015
-1.12504 -1.09929
-1.12489 -1.09909
-1.12557 -1.10045
-1.12664 -1.0965
-1.12638 -1.09821
-1.12867 -1.09544
-1.12813 -1.09615
-1.1246 -1.09871
-1.12675 -1.09936
-1.12367 -1.09841
-1.12643 -1.09857
-1.12646 -1.09835
-1.12642 -1.09676
-1.12462 -1.10005
-1.12785 -1.09702
-1.12674 -1.09796
-1.12786 -1.09686
-1.1294 -1.0952
-1.12477 -1.09817
-1.12831 -1.0956
-1.12504 -1.09892
-1.12728 -1.09745
-1.12633 -1.09768
-1.12551 -1.09792
-1.126 -1.09761
-1.12956 -1.09462
-1.12781 -1.09638
-1.12851 -1.09472
-1.12691 -1.09587
-1.12789 -1.09747
-1.12992 -1.09603
-1.12844 -1.09307
-1.12736 -1.0964
-1.12609 -1.09339
-1.12555 -1.10008
-1.12525 -1.09659
-1.12527 -1.09704
-1.12477 -1.09683
-1.12629 -1.0958
-1.12455 -1.10056
-1.12527 -1.09593
-1.1255 -1.09787
-1.12511 -1.09781
-1.127 -1.09644
-1.12472 -1.09901
-1.12734 -1.09458
-1.12836 -1.09804
-1.12617 -1.09393
-1.12778 -1.09811
-1.12654 -1.09229
-1.12676 -1.09522
-1.12515 -1.09353
-1.1282 -1.09818
-1.12683 -1.09454
-1.12664 -1.09641
-1.12478 -1.09565
-1.12658 -1.0959
-1.12613 -1.09329
-1.13062 -1.09713
-1.12536 -1.09448
-1.12689 -1.09962
-1.12699 -1.09099
-1.12524 -1.09924
-1.12727 -1.09251
-1.12866 -1.09865
-1.12581 -1.09265
-1.12668 -1.09556
-1.12467 -1.09667
-1.12467 -1.09596
-1.12881 -1.09489
-1.12516 -1.09309
-1.12677 -1.09598
-1.12342 -1.09461
-1.12736 -1.09259
-1.12361 -1.09583
-1.12785 -1.09213
-1.12173 -1.09692
-1.12667 -1.09296
-1.1225 -1.09319
-1.12306 -1.09554
-1.12512 -1.09345
-1.12488 -1.09288
-1.1265 -1.09288
-1.12536 -1.0913
-1.12504 -1.09348
-1.12488 -1.0911
-1.12513 -1.09467
-1.12839 -1.09142
-1.12334 -1.09558
-1.12349 -1.09284
-1.12487 -1.09279
-1.12539 -1.0931
-1.12417 -1.0925
-1.12429 -1.09524
-1.12263 -1.09304
-1.12687 -1.09386
-1.12232 -1.09477
-1.1243 -1.09382
-1.1246 -1.09437
-1.12312 -1.09356
-1.12197 -1.09558
-1.1214 -1.09422
-1.12466 -1.09292
-1.12314 -1.09324
-1.12486 -1.09027
-1.12066 -1.09389
-1.12414 -1.09245
-1.12134 -1.0909
-1.1213 -1.09379
-1.12264 -1.09349
-1.12052 -1.09654
-1.12053 -1.09357
-1.12108 -1.09431
-1.12188 -1.09133
-1.12311 -1.09506
-1.12399 -1.0928
-1.12338 -1.09064
-1.12376 -1.09015
-1.1245 -1.09023
-1.12553 -1.09143
-1.1223 -1.09013
-1.12183 -1.09138
-1.12174 -1.09153
-1.12146 -1.09339
-1.12358 -1.0938
-1.1191 -1.09274
-1.12375 -1.09275
-1.12424 -1.09071
-1.1229 -1.09064
-1.1235 -1.08978
-1.12442 -1.08828
-1.12262 -1.09044
-1.1228 -1.09211
-1.12281 -1.09122
-1.12432 -1.0902
-1.12281 -1.09409
-1.12454 -1.09018
-1.1235 -1.09035
-1.12405 -1.09038
-1.12365 -1.08907
-1.12492 -1.09058
-1.12226 -1.08758
-1.12234 -1.09152
-1.12181 -1.08939
-1.12212 -1.09155
-1.11936 -1.09141
-1.12071 -1.09023
-1.12048 -1.09252
-1.12123 -1.08873
-1.12245 -1.09016
-1.12691 -1.08554
-1.12257 -1.0906
-1.12434 -1.08572
-1.12219 -1.09016
-1.12323 -1.08809
-1.12175 -1.09054
-1.12357 -1.08825
-1.12113 -1.0922
-1.12245 -1.08763
-1.12173 -1.09356
-1.12318 -1.08551
-1.12148 -1.09257
-1.12187 -1.08588
-1.12193 -1.09047
-1.12159 -1.08648
-1.12425 -1.08925
-1.12063 -1.08676
-1.1208 -1.08816
-1.12076 -1.09056
-1.12043 -1.0884
-1.12305 -1.08976
-1.1188 -1.08832
-1.11965 -1.09062
-1.12045 -1.08793
-1.11771 -1.09102
-1.12113 -1.08951
-1.11998 -1.08849
-1.11833 -1.09169
-1.12145 -1.09017
-1.11953 -1.09092
-1.12144 -1.0891
-1.12048 -1.09063
-1.11951 -1.08906
-1.12105 -1.0882
-1.11984 -1.09038
-1.11727 -1.08942
-1.11752 -1.09108
-1.11946 -1.08741
-1.1177 -1.09524
-1.11785 -1.08751
-1.11799 -1.0911
-1.11837 -1.0901
-1.11835 -1.08713
-1.11984 -1.089
-1.12126 -1.08656
-1.12209 -1.08824
-1.12274 -1.08535
-1.12288 -1.08783
-1.12124 -1.08442
-1.11959 -1.09199
-1.11993 -1.0877
-1.11926 -1.08988
-1.11969 -1.08845
-1.11989 -1.09077
-1.12215 -1.08505
-1.1206 -1.0897
-1.12117 -1.08505
-1.12213 -1.08735
-1.11968 -1.08508
-1.1209 -1.08745
-1.11726 -1.08795
-1.11951 -1.08672
-1.11847 -1.08861
-1.11795 -1.08806
-1.1187 -1.08886
-1.11621 -1.09199
-1.11937 -1.08665
-1.12252 -1.08361
-1.12281 -1.08773
-1.12101 -1.08463
-1.12366 -1.08541
-1.11943 -1.08941
-1.12169 -1.08603
-1.11793 -1.08798
-1.12047 -1.08944
-1.11895 -1.0886
-1.11864 -1.08915
-1.11768 -1.08947
-1.1212 -1.08774
-1.11873 -1.08888
-1.11757 -1.08822
-1.122 -1.08753
-1.12182 -1.08851
-1.12065 -1.08391
-1.12165 -1.08842
-1.12225 -1.08653
-1.12235 -1.08438
-1.12053 -1.08698
-1.12038 -1.08612
-1.11997 -1.08784
-1.12121 -1.08606
-1.11996 -1.08602
-1.11715 -1.08736
-1.12028 -1.08518
-1.11946 -1.08591
-1.12087 -1.08698
-1.119 -1.08526
-1.11933 -1.08652
-1.11873 -1.08552
-1.11701 -1.08843
-1.1189 -1.0847
-1.11879 -1.08708
-1.11759 -1.08842
-1.12031 -1.08264
-1.11793 -1.08777
-1.11957 -1.08303
-1.1195 -1.0868
-1.11719 -1.08779
-1.11924 -1.08401
-1.11825 -1.08863
-1.1222 -1.08653
-1.11842 -1.08691
-1.12016 -1.08583
-1.11983 -1.08529
-1.12098 -1.08693
-1.11924 -1.08341
-1.11913 -1.08879
-1.12146 -1.08478
-1.12108 -1.08547
-1.11872 -1.08539
-1.11968 -1.08531
-1.12157 -1.0864
-1.12014 -1.08506
-1.11839 -1.08545
-1.11843 -1.08337
-1.11936 -1.08639
-1.11911 -1.08539
-1.12187 -1.08321
-1.11985 -1.0843
-1.11706 -1.08757
-1.119 -1.08277
-1.11763 -1.08613
-1.11718 -1.08594
-1.11732 -1.08535
-1.1153 -1.08488
-1.12034 -1.08408
-1.11805 -1.0849
-1.11717 -1.08414
-1.11887 -1.08763
-1.11676 -1.08182
-1.11857 -1.08474
-1.12054 -1.08233
-1.11669 -1.08544
-1.11747 -1.08309
-1.11491 -1.08777
-1.11872 -1.08522
-1.11722 -1.08639
-1.11635 -1.08888
-1.11863 -1.08589
-1.11663 -1.08407
-1.11822 -1.08571
-1.11799 -1.0864
-1.11667 -1.08807
-1.11877 -1.08681
-1.11501 -1.08552
-1.11672 -1.09041
-1.11788 -1.08464
-1.1149 -1.08833
-1.1147 -1.08712
-1.11812 -1.08762
-1.11742 -1.08548
-1.11622 -1.08688
-1.11808 -1.08581
-1.11785 -1.08476
-1.11706 -1.08589
-1.11913 -1.085
-1.11556 -1.08584
-1.12041 -1.08459
-1.11385 -1.08647
-1.11757 -1.08523
-1.11602 -1.08484
-1.11928 -1.08654
-1.11712 -1.08321
-1.11669 -1.08497
-1.11757 -1.08524
-1.11703 -1.08349
-1.11787 -1.08562
-1.11483 -1.08319
-1.11354 -1.08782
-1.11724 -1.08017
-1.1185 -1.08938
-1.11557 -1.08261
-1.11774 -1.08387
-1.11829 -1.08396
-1.11814 -1.08508
-1.1197 -1.08304
-1.11868 -1.08115
-1.11678 -1.08527
-1.11943 -1.07944
-1.11762 -1.08467
-1.11765 -1.08238
-1.11524 -1.0834
-1.11516 -1.08603
-1.11853 -1.082
-1.11451 -1.08626
-1.11765 -1.08279
-1.11655 -1.08417
-1.1164 -1.08451
-1.11939 -1.0832
-1.11602 -1.08204
-1.12041 -1.0813
-1.11813 -1.08288
-1.11718 -1.08254
-1.11462 -1.08192
-1.11224 -1.08499
-1.1161 -1.08382
-1.11516 -1.084
-1.11488 -1.08295
-1.11775 -1.08388
-1.11567 -1.08134
-1.11737 -1.08327
-1.1175 -1.08056
-1.11655 -1.08504
-1.1172 -1.08197
-1.11714 -1.0854
-1.11644 -1.08201
-1.11669 -1.08705
-1.11601 -1.08336
-1.11544 -1.08257
-1.11594 -1.08321
-1.11924 -1.08135
-1.11691 -1.08372
-1.11472 -1.08133
-1.11829 -1.08453
-1.11608 -1.08111
-1.11957 -1.08483
-1.1156 -1.08009
-1.11683 -1.08177
-1.11472 -1.08641
-1.11638 -1.07974
-1.11325 -1.08492
-1.11294 -1.08087
-1.11691 -1.08314
-1.11189 -1.08465
-1.11551 -1.08162
-1.11506 -1.08012
-1.11264 -1.08349
-1.11381 -1.07909
-1.1134 -1.08431
-1.11051 -1.08304
-1.11388 -1.08222
-1.11215 -1.08348
-1.11434 -1.0826
-1.11187 -1.08234
-1.1107 -1.08281
-1.11287 -1.08412
-1.1127 -1.08302
-1.11427 -1.0821
-1.1141 -1.08359
-1.11382 -1.08001
-1.11304 -1.08343
-1.1154 -1.08145
-1.1121 -1.08176
-1.11427 -1.08255
-1.11386 -1.07869
-1.11405 -1.0826
-1.11589 -1.08086
-1.11335 -1.08129
-1.11498 -1.07853
-1.1152 -1.08129
-1.11477 -1.08196
-1.11569 -1.07958
-1.11399 -1.0806
-1.11689 -1.07993
-1.11418 -1.07882
-1.11479 -1.08062
-1.11425 -1.07728
-1.11426 -1.0828
-1.11274 -1.07637
-1.11288 -1.08288
-1.11205 -1.07986
-1.11597 -1.07924
-1.11322 -1.0802
-1.113 -1.07702
-1.11503 -1.07949
-1.11394 -1.07775
-1.11243 -1.0808
-1.11158 -1.07938
-1.11257 -1.07839
-1.11363 -1.08018
-1.11259 -1.07821
-1.11094 -1.07933
-1.11587 -1.07572
-1.11327 -1.07834
-1.11169 -1.08125
-1.11417 -1.07725
-1.1163 -1.07846
-1.11108 -1.07765
-1.10986 -1.08029
-1.11302 -1.0795
-1.11239 -1.07859
-1.11059 -1.0805
-1.11285 -1.07881
-1.11066 -1.08117
-1.11104 -1.08084
-1.11007 -1.07987
-1.11172 -1.08172
-1.11305 -1.07707
-1.11406 -1.07905
-1.1098 -1.07853
-1.11791 -1.0766
-1.1106 -1.08264
-1.11275 -1.07408
-1.11503 -1.07983
-1.11174 -1.07734
-1.11078 -1.07833
-1.11356 -1.07748
-1.11339 -1.07751
-1.11209 -1.07877
-1.11288 -1.07688
-1.11312 -1.07927
-1.11086 -1.07709
-1.11137 -1.07939
-1.11512 -1.07686
-1.11033 -1.07941
-1.11402 -1.07925
-1.1136 -1.07589
-1.11133 -1.08141
-1.11186 -1.0772
-1.11421 -1.07823
-1.10891 -1.07964
-1.11231 -1.07997
-1.11321 -1.07873
-1.10959 -1.08001
-1.11257 -1.07761
-1.11022 -1.08145
-1.11205 -1.07676
-1.11154 -1.0816
-1.11324 -1.0778
-1.10995 -1.08008
-1.11094 -1.0814
-1.11358 -1.07731
-1.11366 -1.07974
-1.11219 -1.07881
-1.11083 -1.08166
-1.11172 -1.07632
-1.11533 -1.08014
-1.11254 -1.07983
-1.11399 -1.07726
-1.11268 -1.07821
-1.11151 -1.08005
-1.11378 -1.07783
-1.1134 -1.07735
-1.11103 -1.07838
-1.11188 -1.07796
-1.11129 -1.07852
-1.11152 -1.07948
-1.1119 -1.08031
-1.11151 -1.07746
-1.1122 -1.07751
-1.11122 -1.07771
-1.11047 -1.07996
-1.1117 -1.07915
-1.11018 -1.07579
-1.10941 -1.07927
-1.11112 -1.0759
-1.10992 -1.07935
-1.10916 -1.07912
-1.11012 -1.07804
-1.10871 -1.07869
-1.11223 -1.07777
-1.11342 -1.07534
-1.11103 -1.077
-1.11066 -1.07564
-1.11252 -1.07843
-1.1101 -1.07833
-1.1094 -1.07735
-1.112 -1.08144
-1.11174 -1.0775
-1.11268 -1.07745
-1.11114 -1.07774
-1.11144 -1.07545
-1.11038 -1.07754
-1.11076 -1.07957
-1.11234 -1.07514
-1.11017 -1.07937
-1.11106 -1.07817
-1.10907 -1.07961
-1.10915 -1.07847
-1.10948 -1.08181
-1.10845 -1.07658
-1.10858 -1.08001
-1.11213 -1.07883
-1.1106 -1.07709
-1.11116 -1.08087
-1.11098 -1.07628
-1.11121 -1.08052
-1.11276 -1.0784
-1.11209 -1.07885
-1.11042 -1.07909
-1.11068 -1.08152
-1.10892 -1.07828
-1.11089 -1.07723
-1.11029 -1.07977
-1.11135 -1.07741
-1.11223 -1.0791
-1.11265 -1.07791
-1.11309 -1.07849
-1.10897 -1.07729
-1.11264 -1.07777
-1.10972 -1.07889
-1.11111 -1.07736
-1.11068 -1.07675
-1.11437 -1.07671
-1.11067 -1.0765
-1.11386 -1.0776
-1.11213 -1.07617
-1.10998 -1.07483
-1.1129 -1.07865
-1.11043 -1.07657
-1.11077 -1.07683
-1.10784 -1.07819
-1.1085 -1.07964
-1.11039 -1.07616
-1.10771 -1.07856
-1.11076 -1.07681
-1.11023 -1.07966
-1.11281 -1.07523
-1.11228 -1.07597
-1.11386 -1.07577
-1.10936 -1.07757
-1.10988 -1.07742
-1.10875 -1.07657
-1.10791 -1.08019
-1.10743 -1.07802
-1.10812 -1.07988
-1.10786 -1.07984
-1.10984 -1.0768
-1.10961 -1.07573
-1.11167 -1.07724
-1.1089 -1.07828
-1.11183 -1.07481
-1.10761 -1.07898
-1.11114 -1.07528
-1.1099 -1.07939
-1.10813 -1.07713
-1.10757 -1.07598
-1.10951 -1.07833
-1.10981 -1.07722
-1.11124 -1.07626
-1.11071 -1.0754
-1.11066 -1.07586
-1.11237 -1.07443
-1.11104 -1.07681
-1.10876 -1.07709
-1.11019 -1.07725
-1.10477 -1.0794
-1.10807 -1.07938
-1.10563 -1.07746
-1.10908 -1.0774
-1.10623 -1.07864
-1.11 -1.07631
-1.10601 -1.07743
-1.10935 -1.07487
-1.11174 -1.07466
-1.10906 -1.07684
-1.10753 -1.07527
-1.11113 -1.07495
-1.10761 -1.07748
-1.11237 -1.07473
-1.10747 -1.07519
-1.10709 -1.07766
-1.10813 -1.07402
-1.10945 -1.07815
-1.10701 -1.07495
-1.10947 -1.07351
-1.10834 -1.0746
-1.10919 -1.07586
-1.10672 -1.07401
-1.10738 -1.07463
-1.10745 -1.07636
-1.10802 -1.07481
-1.10642 -1.07658
-1.10754 -1.07396
-1.10743 -1.07676
-1.11005 -1.07359
-1.10633 -1.07317
-1.11175 -1.07334
-1.11036 -1.073
-1.10832 -1.07368
-1.10888 -1.072
-1.10986 -1.07364
-1.10627 -1.07176
-1.10659 -1.07358
-1.11067 -1.07211
-1.10749 -1.07524
-1.10961 -1.07282
-1.1086 -1.07429
-1.10804 -1.07554
-1.10885 -1.07255
-1.10531 -1.07346
-1.10646 -1.0725
-1.10887 -1.07077
-1.10658 -1.07533
-1.10938 -1.07062
-1.10633 -1.07408
-1.10909 -1.07495
-1.10787 -1.07167
-1.10648 -1.07556
-1.108 -1.07032
-1.10707 -1.07221
-1.10938 -1.07058
-1.10814 -1.07105
-1.10646 -1.07277
-1.10915 -1.0719
-1.10779 -1.07169
-1.10735 -1.07299
