0 0
-0.0526319 -0.0495275
-0.10427 -0.098206
-0.154834 -0.145877
-0.204454 -0.192802
-0.25296 -0.238745
-0.300308 -0.283842
-0.346581 -0.327617
-0.391996 -0.371243
-0.436322 -0.413305
-0.479388 -0.45494
-0.521386 -0.495064
-0.562519 -0.534781
-0.602357 -0.573383
-0.640767 -0.61075
-0.679154 -0.648387
-0.715654 -0.683131
-0.750676 -0.717751
-0.785002 -0.752266
-0.81892 -0.784096
-0.849386 -0.817535
-0.882034 -0.84691
-0.910571 -0.877366
-0.939489 -0.90753
-0.967487 -0.934693
-0.993234 -0.96213
-1.01937 -0.986955
-1.04088 -1.01286
-1.06552 -1.03868
-1.08638 -1.05982
-1.10612 -1.08332
-1.1073 -1.082
-1.10651 -1.08451
-1.10647 -1.08272
-1.10638 -1.08223
-1.10594 -1.08392
-1.10813 -1.08316
-1.10391 -1.08344
-1.1067 -1.08194
-1.10454 -1.08415
-1.10627 -1.0856
-1.10591 -1.08285
-1.1066 -1.0823
-1.10447 -1.08327
-1.10446 -1.08342
-1.1068 -1.08218
-1.10647 -1.08179
-1.10266 -1.08647
-1.10805 -1.07949
-1.10556 -1.0821
-1.10735 -1.08374
-1.10518 -1.08277
-1.10681 -1.08233
-1.10575 -1.08433
-1.10893 -1.08029
-1.10409 -1.08464
-1.10931 -1.08126
-1.1058 -1.08361
-1.10767 -1.0788
-1.10555 -1.08403
-1.10708 -1.07954
-1.10638 -1.0808
-1.10696 -1.08265
-1.10406 -1.08151
-1.10769 -1.07954
-1.10386 -1.08289
-1.10865 -1.07765
-1.10329 -1.08281
-1.11005 -1.07915
-1.10462 -1.08369
-1.10738 -1.08075
-1.10429 -1.0807
-1.10803 -1.08112
-1.10533 -1.08105
-1.10541 -1.08183
-1.10603 -1.07949
-1.10466 -1.08259
-1.10687 -1.07999
-1.10558 -1.08031
-1.1057 -1.0819
-1.10665 -1.07984
-1.10681 -1.08022
-1.10484 -1.0808
-1.10469 -1.08052
-1.10699 -1.07865
-1.10529 -1.08112
-1.10531 -1.07996
-1.10566 -1.07974
-1.10659 -1.08027
-1.10406 -1.08004
-1.10638 -1.07924
-1.10545 -1.07974
-1.10608 -1.07902
-1.10424 -1.08042
-1.10552 -1.0799
-1.10539 -1.07905
-1.10598 -1.07894
-1.10494 -1.08149
-1.10474 -1.07906
-1.10569 -1.07924
-1.1042 -1.07846
-1.10377 -1.08072
-1.10572 -1.07771
-1.10492 -1.07977
-1.10491 -1.07878
-1.10448 -1.07999
-1.10589 -1.07827
-1.1046 -1.07965
-1.1051 -1.07871
-1.10514 -1.07963
-1.10515 -1.07814
-1.10592 -1.07951
-1.10739 -1.07816
-1.10279 -1.07943
-1.10677 -1.0775
-1.10485 -1.07975
-1.10587 -1.07731
-1.10638 -1.07908
-1.10689 -1.07837
-1.10418 -1.08005
-1.10572 -1.07912
-1.10518 -1.07723
-1.10642 -1.08057
-1.10548 -1.07856
-1.1064 -1.07943
-1.10317 -1.0794
-1.10575 -1.0781
-1.10415 -1.08197
-1.10687 -1.07719
-1.10305 -1.07985
-1.10579 -1.07929
-1.10462 -1.07951
-1.10747 -1.07828
-1.10428 -1.07882
-1.10582 -1.07823
-1.10424 -1.08013
-1.10586 -1.07753
-1.10408 -1.08007
-1.10558 -1.07753
-1.10567 -1.07857
-1.10619 -1.0788
-1.10521 -1.07918
-1.1041 -1.07802
-1.10831 -1.07984
-1.10433 -1.07799
-1.10474 -1.07809
-1.10683 -1.07802
-1.10572 -1.07776
-1.1053 -1.07893
-1.1053 -1.07708
-1.10662 -1.07839
-1.10425 -1.08146
-1.10841 -1.0751
-1.1044 -1.07843
-1.10569 -1.07926
-1.10663 -1.07537
-1.10636 -1.07751
-1.10609 -1.07714
-1.10449 -1.07793
-1.10718 -1.07548
-1.1057 -1.07789
-1.10497 -1.07565
-1.10557 -1.07885
-1.10664 -1.07621
-1.106 -1.07691
-1.10578 -1.07589
-1.10623 -1.07833
-1.10552 -1.07506
-1.105 -1.07705
-1.10571 -1.07604
-1.10598 -1.07745
-1.10439 -1.07618
-1.10695 -1.07606
-1.10402 -1.07912
-1.10746 -1.07426
-1.10383 -1.07769
-1.10633 -1.07754
-1.10473 -1.07628
-1.1063 -1.07643
-1.10436 -1.07704
-1.10457 -1.07791
-1.10709 -1.07571
-1.10297 -1.0789
-1.10651 -1.07428
-1.10286 -1.07802
-1.10556 -1.07462
-1.10476 -1.07571
-1.10492 -1.07812
-1.10609 -1.07496
-1.10387 -1.07753
-1.10614 -1.07541
-1.10345 -1.07698
-1.10566 -1.07586
-1.10361 -1.07628
-1.10531 -1.07573
-1.10469 -1.07534
-1.10295 -1.07676
-1.10471 -1.07588
-1.1043 -1.07713
-1.10424 -1.07468
-1.10555 -1.07681
-1.10512 -1.07366
-1.10297 -1.07546
-1.10512 -1.07578
-1.10484 -1.07419
-1.10455 -1.07615
-1.1059 -1.07337
-1.10246 -1.07711
-1.10446 -1.07337
-1.1054 -1.0758
-1.10615 -1.07586
-1.10297 -1.07289
-1.10518 -1.0773
-1.1047 -1.07305
-1.10521 -1.07458
-1.10436 -1.07484
-1.10448 -1.07425
-1.10545 -1.07606
-1.10418 -1.07341
-1.10341 -1.07595
-1.10614 -1.07351
-1.1014 -1.07694
-1.10531 -1.07435
-1.10285 -1.07541
-1.10444 -1.07649
-1.10405 -1.07188
-1.10234 -1.07719
-1.10315 -1.07449
-1.10345 -1.07496
-1.10148 -1.0756
-1.10281 -1.07451
-1.10277 -1.07353
-1.10305 -1.07528
-1.10111 -1.07596
-1.10426 -1.07387
-1.10229 -1.07572
-1.10366 -1.07347
-1.10326 -1.07526
-1.10308 -1.07419
-1.10231 -1.07589
-1.10366 -1.07318
-1.10163 -1.07531
-1.10432 -1.07421
-1.10277 -1.0737
-1.10348 -1.07371
-1.10307 -1.0755
-1.10296 -1.07424
-1.10194 -1.07307
-1.10295 -1.0748
-1.10193 -1.07486
-1.10083 -1.07354
-1.10336 -1.07616
-1.10204 -1.07502
-1.1023 -1.07282
-1.10066 -1.07554
-1.10308 -1.07469
-1.10338 -1.07389
-1.1012 -1.07414
-1.10153 -1.07484
-1.10208 -1.07274
-1.0997 -1.07572
-1.10296 -1.07322
-1.10194 -1.07348
-1.10099 -1.0715
-1.10189 -1.07583
-1.10432 -1.07051
-1.09981 -1.0767
-1.10248 -1.07076
-1.10086 -1.07721
-1.10296 -1.07107
-1.10113 -1.07424
-1.10019 -1.07172
-1.10272 -1.07418
-1.10131 -1.07336
-1.10135 -1.07436
-1.10204 -1.07299
-1.10046 -1.07229
-1.1022 -1.07306
-1.09926 -1.0744
-1.10323 -1.07185
-1.10044 -1.07396
-1.09946 -1.07384
-1.1044 -1.07086
-1.09715 -1.07501
-1.10293 -1.07116
-1.09928 -1.07353
-1.10206 -1.07457
-1.10132 -1.07221
-1.10129 -1.07213
-1.09995 -1.07515
-1.10183 -1.0728
-1.09998 -1.07267
-1.09951 -1.07258
-1.10111 -1.07649
-1.10454 -1.07066
-1.09997 -1.07471
-1.10036 -1.07225
-1.10163 -1.07273
-1.1014 -1.07265
-1.10098 -1.07524
-1.10212 -1.06976
-1.09969 -1.07624
-1.10296 -1.07215
-1.10084 -1.07287
-1.10049 -1.07331
-1.10156 -1.07073
-1.1014 -1.07422
-1.10235 -1.073
-1.09986 -1.07239
-1.10154 -1.07325
-1.10141 -1.07213
-1.1013 -1.07293
-1.10086 -1.0739
-1.10245 -1.07008
-1.1027 -1.07338
-1.10083 -1.07349
-1.102 -1.07052
-1.10157 -1.07276
-1.10277 -1.07214
-1.10025 -1.07263
-1.10074 -1.0708
-1.1021 -1.07089
-1.10131 -1.07593
-1.10163 -1.06949
-1.10001 -1.07475
-1.10176 -1.07041
-1.10006 -1.07268
-1.10215 -1.07107
-1.10032 -1.07259
-1.10232 -1.07031
-1.10153 -1.07189
-1.10005 -1.07153
-1.10114 -1.07253
-1.10227 -1.07117
-1.1001 -1.07192
-1.10102 -1.07123
-1.10095 -1.06883
-1.0992 -1.07438
-1.10271 -1.06797
-1.101 -1.07246
-1.10044 -1.07089
-1.10125 -1.07079
-1.10086 -1.07221
-1.10064 -1.0707
-1.10088 -1.07208
-1.10068 -1.0707
-1.1018 -1.07022
-1.09886 -1.07217
-1.10174 -1.07006
-1.101 -1.07127
-1.10055 -1.07054
-1.10036 -1.07222
-1.10066 -1.06914
-1.10081 -1.07065
-1.10145 -1.07311
-1.10179 -1.06852
-1.09975 -1.0713
-1.10065 -1.06815
-1.09935 -1.07112
-1.10271 -1.06863
-1.09855 -1.0717
-1.10161 -1.07012
-1.10219 -1.06895
-1.09751 -1.07256
-1.10199 -1.06934
-1.09909 -1.07034
-1.10152 -1.07006
-1.10051 -1.06978
-1.09922 -1.06956
-1.09918 -1.06996
-1.1014 -1.07096
-1.09906 -1.07074
-1.0982 -1.07159
-1.1008 -1.06877
-1.09997 -1.07086
-1.0987 -1.07185
-1.10021 -1.07014
-1.10193 -1.06946
-1.09722 -1.07176
-1.10034 -1.0698
-1.10079 -1.07004
-1.09797 -1.0718
-1.10186 -1.06939
-1.09832 -1.07104
-1.1001 -1.0697
-1.10067 -1.07056
-1.0976 -1.06981
-1.09906 -1.07037
-1.10055 -1.06785
-1.09882 -1.07072
-1.10068 -1.06885
-1.09913 -1.06989
-1.09953 -1.06741
-1.1003 -1.06986
-1.10082 -1.06813
-1.10009 -1.0693
-1.09936 -1.06839
-1.10066 -1.06852
-1.09902 -1.06821
-1.10115 -1.06876
-1.10116 -1.06796
-1.09874 -1.0694
-1.09821 -1.07018
-1.10003 -1.06666
-1.09838 -1.0708
-1.10245 -1.06745
-1.09733 -1.06922
-1.10156 -1.06834
-1.0986 -1.06943
-1.0991 -1.06831
-1.10068 -1.06929
-1.09895 -1.06733
-1.09996 -1.0682
-1.10023 -1.06788
-1.09777 -1.06994
-1.10073 -1.06892
-1.10154 -1.06603
-1.09787 -1.0694
-1.09993 -1.06796
-1.09869 -1.06832
-1.09999 -1.06848
-1.09675 -1.06742
-1.09992 -1.06851
-1.09795 -1.06759
-1.09664 -1.0698
-1.09966 -1.06578
-1.09394 -1.06991
-1.10131 -1.06921
-1.09775 -1.06654
-1.09592 -1.06906
-1.09835 -1.06855
-1.09722 -1.06853
-1.09784 -1.06782
-1.09859 -1.06792
-1.09631 -1.06749
-1.09741 -1.0696
-1.09962 -1.06801
-1.09699 -1.06835
-1.0963 -1.06901
-1.09955 -1.0689
-1.09684 -1.06758
-1.09832 -1.06901
-1.09508 -1.06892
-1.09865 -1.06674
-1.09701 -1.06829
-1.09699 -1.06922
-1.09766 -1.06666
-1.09772 -1.06924
-1.09596 -1.06777
-1.09938 -1.06779
-1.09623 -1.06818
-1.09748 -1.06845
-1.09613 -1.06901
-1.09795 -1.06682
-1.09724 -1.06777
-1.09794 -1.06913
-1.09737 -1.06684
-1.09652 -1.06984
-1.09791 -1.06593
-1.0971 -1.06971
-1.09641 -1.06738
-1.09711 -1.06784
-1.09536 -1.07043
-1.09912 -1.06599
-1.09538 -1.06917
-1.09628 -1.06716
-1.09629 -1.0687
-1.0953 -1.06845
-1.09576 -1.0692
-1.09634 -1.06846
-1.0955 -1.06817
-1.09586 -1.06789
-1.09476 -1.06799
-1.09619 -1.06781
-1.09463 -1.06878
-1.09597 -1.06862
-1.09635 -1.06777
-1.09498 -1.06943
-1.09687 -1.06679
-1.09557 -1.06902
-1.09581 -1.06866
-1.09381 -1.06723
-1.09736 -1.06877
-1.09524 -1.06733
-1.09565 -1.06794
-1.09528 -1.06851
-1.09472 -1.06919
-1.09573 -1.06727
-1.09477 -1.0665
-1.09462 -1.07009
-1.09521 -1.06637
-1.09299 -1.06806
-1.09561 -1.06633
-1.09316 -1.06976
-1.09505 -1.06598
-1.09583 -1.06678
-1.094 -1.06845
-1.09548 -1.06729
-1.09454 -1.06786
-1.09438 -1.06625
-1.09399 -1.07014
-1.095 -1.06497
-1.09432 -1.06898
-1.09543 -1.06587
-1.09368 -1.06881
-1.09425 -1.06645
-1.09442 -1.06731
-1.09641 -1.06469
-1.09343 -1.06931
-1.09483 -1.06577
-1.09334 -1.066
-1.0957 -1.0659
-1.09386 -1.06829
-1.09568 -1.06586
-1.0934 -1.065
-1.09373 -1.06859
-1.09584 -1.06607
-1.09504 -1.06645
-1.09241 -1.06853
-1.09617 -1.0644
-1.09275 -1.06895
-1.09396 -1.06635
-1.09591 -1.06644
-1.09245 -1.06806
-1.09503 -1.06663
-1.09406 -1.06653
-1.09315 -1.07074
-1.09649 -1.0643
-1.09217 -1.06871
-1.09301 -1.06695
-1.09399 -1.0672
-1.09264 -1.06871
-1.09463 -1.06696
-1.09342 -1.06677
-1.09273 -1.0673
-1.09255 -1.06913
-1.09281 -1.06657
-1.09507 -1.06767
-1.09306 -1.06677
-1.09196 -1.06713
-1.09454 -1.06553
-1.09262 -1.06838
-1.09402 -1.06605
-1.09225 -1.06858
-1.09456 -1.06506
-1.09375 -1.06909
-1.09321 -1.06671
-1.09291 -1.06552
-1.09177 -1.06698
-1.09335 -1.06705
-1.09338 -1.06645
-1.0927 -1.06699
-1.09282 -1.06596
-1.09269 -1.06817
-1.09231 -1.06475
-1.09091 -1.06777
-1.09235 -1.06572
-1.09368 -1.06702
-1.09169 -1.06756
-1.09066 -1.06576
-1.09228 -1.06759
-1.09359 -1.06646
-1.09169 -1.06703
-1.09275 -1.06733
-1.09114 -1.06701
-1.09333 -1.06595
-1.09062 -1.06849
-1.09231 -1.06581
-1.09212 -1.06724
-1.09247 -1.06688
-1.0922 -1.06706
-1.09275 -1.06618
-1.0925 -1.06798
-1.09219 -1.06745
-1.09287 -1.06477
-1.09252 -1.06715
-1.09178 -1.06778
-1.09408 -1.06562
-1.09211 -1.06847
-1.09199 -1.06419
-1.09223 -1.06745
-1.09171 -1.06772
-1.09372 -1.06561
-1.09104 -1.0681
-1.09309 -1.06552
-1.09238 -1.0652
-1.09203 -1.06801
-1.09448 -1.06507
-1.09119 -1.0679
-1.09423 -1.0644
-1.09159 -1.06742
-1.09534 -1.06467
-1.09117 -1.06845
-1.09514 -1.06435
-1.09186 -1.06711
-1.09241 -1.06583
-1.09466 -1.06497
-1.09261 -1.06763
-1.09197 -1.06513
-1.09214 -1.0662
-1.09459 -1.06491
-1.09155 -1.06675
-1.09176 -1.06712
-1.09459 -1.06264
-1.09006 -1.06833
-1.09253 -1.06523
-1.09327 -1.0659
-1.09217 -1.06571
-1.09139 -1.06624
-1.0934 -1.06499
-1.09281 -1.06603
-1.09064 -1.06498
-1.09204 -1.06645
-1.09159 -1.06595
-1.09353 -1.06487
-1.09126 -1.06539
-1.08986 -1.06742
-1.09328 -1.06415
-1.09039 -1.0657
-1.0906 -1.06712
-1.0932 -1.06344
-1.08825 -1.06693
-1.09339 -1.06472
-1.09068 -1.06653
-1.09061 -1.06447
-1.09266 -1.06558
-1.09002 -1.06491
-1.09025 -1.0656
-1.09417 -1.06404
-1.08901 -1.06682
-1.09236 -1.06316
-1.09287 -1.0633
-1.0912 -1.06665
-1.0916 -1.06347
-1.0917 -1.06486
-1.0917 -1.06664
-1.09291 -1.06128
-1.09107 -1.06643
-1.09181 -1.06555
-1.0941 -1.06236
-1.08867 -1.06576
-1.09213 -1.06407
-1.093 -1.06358
-1.09013 -1.06748
-1.09246 -1.06262
-1.0902 -1.0654
-1.09233 -1.06346
-1.08999 -1.06757
-1.09471 -1.06083
-1.08883 -1.06835
-1.09074 -1.06456
-1.09412 -1.0621
-1.08864 -1.0665
-1.09186 -1.06409
-1.09205 -1.06355
-1.09131 -1.06483
-1.09085 -1.06631
-1.09254 -1.06268
-1.09163 -1.06488
-1.09142 -1.06407
-1.09068 -1.06615
-1.09108 -1.06157
-1.09177 -1.06738
-1.0924 -1.06184
-1.09017 -1.06645
-1.09215 -1.06151
-1.09235 -1.0643
-1.09249 -1.06551
-1.0911 -1.06431
-1.09109 -1.06315
-1.0912 -1.06538
-1.09326 -1.06397
-1.08949 -1.06543
-1.09255 -1.06339
-1.08905 -1.06437
-1.09217 -1.06282
-1.09192 -1.06444
-1.09074 -1.06414
-1.08943 -1.06531
-1.09316 -1.06274
-1.08908 -1.06472
-1.09292 -1.06269
-1.09207 -1.06438
-1.09032 -1.06398
-1.09244 -1.06317
-1.09172 -1.06539
-1.09003 -1.06332
-1.09111 -1.06238
-1.09236 -1.06473
-1.08878 -1.06346
-1.09149 -1.06349
-1.09277 -1.06289
-1.08946 -1.06482
-1.09484 -1.06182
-1.08841 -1.06526
-1.0922 -1.06402
-1.09143 -1.06378
-1.09187 -1.06122
-1.09083 -1.06682
-1.09356 -1.06079
-1.09002 -1.06543
-1.09238 -1.06206
-1.09143 -1.0633
-1.0914 -1.06312
-1.0911 -1.06568
-1.09519 -1.06227
-1.08711 -1.06568
-1.09422 -1.06052
-1.09041 -1.06558
-1.09285 -1.06303
-1.09254 -1.06402
-1.09185 -1.06406
-1.09259 -1.06197
-1.09082 -1.06342
-1.0919 -1.06166
-1.09167 -1.06458
-1.0936 -1.06316
-1.09105 -1.06272
-1.09107 -1.06262
-1.09128 -1.06355
-1.09057 -1.06347
-1.09225 -1.06286
-1.09043 -1.06244
-1.08961 -1.06462
-1.09131 -1.06325
-1.09153 -1.06354
-1.08974 -1.06431
-1.09251 -1.06208
-1.08925 -1.0655
-1.09246 -1.06178
-1.0907 -1.06197
-1.09203 -1.06374
-1.09136 -1.06397
-1.09124 -1.06177
-1.09037 -1.06178
-1.09292 -1.06219
-1.09183 -1.06244
-1.09186 -1.06175
-1.09158 -1.06312
-1.09284 -1.06222
-1.09266 -1.0603
-1.09259 -1.06182
-1.09113 -1.06374
-1.09492 -1.05729
-1.08916 -1.0645
-1.09248 -1.06061
-1.09135 -1.06067
-1.09358 -1.06092
-1.09046 -1.06293
-1.09107 -1.06167
-1.09234 -1.05981
-1.09089 -1.06169
-1.08972 -1.06388
-1.09389 -1.05923
-1.09069 -1.06448
-1.09248 -1.06085
-1.09155 -1.06136
-1.09102 -1.0627
-1.09119 -1.05977
-1.0921 -1.06126
-1.08863 -1.06307
-1.09171 -1.06109
-1.09246 -1.06206
-1.09039 -1.06067
-1.0915 -1.06239
-1.0915 -1.05934
-1.09036 -1.06415
-1.09236 -1.05981
-1.08985 -1.06246
-1.09096 -1.0601
-1.09077 -1.06034
-1.0891 -1.06243
-1.09096 -1.06046
-1.09092 -1.06069
-1.08876 -1.06215
-1.09186 -1.05883
-1.08873 -1.0622
-1.0894 -1.05892
-1.09022 -1.06211
-1.09034 -1.05797
-1.0918 -1.06034
-1.08766 -1.06199
-1.09231 -1.05956
-1.09033 -1.0594
-1.08963 -1.06165
-1.09076 -1.05941
-1.09129 -1.05909
-1.08949 -1.0594
-1.08992 -1.06161
-1.09096 -1.0595
-1.08803 -1.05994
-1.08865 -1.06152
-1.09129 -1.05678
-1.08966 -1.05926
-1.08802 -1.06238
-1.08854 -1.05885
-1.09076 -1.05915
-1.08935 -1.0614
-1.09018 -1.05874
-1.08728 -1.06197
-1.09108 -1.05883
-1.08919 -1.05999
-1.08963 -1.05904
-1.09075 -1.05967
-1.09008 -1.06021
-1.09098 -1.05829
-1.09024 -1.05898
-1.08968 -1.05954
-1.08917 -1.05901
-1.09233 -1.05893
-1.08828 -1.05873
-1.09081 -1.05945
-1.09108 -1.05839
-1.08913 -1.05869
-1.09062 -1.06052
-1.09105 -1.05686
-1.08919 -1.06029
-1.09059 -1.05733
-1.0898 -1.05959
-1.09038 -1.05926
-1.09076 -1.05737
-1.09037 -1.05898
-1.08991 -1.05914
-1.0913 -1.05954
-1.08937 -1.05637
-1.08801 -1.05958
-1.09095 -1.05766
-1.08845 -1.05946
-1.08928 -1.0578
-1.09208 -1.05828
-1.08825 -1.05856
-1.08917 -1.05881
-1.09155 -1.05729
-1.08931 -1.05945
-1.08936 -1.05749
-1.09023 -1.05824
-1.08989 -1.05691
-1.09025 -1.058
-1.09009 -1.05647
-1.08875 -1.05859
-1.09107 -1.05795
-1.08947 -1.05647
-1.09051 -1.05711
-1.08855 -1.05741
-1.09202 -1.0554
-1.08746 -1.05926
-1.09255 -1.05435
-1.0893 -1.05701
-1.0911 -1.05799
-1.09129 -1.05459
-1.08967 -1.05789
-1.09129 -1.05616
-1.08952 -1.05698
-1.09034 -1.05703
-1.09123 -1.0548
-1.08922 -1.05775
-1.08954 -1.05716
-1.09104 -1.05569
-1.08795 -1.05791
-1.09146 -1.05681
-1.08859 -1.05748
-1.08867 -1.05567
-1.09152 -1.05625
-1.08798 -1.05702
-1.09135 -1.05668
-1.09078 -1.05747
-1.08755 -1.05822
-1.09028 -1.05528
-1.09079 -1.05716
-1.08887 -1.05827
-1.08922 -1.05583
-1.09049 -1.05551
-1.08931 -1.05932
-1.09083 -1.05609
-1.08984 -1.0573
-1.09106 -1.05677
-1.09016 -1.0566
-1.0905 -1.05744
-1.08885 -1.05716
-1.09043 -1.05615
-1.08925 -1.05724
-1.0901 -1.0576
-1.09098 -1.05645
-1.0898 -1.05572
-1.08891 -1.0574
-1.09093 -1.05394
-1.08959 -1.0593
-1.08884 -1.05626
-1.09012 -1.05576
-1.09097 -1.05503
-1.08972 -1.05654
-1.08913 -1.05642
-1.09008 -1.05558
-1.09069 -1.05544
-1.09048 -1.05705
-1.08935 -1.05609
-1.08906 -1.0553
-1.09025 -1.05472
-1.08881 -1.05802
-1.08912 -1.05633
-1.08964 -1.05537
-1.08902 -1.05594
-1.08949 -1.05667
-1.08785 -1.05613
-1.09114 -1.05564
-1.08857 -1.05688
-1.08914 -1.05525
-1.08833 -1.05824
-1.09099 -1.05483
-1.08937 -1.05625
-1.08955 -1.05588
-1.091 -1.05603
-1.08849 -1.05478
-1.08937 -1.05666
-1.08732 -1.05612
-1.09106 -1.05332
-1.08815 -1.05878
-1.09081 -1.05305
-1.0896 -1.05371
-1.08695 -1.05867
-1.09054 -1.05358
-1.08898 -1.05507
-1.08807 -1.05467
-1.08977 -1.05546
-1.08686 -1.05586
-1.09003 -1.05296
-1.08788 -1.05564
-1.08899 -1.05592
-1.08855 -1.05474
-1.09033 -1.05505
-1.08812 -1.05568
-1.08811 -1.05549
-1.09001 -1.05356
-1.08736 -1.05575
-1.09024 -1.05478
-1.08771 -1.05703
-1.09024 -1.05304
-1.08875 -1.05571
-1.08826 -1.05543
-1.08744 -1.0561
-1.09122 -1.05461
-1.08626 -1.05698
-1.08894 -1.05469
-1.08923 -1.05402
-1.08598 -1.05598
-1.08912 -1.05416
-1.08749 -1.05361
-1.08864 -1.05694
-1.08819 -1.05411
-1.08732 -1.05552
-1.08927 -1.05407
-1.0881 -1.05692
-1.08764 -1.05412
-1.08816 -1.05602
-1.08942 -1.05271
-1.08583 -1.05749
-1.08811 -1.05399
-1.08826 -1.05528
-1.08887 -1.05375
-1.08633 -1.05831
-1.0898 -1.0512
-1.08649 -1.05756
-1.08799 -1.05471
-1.08582 -1.05526
-1.08842 -1.05486
-1.08758 -1.05712
-1.08726 -1.05444
-1.08796 -1.0559
-1.08666 -1.05532
-1.0881 -1.05381
-1.08468 -1.05826
-1.08994 -1.0518
-1.08559 -1.05645
-1.08762 -1.05526
-1.08852 -1.05449
-1.08563 -1.05499
-1.0895 -1.0556
-1.08682 -1.05541
-1.08706 -1.05471
-1.08851 -1.05278
-1.0875 -1.05631
-1.08855 -1.05516
-1.08787 -1.0545
-1.08879 -1.05523
-1.08941 -1.05461
-1.08704 -1.05543
-1.09142 -1.05453
-1.08648 -1.05439
-1.08938 -1.05503
-1.08833 -1.05355
-1.08624 -1.05558
-1.08975 -1.05385
-1.08824 -1.05345
-1.08754 -1.0575
-1.08908 -1.05326
-1.08979 -1.05298
-1.08809 -1.0561
-1.09079 -1.05394
-1.08573 -1.05505
-1.09056 -1.0529
-1.08711 -1.05528
-1.08826 -1.05391
-1.08852 -1.05414
-1.08783 -1.05572
-1.08877 -1.05327
-1.08849 -1.05454
-1.08629 -1.0533
-1.08804 -1.05644
-1.08962 -1.05119
-1.08521 -1.05675
-1.08911 -1.05308
-1.08756 -1.05423
-1.08772 -1.05557
-1.08637 -1.05581
-1.0891 -1.0529
-1.08736 -1.05435
-1.08753 -1.05158
-1.08907 -1.0568
-1.08848 -1.05145
-1.0875 -1.05446
-1.08674 -1.05474
-1.09047 -1.05262
-1.08756 -1.05455
-1.08695 -1.05277
-1.08916 -1.05253
-1.08855 -1.0535
-1.08819 -1.05486
-1.08936 -1.05202
-1.08783 -1.05421
-1.08943 -1.05425
-1.08888 -1.05408
-1.0886 -1.05246
-1.08836 -1.05456
-1.08858 -1.05413
-1.08833 -1.05372
-1.0901 -1.05186
-1.08809 -1.05387
-1.08919 -1.05184
-1.08851 -1.0553
-1.08894 -1.05321
-1.08996 -1.05075
-1.08899 -1.05506
-1.08813 -1.05363
-1.08924 -1.05171
-1.09023 -1.05329
-1.08837 -1.0538
-1.0904 -1.05303
-1.08949 -1.05327
-1.08774 -1.05364
-1.08784 -1.05359
-1.08766 -1.05328
-1.08915 -1.05282
-1.0883 -1.05229
-1.08944 -1.05364
-1.08957 -1.05278
-1.08609 -1.05543
-1.09015 -1.05207
-1.08801 -1.05356
-1.08924 -1.05281
-1.08922 -1.05254
-1.08701 -1.0547
-1.08962 -1.05248
-1.08773 -1.05453
-1.09139 -1.05092
-1.08592 -1.05612
-1.08981 -1.05261
-1.08754 -1.05344
-1.08856 -1.05376
-1.08629 -1.05432
-1.08917 -1.05514
-1.0867 -1.0529
-1.08658 -1.05595
-1.0865 -1.05257
-1.08656 -1.05606
-1.0873 -1.05326
-1.08387 -1.05587
-1.08762 -1.05284
-1.08721 -1.0543
-1.08501 -1.05689
-1.08732 -1.05019
-1.08443 -1.05674
-1.08601 -1.05299
-1.08664 -1.05594
-1.08708 -1.05266
-1.08559 -1.0551
-1.08714 -1.05291
-1.08577 -1.05478
-1.0875 -1.05352
-1.08728 -1.05446
-1.085 -1.05516
-1.08898 -1.05392
-1.08634 -1.05388
-1.08772 -1.05323
-1.08824 -1.05537
-1.08697 -1.05397
-1.08633 -1.05351
-1.08825 -1.05357
-1.08719 -1.05517
-1.08723 -1.05357
-1.08431 -1.0546
-1.088 -1.05308
-1.08766 -1.05289
-1.08475 -1.05585
-1.08657 -1.05179
-1.08675 -1.05413
-1.08707 -1.05317
-1.08605 -1.05282
-1.08799 -1.05433
-1.08418 -1.05476
-1.09023 -1.05042
-1.08493 -1.05355
-1.0872 -1.05416
-1.08866 -1.05163
-1.08524 -1.05411
-1.08708 -1.0526
-1.08504 -1.05373
-1.08678 -1.05391
-1.08758 -1.05182
-1.08497 -1.05409
-1.08807 -1.05269
-1.08578 -1.05217
-1.086 -1.05483
-1.08768 -1.05235
-1.08558 -1.05326
-1.088 -1.05118
-1.0859 -1.05231
-1.08619 -1.05479
-1.08867 -1.05156
-1.08752 -1.05186
-1.08574 -1.05323
-1.08679 -1.05311
-1.0877 -1.05283
-1.08734 -1.05276
-1.08653 -1.05214
-1.08812 -1.05187
-1.08764 -1.05425
-1.08509 -1.05273
-1.0894 -1.05219
-1.08695 -1.05333
-1.08617 -1.05367
-1.08491 -1.05205
-1.08623 -1.05422
-1.08647 -1.05238
-1.08522 -1.05378
-1.08566 -1.0525
-1.08642 -1.05362
-1.08633 -1.05306
-1.08664 -1.05408
-1.08613 -1.0537
-1.08649 -1.05312
-1.08604 -1.05207
-1.08434 -1.05362
-1.08607 -1.05383
-1.08787 -1.0497
-1.08443 -1.05377
-1.08585 -1.05354
-1.08586 -1.05115
-1.08624 -1.05309
-1.08455 -1.05173
-1.08593 -1.05447
-1.08749 -1.05025
-1.08389 -1.05484
-1.08571 -1.0525
-1.08618 -1.05296
-1.08486 -1.05297
-1.08534 -1.05332
-1.08718 -1.05122
-1.08348 -1.05466
-1.08774 -1.0519
-1.08274 -1.0534
-1.08747 -1.05257
-1.08306 -1.05435
-1.08651 -1.05226
-1.08431 -1.052
-1.08515 -1.05428
-1.08542 -1.05244
-1.0866 -1.05213
-1.08437 -1.05317
-1.08586 -1.0517
-1.08606 -1.05212
-1.08643 -1.0527
-1.08626 -1.05245
-1.08528 -1.05239
-1.08744 -1.0502
-1.08476 -1.05508
-1.09017 -1.04869
-1.08413 -1.05597
-1.0876 -1.04876
-1.08714 -1.05327
-1.08709 -1.05047
-1.08588 -1.05248
-1.08686 -1.05328
-1.08624 -1.05074
-1.0878 -1.05177
-1.08262 -1.05326
-1.08805 -1.0485
-1.08298 -1.05471
-1.08751 -1.04799
-1.08507 -1.05497
-1.08614 -1.05045
-1.0841 -1.05149
-1.08753 -1.04891
-1.0838 -1.05345
-1.08788 -1.04999
-1.08542 -1.05207
-1.08636 -1.05077
-1.08673 -1.05091
-1.08413 -1.05299
-1.08849 -1.04871
-1.08475 -1.05047
-1.08803 -1.05059
-1.08377 -1.05163
-1.08775 -1.05025
-1.0858 -1.05013
-1.08662 -1.05074
-1.08458 -1.05248
-1.08614 -1.05016
-1.08612 -1.05092
-1.08689 -1.0502
-1.08313 -1.05231
-1.0872 -1.04917
-1.08353 -1.05211
-1.08645 -1.05046
-1.08634 -1.05107
-1.08477 -1.05042
-1.08776 -1.05009
-1.08449 -1.05083
-1.08725 -1.05036
-1.0849 -1.05094
-1.08472 -1.04939
-1.08604 -1.05108
-1.08525 -1.04901
-1.0858 -1.05154
-1.08644 -1.04957
-1.08321 -1.04979
-1.0886 -1.05103
-1.08475 -1.05177
-1.08688 -1.0498
-1.0868 -1.05038
-1.08651 -1.05136
-1.08556 -1.0509
-1.08688 -1.0496
-1.08546 -1.05027
-1.08846 -1.04979
-1.08624 -1.04947
-1.08527 -1.05072
-1.08686 -1.05001
-1.08678 -1.04979
-1.08651 -1.04947
-1.08808 -1.04843
-1.08333 -1.04997
-1.08727 -1.04957
-1.08695 -1.04893
-1.08424 -1.05003
-1.08569 -1.04846
-1.0862 -1.04887
-1.08663 -1.04919
-1.08467 -1.0505
-1.0888 -1.04629
-1.08393 -1.0511
-1.08659 -1.04861
-1.08599 -1.04909
-1.08492 -1.04924
-1.0864 -1.04904
-1.08569 -1.04934
-1.08522 -1.04945
-1.08416 -1.04935
-1.0853 -1.04845
-1.08518 -1.04983
-1.08434 -1.04898
-1.08458 -1.04877
-1.0837 -1.04896
-1.08504 -1.04926
-1.08416 -1.04996
-1.08436 -1.04797
-1.084 -1.04987
-1.08519 -1.0478
-1.08458 -1.05008
-1.08396 -1.04766
-1.08473 -1.04904
-1.08445 -1.04863
-1.08647 -1.04884
-1.08618 -1.04705
-1.08315 -1.05095
-1.08734 -1.04616
-1.08584 -1.04892
-1.08358 -1.04856
-1.08519 -1.04873
-1.08722 -1.04713
-1.08378 -1.04902
-1.08476 -1.04894
-1.08643 -1.04739
-1.0856 -1.04845
-1.08422 -1.04959
-1.08546 -1.0467
-1.08727 -1.04874
-1.08305 -1.04901
-1.08708 -1.0476
-1.08533 -1.04922
-1.08554 -1.04614
-1.08339 -1.05084
-1.08811 -1.04603
-1.08366 -1.0486
-1.08463 -1.04949
-1.08703 -1.04672
-1.0857 -1.04829
-1.08566 -1.04838
-1.08714 -1.04798
-1.08394 -1.0475
-1.08759 -1.04743
-1.08452 -1.04767
-1.08291 -1.04984
-1.08574 -1.04536
-1.08493 -1.04759
-1.08501 -1.04842
-1.08531 -1.04714
-1.08516 -1.04674
-1.08376 -1.04739
-1.08463 -1.04765
-1.0847 -1.04739
-1.08634 -1.04704
-1.08476 -1.04695
-1.08509 -1.04871
-1.08559 -1.04553
-1.08338 -1.04846
-1.08406 -1.04584
-1.08375 -1.04769
-1.08451 -1.04788
-1.08467 -1.04626
-1.08374 -1.04714
-1.08357 -1.04695
-1.08336 -1.04758
-1.08378 -1.04724
-1.08409 -1.04644
-1.08404 -1.04616
-1.08277 -1.04794
-1.08391 -1.04557
-1.08503 -1.04676
-1.08258 -1.04771
-1.08449 -1.04681
-1.08346 -1.0456
-1.08235 -1.0478
-1.08357 -1.04773
-1.08231 -1.04634
-1.08298 -1.04529
-1.08303 -1.04772
-1.08107 -1.04882
-1.08445 -1.04427
-1.08167 -1.04811
-1.08356 -1.04642
-1.08391 -1.04681
-1.08224 -1.04811
-1.08246 -1.04739
-1.08286 -1.04658
-1.08375 -1.0452
-1.08279 -1.04872
-1.08456 -1.04452
-1.08325 -1.04751
-1.08383 -1.04671
-1.0833 -1.04526
-1.08313 -1.04675
-1.08481 -1.04717
-1.08375 -1.04574
-1.08341 -1.04506
-1.08293 -1.04834
-1.08583 -1.04414
-1.08107 -1.04648
-1.08303 -1.04565
-1.0842 -1.04711
-1.08364 -1.04398
-1.08295 -1.04691
-1.08414 -1.04652
-1.08204 -1.04508
-1.08331 -1.04726
-1.08347 -1.0443
-1.0832 -1.04607
-1.08157 -1.04635
-1.08107 -1.04619
-1.08378 -1.04566
-1.08274 -1.04625
-1.0824 -1.0459
-1.08224 -1.04527
-1.08324 -1.04589
-1.08226 -1.04628
-1.08323 -1.04464
-1.08228 -1.0465
-1.08215 -1.04576
-1.08369 -1.04507
-1.08213 -1.04634
-1.08125 -1.04569
-1.08364 -1.04547
-1.08175 -1.04453
-1.08158 -1.04737
-1.08417 -1.0424
-1.08149 -1.04811
-1.08424 -1.04434
-1.08201 -1.04478
-1.08336 -1.04602
-1.08224 -1.04353
-1.08175 -1.04653
-1.08383 -1.04498
-1.08093 -1.04597
-1.08281 -1.04486
-1.08102 -1.04622
-1.08048 -1.04458
-1.08257 -1.04702
-1.08206 -1.04417
-1.08276 -1.04495
-1.0813 -1.04674
-1.08124 -1.04363
-1.0832 -1.04647
-1.07977 -1.04534
-1.08063 -1.04564
-1.08335 -1.04411
-1.07878 -1.04563
-1.08248 -1.0455
-1.08164 -1.04381
-1.08073 -1.04508
-1.08035 -1.04685
-1.08338 -1.04397
-1.082 -1.04605
-1.08135 -1.04464
-1.08223 -1.04456
-1.08042 -1.04504
-1.08258 -1.04469
-1.08235 -1.04595
-1.0822 -1.04429
-1.08143 -1.04477
-1.08223 -1.04651
-1.08208 -1.04389
-1.08201 -1.04397
-1.08234 -1.04516
-1.08185 -1.04503
-1.08126 -1.04446
-1.08043 -1.04512
-1.08348 -1.04404
-1.08083 -1.04515
-1.08197 -1.04599
-1.08074 -1.04363
-1.08368 -1.04603
-1.08203 -1.04334
-1.08203 -1.04421
-1.08165 -1.04519
-1.08189 -1.04606
-1.08235 -1.04375
-1.082 -1.04412
-1.08231 -1.04462
-1.08291 -1.04444
-1.08144 -1.0451
-1.08186 -1.04475
-1.08194 -1.04559
-1.08246 -1.04436
-1.08226 -1.0448
-1.08141 -1.04431
-1.0802 -1.0449
-1.08252 -1.04269
-1.08085 -1.04755
-1.08239 -1.04509
-1.08185 -1.0434
-1.08273 -1.04668
-1.07928 -1.04523
-1.08269 -1.04308
-1.08218 -1.04563
-1.08138 -1.0458
-1.08138 -1.04477
-1.08352 -1.04475
-1.08107 -1.04418
-1.08122 -1.04696
-1.08297 -1.0425
-1.08006 -1.0462
-1.08272 -1.0422
-1.08026 -1.04429
-1.08148 -1.04459
-1.0805 -1.04535
-1.08241 -1.04361
-1.08237 -1.04279
-1.08075 -1.04401
-1.08118 -1.04428
-1.0816 -1.04275
-1.08229 -1.0428
-1.08144 -1.04394
-1.0809 -1.0455
-1.08367 -1.04217
-1.08019 -1.04508
-1.08184 -1.04225
-1.08074 -1.04471
-1.08339 -1.04291
-1.08072 -1.04436
-1.08149 -1.04326
-1.0812 -1.04367
-1.08193 -1.04186
-1.08244 -1.04523
-1.08161 -1.04295
-1.08342 -1.04381
-1.08029 -1.04389
-1.08329 -1.04394
-1.0828 -1.04228
-1.08182 -1.04631
-1.08229 -1.04302
-1.08246 -1.04338
-1.08349 -1.04232
-1.08003 -1.04459
-1.08255 -1.043
-1.08141 -1.04346
-1.08254 -1.0435
-1.08302 -1.04346
-1.08068 -1.04384
-1.08291 -1.04252
-1.08073 -1.04428
-1.08323 -1.04401
-1.08109 -1.04342
-1.08076 -1.04268
-1.08243 -1.04457
-1.08179 -1.04335
-1.08115 -1.04559
-1.08383 -1.04178
-1.07951 -1.04601
-1.08262 -1.04282
-1.08121 -1.04364
-1.0805 -1.04459
-1.08163 -1.04198
-1.08107 -1.04591
-1.08162 -1.04336
-1.0802 -1.04436
-1.0818 -1.04376
-1.08174 -1.04259
-1.08057 -1.0453
-1.08203 -1.04445
-1.08131 -1.04319
-1.08141 -1.04364
-1.07908 -1.04637
-1.0843 -1.04145
-1.08054 -1.04576
-1.0819 -1.04376
-1.08069 -1.04426
-1.08129 -1.04393
-1.08158 -1.04382
-1.081 -1.04478
-1.08238 -1.04332
-1.08221 -1.04349
-1.07998 -1.04486
-1.0843 -1.04253
-1.08031 -1.04456
-1.08195 -1.04476
-1.08039 -1.04551
-1.08262 -1.04239
-1.0806 -1.04436
-1.08056 -1.04422
-1.08175 -1.04323
-1.08084 -1.04429
-1.0815 -1.04353
-1.08044 -1.04577
-1.08256 -1.04163
-1.07965 -1.04632
-1.08181 -1.04237
-1.08308 -1.04308
-1.08005 -1.04328
-1.07977 -1.04554
-1.08175 -1.04246
-1.08067 -1.04463
-1.08092 -1.04239
-1.08238 -1.04438
-1.07896 -1.04484
-1.08152 -1.04259
-1.08049 -1.0446
-1.08096 -1.04509
-1.07997 -1.04126
-1.08052 -1.04357
-1.08067 -1.04503
-1.0802 -1.04287
-1.08055 -1.0428
-1.08066 -1.04286
-1.08071 -1.04335
-1.08046 -1.04208
-1.07979 -1.04361
-1.08177 -1.04224
-1.08031 -1.04444
-1.08113 -1.04275
-1.0804 -1.04252
-1.08145 -1.04158
-1.07793 -1.04476
-1.08322 -1.04372
-1.08021 -1.04327
-1.08056 -1.04298
-1.0803 -1.04275
-1.08122 -1.04298
-1.08017 -1.04266
-1.08051 -1.04407
-1.08096 -1.04188
-1.0817 -1.04316
-1.08104 -1.04334
-1.08015 -1.04336
-1.08081 -1.04318
-1.07989 -1.04245
-1.0805 -1.04173
-1.08154 -1.04191
-1.07926 -1.04524
-1.08232 -1.04031
-1.07837 -1.04404
-1.08098 -1.04398
-1.07814 -1.04312
-1.07815 -1.04214
-1.07992 -1.04318
-1.07875 -1.04317
-1.07854 -1.04197
-1.07918 -1.04375
-1.07864 -1.04251
-1.0802 -1.04307
-1.08047 -1.04286
-1.0778 -1.04343
-1.08003 -1.04189
-1.0802 -1.04328
-1.07845 -1.04244
-1.08092 -1.04298
-1.07988 -1.04294
-1.08094 -1.04142
-1.07847 -1.04298
-1.08198 -1.04251
-1.07922 -1.04201
-1.07936 -1.0439
-1.0783 -1.04364
-1.08079 -1.04168
-1.0781 -1.04384
-1.07763 -1.04317
-1.07944 -1.04288
-1.08064 -1.04156
-1.07659 -1.04617
-1.08279 -1.04259
-1.0775 -1.04409
-1.0808 -1.04253
-1.07698 -1.04378
-1.08017 -1.04146
-1.07723 -1.04609
-1.07978 -1.04123
-1.07723 -1.04236
-1.08002 -1.0435
-1.07561 -1.04283
-1.08071 -1.04151
-1.07792 -1.04474
-1.0768 -1.04226
-1.07838 -1.04256
-1.07842 -1.0413
-1.07612 -1.04418
-1.07893 -1.04083
-1.07687 -1.04251
-1.07994 -1.04141
-1.07819 -1.04275
-1.07743 -1.04299
-1.07873 -1.04146
-1.07768 -1.0414
-1.0782 -1.0425
-1.07888 -1.0422
-1.07769 -1.04108
-1.07879 -1.04325
-1.07744 -1.04217
-1.07907 -1.04164
-1.07755 -1.04332
-1.07928 -1.04029
-1.07786 -1.04427
-1.07882 -1.04071
-1.0795 -1.04175
-1.07696 -1.04273
-1.07724 -1.04288
-1.08026 -1.04012
-1.07742 -1.0431
-1.0779 -1.04154
-1.07919 -1.04152
-1.07862 -1.04304
-1.07672 -1.04146
-1.07888 -1.042
-1.07725 -1.04353
-1.07942 -1.04035
-1.0779 -1.04288
-1.07691 -1.04217
-1.07887 -1.04025
-1.07635 -1.04154
-1.07664 -1.04268
-1.07957 -1.04063
-1.0765 -1.04107
-1.07696 -1.04176
-1.07854 -1.04117
-1.07797 -1.04176
-1.07962 -1.04221
-1.07765 -1.0398
-1.0774 -1.04182
-1.07833 -1.04108
-1.07912 -1.04051
-1.07534 -1.04241
-1.07793 -1.03992
-1.07782 -1.04208
-1.07718 -1.04113
-1.07611 -1.04154
-1.07665 -1.04185
-1.07783 -1.04088
-1.0762 -1.04111
-1.07627 -1.04154
-1.07787 -1.04193
-1.07704 -1.0407
-1.07659 -1.04172
-1.07729 -1.04246
-1.07696 -1.03962
-1.07813 -1.04246
-1.07688 -1.04083
-1.07682 -1.04225
-1.07871 -1.04188
-1.07717 -1.04015
-1.0777 -1.04346
-1.07894 -1.04039
-1.07709 -1.0437
-1.07905 -1.0393
-1.07756 -1.042
-1.07795 -1.0406
-1.07684 -1.04218
-1.07915 -1.04093
-1.07768 -1.04046
-1.07967 -1.04088
-1.07647 -1.0421
-1.07821 -1.04031
-1.07746 -1.041
-1.07657 -1.04187
-1.07908 -1.04021
-1.07695 -1.0409
-1.07939 -1.04032
-1.07612 -1.04348
-1.07906 -1.04027
-1.07758 -1.04128
-1.07766 -1.04093
-1.07773 -1.04089
-1.07717 -1.04295
-1.07845 -1.03991
-1.07729 -1.04254
-1.07907 -1.03985
-1.07473 -1.04367
-1.08035 -1.04037
-1.07588 -1.04169
-1.07682 -1.04018
-1.07905 -1.04167
-1.07681 -1.04298
-1.07845 -1.03978
-1.0764 -1.04231
-1.07894 -1.04046
-1.07588 -1.0434
-1.07748 -1.04025
-1.07825 -1.04134
-1.07508 -1.04279
-1.07769 -1.04119
-1.07661 -1.04196
-1.07733 -1.03998
-1.07767 -1.04358
-1.07707 -1.04156
-1.07864 -1.03969
-1.07699 -1.04243
-1.07831 -1.04027
-1.07692 -1.04162
-1.07778 -1.0403
-1.07779 -1.04097
-1.0779 -1.04097
-1.07839 -1.04136
-1.07717 -1.04138
-1.07763 -1.03912
-1.078 -1.04177
-1.07688 -1.0407
-1.07878 -1.04051
-1.07873 -1.0412
-1.07758 -1.04005
-1.07813 -1.04115
-1.07741 -1.04098
-1.07796 -1.03926
-1.07638 -1.04094
-1.07727 -1.0407
-1.07828 -1.03971
-1.07694 -1.04119
-1.07683 -1.03863
-1.07834 -1.04175
-1.07628 -1.03988
-1.07908 -1.0394
-1.07716 -1.04157
-1.07572 -1.03943
-1.08049 -1.03769
-1.07505 -1.0434
-1.07896 -1.03834
-1.07817 -1.03852
-1.07754 -1.04163
-1.07613 -1.0398
-1.07888 -1.03877
-1.07639 -1.041
-1.07772 -1.03889
-1.0768 -1.03992
-1.08059 -1.03876
-1.07744 -1.04085
-1.07854 -1.03776
-1.07612 -1.04009
-1.07751 -1.04037
-1.0769 -1.03875
-1.07888 -1.03872
-1.07771 -1.04005
-1.07785 -1.03781
-1.07569 -1.04068
-1.07808 -1.03866
-1.07933 -1.03996
-1.07431 -1.04116
-1.07975 -1.03809
-1.07609 -1.04006
-1.07649 -1.04088
-1.07742 -1.03873
-1.07658 -1.03896
-1.07674 -1.04028
-1.07742 -1.03866
-1.07466 -1.04092
-1.0786 -1.03824
-1.07671 -1.0382
-1.07652 -1.03948
-1.07641 -1.04055
-1.07694 -1.03803
-1.07576 -1.03926
-1.07795 -1.03818
-1.07636 -1.04139
-1.07707 -1.03818
-1.07739 -1.03911
-1.07435 -1.03971
-1.07955 -1.03708
-1.07646 -1.04122
-1.07662 -1.038
-1.0771 -1.03927
-1.07603 -1.03848
-1.07616 -1.04004
-1.07793 -1.03851
-1.0773 -1.03885
-1.07776 -1.03877
-1.07707 -1.0403
-1.0768 -1.03942
-1.07678 -1.03761
-1.07763 -1.04043
-1.07608 -1.03811
-1.07738 -1.04012
-1.07625 -1.03746
-1.07594 -1.03895
-1.07639 -1.03951
-1.07703 -1.03811
-1.07781 -1.0395
-1.0744 -1.04041
-1.07779 -1.03807
-1.07725 -1.03906
-1.07443 -1.04109
-1.07787 -1.03814
-1.07764 -1.03865
-1.07584 -1.04019
-1.07651 -1.0383
-1.07784 -1.0398
-1.07715 -1.03879
-1.07763 -1.03898
-1.07535 -1.04012
-1.07846 -1.03795
-1.07728 -1.04001
-1.0764 -1.03997
-1.07715 -1.03818
-1.07784 -1.03815
-1.07567 -1.03973
-1.07703 -1.0396
-1.0761 -1.03838
-1.07657 -1.0375
-1.07558 -1.04033
-1.07594 -1.03822
-1.07464 -1.03875
-1.07695 -1.04006
-1.07559 -1.03745
-1.07567 -1.03945
-1.07511 -1.03895
-1.07755 -1.03844
-1.07339 -1.03978
-1.07861 -1.03676
-1.07518 -1.03876
-1.07655 -1.0394
-1.0768 -1.03739
-1.0759 -1.0404
-1.07515 -1.03827
-1.07556 -1.03889
-1.07595 -1.03972
-1.07537 -1.04031
-1.07704 -1.0384
-1.07496 -1.03895
-1.07614 -1.03889
-1.07589 -1.03882
-1.07685 -1.03926
-1.07576 -1.03786
-1.07452 -1.03985
-1.07566 -1.03815
-1.07699 -1.03817
-1.07561 -1.0397
-1.07626 -1.03744
-1.07548 -1.04
-1.07752 -1.03873
-1.076 -1.0378
-1.07465 -1.04053
-1.07626 -1.03811
-1.07607 -1.03852
-1.07502 -1.03887
-1.07519 -1.03844
-1.07569 -1.03837
-1.07648 -1.03866
-1.07485 -1.0395
-1.07624 -1.03803
-1.07596 -1.03765
-1.07476 -1.03915
-1.07613 -1.03822
-1.07774 -1.03782
-1.07673 -1.03792
-1.07585 -1.03729
-1.07611 -1.04004
-1.07694 -1.03759
-1.07554 -1.03835
-1.07628 -1.03807
-1.07595 -1.03726
-1.07509 -1.03856
-1.07764 -1.03862
-1.07491 -1.03701
-1.0765 -1.03747
-1.07432 -1.03918
-1.0771 -1.03869
-1.07462 -1.03738
-1.07711 -1.03746
-1.07545 -1.03706
-1.07717 -1.03809
-1.07639 -1.0381
-1.07603 -1.0389
-1.07716 -1.03608
-1.07661 -1.03932
-1.0759 -1.03683
-1.07531 -1.0382
-1.07699 -1.03675
-1.07691 -1.03922
-1.07646 -1.03535
-1.07616 -1.03883
-1.07665 -1.03847
-1.07502 -1.03677
-1.07798 -1.03744
-1.07463 -1.03794
-1.07785 -1.03573
-1.07514 -1.03833
-1.07694 -1.03586
-1.07443 -1.03983
-1.07817 -1.03506
-1.07337 -1.03817
-1.0769 -1.036
-1.07523 -1.03886
-1.07473 -1.03617
-1.07599 -1.03762
-1.07605 -1.03823
-1.07425 -1.03744
-1.07552 -1.03725
-1.07385 -1.03928
-1.07609 -1.03692
-1.07277 -1.03745
-1.07565 -1.03782
-1.07406 -1.03826
-1.0756 -1.03642
-1.07283 -1.03872
-1.07617 -1.0381
-1.07434 -1.03739
-1.075 -1.03781
-1.07433 -1.03716
-1.07484 -1.03787
-1.07381 -1.0388
-1.07623 -1.03544
-1.07365 -1.0395
-1.07648 -1.03849
-1.07611 -1.03808
-1.07399 -1.03663
-1.07631 -1.03781
-1.07449 -1.03798
-1.07359 -1.03877
-1.07561 -1.03549
-1.07429 -1.03844
-1.07516 -1.03754
-1.07472 -1.03741
-1.07326 -1.03819
-1.07607 -1.03547
-1.07323 -1.03874
-1.07548 -1.03616
-1.07376 -1.03759
-1.0743 -1.03695
-1.07556 -1.03687
-1.07365 -1.03819
-1.07376 -1.03567
-1.0735 -1.03916
-1.07494 -1.03676
-1.07421 -1.03743
-1.07448 -1.03609
-1.07371 -1.03797
-1.07541 -1.03636
-1.07358 -1.03817
-1.07563 -1.03611
-1.07268 -1.037
-1.07473 -1.03688
-1.07476 -1.03713
-1.07377 -1.0339
-1.07446 -1.03913
-1.07495 -1.03462
-1.07229 -1.03808
-1.07511 -1.03415
-1.07411 -1.0361
