0 0
-0.052638 -0.0494883
-0.104272 -0.0981574
-0.154888 -0.145972
-0.20444 -0.192666
-0.252967 -0.238639
-0.300388 -0.28388
-0.346626 -0.327512
-0.392043 -0.371157
-0.436417 -0.413271
-0.479696 -0.454838
-0.521176 -0.494835
-0.562768 -0.534687
-0.602421 -0.573229
-0.641103 -0.610949
-0.679228 -0.647895
-0.715197 -0.682716
-0.751235 -0.718037
-0.785591 -0.752205
-0.818258 -0.784032
-0.849805 -0.817393
-0.88207 -0.847345
-0.911406 -0.877962
-0.939663 -0.908009
-0.968099 -0.933488
-0.993304 -0.961912
-1.01856 -0.987246
-1.04226 -1.01218
-1.06446 -1.03841
-1.08621 -1.06008
-1.10419 -1.0841
-1.10799 -1.08114
-1.10436 -1.08298
-1.10235 -1.08174
-1.10513 -1.08158
-1.10436 -1.08467
-1.10564 -1.07996
-1.10262 -1.0843
-1.1048 -1.07759
-1.10336 -1.08282
-1.10537 -1.08076
-1.10184 -1.08144
-1.10343 -1.08152
-1.10642 -1.08009
-1.10168 -1.08446
-1.10491 -1.08017
-1.1039 -1.08096
-1.10082 -1.08311
-1.10528 -1.07988
-1.10169 -1.08305
-1.10524 -1.08137
-1.10104 -1.08284
-1.10231 -1.08087
-1.10423 -1.07973
-1.10209 -1.08259
-1.10425 -1.08114
-1.10108 -1.08046
-1.10085 -1.07986
-1.10263 -1.08151
-1.10151 -1.08148
-1.10166 -1.08218
-1.10367 -1.07911
-1.10154 -1.08153
-1.10242 -1.07939
-1.10404 -1.07752
-1.10304 -1.08036
-1.10269 -1.07838
-1.10395 -1.07875
-1.10229 -1.08013
-1.10311 -1.07657
-1.10241 -1.07956
-1.10338 -1.07909
-1.10073 -1.08122
-1.1023 -1.0779
-1.10067 -1.07757
-1.10352 -1.07924
-1.10208 -1.07828
-1.10322 -1.07822
-1.10145 -1.08079
-1.10291 -1.078
-1.09901 -1.07995
-1.10164 -1.07932
-1.10126 -1.07872
-1.1 -1.08122
-1.10067 -1.07897
-1.1005 -1.08194
-1.1012 -1.07866
-1.09899 -1.07918
-1.10185 -1.07857
-1.09957 -1.07859
-1.1018 -1.07796
-1.1007 -1.07746
-1.10046 -1.07746
-1.10116 -1.07724
-1.09991 -1.07868
-1.10261 -1.0792
-1.10105 -1.07778
-1.09973 -1.07827
-1.10175 -1.07944
-1.09975 -1.07667
-1.09613 -1.08047
-1.09913 -1.07736
-1.09642 -1.08076
-1.09981 -1.07698
-1.09791 -1.07788
-1.09749 -1.08111
-1.09689 -1.07973
-1.09892 -1.07643
-1.09644 -1.08174
-1.10011 -1.07857
-1.09673 -1.07759
-1.09724 -1.07903
-1.09835 -1.07869
-1.09956 -1.07642
-1.09528 -1.07783
-1.10062 -1.07827
-1.09677 -1.07534
-1.09815 -1.07993
-1.09828 -1.07783
-1.09954 -1.07511
-1.09697 -1.07904
-1.09907 -1.07663
-1.09995 -1.07627
-1.09675 -1.07664
-1.09577 -1.07857
-1.09944 -1.07615
-1.09684 -1.07649
-1.09764 -1.07775
-1.09614 -1.07853
-1.09551 -1.08066
-1.09698 -1.07773
-1.09889 -1.07882
-1.09711 -1.07895
-1.10041 -1.07586
-1.0966 -1.07745
-1.09915 -1.07504
-1.09889 -1.07763
-1.09829 -1.07627
-1.09664 -1.07629
-1.09908 -1.07626
-1.09679 -1.07571
-1.09667 -1.07644
-1.09842 -1.07639
-1.10026 -1.07407
-1.09701 -1.07537
-1.10003 -1.0755
-1.09578 -1.07638
-1.09854 -1.07483
-1.09632 -1.07619
-1.0985 -1.07729
-1.0969 -1.07658
-1.09728 -1.0748
-1.09732 -1.07662
-1.09592 -1.07898
-1.09923 -1.07504
-1.09788 -1.07766
-1.0975 -1.07564
-1.10006 -1.07558
-1.0963 -1.07381
-1.1002 -1.07215
-1.09742 -1.07556
-1.09685 -1.07588
-1.09646 -1.07469
-1.09732 -1.07371
-1.09679 -1.0766
-1.09763 -1.07476
-1.09672 -1.07445
-1.09661 -1.07532
-1.09614 -1.07493
-1.10034 -1.07244
-1.09626 -1.07345
-1.09698 -1.07415
-1.09876 -1.07062
-1.09807 -1.07366
-1.09765 -1.07311
-1.10028 -1.07198
-1.09885 -1.07297
-1.097 -1.07446
-1.09985 -1.07112
-1.09755 -1.07367
-1.09768 -1.07338
-1.0974 -1.07331
-1.09693 -1.0747
-1.09919 -1.07127
-1.09595 -1.07428
-1.10123 -1.07268
-1.09926 -1.07107
-1.09863 -1.07374
-1.10095 -1.06915
-1.10014 -1.07142
-1.10004 -1.07085
-1.09899 -1.0724
-1.09954 -1.07096
-1.09941 -1.07258
-1.09854 -1.07084
-1.09847 -1.07396
-1.09757 -1.07285
-1.09735 -1.07143
-1.0965 -1.07461
-1.10046 -1.06991
-1.09666 -1.07177
-1.09878 -1.0719
-1.10071 -1.0678
-1.09701 -1.07055
-1.10119 -1.06823
-1.09924 -1.06966
-1.09852 -1.07155
-1.09767 -1.06833
-1.09555 -1.07542
-1.09646 -1.07155
-1.09776 -1.07162
-1.09776 -1.07122
-1.09724 -1.07031
-1.09593 -1.07049
-1.09937 -1.06775
-1.09811 -1.06942
-1.09753 -1.06905
-1.09778 -1.06763
-1.09753 -1.06859
-1.09702 -1.07075
-1.09715 -1.06979
-1.09595 -1.06951
-1.0971 -1.07257
-1.09665 -1.07081
-1.09513 -1.06934
-1.09711 -1.0737
-1.09666 -1.06807
-1.09485 -1.07419
-1.09584 -1.06915
-1.09581 -1.07022
-1.09517 -1.07226
-1.09652 -1.06562
-1.09601 -1.06989
-1.09546 -1.06961
-1.09662 -1.06812
-1.09532 -1.07084
-1.09893 -1.06881
-1.09301 -1.07096
-1.09625 -1.06893
-1.09426 -1.07058
-1.09498 -1.07072
-1.09471 -1.07109
-1.0942 -1.0685
-1.09557 -1.0699
-1.09246 -1.07008
-1.09625 -1.06756
-1.09614 -1.06818
-1.09441 -1.07074
-1.09653 -1.06687
-1.09331 -1.06948
-1.09624 -1.06839
-1.09404 -1.06666
-1.09474 -1.06966
-1.09388 -1.06803
-1.09373 -1.06988
-1.09212 -1.07015
-1.09315 -1.0684
-1.09128 -1.07095
-1.09372 -1.06837
-1.09285 -1.06925
-1.09284 -1.06921
-1.09563 -1.06787
-1.09396 -1.06781
-1.09507 -1.06658
-1.09686 -1.0686
-1.09232 -1.06713
-1.09392 -1.06876
-1.09386 -1.06692
-1.09249 -1.06883
-1.09214 -1.07032
-1.09438 -1.06661
-1.09084 -1.06846
-1.09158 -1.07054
-1.09035 -1.07009
-1.09395 -1.06664
-1.09 -1.0714
-1.09289 -1.06682
-1.08845 -1.0717
-1.09356 -1.06548
-1.09216 -1.06962
-1.09186 -1.06985
-1.09598 -1.06727
-1.08969 -1.06805
-1.09385 -1.0657
-1.09058 -1.07029
-1.09148 -1.06655
-1.09309 -1.06545
-1.09089 -1.07034
-1.09382 -1.06696
-1.08983 -1.06878
-1.09133 -1.06827
-1.08902 -1.0693
-1.09324 -1.06791
-1.09116 -1.06845
-1.09404 -1.06553
-1.09078 -1.0692
-1.09113 -1.06845
-1.09144 -1.06802
-1.0918 -1.06738
-1.09118 -1.06775
-1.08965 -1.06818
-1.09149 -1.06833
-1.09086 -1.06897
-1.08945 -1.06932
-1.09279 -1.06652
-1.08994 -1.06958
-1.08983 -1.06901
-1.09127 -1.06659
-1.08904 -1.07017
-1.09007 -1.06862
-1.0889 -1.06823
-1.08892 -1.06998
-1.09117 -1.06904
-1.09126 -1.06531
-1.08954 -1.06723
-1.09195 -1.06716
-1.08816 -1.06863
-1.09214 -1.06673
-1.09022 -1.06733
-1.09139 -1.06747
-1.09113 -1.06602
-1.08741 -1.06943
-1.09124 -1.06753
-1.08889 -1.06748
-1.08798 -1.06937
-1.09093 -1.067
-1.08852 -1.06899
-1.08903 -1.06855
-1.08973 -1.06671
-1.08882 -1.06957
-1.08753 -1.06698
-1.08901 -1.06602
-1.08796 -1.06779
-1.08921 -1.06695
-1.08918 -1.06734
-1.08759 -1.0686
-1.08929 -1.06607
-1.08699 -1.06843
-1.08889 -1.06831
-1.08864 -1.06681
-1.08773 -1.07006
-1.08848 -1.06563
-1.08665 -1.07138
-1.08787 -1.06525
-1.08898 -1.06818
-1.08969 -1.06397
-1.08745 -1.06748
-1.0884 -1.06658
-1.08896 -1.06797
-1.08739 -1.06826
-1.08719 -1.06604
-1.09 -1.0664
-1.08676 -1.0677
-1.08999 -1.06588
-1.08519 -1.06905
-1.08693 -1.0668
-1.08686 -1.06761
-1.08682 -1.06673
-1.08824 -1.06445
-1.08717 -1.06755
-1.08661 -1.06646
-1.0898 -1.06522
-1.08606 -1.06855
-1.09071 -1.06367
-1.08803 -1.06642
-1.08942 -1.06432
-1.08812 -1.06631
-1.08747 -1.0665
-1.0865 -1.06619
-1.08576 -1.06781
-1.08737 -1.06444
-1.08424 -1.06973
-1.08584 -1.0673
-1.08554 -1.06761
-1.08466 -1.06732
-1.08476 -1.06575
-1.08727 -1.06519
-1.08614 -1.06406
-1.08459 -1.06462
-1.08587 -1.064
-1.08369 -1.06547
-1.08753 -1.06387
-1.08361 -1.06778
-1.08474 -1.06314
-1.08393 -1.06729
-1.08534 -1.06528
-1.08542 -1.06676
-1.08577 -1.06447
-1.08235 -1.06649
-1.08524 -1.06573
-1.08252 -1.06742
-1.08525 -1.06717
-1.08379 -1.06547
-1.08439 -1.06519
-1.08515 -1.06619
-1.0855 -1.06489
-1.08535 -1.06293
-1.08487 -1.0655
-1.08702 -1.06374
-1.08665 -1.06144
-1.08634 -1.06237
-1.08488 -1.06512
-1.08576 -1.06333
-1.08691 -1.06069
-1.08417 -1.06661
-1.08544 -1.06334
-1.08584 -1.06436
-1.0835 -1.06527
-1.08343 -1.06477
-1.08258 -1.06824
-1.08589 -1.06248
-1.0828 -1.06548
-1.0837 -1.06616
-1.08451 -1.06313
-1.08425 -1.06419
-1.085 -1.06248
-1.08477 -1.06504
-1.08771 -1.062
-1.08567 -1.06318
-1.08692 -1.06208
-1.08448 -1.06271
-1.08515 -1.06343
-1.0842 -1.06469
-1.0829 -1.06466
-1.08536 -1.06368
-1.08268 -1.06289
-1.08334 -1.06486
-1.08375 -1.06527
-1.08459 -1.06304
-1.08202 -1.06618
-1.08654 -1.06227
-1.08395 -1.06448
-1.08382 -1.06504
-1.08544 -1.06319
-1.08417 -1.06336
-1.08102 -1.06351
-1.08549 -1.06355
-1.08223 -1.06463
-1.08333 -1.06475
-1.08491 -1.06144
-1.08349 -1.06506
-1.08418 -1.06204
-1.08273 -1.06298
-1.08479 -1.06277
-1.08197 -1.06172
-1.08501 -1.06261
-1.0831 -1.06294
-1.08385 -1.06362
-1.08471 -1.06227
-1.08295 -1.06203
-1.08284 -1.06415
-1.08589 -1.06105
-1.08271 -1.06369
-1.08446 -1.06039
-1.08391 -1.0629
-1.08484 -1.06374
-1.08208 -1.06251
-1.08326 -1.06109
-1.08257 -1.06455
-1.08478 -1.06035
-1.08186 -1.06326
-1.08348 -1.06195
-1.08413 -1.06353
-1.08214 -1.06539
-1.08534 -1.05993
-1.08249 -1.0623
-1.08488 -1.06504
-1.08516 -1.05934
-1.08243 -1.06299
-1.08406 -1.06122
-1.08402 -1.06335
-1.08457 -1.06168
-1.08453 -1.06212
-1.08287 -1.06261
-1.08333 -1.06274
-1.08218 -1.06279
-1.08133 -1.06393
-1.08258 -1.06217
-1.081 -1.06466
-1.0822 -1.06096
-1.08134 -1.06503
-1.08274 -1.0618
-1.08574 -1.06084
-1.07945 -1.06575
-1.08379 -1.05991
-1.08282 -1.0632
-1.08152 -1.06247
-1.08353 -1.06194
-1.07948 -1.06368
-1.08093 -1.06279
-1.08111 -1.06418
-1.07924 -1.06127
-1.08085 -1.0664
-1.08168 -1.06148
-1.08133 -1.06312
-1.08031 -1.06371
-1.08113 -1.06125
-1.08036 -1.06557
-1.08279 -1.06047
-1.08041 -1.06222
-1.0809 -1.06252
-1.08068 -1.06035
-1.08337 -1.06073
-1.07859 -1.06249
-1.08348 -1.05928
-1.08017 -1.0622
-1.08287 -1.06083
-1.08228 -1.05927
-1.07923 -1.0648
-1.0833 -1.05908
-1.07979 -1.06195
-1.0807 -1.06338
-1.08297 -1.06134
-1.08091 -1.06142
-1.08106 -1.06254
-1.08326 -1.06245
-1.08191 -1.0615
-1.08284 -1.06009
-1.07973 -1.0615
-1.08555 -1.0584
-1.08188 -1.06336
-1.08115 -1.05865
-1.08313 -1.05934
-1.08002 -1.0603
-1.08127 -1.06127
-1.08019 -1.05999
-1.07985 -1.06058
-1.08066 -1.06367
-1.08089 -1.05887
-1.07895 -1.06252
-1.07937 -1.06186
-1.07924 -1.06313
-1.07889 -1.06313
-1.07919 -1.06172
-1.08073 -1.06277
-1.07939 -1.05828
-1.07853 -1.06362
-1.08034 -1.0593
-1.07732 -1.06285
-1.08126 -1.05857
-1.07847 -1.06092
-1.08095 -1.05952
-1.07899 -1.06161
-1.0806 -1.0601
-1.07997 -1.06016
-1.07904 -1.05976
-1.0775 -1.06428
-1.08106 -1.05892
-1.07712 -1.06134
-1.07789 -1.0606
-1.08 -1.05958
-1.0776 -1.0589
-1.07732 -1.06134
-1.08045 -1.05721
-1.07788 -1.06062
-1.0775 -1.06002
-1.08035 -1.05777
-1.07607 -1.06236
-1.07793 -1.05892
-1.07983 -1.05861
-1.07593 -1.06247
-1.07895 -1.0579
-1.07764 -1.06342
-1.07948 -1.05629
-1.07781 -1.06228
-1.07834 -1.06046
-1.07872 -1.0586
-1.07804 -1.05936
-1.0788 -1.061
-1.07807 -1.05779
-1.0782 -1.0589
-1.08016 -1.0616
-1.07729 -1.05934
-1.07967 -1.05742
-1.0781 -1.06021
-1.07925 -1.05911
-1.07872 -1.05788
-1.07949 -1.05863
-1.07888 -1.06024
-1.0783 -1.05837
-1.07807 -1.06011
-1.08002 -1.06048
-1.08051 -1.05737
-1.07887 -1.06035
-1.07729 -1.05891
-1.08209 -1.05664
-1.0785 -1.05996
-1.08026 -1.05787
-1.07883 -1.05801
-1.07878 -1.05709
-1.07798 -1.0583
-1.07832 -1.05705
-1.0794 -1.05862
-1.07933 -1.05806
-1.07781 -1.05807
-1.07898 -1.0585
-1.07908 -1.05834
-1.07846 -1.05742
-1.07704 -1.06101
-1.07968 -1.05787
-1.07743 -1.05855
-1.07725 -1.05884
-1.07765 -1.0581
-1.07757 -1.05843
-1.07731 -1.05719
-1.07699 -1.05962
-1.07933 -1.05833
-1.07648 -1.05719
-1.07951 -1.05834
-1.07562 -1.05846
-1.07546 -1.0585
-1.07661 -1.05932
-1.07719 -1.05956
-1.07824 -1.05653
-1.07531 -1.06005
-1.07888 -1.0568
-1.07733 -1.05707
-1.07868 -1.05665
-1.0769 -1.05725
-1.0777 -1.05714
-1.07581 -1.05871
-1.0759 -1.05685
-1.07613 -1.05669
-1.07586 -1.05911
-1.07621 -1.05816
-1.07493 -1.05801
-1.07636 -1.05829
-1.07556 -1.05661
-1.07486 -1.05929
-1.07776 -1.05667
-1.07557 -1.05582
-1.07574 -1.05983
-1.07596 -1.056
-1.07443 -1.05671
-1.0789 -1.05629
-1.07388 -1.05833
-1.07506 -1.05847
-1.07635 -1.05767
-1.07561 -1.05826
-1.07483 -1.06043
-1.07458 -1.05756
-1.07475 -1.05852
-1.07405 -1.05959
-1.07389 -1.05796
-1.07451 -1.05887
-1.07713 -1.05456
-1.07504 -1.05914
-1.07603 -1.05665
-1.07636 -1.05915
-1.07626 -1.05858
-1.07725 -1.05682
-1.07559 -1.05743
-1.0743 -1.05849
-1.07568 -1.05739
-1.07412 -1.05778
-1.07526 -1.05867
-1.07434 -1.05794
-1.07579 -1.05873
-1.07486 -1.05852
-1.07608 -1.05579
-1.07517 -1.05832
-1.07455 -1.05636
-1.0772 -1.05668
-1.07308 -1.05662
-1.07646 -1.05749
-1.07501 -1.05735
-1.07385 -1.05653
-1.07634 -1.05695
-1.07261 -1.06009
-1.07584 -1.05614
-1.07238 -1.05919
-1.0725 -1.05996
-1.07438 -1.05665
-1.07485 -1.05635
-1.07218 -1.06111
-1.07461 -1.05519
-1.07204 -1.05951
-1.0746 -1.05605
-1.07408 -1.05808
-1.07397 -1.05764
-1.07257 -1.05854
-1.07367 -1.05922
-1.07474 -1.05657
-1.07327 -1.05811
-1.07624 -1.05659
-1.07071 -1.05758
-1.07641 -1.05832
-1.07562 -1.05711
-1.07261 -1.05509
-1.07532 -1.05706
-1.07402 -1.05534
-1.07217 -1.05958
-1.07321 -1.05488
-1.07265 -1.05873
-1.07383 -1.05756
-1.07425 -1.05618
-1.07549 -1.0559
-1.0745 -1.05688
-1.07481 -1.05608
-1.07554 -1.05595
-1.07651 -1.05468
-1.07237 -1.05738
-1.07659 -1.05473
-1.07276 -1.05737
-1.07164 -1.05752
-1.07404 -1.05709
-1.0742 -1.05694
-1.07238 -1.05801
-1.07438 -1.05565
-1.0726 -1.05667
-1.07395 -1.05644
-1.07574 -1.05351
-1.07293 -1.05571
-1.07495 -1.05504
-1.07505 -1.05631
-1.07608 -1.05157
-1.07351 -1.05688
-1.07427 -1.0566
-1.07462 -1.05534
-1.07184 -1.05849
-1.0742 -1.05677
-1.07265 -1.05906
-1.07267 -1.05452
-1.07252 -1.05949
-1.07356 -1.0545
-1.07262 -1.05879
-1.07364 -1.05425
-1.07451 -1.05645
-1.07162 -1.05795
-1.07544 -1.05456
-1.07245 -1.05522
-1.07439 -1.05684
-1.07289 -1.05572
-1.07482 -1.05577
-1.07373 -1.05667
-1.07212 -1.05741
-1.0737 -1.05384
-1.07207 -1.05752
-1.07139 -1.05515
-1.07195 -1.05754
-1.07428 -1.05267
-1.06954 -1.05774
-1.07213 -1.055
-1.0745 -1.0565
-1.07083 -1.056
-1.07333 -1.05637
-1.07216 -1.05418
-1.06892 -1.05738
-1.07376 -1.05347
-1.07062 -1.05441
-1.07134 -1.05556
-1.07158 -1.05503
-1.07027 -1.05561
-1.07266 -1.05578
-1.07115 -1.05503
-1.07013 -1.0552
-1.07069 -1.05531
-1.07184 -1.05501
-1.07254 -1.05376
-1.07064 -1.05572
-1.07111 -1.05524
-1.07113 -1.05302
-1.07078 -1.05725
-1.07 -1.05312
-1.07009 -1.05397
-1.07013 -1.05686
-1.06817 -1.05504
-1.06953 -1.05693
-1.06955 -1.05645
-1.07076 -1.05261
-1.06846 -1.05654
-1.0714 -1.0537
-1.07011 -1.05575
-1.06884 -1.05389
-1.07135 -1.05395
-1.06959 -1.05488
-1.069 -1.05461
-1.06989 -1.05595
-1.07063 -1.05213
-1.06897 -1.05554
-1.06965 -1.0532
-1.06781 -1.05564
-1.0699 -1.05361
-1.06975 -1.05403
-1.0696 -1.0551
-1.06956 -1.05478
-1.06815 -1.05608
-1.06959 -1.05545
-1.06887 -1.05416
-1.07019 -1.05641
-1.06923 -1.05337
-1.06946 -1.05612
-1.07031 -1.05619
-1.06973 -1.05358
-1.06881 -1.05457
-1.0714 -1.05434
-1.06785 -1.05438
-1.07142 -1.05426
-1.0705 -1.05528
-1.06844 -1.05519
-1.07098 -1.05169
-1.06926 -1.05388
-1.06767 -1.05526
-1.07112 -1.05311
-1.06791 -1.05499
-1.06937 -1.05585
-1.0708 -1.05264
-1.06802 -1.05421
-1.07044 -1.05282
-1.06918 -1.05225
-1.06759 -1.05579
-1.07075 -1.05185
-1.06815 -1.0546
-1.06948 -1.05581
-1.06971 -1.05106
-1.06903 -1.05391
-1.0702 -1.05422
-1.06713 -1.05428
-1.0712 -1.05047
-1.0689 -1.05403
-1.06801 -1.05287
-1.06911 -1.05444
-1.06952 -1.05054
-1.06829 -1.05193
-1.06978 -1.05084
-1.06874 -1.0522
-1.07092 -1.05189
-1.06716 -1.05338
-1.06805 -1.05298
-1.06979 -1.05009
-1.06756 -1.05464
-1.06956 -1.05234
-1.06868 -1.05034
-1.06918 -1.05131
-1.06827 -1.05229
-1.06873 -1.05158
-1.0693 -1.05037
-1.07103 -1.05152
-1.06889 -1.05036
-1.06892 -1.05233
-1.06806 -1.0498
-1.0688 -1.05018
-1.0673 -1.05249
-1.06862 -1.052
-1.06639 -1.05225
-1.06756 -1.04948
-1.06784 -1.05125
-1.06757 -1.05061
-1.06583 -1.05149
-1.06757 -1.04979
-1.06684 -1.05223
-1.06901 -1.04879
-1.06628 -1.05154
-1.06762 -1.05011
-1.06609 -1.0515
-1.06747 -1.05165
-1.06819 -1.05126
-1.06703 -1.04922
-1.06621 -1.05404
-1.0666 -1.04967
-1.0689 -1.04918
-1.06603 -1.05218
-1.06985 -1.04749
-1.0664 -1.05195
-1.06787 -1.04915
-1.06751 -1.05106
-1.06739 -1.04989
-1.06964 -1.04869
-1.06815 -1.05032
-1.06821 -1.04716
-1.0664 -1.05372
-1.06926 -1.04981
-1.06889 -1.04909
-1.06592 -1.05109
-1.06855 -1.04892
-1.06524 -1.04996
-1.06921 -1.04827
-1.06522 -1.05086
-1.06833 -1.04844
-1.06811 -1.04891
-1.0682 -1.04898
-1.06742 -1.04979
-1.06753 -1.04923
-1.06981 -1.04559
-1.06716 -1.05185
-1.06489 -1.05031
-1.06862 -1.04809
-1.0662 -1.05003
-1.06531 -1.05121
-1.06692 -1.05041
-1.06747 -1.0493
-1.06795 -1.0484
-1.06843 -1.05009
-1.06833 -1.04968
-1.07053 -1.04999
-1.06816 -1.04966
-1.06849 -1.04915
-1.06855 -1.05044
-1.06699 -1.04891
-1.06633 -1.0519
-1.06861 -1.04936
-1.06588 -1.05029
-1.06709 -1.04937
-1.068 -1.04816
-1.0669 -1.05027
-1.06907 -1.04837
-1.06641 -1.05078
-1.06871 -1.04866
-1.07022 -1.04685
-1.06733 -1.05058
-1.06858 -1.04792
-1.06682 -1.0477
-1.06663 -1.04878
-1.0665 -1.04821
-1.06646 -1.05057
-1.06558 -1.04735
-1.06708 -1.05094
-1.0641 -1.04832
-1.06599 -1.04966
-1.06754 -1.04874
-1.06532 -1.05056
-1.06695 -1.04853
-1.06575 -1.05032
-1.06713 -1.04992
-1.06614 -1.05092
-1.06794 -1.04619
-1.06577 -1.05198
-1.06551 -1.04963
-1.06678 -1.05068
-1.06467 -1.05036
-1.0675 -1.04929
-1.06632 -1.05008
-1.0654 -1.04742
-1.06484 -1.05065
-1.06422 -1.04877
-1.06469 -1.05012
-1.06678 -1.04933
-1.06485 -1.05018
-1.06567 -1.05007
-1.06751 -1.04908
-1.06624 -1.04865
-1.06659 -1.05087
-1.06585 -1.04886
-1.06612 -1.05138
-1.06647 -1.04899
-1.06458 -1.05042
-1.06653 -1.05022
-1.06648 -1.04917
-1.06529 -1.04937
-1.06539 -1.05175
-1.06458 -1.05034
-1.0662 -1.04997
-1.06562 -1.05198
-1.06456 -1.05012
-1.06711 -1.05133
-1.06526 -1.05065
-1.06391 -1.05121
-1.06625 -1.04939
-1.06371 -1.05312
-1.06484 -1.0504
-1.06664 -1.05146
-1.06336 -1.05218
-1.06808 -1.05058
-1.06575 -1.05139
-1.06713 -1.05042
-1.06643 -1.04951
-1.06705 -1.05075
-1.06561 -1.04925
-1.06475 -1.04992
-1.06602 -1.0496
-1.06773 -1.04741
-1.06513 -1.05113
-1.0666 -1.0496
-1.06699 -1.04747
-1.06492 -1.05154
-1.0675 -1.04625
-1.06709 -1.05006
-1.06471 -1.04955
-1.06531 -1.05024
-1.06452 -1.05002
-1.06576 -1.04567
-1.06415 -1.05099
-1.06642 -1.04837
-1.06676 -1.04666
-1.06466 -1.05058
-1.06754 -1.04698
-1.06539 -1.04766
-1.06453 -1.04939
-1.0668 -1.04636
-1.06411 -1.04843
-1.06469 -1.05041
-1.06633 -1.04733
-1.06448 -1.04792
-1.06496 -1.04861
-1.06782 -1.04572
-1.06468 -1.04924
-1.06563 -1.04688
-1.06575 -1.04787
-1.06623 -1.04767
-1.0657 -1.04796
-1.06643 -1.04712
-1.06278 -1.0496
-1.06775 -1.04603
-1.06401 -1.04935
-1.06502 -1.04688
-1.06527 -1.04727
-1.06437 -1.05003
-1.064 -1.04774
-1.06452 -1.04971
-1.06423 -1.04755
-1.06711 -1.04661
-1.065 -1.04784
-1.06486 -1.04792
-1.06341 -1.04912
-1.06405 -1.04667
-1.06301 -1.05003
-1.06639 -1.04589
-1.06504 -1.0476
-1.06527 -1.04803
-1.06526 -1.0465
-1.06454 -1.04841
-1.0647 -1.04624
-1.0664 -1.04746
-1.06456 -1.0458
-1.06753 -1.04572
-1.06234 -1.0475
-1.06642 -1.04455
-1.06413 -1.04615
-1.06457 -1.04639
-1.06402 -1.04611
-1.06451 -1.04692
-1.06296 -1.04837
-1.064 -1.04542
-1.06316 -1.04742
-1.06372 -1.04569
-1.06524 -1.04437
-1.06388 -1.0472
-1.06351 -1.04705
-1.06384 -1.04521
-1.06457 -1.04657
-1.06344 -1.04548
-1.06545 -1.04643
-1.06406 -1.04575
-1.06478 -1.04675
-1.0641 -1.04638
-1.0643 -1.04699
-1.0634 -1.04465
-1.06376 -1.04896
-1.06292 -1.04629
-1.0632 -1.04683
-1.06246 -1.04532
-1.06061 -1.04832
-1.06544 -1.04551
-1.06224 -1.04838
-1.06346 -1.04576
-1.06433 -1.04516
-1.06278 -1.04783
-1.06399 -1.04468
-1.06378 -1.04709
-1.06329 -1.04461
-1.06547 -1.04533
-1.06407 -1.04622
-1.0641 -1.04638
-1.06658 -1.04464
-1.06358 -1.0442
-1.06664 -1.04587
-1.06237 -1.04567
-1.06612 -1.04628
-1.06423 -1.04417
-1.06356 -1.04633
-1.06466 -1.04589
-1.06162 -1.04819
-1.06463 -1.04584
-1.06263 -1.04616
-1.06431 -1.04489
-1.06189 -1.04784
-1.06305 -1.04348
-1.06236 -1.04693
-1.06311 -1.04484
-1.06404 -1.04293
-1.06193 -1.04604
-1.06342 -1.0444
-1.06424 -1.04461
-1.06328 -1.04532
-1.06323 -1.04434
-1.06344 -1.04304
-1.0628 -1.0457
-1.06332 -1.04382
-1.06394 -1.04335
-1.06087 -1.04658
-1.06338 -1.04352
-1.06288 -1.04408
-1.0618 -1.04519
-1.06064 -1.04521
-1.06369 -1.04363
-1.05948 -1.04721
-1.06426 -1.04437
-1.06165 -1.04519
-1.06198 -1.04594
-1.06495 -1.04216
-1.0612 -1.04518
-1.06368 -1.044
-1.06423 -1.04255
-1.0617 -1.04406
-1.06238 -1.04488
-1.06193 -1.04409
-1.0634 -1.04411
-1.06097 -1.04603
-1.06214 -1.04499
-1.0585 -1.04747
-1.06263 -1.04405
-1.06013 -1.04455
-1.06193 -1.04469
-1.05781 -1.04649
-1.06232 -1.0418
-1.05868 -1.04754
-1.05933 -1.04484
-1.05965 -1.04476
-1.06063 -1.04383
-1.05932 -1.04454
-1.06171 -1.04448
-1.06299 -1.04348
-1.05817 -1.04579
-1.06066 -1.04624
-1.06252 -1.04253
-1.05996 -1.04456
-1.06004 -1.04545
-1.0612 -1.04324
-1.06164 -1.04448
-1.06238 -1.04596
-1.06003 -1.04289
-1.06233 -1.04237
-1.06152 -1.04334
-1.06079 -1.04351
-1.06272 -1.04137
-1.06185 -1.04428
-1.06157 -1.04121
-1.05918 -1.04712
-1.06166 -1.04235
-1.05986 -1.04444
-1.06091 -1.04333
-1.06027 -1.04434
-1.06048 -1.04498
-1.05871 -1.04657
-1.06319 -1.04302
-1.0621 -1.04267
-1.05831 -1.04532
-1.06456 -1.04207
-1.05988 -1.04308
-1.06045 -1.04316
-1.06193 -1.04173
-1.05956 -1.04412
-1.06189 -1.04147
-1.05893 -1.04433
-1.05925 -1.0438
-1.05879 -1.0438
-1.05842 -1.04676
-1.05865 -1.04448
-1.05918 -1.04341
-1.05908 -1.0471
-1.06053 -1.04142
-1.05753 -1.04446
-1.0623 -1.04232
-1.06025 -1.04458
-1.06481 -1.04118
-1.06021 -1.04389
-1.06081 -1.04366
-1.06296 -1.04124
-1.0591 -1.04494
-1.06016 -1.04103
-1.05851 -1.04534
-1.05794 -1.04573
-1.06135 -1.04039
-1.05741 -1.04558
-1.06007 -1.04408
-1.05951 -1.04301
-1.05986 -1.04462
-1.05903 -1.04499
-1.06089 -1.04527
-1.05935 -1.04213
-1.05801 -1.04718
-1.06047 -1.04373
-1.06059 -1.0428
-1.05943 -1.04274
-1.05984 -1.04308
-1.06129 -1.04353
-1.06038 -1.04068
-1.06013 -1.04427
-1.06059 -1.04371
-1.05765 -1.04502
-1.0604 -1.04035
-1.05941 -1.0439
-1.06004 -1.04425
-1.06224 -1.03987
-1.06019 -1.04196
-1.06086 -1.04151
-1.06181 -1.03993
-1.06079 -1.04215
-1.06214 -1.03985
-1.06008 -1.0432
-1.06385 -1.04043
-1.06027 -1.04118
-1.05927 -1.04132
-1.05991 -1.04215
-1.05936 -1.04304
-1.05918 -1.04243
-1.05893 -1.04139
-1.05892 -1.0434
-1.06201 -1.04067
-1.05794 -1.04229
-1.06096 -1.03951
-1.05992 -1.04165
-1.05979 -1.04097
-1.05981 -1.04306
-1.0588 -1.03986
-1.05861 -1.0423
-1.05827 -1.04162
-1.05978 -1.04197
-1.05923 -1.04171
-1.05922 -1.04182
-1.05784 -1.04135
-1.0606 -1.0417
-1.05993 -1.03931
-1.05803 -1.04318
-1.06076 -1.03707
-1.05708 -1.04222
-1.06011 -1.04092
-1.0578 -1.04023
-1.061 -1.03881
-1.05805 -1.03905
-1.05911 -1.04042
-1.05887 -1.04063
-1.06006 -1.03816
-1.05688 -1.04083
-1.05953 -1.03928
-1.05912 -1.04138
-1.05752 -1.03838
-1.06014 -1.03998
-1.05834 -1.03936
-1.05751 -1.04095
-1.05768 -1.03678
-1.05685 -1.03941
-1.05705 -1.03963
-1.05746 -1.03915
-1.05727 -1.0384
-1.05823 -1.03783
-1.05768 -1.0385
-1.05776 -1.0411
-1.05825 -1.03675
-1.05811 -1.03969
-1.05819 -1.03992
-1.05779 -1.03687
-1.0567 -1.04009
-1.05756 -1.04084
-1.05386 -1.04043
-1.05595 -1.03953
-1.05739 -1.0404
-1.05637 -1.03897
-1.05656 -1.03922
-1.05682 -1.04083
-1.05882 -1.03962
-1.05715 -1.03865
-1.05675 -1.03931
-1.05798 -1.03867
-1.05629 -1.03844
-1.05728 -1.03977
-1.06044 -1.03625
-1.0566 -1.04201
-1.05804 -1.03636
-1.05789 -1.04101
-1.05736 -1.03803
-1.05776 -1.03825
-1.05707 -1.04043
-1.06074 -1.03656
-1.05814 -1.04061
-1.05687 -1.03693
-1.05784 -1.04088
-1.05714 -1.0384
-1.05724 -1.03794
-1.05802 -1.03748
-1.05641 -1.03965
-1.05576 -1.03903
-1.05782 -1.03875
-1.05567 -1.03838
-1.0565 -1.0379
-1.05667 -1.03823
-1.05786 -1.03735
-1.05518 -1.03861
-1.05699 -1.03835
-1.05625 -1.03844
-1.05462 -1.03855
-1.05754 -1.0377
-1.05445 -1.03945
-1.05647 -1.03928
-1.0567 -1.03746
-1.05525 -1.03903
-1.05425 -1.03966
-1.05743 -1.03686
-1.0532 -1.04015
-1.05726 -1.03778
-1.05606 -1.037
-1.05596 -1.03912
-1.05721 -1.03706
-1.05655 -1.03722
-1.0548 -1.03706
-1.05676 -1.03687
-1.05466 -1.04164
-1.05717 -1.0353
-1.0538 -1.03865
-1.05661 -1.03676
-1.05436 -1.03794
-1.05517 -1.03748
-1.05441 -1.03807
-1.05506 -1.03912
-1.05416 -1.03758
-1.05542 -1.03804
-1.05536 -1.03639
-1.05566 -1.03627
-1.05407 -1.03899
-1.05637 -1.03702
-1.05525 -1.03769
-1.05416 -1.03605
-1.05417 -1.04085
-1.05465 -1.03603
-1.05305 -1.03865
-1.05647 -1.03701
-1.05445 -1.0379
-1.05454 -1.03724
-1.05456 -1.03705
-1.05419 -1.03803
-1.05419 -1.03598
-1.05378 -1.03829
-1.05457 -1.03702
-1.05364 -1.03771
-1.0543 -1.03608
-1.05372 -1.03633
-1.05297 -1.03841
-1.05785 -1.03415
-1.05045 -1.0391
-1.05532 -1.03623
-1.05344 -1.03759
-1.05465 -1.03635
-1.05345 -1.0374
-1.05399 -1.03846
-1.05473 -1.03565
-1.05225 -1.03805
-1.05374 -1.03663
-1.05285 -1.03913
-1.05362 -1.03611
-1.05534 -1.0361
-1.05211 -1.03801
-1.05433 -1.03671
-1.05295 -1.03792
-1.05306 -1.03747
-1.05307 -1.03728
-1.05448 -1.03618
-1.05219 -1.03717
-1.05458 -1.03686
-1.05112 -1.03758
-1.0519 -1.03679
-1.05266 -1.03839
-1.05074 -1.03884
-1.05128 -1.03659
-1.05151 -1.04116
-1.05403 -1.03594
-1.05304 -1.03645
-1.05249 -1.03898
-1.05696 -1.03414
-1.05503 -1.03441
-1.05428 -1.03592
-1.05617 -1.03474
-1.05499 -1.03486
-1.0539 -1.03694
-1.05512 -1.03314
-1.05396 -1.03451
-1.0521 -1.03804
-1.05475 -1.03387
-1.0512 -1.03935
-1.05075 -1.03768
-1.05161 -1.0372
-1.05005 -1.03868
-1.05102 -1.03692
-1.05053 -1.03869
-1.05156 -1.03681
-1.04894 -1.03862
-1.05208 -1.03725
-1.05294 -1.03712
-1.05339 -1.03687
-1.0513 -1.03439
-1.05353 -1.03473
-1.05395 -1.03607
-1.05215 -1.03521
-1.05088 -1.037
-1.05277 -1.03708
-1.05227 -1.0357
-1.05099 -1.03635
-1.05155 -1.03565
-1.05073 -1.03718
-1.05212 -1.03625
-1.05093 -1.0358
-1.05037 -1.03906
-1.05143 -1.03512
-1.04938 -1.03895
-1.05126 -1.03502
-1.05084 -1.03933
-1.05238 -1.03301
-1.05031 -1.03783
-1.05156 -1.03672
-1.05253 -1.03195
-1.04955 -1.0388
-1.05305 -1.0355
-1.05082 -1.03593
-1.0514 -1.03591
-1.0498 -1.03561
-1.05064 -1.0359
-1.05122 -1.03716
-1.04843 -1.03654
-1.0512 -1.03586
-1.04898 -1.03985
-1.05132 -1.03603
-1.05079 -1.03575
-1.05007 -1.03589
-1.05093 -1.03523
-1.05005 -1.03504
-1.05104 -1.03621
-1.05098 -1.03593
-1.05109 -1.0362
-1.05032 -1.035
-1.05232 -1.03458
-1.05121 -1.0367
-1.05235 -1.03551
-1.05258 -1.03762
-1.05256 -1.0346
-1.05063 -1.03541
-1.0543 -1.0333
-1.05149 -1.03477
-1.05199 -1.03418
-1.0516 -1.03463
-1.05129 -1.03359
-1.05255 -1.0332
-1.05154 -1.03512
-1.05355 -1.03067
-1.05092 -1.03343
-1.05274 -1.0352
-1.05267 -1.03009
-1.05249 -1.03441
-1.0497 -1.03499
-1.05394 -1.03276
-1.05104 -1.034
-1.05107 -1.03518
-1.05288 -1.03164
-1.05018 -1.03448
-1.05109 -1.03594
-1.05333 -1.03176
-1.04972 -1.03712
-1.05054 -1.03427
-1.05214 -1.03458
-1.05256 -1.0335
-1.05019 -1.03488
-1.05025 -1.03379
-1.05049 -1.03362
-1.04973 -1.03463
-1.05205 -1.03475
-1.05194 -1.03343
-1.05161 -1.03376
-1.05089 -1.03457
-1.05031 -1.03643
-1.05168 -1.03226
-1.05112 -1.03401
-1.05043 -1.0369
-1.05069 -1.03497
-1.05162 -1.03364
-1.0511 -1.03663
-1.05051 -1.03347
-1.05216 -1.03459
-1.05028 -1.03571
-1.05242 -1.03443
-1.05104 -1.03328
-1.05224 -1.03482
-1.04968 -1.03567
-1.05092 -1.03641
-1.05094 -1.03435
-1.04971 -1.03645
-1.05137 -1.03462
-1.04866 -1.03557
-1.05138 -1.03458
-1.05105 -1.03473
-1.05051 -1.03512
-1.05121 -1.03468
-1.05074 -1.03389
-1.05003 -1.03662
-1.0496 -1.03438
-1.04776 -1.0365
-1.04968 -1.03577
-1.04961 -1.03487
-1.04805 -1.03749
-1.05058 -1.034
-1.04679 -1.03758
-1.05092 -1.03503
-1.04713 -1.03715
-1.04984 -1.03566
-1.0495 -1.03589
-1.04915 -1.03706
-1.0505 -1.0362
-1.04991 -1.03514
-1.04925 -1.03524
-1.04856 -1.0397
-1.04972 -1.03252
-1.0474 -1.03955
-1.04967 -1.03463
-1.04914 -1.03597
-1.04603 -1.04013
-1.05014 -1.03195
-1.04865 -1.03735
-1.04895 -1.03719
-1.04891 -1.03458
-1.04939 -1.0349
-1.04911 -1.03537
-1.04724 -1.03763
-1.05006 -1.03441
-1.05028 -1.03563
-1.04899 -1.03597
-1.0489 -1.03515
-1.04793 -1.03521
-1.04703 -1.03676
-1.04963 -1.03511
-1.04719 -1.03725
-1.04752 -1.03605
-1.04725 -1.03487
-1.04707 -1.03761
-1.04807 -1.03511
-1.04805 -1.03581
-1.04933 -1.03468
-1.04823 -1.03395
-1.04593 -1.03636
-1.04998 -1.03199
-1.04951 -1.03455
-1.04538 -1.03733
-1.04904 -1.03132
-1.05034 -1.03459
-1.04643 -1.03509
-1.04957 -1.03367
-1.04897 -1.03395
-1.04806 -1.03662
-1.05007 -1.03106
-1.04808 -1.03585
-1.05049 -1.03252
-1.04919 -1.03396
-1.04756 -1.03323
-1.04946 -1.03388
-1.04709 -1.03493
-1.0484 -1.03179
-1.04926 -1.03376
-1.04511 -1.03468
-1.04785 -1.03251
-1.04822 -1.03312
-1.04757 -1.03444
-1.04771 -1.03445
-1.04884 -1.03442
-1.04704 -1.03415
-1.04848 -1.03348
-1.04909 -1.03265
-1.04747 -1.03308
-1.04594 -1.0351
-1.04763 -1.03237
-1.04696 -1.03566
-1.04885 -1.03362
-1.04781 -1.03236
-1.04792 -1.03329
-1.04844 -1.03289
-1.04745 -1.03256
-1.04871 -1.03342
-1.04735 -1.03211
-1.04642 -1.03195
-1.04797 -1.03212
-1.04664 -1.03402
-1.04681 -1.03138
-1.04768 -1.03224
-1.0446 -1.03612
-1.04655 -1.03349
-1.04585 -1.03358
-1.04684 -1.0312
-1.04627 -1.03609
-1.04848 -1.03042
-1.04668 -1.03284
-1.0479 -1.03271
-1.04681 -1.033
-1.04709 -1.03158
-1.04857 -1.03263
-1.04877 -1.03212
-1.04659 -1.03259
-1.04838 -1.03378
-1.0486 -1.02884
-1.0456 -1.03459
-1.04746 -1.03187
-1.04688 -1.03242
-1.048 -1.03247
-1.04654 -1.0321
-1.04635 -1.03264
-1.04659 -1.03349
-1.04923 -1.03061
-1.04494 -1.03326
-1.04897 -1.03155
-1.04665 -1.033
-1.04702 -1.03254
-1.04756 -1.03265
-1.04569 -1.03412
-1.04549 -1.03442
-1.04484 -1.03461
-1.047 -1.03278
-1.04659 -1.03408
-1.04691 -1.03425
-1.04928 -1.03209
-1.04833 -1.03411
-1.04769 -1.03284
-1.04708 -1.03329
-1.0505 -1.02914
-1.0459 -1.03389
-1.04931 -1.02998
-1.04694 -1.03254
-1.04611 -1.03296
-1.04757 -1.03102
-1.04623 -1.0304
-1.04479 -1.0334
-1.04563 -1.03511
-1.0485 -1.02949
-1.04471 -1.03392
-1.04837 -1.03032
-1.04268 -1.03402
-1.0479 -1.03071
-1.04455 -1.0344
-1.04562 -1.03265
-1.04692 -1.03097
-1.04459 -1.03244
-1.04576 -1.02925
-1.04352 -1.03546
-1.0451 -1.03039
-1.04448 -1.0312
-1.04278 -1.03319
-1.04611 -1.03126
-1.0446 -1.03035
-1.04526 -1.03228
-1.04551 -1.03014
-1.04531 -1.03155
-1.04407 -1.0331
-1.04735 -1.03109
-1.04515 -1.03043
-1.04461 -1.03297
-1.04375 -1.03448
-1.04632 -1.02941
-1.04465 -1.03182
-1.04398 -1.03363
-1.04498 -1.0325
-1.04421 -1.03183
-1.0462 -1.03262
-1.04383 -1.03274
-1.04571 -1.03121
-1.04381 -1.03317
-1.04473 -1.03372
-1.04406 -1.03102
-1.04483 -1.03281
-1.04306 -1.03362
-1.0426 -1.03151
-1.04474 -1.03289
-1.04428 -1.0307
-1.04397 -1.03257
-1.04357 -1.03097
-1.04449 -1.03444
-1.04464 -1.02914
-1.0449 -1.03152
-1.04431 -1.03116
-1.0439 -1.03081
-1.04533 -1.03192
-1.04591 -1.02987
-1.04445 -1.03154
-1.04442 -1.0324
-1.04369 -1.03029
-1.04666 -1.02984
-1.04148 -1.03527
-1.04478 -1.02932
-1.04465 -1.03309
-1.04399 -1.0303
-1.04504 -1.03001
-1.04416 -1.03081
-1.04388 -1.03186
-1.04612 -1.02815
-1.04358 -1.03181
-1.0464 -1.02806
-1.04561 -1.02968
-1.04616 -1.02976
-1.04626 -1.02843
-1.0458 -1.03123
-1.04562 -1.02869
-1.04603 -1.03089
-1.045 -1.03261
-1.04675 -1.02736
-1.04574 -1.03275
-1.04536 -1.02916
-1.04424 -1.03136
-1.04665 -1.02903
-1.04256 -1.03104
-1.04477 -1.03111
-1.04498 -1.0305
-1.04555 -1.02877
-1.04592 -1.02934
-1.04323 -1.03103
-1.04389 -1.02989
-1.0479 -1.02803
-1.04489 -1.03002
-1.04564 -1.02909
-1.04837 -1.02688
-1.04646 -1.02837
-1.04468 -1.02918
-1.04728 -1.02785
-1.04384 -1.02916
-1.0475 -1.02879
-1.04574 -1.02917
-1.04611 -1.02724
-1.04365 -1.02865
-1.04535 -1.02882
-1.04285 -1.02914
-1.04462 -1.0274
-1.04651 -1.02764
-1.04298 -1.02887
-1.04561 -1.02566
-1.04583 -1.02872
-1.04419 -1.02805
-1.04431 -1.02833
-1.04332 -1.02666
-1.04331 -1.0299
-1.04447 -1.02705
-1.0431 -1.02933
-1.04649 -1.02574
-1.04166 -1.03091
-1.04544 -1.02738
-1.04597 -1.02685
-1.04323 -1.02846
-1.04469 -1.02754
-1.04606 -1.02687
-1.04359 -1.02801
-1.04679 -1.026
-1.04562 -1.02641
-1.04461 -1.02684
-1.04578 -1.02675
-1.04547 -1.027
-1.04275 -1.02986
-1.0458 -1.02684
-1.04312 -1.02812
-1.04442 -1.0296
-1.04509 -1.02648
-1.04347 -1.02717
-1.0443 -1.02718
-1.04445 -1.02851
-1.04468 -1.02527
-1.04389 -1.02728
-1.04472 -1.02691
-1.04484 -1.02543
-1.04321 -1.02753
-1.04423 -1.02551
-1.0424 -1.02674
-1.04477 -1.02632
-1.04339 -1.02723
-1.04231 -1.02525
-1.0451 -1.02478
-1.04461 -1.02632
-1.04528 -1.0237
-1.04208 -1.02846
-1.04536 -1.02421
-1.04329 -1.02714
-1.04313 -1.02622
-1.04442 -1.02761
-1.04021 -1.02709
-1.04505 -1.02579
-1.04253 -1.02666
-1.04125 -1.02491
-1.04174 -1.02688
-1.04397 -1.02537
-1.0438 -1.02599
-1.04325 -1.02461
-1.04354 -1.02529
-1.04359 -1.02544
-1.0433 -1.02611
-1.04334 -1.02582
-1.0427 -1.02348
-1.04182 -1.02805
-1.04349 -1.02542
-1.04216 -1.02567
-1.04072 -1.02743
-1.04326 -1.02664
-1.0434 -1.02537
-1.04176 -1.0258
-1.04385 -1.02477
-1.04304 -1.02569
-1.04218 -1.02618
-1.04233 -1.02506
-1.04184 -1.0264
-1.0421 -1.02383
-1.04182 -1.02636
-1.04471 -1.0247
-1.04224 -1.02601
-1.04205 -1.02485
-1.04299 -1.02552
-1.04148 -1.02718
-1.04403 -1.02303
-1.04084 -1.02734
-1.04258 -1.02542
-1.04063 -1.02779
-1.0432 -1.02449
-1.04061 -1.02648
-1.04393 -1.02368
-1.03917 -1.02814
-1.04315 -1.02552
-1.03984 -1.02605
-1.0416 -1.02488
-1.03982 -1.02679
-1.04224 -1.02548
-1.03982 -1.02768
-1.0405 -1.02683
-1.0435 -1.02564
-1.04009 -1.02596
-1.04 -1.02858
-1.04329 -1.02532
-1.03994 -1.02655
-1.04213 -1.02538
-1.04087 -1.027
-1.04179 -1.02401
-1.03989 -1.02722
-1.04144 -1.02444
-1.04217 -1.02531
-1.04035 -1.02739
-1.04022 -1.02544
-1.04049 -1.02579
-1.03914 -1.02498
-1.04069 -1.02595
-1.03895 -1.02705
-1.04144 -1.02442
-1.04077 -1.02507
-1.03956 -1.02815
-1.04086 -1.02392
-1.04173 -1.0267
-1.03915 -1.02469
-1.04142 -1.02427
-1.04285 -1.02402
-1.04087 -1.02331
-1.04064 -1.02526
-1.04098 -1.02442
-1.04376 -1.02247
-1.0395 -1.02418
-1.04092 -1.02575
-1.04237 -1.02172
-1.03906 -1.02592
-1.0416 -1.02409
-1.03991 -1.02579
-1.04355 -1.02105
-1.0381 -1.02593
-1.04396 -1.0246
-1.04103 -1.02363
-1.04109 -1.02394
-1.03974 -1.02634
-1.04066 -1.02357
-1.04116 -1.02536
-1.04172 -1.02542
-1.04184 -1.0232
-1.0422 -1.02291
-1.03939 -1.02457
-1.04312 -1.02146
-1.04017 -1.02589
-1.04182 -1.0233
-1.04279 -1.02335
-1.03969 -1.02636
-1.04139 -1.02187
-1.04206 -1.02387
-1.03967 -1.02474
-1.042 -1.0226
-1.04073 -1.02263
-1.04211 -1.02392
-1.04074 -1.02432
-1.04116 -1.02204
-1.04053 -1.02456
-1.04261 -1.021
-1.04019 -1.02523
-1.04242 -1.02189
-1.03971 -1.02275
-1.04307 -1.01982
-1.04169 -1.02384
-1.04042 -1.02171
-1.04009 -1.0242
-1.04087 -1.02166
-1.04218 -1.02136
-1.04017 -1.02435
-1.0409 -1.02103
-1.04076 -1.02249
-1.04235 -1.02277
-1.03985 -1.02266
-1.04029 -1.02283
-1.04186 -1.02251
-1.04105 -1.0222
-1.04145 -1.02312
-1.04048 -1.02092
-1.0422 -1.02218
-1.04105 -1.02089
-1.04033 -1.02177
-1.04174 -1.02096
-1.04105 -1.02288
-1.039 -1.02174
-1.04238 -1.02082
-1.03921 -1.02149
-1.04007 -1.0223
-1.04178 -1.02073
-1.04051 -1.02117
-1.03877 -1.02037
-1.0402 -1.02144
-1.04002 -1.02167
-1.03971 -1.02125
-1.03989 -1.02018
-1.04067 -1.02143
-1.04044 -1.02044
-1.03915 -1.02033
-1.04022 -1.02415
-1.0414 -1.01879
-1.03851 -1.02238
-1.03963 -1.02145
-1.03941 -1.01921
-1.0392 -1.02195
-1.04038 -1.01997
-1.03872 -1.02129
-1.04004 -1.02019
-1.04113 -1.01995
-1.04245 -1.0201
-1.03958 -1.02145
-1.04018 -1.0203
-1.03885 -1.02086
-1.03813 -1.0236
-1.03946 -1.01894
-1.03939 -1.02219
-1.04032 -1.02106
-1.03825 -1.02205
-1.04037 -1.02177
-1.03874 -1.02132
-1.03896 -1.02228
-1.04213 -1.01942
-1.03933 -1.02152
-1.03895 -1.02029
-1.04026 -1.02187
-1.04021 -1.0197
-1.04014 -1.02109
-1.03761 -1.02331
-1.04039 -1.01998
-1.03744 -1.02149
-1.03767 -1.02249
-1.03965 -1.0208
-1.03827 -1.02193
-1.03792 -1.02136
-1.03833 -1.02241
-1.03886 -1.01911
-1.03818 -1.02207
-1.03805 -1.02212
-1.03683 -1.0238
-1.03748 -1.02106
-1.03943 -1.02043
-1.03443 -1.02496
-1.03922 -1.01946
-1.03637 -1.02567
-1.03663 -1.02099
-1.03697 -1.02476
-1.03681 -1.02348
-1.03755 -1.02208
-1.03724 -1.02209
-1.03647 -1.02379
-1.0369 -1.02268
-1.03679 -1.02075
-1.03602 -1.02438
-1.03834 -1.02187
-1.03595 -1.02221
-1.03523 -1.0255
-1.03891 -1.02076
-1.0328 -1.02536
-1.03732 -1.02244
-1.03741 -1.0223
-1.03502 -1.02402
-1.03499 -1.0228
-1.03665 -1.02253
-1.03452 -1.02348
-1.03396 -1.02443
-1.0366 -1.02276
-1.03408 -1.02314
-1.03326 -1.02459
-1.03411 -1.02288
-1.03494 -1.02311
-1.03362 -1.02294
-1.03401 -1.02345
-1.03315 -1.02501
-1.03606 -1.02096
-1.03439 -1.02362
-1.03304 -1.0251
-1.03586 -1.02246
-1.03316 -1.02367
-1.03633 -1.02217
-1.03059 -1.02703
-1.03423 -1.02265
-1.03162 -1.02484
