0 0
-0.0871626 -0.0820383
-0.171547 -0.161741
-0.252812 -0.238541
-0.33124 -0.313249
-0.406599 -0.385136
-0.478891 -0.454507
-0.548497 -0.521038
-0.615252 -0.585806
-0.678206 -0.646113
-0.737534 -0.706727
-0.79561 -0.762383
-0.849137 -0.815959
-0.900635 -0.865709
-0.947283 -0.91414
-0.991438 -0.960941
-1.0333 -1.00344
-1.07011 -1.04309
-1.1045 -1.08085
-1.1365 -1.11638
-1.15991 -1.15075
-1.18504 -1.17754
-1.20584 -1.20874
-1.22211 -1.23273
-1.23703 -1.25808
-1.2497 -1.27813
-1.26301 -1.29841
-1.26974 -1.3161
-1.27674 -1.33222
-1.28122 -1.34781
-1.2882 -1.35914
-1.28588 -1.36489
-1.28765 -1.36266
-1.28783 -1.36028
-1.28929 -1.36056
-1.28531 -1.36083
-1.28911 -1.36074
-1.2867 -1.36031
-1.28622 -1.36007
-1.28721 -1.35919
-1.29034 -1.36128
-1.28465 -1.35993
-1.28759 -1.35889
-1.28617 -1.35973
-1.28504 -1.35911
-1.28691 -1.35782
-1.28543 -1.3598
-1.28698 -1.35938
-1.28382 -1.35838
-1.28463 -1.36123
-1.28545 -1.35937
-1.28639 -1.35901
-1.285 -1.35934
-1.28485 -1.35984
-1.28636 -1.35619
-1.2841 -1.36023
-1.28605 -1.35739
-1.28547 -1.35915
-1.28769 -1.35601
-1.28807 -1.36006
-1.28666 -1.35549
-1.28502 -1.35882
-1.28822 -1.35725
-1.28681 -1.3576
-1.28642 -1.35625
-1.28599 -1.35762
-1.28842 -1.35487
-1.28287 -1.36145
-1.28776 -1.35761
-1.28253 -1.35722
-1.28875 -1.35753
-1.28441 -1.35435
-1.28345 -1.35921
-1.28342 -1.35483
-1.28562 -1.36009
-1.28509 -1.35598
-1.28324 -1.35951
-1.28319 -1.35399
-1.28296 -1.35558
-1.2828 -1.3588
-1.28141 -1.35609
-1.28196 -1.35671
-1.28388 -1.35646
-1.28429 -1.35207
-1.28092 -1.35714
-1.28259 -1.35623
-1.28353 -1.35309
-1.28301 -1.35785
-1.28444 -1.35411
-1.28202 -1.35298
-1.28216 -1.3561
-1.28333 -1.35417
-1.28197 -1.35245
-1.28269 -1.35584
-1.28214 -1.35193
-1.28046 -1.35493
-1.28196 -1.35278
-1.2795 -1.35636
-1.28163 -1.35237
-1.28108 -1.35395
-1.27974 -1.35725
-1.28095 -1.35592
-1.27945 -1.35457
-1.27985 -1.35328
-1.28222 -1.35365
-1.2791 -1.35474
-1.28289 -1.35374
-1.28257 -1.35617
-1.28261 -1.35324
-1.27865 -1.35699
-1.28355 -1.35591
-1.27948 -1.35689
-1.28333 -1.3548
-1.28004 -1.35646
-1.28182 -1.35179
-1.2817 -1.35542
-1.28135 -1.35194
-1.27883 -1.35599
-1.28528 -1.35184
-1.28361 -1.3547
-1.28273 -1.35517
-1.28424 -1.35067
-1.28213 -1.35454
-1.2817 -1.3546
-1.28527 -1.35217
-1.28401 -1.35475
-1.2831 -1.35018
-1.28484 -1.35175
-1.28495 -1.35544
-1.28191 -1.35247
-1.28214 -1.35619
-1.28286 -1.35343
-1.28267 -1.35425
-1.28168 -1.35268
-1.28227 -1.35158
-1.28074 -1.35171
-1.28357 -1.35392
-1.2801 -1.35254
-1.28136 -1.35361
-1.28227 -1.34915
-1.2821 -1.3537
-1.28191 -1.35136
-1.28129 -1.35329
-1.28241 -1.35238
-1.2803 -1.35344
-1.28174 -1.35106
-1.28225 -1.35267
-1.28102 -1.3513
-1.28235 -1.35363
-1.28038 -1.35062
-1.28089 -1.3521
-1.27978 -1.35195
-1.28182 -1.35273
-1.28095 -1.3496
-1.28168 -1.35406
-1.27971 -1.35359
-1.28311 -1.35238
-1.28033 -1.3512
-1.28051 -1.35373
-1.28081 -1.35234
-1.27997 -1.35499
-1.28481 -1.34865
-1.27898 -1.35471
-1.27984 -1.35234
-1.28443 -1.35218
-1.28004 -1.35429
-1.28356 -1.35138
-1.27935 -1.35328
-1.28227 -1.35137
-1.2796 -1.35501
-1.28096 -1.35159
-1.28171 -1.35374
-1.28327 -1.35039
-1.27794 -1.3509
-1.27941 -1.35139
-1.28263 -1.35208
-1.27972 -1.3512
-1.28268 -1.3485
-1.27875 -1.35152
-1.28303 -1.35241
-1.27936 -1.35054
-1.2816 -1.35119
-1.27928 -1.35099
-1.28213 -1.35166
-1.27936 -1.35144
-1.2792 -1.3511
-1.28099 -1.35193
-1.27966 -1.35086
-1.28059 -1.35125
-1.2815 -1.35099
-1.27888 -1.35149
-1.28219 -1.34857
-1.27863 -1.35231
-1.27866 -1.3503
-1.28119 -1.35249
-1.28338 -1.3478
-1.28216 -1.34688
-1.28221 -1.34961
-1.28168 -1.34873
-1.27815 -1.34856
-1.28049 -1.34969
-1.28144 -1.34919
-1.28379 -1.3447
-1.27854 -1.34974
-1.27919 -1.3481
-1.28425 -1.34442
-1.27679 -1.34794
-1.28232 -1.34581
-1.27931 -1.34815
-1.28192 -1.35054
-1.2818 -1.34559
-1.28088 -1.34735
-1.27956 -1.34836
-1.28085 -1.34813
-1.28122 -1.34642
-1.27981 -1.3452
-1.2811 -1.34453
-1.28183 -1.34731
-1.28112 -1.34436
-1.27996 -1.34509
-1.28099 -1.34628
-1.28154 -1.34626
-1.27888 -1.34461
-1.28374 -1.34401
-1.27909 -1.34625
-1.28175 -1.34685
-1.28014 -1.34732
-1.27711 -1.3454
-1.283 -1.34351
-1.28003 -1.34706
-1.27997 -1.34506
-1.2799 -1.34356
-1.27891 -1.34802
-1.28369 -1.34398
-1.28328 -1.34495
-1.28021 -1.34333
-1.28025 -1.3444
-1.28081 -1.34427
-1.28067 -1.34351
-1.28014 -1.34222
-1.28094 -1.34848
-1.28223 -1.3412
-1.2817 -1.34416
-1.28315 -1.34269
-1.28075 -1.34457
-1.28117 -1.34192
-1.28329 -1.34634
-1.281 -1.34362
-1.28066 -1.34566
-1.28401 -1.34357
-1.28052 -1.34535
-1.27983 -1.34377
-1.2809 -1.34668
-1.28206 -1.34493
-1.28104 -1.34276
-1.27765 -1.34638
-1.28327 -1.34199
-1.28136 -1.34542
-1.28192 -1.34252
-1.28011 -1.34102
-1.28349 -1.34568
-1.28037 -1.34368
-1.27985 -1.34158
-1.28281 -1.3441
-1.28098 -1.34414
-1.27986 -1.34398
-1.28069 -1.34357
-1.28372 -1.33956
-1.27712 -1.34481
-1.28021 -1.34229
-1.27853 -1.34136
-1.2784 -1.34394
-1.27979 -1.33966
-1.27921 -1.34403
-1.28001 -1.34031
-1.28028 -1.34163
-1.27805 -1.34315
-1.2809 -1.34177
-1.27857 -1.34157
-1.2784 -1.34204
-1.27858 -1.33896
-1.27821 -1.34518
-1.28069 -1.33943
-1.27599 -1.34454
-1.27849 -1.34302
-1.27994 -1.33945
-1.27835 -1.34447
-1.27832 -1.34479
-1.2825 -1.34167
-1.27677 -1.3442
-1.2798 -1.34132
-1.27777 -1.34121
-1.27602 -1.34379
-1.27949 -1.34008
-1.27577 -1.34499
-1.27985 -1.34157
-1.27801 -1.34471
-1.27747 -1.3425
-1.27748 -1.34438
-1.27761 -1.3411
-1.27591 -1.34175
-1.27971 -1.34482
-1.27586 -1.34535
-1.278 -1.33964
-1.27892 -1.34235
-1.27547 -1.34041
-1.27573 -1.34385
-1.27955 -1.33947
-1.27748 -1.33865
-1.27587 -1.34475
-1.27743 -1.34181
-1.27588 -1.34122
-1.27743 -1.34235
-1.27688 -1.34222
-1.28023 -1.34269
-1.27693 -1.34296
-1.27663 -1.34305
-1.27994 -1.34126
-1.2769 -1.34043
-1.27775 -1.34338
-1.27623 -1.34042
-1.27611 -1.34084
-1.27767 -1.33805
-1.27839 -1.33934
-1.27725 -1.34147
-1.27733 -1.33616
-1.27541 -1.34506
-1.27638 -1.33921
-1.27522 -1.34261
-1.27475 -1.34164
-1.2778 -1.34489
-1.27402 -1.33776
-1.27597 -1.34563
-1.27506 -1.34215
-1.27723 -1.34226
-1.27814 -1.34087
-1.27638 -1.3413
-1.27785 -1.33975
-1.2762 -1.34219
-1.27779 -1.33761
-1.27742 -1.339
-1.27839 -1.34117
-1.27998 -1.34121
-1.27792 -1.33841
-1.27766 -1.33953
-1.27972 -1.33904
-1.27846 -1.34271
-1.28249 -1.34039
-1.27775 -1.33818
-1.27881 -1.34241
-1.27621 -1.34202
-1.28065 -1.33867
-1.27563 -1.34022
-1.2778 -1.34158
-1.27629 -1.34011
-1.27803 -1.3419
-1.27985 -1.33925
-1.27621 -1.33849
-1.27814 -1.33903
-1.27878 -1.33775
-1.27846 -1.33672
-1.28001 -1.33736
-1.27593 -1.33837
-1.27995 -1.33767
-1.27883 -1.33961
-1.27712 -1.33535
-1.27824 -1.33923
-1.27723 -1.34029
-1.2767 -1.33464
-1.27961 -1.33507
-1.2751 -1.34104
-1.27704 -1.33406
-1.27958 -1.33616
-1.2789 -1.3376
-1.27865 -1.33891
-1.27875 -1.33425
-1.2786 -1.3406
-1.27846 -1.3364
-1.28149 -1.33754
-1.2785 -1.33906
-1.27901 -1.33554
-1.27943 -1.33885
-1.27951 -1.33339
-1.27966 -1.33599
-1.2783 -1.33588
-1.28002 -1.33466
-1.27895 -1.33693
-1.27811 -1.34021
-1.27587 -1.33573
-1.27741 -1.33721
-1.27771 -1.33559
-1.27757 -1.33942
-1.2753 -1.33747
-1.27615 -1.33756
-1.27848 -1.33673
-1.27422 -1.33749
-1.27785 -1.33638
-1.27484 -1.33785
-1.2777 -1.33476
-1.27582 -1.33751
-1.27888 -1.33542
-1.27346 -1.34
-1.27715 -1.33585
-1.27646 -1.33663
-1.27689 -1.33715
-1.27398 -1.34055
-1.2805 -1.33429
-1.27426 -1.33662
-1.28141 -1.33645
-1.27759 -1.33527
-1.27537 -1.33686
-1.2776 -1.33646
-1.27768 -1.33521
-1.27376 -1.33944
-1.27723 -1.33639
-1.27577 -1.33618
-1.2772 -1.33838
-1.27575 -1.33321
-1.27598 -1.3392
-1.27468 -1.33751
-1.27976 -1.33198
-1.27338 -1.33958
-1.27943 -1.33319
-1.27515 -1.33662
-1.27461 -1.33675
-1.27911 -1.33289
-1.2765 -1.33681
-1.27941 -1.33277
-1.27716 -1.3351
-1.27541 -1.33614
-1.27987 -1.33465
-1.27514 -1.33516
-1.27792 -1.3376
-1.27633 -1.33615
-1.27199 -1.33889
-1.27783 -1.33578
-1.27426 -1.33659
-1.27686 -1.33587
-1.27538 -1.33675
-1.27414 -1.33668
-1.27741 -1.33542
-1.27587 -1.33594
-1.27736 -1.33566
-1.27558 -1.33504
-1.27821 -1.33138
-1.27849 -1.33457
-1.27699 -1.33405
-1.27939 -1.33184
-1.27509 -1.33609
-1.27789 -1.33349
-1.27941 -1.33412
-1.2758 -1.33447
-1.27712 -1.33403
-1.27808 -1.33195
-1.27861 -1.33315
-1.27717 -1.33356
-1.27488 -1.33286
-1.27742 -1.33451
-1.27703 -1.3299
-1.2766 -1.33455
-1.27505 -1.33421
-1.2771 -1.33372
-1.27642 -1.33136
-1.27608 -1.33425
-1.27707 -1.33068
-1.27347 -1.33354
-1.27565 -1.33412
-1.27605 -1.33366
-1.27522 -1.33511
-1.27758 -1.33165
-1.27652 -1.33213
-1.27609 -1.33403
-1.27311 -1.33483
-1.27852 -1.33192
-1.27658 -1.33193
-1.27694 -1.33249
-1.27402 -1.33246
-1.27841 -1.33019
-1.27579 -1.33476
-1.27663 -1.33029
-1.27541 -1.33199
-1.2755 -1.33429
-1.27649 -1.32973
-1.27511 -1.33212
-1.27339 -1.33291
-1.27502 -1.33328
-1.27662 -1.33004
-1.27503 -1.33242
-1.27837 -1.33265
-1.27413 -1.33214
-1.27826 -1.32745
-1.27626 -1.33127
-1.2785 -1.33193
-1.27318 -1.32911
-1.27585 -1.33556
-1.27666 -1.3287
-1.27542 -1.33192
-1.27853 -1.32834
-1.2761 -1.33102
-1.27568 -1.3343
-1.27652 -1.32841
-1.27505 -1.33459
-1.27833 -1.32546
-1.27582 -1.33053
-1.2772 -1.33005
-1.27573 -1.33203
-1.27552 -1.32783
-1.27573 -1.33088
-1.27552 -1.32987
-1.27598 -1.33028
-1.27774 -1.32794
-1.27597 -1.33168
-1.27615 -1.32897
-1.27486 -1.32921
-1.27833 -1.32807
-1.2752 -1.33259
-1.27733 -1.32703
-1.27582 -1.33008
-1.27534 -1.32904
-1.27496 -1.33091
-1.27747 -1.32552
-1.27215 -1.3316
-1.27443 -1.32631
-1.27387 -1.32941
-1.27397 -1.33034
-1.27444 -1.32932
-1.27357 -1.32945
-1.27558 -1.329
-1.27321 -1.32973
-1.27385 -1.33061
-1.27349 -1.33216
-1.27279 -1.32644
-1.27409 -1.33268
-1.27276 -1.33079
-1.27248 -1.33085
-1.27136 -1.3278
-1.27386 -1.33046
-1.27286 -1.33194
-1.27247 -1.33082
-1.27391 -1.32995
-1.27057 -1.33179
-1.27368 -1.32855
-1.27323 -1.32892
-1.27375 -1.32984
-1.27389 -1.33018
-1.27674 -1.32853
-1.27256 -1.3283
-1.27498 -1.33011
-1.27463 -1.32821
-1.27462 -1.32694
-1.27433 -1.33064
-1.27382 -1.33109
-1.27326 -1.33044
-1.27214 -1.3295
-1.27247 -1.33069
-1.27418 -1.33082
-1.27151 -1.32888
-1.27499 -1.32842
-1.27044 -1.32937
-1.27263 -1.33036
-1.27256 -1.32904
-1.27026 -1.3292
-1.27501 -1.32779
-1.26928 -1.3288
-1.27504 -1.32616
-1.2736 -1.3269
-1.27481 -1.32735
-1.27118 -1.32803
-1.27121 -1.32852
-1.27353 -1.32799
-1.26957 -1.32876
-1.27357 -1.32899
-1.27309 -1.32721
-1.27334 -1.32577
-1.26874 -1.32926
-1.27412 -1.32661
-1.27375 -1.32927
-1.27193 -1.32991
-1.27349 -1.3261
-1.273 -1.32814
-1.27193 -1.32734
-1.2711 -1.32827
-1.27282 -1.32699
-1.27224 -1.33057
-1.27158 -1.32623
-1.27097 -1.32898
-1.27082 -1.32748
-1.27238 -1.32727
-1.27247 -1.32693
-1.27062 -1.32796
-1.27168 -1.32546
-1.27297 -1.33074
-1.27092 -1.32846
-1.27004 -1.32462
-1.27332 -1.32588
-1.27151 -1.32479
-1.27008 -1.3285
-1.26941 -1.32651
-1.27074 -1.32407
-1.27159 -1.32808
-1.271 -1.32567
-1.27008 -1.32641
-1.26972 -1.32842
-1.27377 -1.32321
-1.27007 -1.32742
-1.27032 -1.32687
-1.27226 -1.32527
-1.27108 -1.32965
-1.26949 -1.32773
-1.27071 -1.32391
-1.27033 -1.32639
-1.26916 -1.32826
-1.27334 -1.32306
-1.27023 -1.32672
-1.27268 -1.32605
-1.26945 -1.32774
-1.26955 -1.32521
-1.27105 -1.32868
-1.27189 -1.32192
-1.27216 -1.33062
-1.27066 -1.32345
-1.27234 -1.32544
-1.26967 -1.32735
-1.27336 -1.32112
-1.27059 -1.3293
-1.27362 -1.32307
-1.26901 -1.32719
-1.27235 -1.32425
-1.27282 -1.32428
-1.26987 -1.32496
-1.27132 -1.32442
-1.2698 -1.32589
-1.27046 -1.32506
-1.26985 -1.32715
-1.27334 -1.32496
-1.27058 -1.32455
-1.26999 -1.32529
-1.27328 -1.32502
-1.26869 -1.32617
-1.27106 -1.32615
-1.26972 -1.32611
-1.2685 -1.32822
-1.27023 -1.32359
-1.27172 -1.32596
-1.26913 -1.3251
-1.27029 -1.32798
-1.27007 -1.32516
-1.27066 -1.32847
-1.2703 -1.32391
-1.26969 -1.32989
-1.26902 -1.32444
-1.26931 -1.32616
-1.27185 -1.32633
-1.27036 -1.32456
-1.26934 -1.3244
-1.27002 -1.32726
-1.26981 -1.32568
-1.27006 -1.3253
-1.2699 -1.32709
-1.27087 -1.32518
-1.27135 -1.32418
-1.26671 -1.32525
-1.26853 -1.32421
-1.26784 -1.32931
-1.26862 -1.32426
-1.26791 -1.3267
-1.2691 -1.32438
-1.2675 -1.32466
-1.26958 -1.32643
-1.26608 -1.32844
-1.2672 -1.32481
-1.26846 -1.32608
-1.26841 -1.3238
-1.26665 -1.32693
-1.26558 -1.32635
-1.26948 -1.32144
-1.26801 -1.32728
-1.26805 -1.32141
-1.26816 -1.3256
-1.26707 -1.32647
-1.26759 -1.32477
-1.26752 -1.32599
-1.26845 -1.3232
-1.26677 -1.32885
-1.26762 -1.32293
-1.26571 -1.32589
-1.26693 -1.32691
-1.26606 -1.3279
-1.26474 -1.32358
-1.26715 -1.3277
-1.26511 -1.32396
-1.26793 -1.32809
-1.26611 -1.32332
-1.26758 -1.32286
-1.2655 -1.32748
-1.26775 -1.32448
-1.26558 -1.32432
-1.26728 -1.32147
-1.26504 -1.32401
-1.26692 -1.32471
-1.26811 -1.32283
-1.2686 -1.32148
-1.26656 -1.3273
-1.26822 -1.31894
-1.26797 -1.3234
-1.26693 -1.32256
-1.26658 -1.3237
-1.26678 -1.32433
-1.26758 -1.32018
-1.26754 -1.32481
-1.26951 -1.32069
-1.26718 -1.32319
-1.26752 -1.32488
-1.26988 -1.32132
-1.26531 -1.32155
-1.2675 -1.32492
-1.26755 -1.32504
-1.26674 -1.32104
-1.26774 -1.32391
-1.26428 -1.32483
-1.26742 -1.32281
-1.26773 -1.32168
-1.26546 -1.32482
-1.26727 -1.32402
-1.26695 -1.32478
-1.26781 -1.32025
-1.26578 -1.32255
-1.26724 -1.32276
-1.26706 -1.32357
-1.26639 -1.3222
-1.26539 -1.32514
-1.26797 -1.31931
-1.26577 -1.32056
-1.26654 -1.32193
-1.26693 -1.3223
-1.26597 -1.32107
-1.26364 -1.32553
-1.26611 -1.3226
-1.2674 -1.3223
-1.26379 -1.32515
-1.26559 -1.32171
-1.26179 -1.32537
-1.26649 -1.32305
-1.26344 -1.3245
-1.26385 -1.32199
-1.26595 -1.322
-1.26196 -1.32152
-1.26595 -1.31936
-1.2652 -1.32263
-1.26452 -1.32007
-1.2622 -1.32195
-1.2663 -1.31932
-1.26299 -1.32242
-1.26396 -1.32269
-1.26336 -1.31579
-1.26431 -1.32107
-1.26455 -1.31993
-1.26622 -1.32139
-1.26192 -1.3173
-1.26399 -1.32299
-1.26594 -1.31692
-1.26257 -1.31903
-1.26565 -1.31963
-1.26409 -1.31994
-1.26469 -1.31735
-1.26421 -1.32043
-1.2664 -1.31605
-1.26294 -1.31857
-1.26408 -1.32058
-1.26338 -1.32139
-1.26233 -1.31833
-1.26435 -1.31857
-1.26436 -1.31936
-1.26233 -1.32018
-1.26315 -1.32222
-1.2653 -1.31811
-1.26373 -1.32063
-1.26325 -1.31926
-1.26513 -1.31866
-1.2652 -1.31635
-1.263 -1.31959
-1.2617 -1.3201
-1.26559 -1.31944
-1.2618 -1.31779
-1.26535 -1.31992
-1.26487 -1.31436
-1.2638 -1.32274
-1.26263 -1.31819
-1.26359 -1.31799
-1.26519 -1.31787
-1.26119 -1.31892
-1.26666 -1.31594
-1.26214 -1.32054
-1.26445 -1.31629
-1.26346 -1.31858
-1.26183 -1.31743
-1.26201 -1.31662
-1.26314 -1.31929
-1.26109 -1.31975
-1.26259 -1.31452
-1.26192 -1.31936
-1.26326 -1.31549
-1.26135 -1.31752
-1.26039 -1.32171
-1.26184 -1.31659
-1.25892 -1.31786
-1.26381 -1.3188
-1.26112 -1.31631
-1.26029 -1.31764
-1.26151 -1.31726
-1.26258 -1.31407
-1.25831 -1.31904
-1.26138 -1.31619
-1.26233 -1.31848
-1.26068 -1.31636
-1.26134 -1.31507
-1.26099 -1.31749
-1.2626 -1.3152
-1.25789 -1.3192
-1.26192 -1.31798
-1.26073 -1.31414
-1.2617 -1.3179
-1.26087 -1.31596
-1.26059 -1.31831
-1.26046 -1.31579
-1.25984 -1.31881
-1.26191 -1.31788
-1.26149 -1.31349
-1.25901 -1.31783
-1.26212 -1.31581
-1.25856 -1.31877
-1.26259 -1.3141
-1.25953 -1.31735
-1.26102 -1.31735
-1.26141 -1.31389
-1.25836 -1.31765
-1.26233 -1.31705
-1.25841 -1.31551
-1.26163 -1.31633
-1.25955 -1.31815
-1.25946 -1.31599
-1.26176 -1.31801
-1.26015 -1.31517
-1.25965 -1.31948
-1.26143 -1.31627
-1.26025 -1.3177
-1.25986 -1.31598
-1.26318 -1.31641
-1.25843 -1.31808
-1.26451 -1.31326
-1.25957 -1.31778
-1.26119 -1.31515
-1.2619 -1.31478
-1.25954 -1.3151
-1.25882 -1.31762
-1.26163 -1.31388
-1.25896 -1.31775
-1.25894 -1.31504
-1.26055 -1.31251
-1.25684 -1.31687
-1.26097 -1.31596
-1.2588 -1.31453
-1.26231 -1.31473
-1.25922 -1.31609
-1.26146 -1.31523
-1.26103 -1.31292
-1.26242 -1.31495
-1.2615 -1.31351
-1.26073 -1.31438
-1.25952 -1.31591
-1.26259 -1.31474
-1.25837 -1.31468
-1.26108 -1.31471
-1.26027 -1.31334
-1.2605 -1.31747
-1.25834 -1.31671
-1.26141 -1.31378
-1.25829 -1.31495
-1.26027 -1.31794
-1.25605 -1.31462
-1.2621 -1.31062
-1.25868 -1.31591
-1.26003 -1.31599
-1.26098 -1.30939
-1.25853 -1.31542
-1.25692 -1.31576
-1.26059 -1.30975
-1.2596 -1.31461
-1.26087 -1.31549
-1.25897 -1.31164
-1.25779 -1.31598
-1.25804 -1.31071
-1.25933 -1.31569
-1.26185 -1.31193
-1.25667 -1.31696
-1.26196 -1.30901
-1.25732 -1.31656
-1.25974 -1.31553
-1.26123 -1.30982
-1.261 -1.31756
-1.25798 -1.31232
-1.25984 -1.31184
-1.25854 -1.31549
-1.261 -1.31042
-1.26091 -1.31387
-1.26272 -1.31013
-1.25838 -1.31235
-1.25839 -1.3133
-1.25849 -1.30981
-1.25998 -1.31358
-1.26069 -1.31105
-1.25784 -1.31285
-1.25885 -1.30887
-1.25898 -1.31293
-1.2592 -1.31325
-1.25645 -1.3138
-1.25969 -1.31257
-1.26004 -1.31245
-1.25729 -1.31377
-1.25848 -1.31165
-1.25918 -1.31373
-1.25682 -1.31259
-1.26202 -1.30918
-1.25779 -1.30994
-1.25902 -1.3143
-1.25946 -1.31128
-1.25434 -1.31423
-1.25702 -1.31099
-1.26025 -1.31264
-1.25653 -1.31098
-1.25813 -1.31468
-1.25633 -1.31097
-1.25849 -1.31295
-1.26073 -1.30713
-1.25801 -1.31312
-1.25968 -1.30933
-1.25725 -1.31048
-1.25964 -1.31216
-1.25916 -1.31274
-1.25902 -1.31009
-1.25937 -1.30966
-1.26063 -1.31103
-1.25885 -1.30654
-1.25925 -1.31248
-1.25808 -1.31012
-1.25911 -1.31131
-1.25617 -1.31028
-1.25885 -1.3104
-1.25778 -1.30956
-1.25821 -1.312
-1.2567 -1.30847
-1.25801 -1.31082
-1.25825 -1.30936
-1.25689 -1.31082
-1.25765 -1.31067
-1.25779 -1.31084
-1.25716 -1.31122
-1.25623 -1.30998
-1.25713 -1.31005
-1.25797 -1.30988
-1.25764 -1.31073
-1.25707 -1.31145
-1.25683 -1.30748
-1.25913 -1.30933
-1.25966 -1.31269
-1.25854 -1.30862
-1.26161 -1.30845
-1.25867 -1.30997
-1.25969 -1.30879
-1.25764 -1.31061
-1.25869 -1.30808
-1.26163 -1.30999
-1.25586 -1.30767
-1.26 -1.30752
-1.25886 -1.31063
-1.2589 -1.30904
-1.25687 -1.30943
-1.25816 -1.30871
-1.25776 -1.30936
-1.25837 -1.30924
-1.25614 -1.31119
-1.25777 -1.31065
-1.25734 -1.31097
-1.25579 -1.30941
-1.25518 -1.30969
-1.25856 -1.3103
-1.25764 -1.30806
-1.25503 -1.31079
-1.25918 -1.30592
-1.25661 -1.30976
-1.25662 -1.30953
-1.25757 -1.30714
-1.25713 -1.31125
-1.25526 -1.30545
-1.26156 -1.30796
-1.25548 -1.30813
-1.25717 -1.30727
-1.25806 -1.30509
-1.25517 -1.30959
-1.25853 -1.30635
-1.25408 -1.31163
-1.25567 -1.30801
-1.25676 -1.30528
-1.25414 -1.30801
-1.25845 -1.30567
-1.25438 -1.30846
-1.25873 -1.30699
-1.25606 -1.30627
-1.25785 -1.30812
-1.25722 -1.30502
-1.25667 -1.30494
-1.25694 -1.30674
-1.25699 -1.30721
-1.25836 -1.30702
-1.25557 -1.3075
-1.25665 -1.30451
-1.25594 -1.30668
-1.25648 -1.30469
-1.25578 -1.3064
-1.25576 -1.30519
-1.25773 -1.30591
-1.25464 -1.30746
-1.25943 -1.3038
-1.25574 -1.30515
-1.25695 -1.30297
-1.25538 -1.30406
-1.25513 -1.30449
-1.25902 -1.30447
-1.25394 -1.30404
-1.25616 -1.30456
-1.25696 -1.30257
-1.256 -1.30575
-1.25657 -1.30514
-1.25534 -1.3034
-1.25487 -1.30596
-1.25519 -1.30463
-1.25363 -1.30607
-1.25456 -1.30741
-1.25537 -1.30566
-1.25387 -1.30321
-1.25534 -1.30805
-1.25598 -1.30279
-1.2546 -1.30641
-1.25588 -1.30458
-1.25659 -1.30232
-1.25281 -1.30482
-1.25439 -1.30725
-1.2555 -1.30368
-1.25496 -1.30561
-1.25412 -1.30308
-1.2554 -1.30504
-1.25268 -1.30514
-1.25423 -1.30391
-1.25101 -1.30729
-1.25125 -1.3014
-1.25323 -1.30805
-1.24969 -1.30299
-1.25289 -1.30459
-1.25176 -1.30414
-1.25259 -1.30509
-1.24979 -1.30301
-1.25284 -1.30353
-1.25132 -1.30635
-1.24979 -1.30424
-1.25387 -1.30503
-1.24982 -1.30247
-1.25395 -1.3047
-1.25236 -1.30322
-1.25512 -1.30215
-1.24993 -1.30476
-1.25082 -1.30753
-1.25178 -1.30129
-1.25282 -1.30388
-1.25248 -1.30342
-1.24966 -1.30411
-1.25165 -1.30286
-1.25167 -1.30327
-1.25092 -1.30606
-1.25267 -1.2986
-1.2517 -1.3041
-1.25123 -1.30435
-1.25097 -1.30392
-1.25209 -1.3016
-1.2492 -1.30525
-1.24836 -1.30414
-1.25291 -1.30112
-1.25038 -1.3043
-1.2516 -1.3027
-1.25114 -1.30538
-1.24946 -1.30251
-1.25067 -1.3023
-1.24982 -1.305
-1.25284 -1.30045
-1.2503 -1.304
-1.25279 -1.30182
-1.24881 -1.30471
-1.25342 -1.30005
-1.24986 -1.3018
-1.25112 -1.30158
-1.25316 -1.30081
-1.25092 -1.30233
-1.24942 -1.30329
-1.24894 -1.3027
-1.25247 -1.30072
-1.2517 -1.30272
-1.25211 -1.30103
-1.24861 -1.30315
-1.25211 -1.29998
-1.24971 -1.30448
-1.24982 -1.30258
-1.25076 -1.30265
-1.25116 -1.30312
-1.25025 -1.30289
-1.25134 -1.30166
-1.25225 -1.3016
-1.25164 -1.3029
-1.25076 -1.3029
-1.25204 -1.30292
-1.25107 -1.30272
-1.25024 -1.30166
-1.25308 -1.30079
-1.25015 -1.30189
-1.25231 -1.30387
-1.25003 -1.29923
-1.25178 -1.30207
-1.25137 -1.30125
-1.25293 -1.30021
-1.25039 -1.30093
-1.25049 -1.29859
-1.2494 -1.30351
-1.25201 -1.29859
-1.25001 -1.30239
-1.24854 -1.29977
-1.24837 -1.2999
-1.25181 -1.30014
-1.24635 -1.30368
-1.25125 -1.29959
-1.24903 -1.30159
-1.248 -1.30378
-1.24809 -1.30026
-1.25079 -1.29885
-1.24888 -1.30084
-1.24721 -1.30126
-1.25211 -1.29741
-1.24748 -1.29862
-1.24885 -1.30069
-1.24966 -1.29913
-1.24869 -1.30018
-1.24625 -1.29946
-1.25025 -1.29876
-1.24948 -1.29926
-1.24812 -1.29934
-1.24911 -1.29965
-1.24965 -1.29981
-1.24767 -1.29958
-1.24953 -1.29951
-1.24857 -1.30091
-1.24529 -1.30217
-1.25135 -1.29723
-1.2484 -1.30132
-1.24819 -1.30137
-1.24752 -1.29989
-1.2497 -1.30154
-1.24616 -1.30204
-1.249 -1.29806
-1.249 -1.29998
-1.24863 -1.30006
-1.2497 -1.29938
-1.24841 -1.29915
-1.24903 -1.30196
-1.24962 -1.29688
-1.24715 -1.30228
-1.24957 -1.30014
-1.25014 -1.29945
-1.24885 -1.30108
-1.25124 -1.29764
-1.24858 -1.30075
-1.24921 -1.30086
-1.24876 -1.30087
-1.24689 -1.29895
-1.24829 -1.3008
-1.24988 -1.29987
-1.2484 -1.29983
-1.24624 -1.29959
-1.25017 -1.29845
-1.24725 -1.30406
-1.2514 -1.29615
-1.25003 -1.29788
-1.24912 -1.29951
-1.25053 -1.29722
-1.24951 -1.29862
-1.25073 -1.29964
-1.24845 -1.29852
-1.24948 -1.29971
-1.24987 -1.29801
-1.24941 -1.29847
-1.25113 -1.29605
-1.24663 -1.30144
-1.25147 -1.29589
-1.24857 -1.29973
-1.24882 -1.29651
-1.2504 -1.29722
-1.24611 -1.30133
-1.24821 -1.30045
-1.25111 -1.29573
-1.24675 -1.29956
-1.24833 -1.29837
-1.25036 -1.2952
-1.24664 -1.3021
-1.24663 -1.2972
-1.24713 -1.30064
-1.24929 -1.29833
-1.24832 -1.30099
-1.24725 -1.29618
-1.24659 -1.29955
-1.24863 -1.29741
-1.24767 -1.3
-1.24619 -1.29735
-1.24706 -1.29714
-1.2481 -1.29679
-1.2469 -1.29912
-1.24442 -1.29755
-1.25045 -1.29812
-1.24428 -1.3027
-1.24781 -1.29435
-1.24897 -1.29869
-1.24669 -1.29942
-1.24956 -1.29536
-1.24813 -1.29729
-1.24649 -1.29781
-1.24972 -1.29865
-1.24719 -1.29702
-1.24901 -1.29626
-1.24778 -1.29547
-1.24685 -1.29801
-1.24792 -1.29619
-1.24648 -1.2965
-1.24688 -1.29408
-1.24979 -1.29671
-1.24682 -1.2971
-1.24705 -1.29508
-1.24548 -1.2975
-1.2488 -1.29643
-1.24757 -1.29407
-1.24576 -1.29952
-1.24984 -1.29348
-1.24901 -1.29561
-1.2479 -1.29762
-1.24631 -1.29668
-1.24705 -1.29564
-1.24888 -1.29569
-1.24571 -1.29839
-1.24918 -1.2949
-1.2497 -1.29439
-1.24489 -1.29619
-1.2479 -1.29783
-1.24972 -1.29546
-1.24864 -1.29378
-1.24885 -1.29689
-1.24634 -1.29418
-1.24972 -1.29305
-1.24728 -1.29417
-1.24728 -1.29642
-1.24784 -1.29164
-1.24768 -1.2931
-1.24552 -1.29569
-1.25002 -1.29374
-1.24651 -1.29379
-1.24499 -1.29385
-1.24859 -1.29439
-1.24587 -1.29371
-1.24621 -1.29358
-1.24697 -1.29717
-1.24459 -1.29308
-1.24798 -1.29558
-1.24587 -1.29421
-1.24283 -1.29575
-1.24754 -1.29361
-1.24678 -1.29302
-1.24475 -1.29692
-1.24734 -1.29319
-1.24492 -1.29314
-1.2456 -1.29551
-1.24499 -1.29417
-1.24562 -1.29271
-1.24488 -1.29749
-1.24656 -1.29148
-1.24302 -1.29566
-1.24431 -1.29651
-1.24711 -1.29437
-1.24262 -1.29274
-1.2444 -1.29483
-1.24528 -1.29578
-1.24205 -1.29309
-1.24716 -1.29343
-1.24465 -1.2959
-1.24325 -1.29589
-1.24499 -1.29322
-1.2417 -1.29617
-1.2447 -1.29069
-1.24422 -1.29533
-1.24351 -1.2931
-1.24494 -1.29556
-1.24485 -1.2921
-1.2434 -1.29308
-1.24431 -1.29275
-1.24399 -1.29228
-1.24392 -1.29515
-1.24266 -1.29235
-1.24263 -1.29439
-1.24376 -1.29328
-1.24261 -1.29431
-1.24502 -1.29133
-1.24452 -1.29331
-1.24238 -1.29326
-1.24442 -1.2937
-1.24536 -1.29313
-1.24253 -1.29173
-1.24502 -1.29142
-1.2462 -1.29118
-1.24271 -1.29649
-1.24416 -1.29237
-1.24371 -1.29185
-1.24364 -1.29489
-1.24308 -1.29317
-1.24502 -1.28872
-1.24323 -1.29506
-1.24252 -1.29424
-1.2444 -1.29184
-1.24306 -1.29164
-1.2457 -1.29139
-1.24376 -1.2932
-1.24148 -1.29298
-1.24206 -1.29053
-1.24372 -1.29465
-1.2437 -1.29343
-1.24403 -1.29128
-1.24479 -1.29201
-1.24194 -1.2964
-1.24209 -1.2943
-1.24454 -1.28858
-1.24191 -1.29563
-1.24477 -1.29401
-1.24379 -1.29181
-1.24438 -1.29132
-1.24506 -1.29198
-1.24292 -1.28954
-1.24467 -1.29038
-1.24381 -1.29074
-1.24383 -1.29194
-1.24388 -1.2912
-1.2458 -1.29128
-1.2414 -1.29018
-1.24471 -1.29378
-1.2416 -1.29156
-1.24526 -1.29012
-1.24399 -1.29188
-1.24255 -1.29161
-1.24666 -1.29081
-1.24207 -1.2928
-1.24619 -1.28716
-1.24577 -1.29205
-1.24035 -1.29301
-1.24483 -1.2911
-1.24451 -1.29087
-1.24567 -1.29146
-1.24347 -1.29103
-1.24563 -1.28973
-1.24667 -1.29275
-1.24358 -1.29159
-1.24663 -1.29134
-1.24491 -1.29109
-1.2433 -1.29144
-1.24668 -1.29003
-1.23995 -1.29583
-1.24744 -1.28789
-1.24943 -1.29187
-1.24158 -1.29201
-1.24778 -1.28905
-1.24404 -1.29424
-1.24687 -1.28903
-1.24439 -1.28994
-1.24253 -1.29089
-1.24913 -1.28907
-1.24253 -1.29547
-1.24601 -1.2881
-1.24855 -1.29122
-1.24282 -1.29618
-1.24748 -1.28851
-1.24459 -1.29238
-1.24491 -1.29222
-1.24528 -1.29176
-1.24325 -1.29111
-1.24664 -1.29122
-1.24347 -1.29466
-1.24455 -1.29047
-1.2446 -1.29014
-1.24339 -1.29209
-1.24414 -1.29129
-1.24553 -1.28999
-1.24254 -1.29375
-1.24539 -1.28947
-1.24641 -1.29199
-1.24317 -1.29015
-1.24411 -1.29161
-1.24414 -1.2901
-1.24713 -1.29013
-1.24337 -1.2931
-1.246 -1.28562
-1.24507 -1.29056
-1.24566 -1.28986
-1.24503 -1.28892
-1.24312 -1.29233
-1.24551 -1.28815
-1.24297 -1.2939
-1.24395 -1.28818
-1.24341 -1.28847
-1.24416 -1.28957
-1.24458 -1.29047
-1.24315 -1.29202
-1.24512 -1.28756
-1.24027 -1.29319
-1.24177 -1.28929
-1.2427 -1.28813
-1.24219 -1.29221
-1.24139 -1.29056
-1.24187 -1.29167
-1.24228 -1.2898
-1.24118 -1.2921
-1.24201 -1.28867
-1.24035 -1.29333
-1.23984 -1.29439
-1.24126 -1.28775
-1.2391 -1.2944
-1.2404 -1.28988
-1.23906 -1.29437
-1.24089 -1.29142
-1.24015 -1.29173
-1.23956 -1.29431
-1.23665 -1.29178
-1.24235 -1.29025
-1.238 -1.2918
-1.24085 -1.2903
-1.23848 -1.29322
-1.24005 -1.29369
-1.24081 -1.29132
-1.24003 -1.29224
-1.23871 -1.2939
-1.23919 -1.29392
-1.23966 -1.29112
-1.24083 -1.29246
-1.23931 -1.29259
-1.23972 -1.28931
-1.24056 -1.29101
-1.24138 -1.29024
-1.24124 -1.29134
-1.24189 -1.29105
-1.23918 -1.29273
-1.24024 -1.29308
-1.24045 -1.28956
-1.24127 -1.29184
-1.24153 -1.29024
-1.24036 -1.29057
-1.24148 -1.29191
-1.24031 -1.29178
-1.24139 -1.28894
-1.24089 -1.29307
-1.24093 -1.28673
-1.24279 -1.29366
-1.24221 -1.28683
-1.2405 -1.29189
-1.24287 -1.29034
-1.24077 -1.29119
-1.24049 -1.28705
-1.24113 -1.29389
-1.23823 -1.28792
-1.2416 -1.29101
-1.23973 -1.28916
-1.23836 -1.29168
-1.24261 -1.28763
-1.23752 -1.2942
-1.2401 -1.29134
-1.24259 -1.28918
-1.24087 -1.28923
-1.24294 -1.28854
-1.23878 -1.29166
-1.24042 -1.28731
-1.23947 -1.29024
-1.24347 -1.28758
-1.23671 -1.28732
-1.24017 -1.28963
-1.23877 -1.28624
-1.24029 -1.28977
-1.23956 -1.28842
-1.23998 -1.28825
-1.2375 -1.29365
-1.24007 -1.28549
-1.23575 -1.29166
-1.23935 -1.28826
-1.23869 -1.29083
-1.23937 -1.28997
-1.24152 -1.28609
-1.23651 -1.29114
-1.23874 -1.29056
-1.23986 -1.28909
-1.23632 -1.29025
-1.23906 -1.28727
-1.24106 -1.28735
-1.23917 -1.28995
-1.23932 -1.28617
-1.23896 -1.28813
-1.23748 -1.28812
-1.23982 -1.28699
-1.23857 -1.28698
-1.23738 -1.28793
-1.24147 -1.2864
-1.23883 -1.28729
-1.23726 -1.28794
-1.23779 -1.2887
-1.23765 -1.28777
-1.2389 -1.28565
-1.23938 -1.28621
-1.23916 -1.2864
-1.23816 -1.28578
-1.23846 -1.28715
-1.23893 -1.28486
-1.2384 -1.28732
-1.23741 -1.28488
-1.24028 -1.28528
-1.23869 -1.28485
-1.23655 -1.28679
-1.23877 -1.28607
-1.23715 -1.28587
-1.23932 -1.28472
-1.23634 -1.2866
-1.24014 -1.28391
-1.23848 -1.28768
-1.23628 -1.28506
-1.23914 -1.28578
-1.23422 -1.28834
-1.23833 -1.28284
-1.23985 -1.28518
-1.23559 -1.28473
-1.23951 -1.28515
-1.23602 -1.28565
-1.2421 -1.28393
-1.23638 -1.28655
-1.24002 -1.28345
-1.23616 -1.28861
-1.23695 -1.28433
-1.23673 -1.28559
-1.23758 -1.2881
-1.23646 -1.2849
-1.23604 -1.2875
-1.23796 -1.28395
-1.23854 -1.28482
-1.23739 -1.28477
-1.23903 -1.28558
-1.23452 -1.28678
-1.23702 -1.28619
-1.23691 -1.28706
-1.23716 -1.28525
-1.23621 -1.28458
-1.23397 -1.28842
-1.23845 -1.28509
-1.236 -1.28397
-1.23602 -1.28672
-1.23594 -1.28504
-1.23503 -1.28371
-1.23381 -1.28745
-1.23703 -1.28265
-1.23709 -1.28631
-1.23487 -1.28391
-1.23666 -1.2848
-1.23516 -1.28586
-1.23529 -1.28573
-1.23719 -1.28387
-1.23357 -1.28606
-1.23624 -1.28374
-1.23266 -1.28854
-1.23697 -1.28259
-1.23297 -1.2855
-1.238 -1.28365
-1.23435 -1.2849
-1.23498 -1.28435
-1.23446 -1.28477
-1.23682 -1.28465
-1.23297 -1.28579
-1.23643 -1.28275
-1.23616 -1.2834
-1.2355 -1.2865
-1.23342 -1.28366
-1.2354 -1.28498
-1.23701 -1.28185
-1.23644 -1.2814
-1.2335 -1.28614
-1.23701 -1.28001
-1.23149 -1.28621
-1.23802 -1.27987
-1.23507 -1.28052
-1.23617 -1.28376
-1.23396 -1.28503
-1.23361 -1.28323
-1.2348 -1.28174
-1.23498 -1.2846
-1.23289 -1.28342
-1.23288 -1.28383
-1.23242 -1.28355
-1.23328 -1.28692
-1.23474 -1.28079
-1.23296 -1.28402
-1.23342 -1.28454
-1.23398 -1.28246
-1.233 -1.28677
-1.23204 -1.28235
-1.23563 -1.28312
-1.23027 -1.28664
-1.23408 -1.2815
-1.23238 -1.28576
-1.2342 -1.28353
-1.23308 -1.28294
-1.23333 -1.28445
-1.23281 -1.28586
-1.23546 -1.28116
-1.23304 -1.28167
-1.23125 -1.28449
-1.23244 -1.2847
-1.2314 -1.28365
-1.23524 -1.28193
-1.23196 -1.28445
-1.23121 -1.28105
-1.23084 -1.28492
-1.23458 -1.27834
-1.2335 -1.28589
-1.2318 -1.28241
-1.23448 -1.28268
-1.22891 -1.28474
-1.23555 -1.28009
-1.23227 -1.2832
-1.23394 -1.28204
-1.23292 -1.28179
-1.23356 -1.2824
-1.2322 -1.28265
-1.23319 -1.28244
-1.23394 -1.28139
-1.2344 -1.2799
-1.2315 -1.28054
-1.23371 -1.28171
-1.2315 -1.28156
-1.23431 -1.28087
-1.23426 -1.28035
-1.23215 -1.28004
-1.23357 -1.2789
-1.23229 -1.28167
-1.23317 -1.27939
-1.23256 -1.28016
-1.23203 -1.283
-1.23319 -1.28075
-1.23166 -1.28158
-1.23281 -1.27954
-1.23239 -1.28231
-1.23453 -1.28026
-1.23217 -1.28156
-1.23123 -1.2811
-1.23388 -1.27836
-1.23288 -1.28184
-1.23113 -1.28129
-1.23268 -1.28293
-1.23381 -1.28075
-1.23223 -1.27817
-1.2326 -1.28203
-1.23127 -1.28063
-1.23296 -1.28056
-1.23187 -1.28116
-1.23266 -1.28134
-1.23231 -1.28001
-1.23217 -1.27964
-1.23044 -1.282
-1.23508 -1.27855
-1.23028 -1.28552
-1.23277 -1.27985
-1.23136 -1.28267
-1.23132 -1.28057
-1.22992 -1.28227
-1.23249 -1.28165
-1.2283 -1.28232
-1.23321 -1.28079
-1.22979 -1.28317
-1.2312 -1.27901
-1.23113 -1.27951
-1.22993 -1.28322
-1.23022 -1.28019
-1.22943 -1.28371
-1.23265 -1.27973
-1.23059 -1.2815
-1.23014 -1.28024
-1.22863 -1.28349
-1.23177 -1.27872
-1.22837 -1.28361
-1.2321 -1.28085
-1.23048 -1.27954
-1.23055 -1.28326
-1.23094 -1.27994
-1.23061 -1.28205
-1.23099 -1.27944
-1.22943 -1.28073
-1.23097 -1.27837
-1.22844 -1.28428
-1.23269 -1.28002
-1.23088 -1.27975
-1.23056 -1.27944
-1.2306 -1.28199
-1.23187 -1.27827
-1.22956 -1.28081
-1.23178 -1.27884
-1.2306 -1.27942
-1.23155 -1.27691
-1.2312 -1.28115
-1.23271 -1.27706
-1.22935 -1.28122
-1.23089 -1.27975
-1.22915 -1.2798
-1.23246 -1.28102
-1.22948 -1.28152
-1.23242 -1.27755
-1.23041 -1.27934
-1.22927 -1.28023
-1.23118 -1.27971
-1.22761 -1.27717
-1.23001 -1.28149
-1.23271 -1.27533
-1.22956 -1.27834
-1.23132 -1.28063
-1.22977 -1.28146
-1.23291 -1.27671
-1.23125 -1.27832
-1.23071 -1.27851
-1.23131 -1.27896
-1.22924 -1.27902
-1.2309 -1.27952
-1.22972 -1.27417
-1.22932 -1.27845
-1.22848 -1.27987
-1.23223 -1.27793
-1.2322 -1.27718
-1.2296 -1.27905
-1.23067 -1.27634
-1.22916 -1.28188
-1.22993 -1.27663
-1.22985 -1.27782
-1.23064 -1.28081
-1.23202 -1.27784
-1.23068 -1.27813
-1.22914 -1.28023
-1.23297 -1.28058
-1.22781 -1.27732
-1.23119 -1.27976
-1.22955 -1.27789
-1.22718 -1.281
-1.23195 -1.27658
-1.22893 -1.27941
-1.22898 -1.28044
-1.22955 -1.27546
-1.2304 -1.27925
-1.22738 -1.27933
-1.22792 -1.27667
-1.22759 -1.27946
-1.22977 -1.27783
-1.22708 -1.27619
-1.22504 -1.28291
-1.22685 -1.27517
-1.22853 -1.27773
-1.22513 -1.2822
-1.22798 -1.27579
-1.22567 -1.27911
-1.2288 -1.27643
-1.22611 -1.27839
-1.2264 -1.27903
-1.22533 -1.28072
-1.22734 -1.2758
-1.22598 -1.27937
-1.22644 -1.27748
-1.22719 -1.27616
-1.22622 -1.28018
-1.22585 -1.27581
-1.22985 -1.27702
-1.22534 -1.27961
-1.22537 -1.27676
-1.2295 -1.27778
-1.22552 -1.27865
-1.22638 -1.27782
-1.22761 -1.27605
-1.23022 -1.2772
-1.22532 -1.278
-1.2276 -1.27882
-1.22501 -1.27886
-1.22914 -1.27668
-1.22575 -1.27703
-1.2273 -1.27772
-1.22595 -1.27858
-1.22927 -1.2753
-1.22672 -1.27781
-1.22712 -1.27607
-1.22583 -1.2765
-1.2268 -1.27816
-1.22623 -1.2757
-1.22838 -1.27452
-1.22759 -1.2754
-1.22477 -1.27956
-1.22834 -1.27572
-1.22601 -1.27883
-1.22688 -1.27497
-1.22485 -1.2754
-1.22895 -1.27802
-1.2238 -1.27626
-1.22709 -1.27681
-1.22549 -1.27605
-1.22468 -1.27967
-1.22911 -1.27661
-1.22527 -1.27823
-1.22567 -1.27816
-1.22491 -1.27911
-1.22716 -1.28056
-1.22576 -1.27689
-1.22739 -1.2779
-1.22723 -1.27879
-1.22688 -1.27891
-1.22736 -1.2786
-1.22442 -1.28038
-1.2274 -1.27554
-1.22664 -1.27873
-1.22753 -1.27889
-1.22508 -1.27813
-1.22865 -1.27839
-1.22449 -1.28173
-1.22708 -1.27455
-1.22458 -1.27963
-1.22767 -1.27551
-1.22548 -1.28145
-1.22743 -1.27747
-1.22501 -1.27871
-1.22697 -1.27748
-1.22721 -1.27692
-1.22736 -1.27933
-1.22677 -1.27907
-1.22508 -1.2776
-1.22682 -1.27668
-1.22739 -1.27943
-1.22443 -1.281
-1.22661 -1.27359
-1.22468 -1.28168
-1.22457 -1.27627
-1.22511 -1.27727
-1.22666 -1.27758
-1.22719 -1.27555
-1.22506 -1.27988
-1.22551 -1.2765
-1.22595 -1.27582
-1.22683 -1.27721
-1.22702 -1.27561
-1.22589 -1.27769
-1.22461 -1.27569
-1.22665 -1.27623
-1.22728 -1.27488
-1.22394 -1.27876
-1.22296 -1.27606
-1.22837 -1.27834
-1.22443 -1.27526
-1.22531 -1.275
-1.22647 -1.27848
-1.2269 -1.27395
-1.22458 -1.27858
-1.22873 -1.27574
-1.22547 -1.27584
-1.22773 -1.27773
-1.22449 -1.2771
-1.22766 -1.27788
-1.22772 -1.27425
-1.22523 -1.27736
-1.22654 -1.27711
-1.22535 -1.27694
-1.22674 -1.27566
-1.22426 -1.27699
-1.22563 -1.27747
-1.2266 -1.27354
-1.22439 -1.27839
-1.22583 -1.27507
-1.22488 -1.27617
-1.22555 -1.27408
-1.22386 -1.27959
-1.22659 -1.27417
-1.22471 -1.27564
-1.2246 -1.27703
-1.22794 -1.27316
-1.22426 -1.27784
-1.22495 -1.27438
-1.22678 -1.27683
-1.22496 -1.27682
-1.22538 -1.27528
-1.22531 -1.27739
-1.22527 -1.27596
-1.22394 -1.27763
-1.22583 -1.27477
-1.22419 -1.27737
-1.22697 -1.27508
-1.22423 -1.27479
-1.22318 -1.27925
-1.22535 -1.27461
-1.22411 -1.27796
-1.22234 -1.27751
-1.22457 -1.27722
-1.22325 -1.2774
-1.22426 -1.27665
-1.22312 -1.27753
-1.22518 -1.27596
-1.22339 -1.27604
-1.2224 -1.27755
-1.22342 -1.27797
-1.2242 -1.27613
-1.22284 -1.27684
-1.2239 -1.27646
-1.2231 -1.27742
-1.22229 -1.27775
-1.22325 -1.27398
-1.22241 -1.27768
-1.22445 -1.27764
-1.22301 -1.27653
-1.22035 -1.27786
-1.22417 -1.27231
-1.22236 -1.28077
-1.2254 -1.2741
-1.22212 -1.27528
-1.22277 -1.27953
-1.22201 -1.2767
-1.2227 -1.27597
-1.22401 -1.27567
-1.22139 -1.27477
-1.22256 -1.27631
-1.22287 -1.27628
-1.22227 -1.27623
-1.22245 -1.27462
-1.22246 -1.27543
-1.22317 -1.27522
-1.22164 -1.27532
-1.22313 -1.27338
-1.22439 -1.2719
-1.2209 -1.27652
-1.22315 -1.27303
-1.22181 -1.27717
-1.22229 -1.27387
-1.22001 -1.27317
-1.22339 -1.27777
-1.22409 -1.27114
-1.22045 -1.27432
-1.22234 -1.27592
-1.2218 -1.27373
-1.22198 -1.27508
-1.22083 -1.27465
-1.22263 -1.27317
-1.22055 -1.27498
-1.22087 -1.27286
-1.21884 -1.27614
-1.22348 -1.27542
-1.21967 -1.27523
-1.22227 -1.271
-1.22077 -1.27786
-1.2224 -1.27044
-1.21997 -1.27597
-1.22141 -1.27504
-1.2236 -1.27201
-1.21972 -1.27396
-1.21898 -1.27529
-1.22356 -1.26994
-1.21961 -1.27563
-1.2226 -1.27326
-1.22109 -1.27366
-1.22079 -1.27339
-1.21999 -1.27292
-1.2229 -1.27512
-1.21998 -1.27323
-1.21927 -1.2743
-1.22134 -1.27583
-1.22185 -1.2715
-1.21967 -1.27555
-1.22104 -1.27333
-1.22011 -1.27491
-1.21847 -1.27181
-1.22294 -1.27257
-1.21961 -1.27635
-1.22066 -1.27174
-1.22181 -1.27222
-1.22056 -1.26984
-1.2225 -1.27421
-1.22313 -1.26791
-1.22285 -1.27636
-1.22195 -1.26661
-1.22261 -1.27227
-1.22057 -1.27236
-1.22249 -1.27111
-1.22326 -1.27036
-1.22011 -1.27458
