0 0
-0.0498015 -0.0444559
-0.0966547 -0.0854516
-0.144741 -0.131842
-0.19046 -0.170557
-0.234659 -0.205599
-0.268457 -0.228662
-0.304565 -0.255952
-0.301916 -0.232564
-0.3363 -0.26077
-0.373257 -0.293646
-0.373903 -0.279976
-0.352451 -0.242433
-0.367764 -0.25445
-0.387997 -0.26774
-0.413699 -0.285667
-0.438313 -0.302878
-0.46371 -0.321639
-0.469635 -0.321507
-0.483704 -0.331159
-0.505975 -0.344676
-0.529437 -0.363267
-0.550428 -0.37966
-0.571938 -0.392702
-0.593402 -0.410077
-0.615147 -0.425708
-0.63508 -0.439972
-0.65676 -0.456109
-0.675187 -0.470571
-0.696301 -0.485347
-0.714369 -0.500445
-0.715471 -0.500003
-0.713934 -0.499489
-0.716341 -0.50124
-0.713134 -0.498679
-0.71493 -0.500728
-0.714427 -0.501285
-0.712983 -0.498453
-0.714746 -0.50106
-0.712746 -0.501395
-0.71273 -0.499009
-0.713957 -0.501426
-0.712572 -0.499761
-0.714662 -0.499491
-0.712978 -0.500455
-0.713341 -0.499548
-0.714214 -0.498974
-0.714148 -0.500539
-0.713791 -0.499282
-0.714685 -0.49908
-0.713857 -0.500406
-0.71364 -0.499036
-0.714628 -0.499609
-0.7152 -0.501034
-0.712956 -0.497844
-0.715145 -0.500032
-0.714384 -0.501304
-0.713046 -0.498796
-0.713942 -0.499027
-0.715232 -0.501478
-0.713728 -0.499009
-0.713694 -0.499142
-0.713427 -0.502603
-0.714338 -0.498723
-0.713405 -0.499614
-0.714062 -0.501835
-0.713698 -0.49905
-0.715642 -0.500454
-0.714369 -0.502669
-0.714929 -0.500764
-0.714055 -0.500802
-0.715611 -0.504045
-0.714341 -0.502021
-0.715779 -0.504373
-0.714487 -0.502938
-0.715144 -0.502774
-0.715633 -0.503641
-0.716391 -0.506378
-0.715481 -0.50424
-0.717532 -0.507675
-0.715912 -0.507308
-0.718028 -0.507186
-0.71738 -0.510292
-0.717056 -0.507795
-0.71706 -0.507556
-0.71919 -0.512043
-0.717296 -0.509662
-0.693856 -0.483911
-0.684184 -0.476437
-0.682719 -0.472541
-0.682576 -0.474403
-0.684022 -0.476506
-0.682185 -0.473587
-0.685289 -0.475527
-0.682372 -0.474167
-0.684148 -0.475384
-0.683299 -0.473605
-0.684027 -0.474748
-0.684837 -0.47618
-0.682629 -0.473688
-0.683542 -0.474879
-0.684374 -0.475297
-0.683402 -0.475105
-0.683347 -0.474181
-0.684212 -0.476372
-0.683935 -0.475665
-0.682518 -0.473927
-0.684809 -0.475845
-0.683082 -0.475634
-0.68362 -0.475115
-0.682919 -0.474546
-0.683076 -0.475657
-0.682549 -0.475489
-0.684081 -0.474221
-0.681697 -0.475501
-0.683572 -0.475992
-0.682361 -0.473501
-0.683376 -0.476682
-0.682871 -0.474215
-0.682415 -0.474056
-0.68363 -0.474228
-0.682945 -0.475179
-0.682175 -0.473617
-0.682648 -0.474678
-0.682329 -0.474969
-0.683371 -0.474084
-0.681688 -0.474362
-0.683857 -0.474129
-0.68257 -0.474965
-0.682412 -0.473848
-0.68285 -0.474179
-0.683003 -0.476781
-0.682087 -0.472855
-0.682411 -0.475669
-0.682702 -0.475531
-0.682039 -0.473281
-0.682106 -0.47444
-0.683262 -0.475154
-0.680868 -0.472708
-0.682523 -0.474962
-0.682403 -0.473487
-0.682251 -0.473548
-0.681965 -0.474932
-0.682346 -0.473498
-0.683733 -0.47754
-0.682372 -0.475694
-0.682739 -0.475195
-0.683637 -0.478395
-0.684086 -0.477035
-0.682788 -0.476682
-0.683327 -0.47797
-0.683926 -0.478213
-0.682699 -0.476393
-0.684635 -0.479584
-0.683799 -0.477606
-0.683227 -0.477087
-0.683138 -0.478025
-0.684079 -0.478245
-0.682108 -0.477308
-0.683213 -0.477859
-0.683285 -0.47918
-0.683821 -0.476989
-0.682903 -0.477525
-0.683877 -0.478852
-0.683297 -0.476695
-0.684039 -0.478078
-0.683983 -0.478752
-0.683351 -0.477056
-0.683332 -0.478017
-0.684488 -0.478767
-0.6829 -0.476906
-0.685164 -0.479021
-0.684016 -0.478273
-0.683612 -0.477483
-0.684024 -0.477969
-0.683839 -0.478218
-0.683655 -0.477461
-0.684642 -0.477999
-0.683758 -0.477456
-0.683619 -0.477588
-0.684325 -0.477289
-0.68394 -0.478127
-0.683973 -0.477306
-0.682346 -0.47685
-0.684271 -0.478788
-0.682642 -0.476156
-0.68333 -0.477928
-0.683458 -0.477711
-0.68302 -0.476719
-0.682875 -0.477097
-0.683285 -0.477397
-0.682728 -0.476842
-0.683349 -0.476933
-0.683849 -0.476824
-0.683194 -0.478554
-0.682923 -0.476257
-0.682694 -0.476555
-0.683545 -0.479081
-0.683296 -0.475572
-0.68318 -0.478378
-0.683227 -0.478068
-0.683436 -0.478069
-0.682645 -0.47837
-0.684174 -0.476713
-0.684172 -0.47923
-0.682844 -0.478025
-0.683508 -0.476876
-0.683841 -0.479394
-0.684161 -0.477254
-0.683105 -0.476911
-0.684028 -0.478946
-0.683998 -0.47791
-0.683003 -0.476664
-0.684999 -0.479694
-0.682875 -0.477256
-0.683947 -0.478393
-0.684089 -0.477882
-0.683584 -0.477472
-0.683179 -0.478855
-0.683282 -0.477661
-0.68331 -0.477865
-0.684694 -0.478609
-0.683232 -0.477962
-0.682984 -0.477377
-0.68375 -0.479005
-0.682718 -0.478764
-0.683607 -0.477109
-0.683002 -0.479868
-0.682985 -0.478644
-0.683001 -0.478065
-0.684293 -0.4792
-0.683234 -0.478861
-0.682539 -0.479006
-0.68343 -0.478374
-0.683753 -0.480848
-0.683084 -0.478482
-0.683379 -0.479409
-0.68404 -0.479973
-0.683377 -0.479243
-0.68288 -0.478818
-0.683618 -0.480302
-0.683154 -0.479558
-0.682727 -0.479192
-0.683426 -0.480003
-0.683083 -0.479187
-0.683353 -0.479365
-0.683467 -0.479176
-0.683582 -0.47982
-0.683449 -0.478604
-0.683026 -0.479971
-0.683174 -0.479433
-0.682961 -0.47799
-0.683475 -0.480626
-0.683688 -0.478148
-0.683177 -0.479729
-0.682739 -0.479169
-0.684153 -0.478268
-0.68319 -0.4803
-0.683285 -0.478585
-0.683596 -0.478147
-0.68357 -0.47992
-0.684432 -0.479336
-0.683148 -0.47765
-0.684178 -0.480574
-0.682865 -0.479169
-0.683376 -0.477534
-0.684395 -0.4815
-0.683911 -0.478775
-0.682903 -0.478429
-0.683413 -0.47962
-0.682942 -0.47917
-0.682113 -0.478255
-0.683736 -0.479732
-0.682902 -0.479622
-0.682471 -0.478826
-0.683617 -0.479971
-0.68212 -0.47856
-0.6821 -0.478921
-0.68361 -0.479874
-0.68119 -0.478683
-0.682442 -0.47903
-0.683127 -0.478932
-0.682771 -0.479568
-0.681875 -0.478496
-0.682139 -0.479326
-0.682938 -0.479857
-0.682261 -0.47812
-0.68297 -0.479819
-0.682396 -0.479631
-0.682584 -0.478893
-0.682092 -0.47943
-0.682037 -0.478243
-0.682668 -0.479355
-0.682606 -0.478683
-0.681499 -0.47863
-0.682808 -0.480071
-0.683167 -0.477575
-0.681982 -0.47889
-0.683232 -0.478898
-0.682425 -0.478265
-0.682519 -0.478192
-0.682652 -0.478337
-0.682377 -0.478974
-0.682354 -0.477764
-0.683035 -0.478594
-0.681964 -0.478685
-0.682054 -0.477546
-0.682822 -0.47907
-0.681993 -0.479206
-0.681306 -0.477162
-0.682937 -0.47909
-0.683441 -0.480034
-0.682236 -0.476566
-0.68334 -0.480606
-0.681508 -0.478959
-0.682138 -0.476857
-0.684789 -0.481835
-0.681766 -0.477195
-0.681955 -0.477871
-0.682602 -0.479717
-0.682454 -0.477637
-0.682273 -0.478103
-0.682631 -0.478153
-0.682846 -0.478498
-0.681965 -0.477253
-0.683381 -0.479403
-0.682486 -0.479462
-0.68248 -0.479208
-0.682641 -0.478778
-0.681929 -0.480318
-0.682182 -0.479718
-0.682259 -0.478995
-0.681917 -0.480611
-0.682028 -0.479593
-0.680793 -0.478795
-0.682307 -0.481352
-0.681962 -0.479659
-0.682406 -0.478564
-0.682883 -0.48083
-0.681968 -0.48059
-0.682445 -0.478473
-0.682641 -0.480736
-0.682603 -0.481045
-0.681956 -0.478636
-0.681989 -0.480239
-0.682628 -0.481767
-0.68261 -0.4786
-0.682627 -0.481657
-0.682101 -0.480454
-0.681322 -0.479165
-0.683123 -0.480485
-0.682692 -0.480795
-0.681387 -0.479386
-0.684006 -0.480333
-0.681966 -0.480644
-0.681621 -0.479023
-0.682725 -0.479875
-0.68239 -0.481218
-0.681839 -0.478707
-0.681819 -0.479848
-0.683206 -0.480935
-0.681844 -0.478793
-0.681984 -0.479754
-0.683414 -0.481217
-0.681843 -0.478614
-0.682468 -0.479733
-0.681997 -0.481345
-0.681912 -0.47788
-0.682742 -0.480752
-0.682138 -0.480736
-0.681545 -0.478009
-0.683596 -0.481025
-0.681422 -0.479562
-0.681994 -0.479168
-0.682041 -0.47903
-0.682596 -0.480098
-0.681493 -0.478271
-0.682487 -0.4789
-0.682101 -0.479958
-0.681167 -0.478299
-0.682188 -0.478373
-0.6821 -0.480479
-0.680853 -0.477954
-0.682014 -0.477822
-0.682639 -0.481697
-0.681291 -0.477131
-0.68172 -0.478983
-0.681685 -0.480517
-0.682643 -0.478326
-0.681408 -0.478804
-0.681514 -0.478756
-0.682446 -0.479781
-0.681033 -0.477621
-0.681778 -0.479778
-0.682159 -0.479318
-0.681368 -0.476972
-0.681756 -0.479855
-0.681631 -0.478478
-0.680205 -0.477656
-0.681157 -0.478704
-0.681985 -0.478742
-0.680475 -0.478018
-0.682128 -0.478695
-0.680946 -0.478587
-0.68196 -0.478624
-0.680911 -0.478034
-0.681886 -0.479172
-0.681663 -0.478589
-0.681737 -0.478526
-0.682453 -0.478511
-0.68091 -0.478737
-0.681554 -0.47811
-0.681753 -0.478328
-0.681473 -0.478923
-0.680746 -0.477981
-0.681351 -0.477766
-0.681206 -0.480022
-0.680684 -0.477348
-0.681062 -0.478731
-0.681101 -0.479345
-0.681216 -0.47795
-0.68191 -0.478967
-0.681228 -0.478234
-0.682103 -0.478768
-0.681383 -0.477741
-0.681367 -0.478571
-0.682652 -0.479413
-0.68124 -0.477512
-0.681926 -0.478853
-0.682343 -0.478469
-0.681812 -0.478566
-0.682491 -0.478442
-0.681434 -0.478832
-0.682653 -0.479105
-0.681446 -0.477864
-0.682429 -0.479747
-0.681058 -0.478828
-0.680921 -0.478258
-0.68217 -0.479054
-0.68132 -0.47927
-0.68095 -0.478173
-0.682428 -0.479006
-0.681166 -0.478818
-0.682308 -0.478536
-0.681547 -0.477836
-0.68205 -0.479294
-0.682005 -0.478706
-0.681238 -0.477001
-0.681829 -0.480161
-0.681599 -0.478428
-0.682112 -0.477141
-0.682209 -0.48074
-0.681858 -0.477661
-0.683001 -0.478822
-0.681803 -0.478973
-0.682062 -0.478101
-0.682385 -0.478927
-0.681783 -0.477647
-0.684161 -0.479129
-0.681761 -0.478106
-0.682298 -0.478384
-0.682641 -0.478506
-0.681858 -0.478719
-0.682292 -0.477714
-0.682706 -0.479165
-0.68163 -0.47797
-0.682836 -0.478069
-0.682044 -0.478453
-0.682672 -0.477767
-0.681406 -0.478572
-0.6817 -0.477714
-0.68116 -0.478498
-0.682748 -0.478239
-0.68102 -0.478825
-0.681682 -0.477723
-0.681363 -0.479576
-0.681433 -0.478565
-0.680832 -0.47813
-0.681927 -0.47882
-0.681782 -0.479073
-0.680858 -0.477856
-0.681289 -0.478735
-0.682237 -0.479724
-0.682104 -0.478532
-0.682443 -0.478809
-0.681706 -0.479241
-0.682174 -0.480573
-0.681678 -0.477637
-0.683047 -0.480528
-0.681972 -0.480199
-0.68186 -0.477541
-0.682044 -0.480506
-0.682848 -0.479469
-0.681063 -0.478809
-0.68206 -0.478159
-0.682823 -0.481433
-0.68147 -0.478168
-0.682731 -0.479148
-0.682604 -0.481212
-0.68185 -0.478391
-0.681767 -0.478019
-0.682668 -0.480042
-0.682953 -0.479694
-0.681602 -0.477829
-0.682692 -0.480521
-0.682567 -0.479201
-0.681942 -0.477255
-0.682536 -0.480924
-0.681783 -0.478264
-0.682307 -0.477278
-0.681916 -0.478956
-0.682729 -0.479256
-0.681328 -0.477485
-0.681894 -0.478668
-0.681946 -0.478135
-0.682272 -0.479075
-0.681343 -0.477553
-0.682233 -0.479713
-0.681198 -0.478506
-0.681372 -0.477649
-0.682301 -0.478767
-0.68192 -0.479625
-0.681297 -0.477207
-0.680976 -0.477835
-0.682616 -0.480575
-0.681438 -0.476564
-0.681349 -0.478037
-0.681639 -0.479916
-0.680898 -0.476724
-0.681229 -0.478323
-0.681147 -0.479509
-0.681183 -0.47759
-0.680568 -0.47796
-0.682157 -0.478763
-0.680909 -0.478795
-0.680708 -0.477281
-0.68144 -0.479581
-0.68177 -0.478797
-0.680408 -0.477426
-0.682126 -0.478775
-0.681774 -0.478965
-0.680489 -0.4781
-0.680925 -0.477914
-0.682642 -0.480499
-0.680608 -0.477115
-0.681372 -0.479237
-0.680978 -0.478783
-0.681446 -0.47815
-0.6805 -0.477001
-0.681841 -0.479914
-0.681079 -0.478846
-0.6812 -0.477268
-0.680773 -0.47939
-0.681677 -0.479975
-0.680809 -0.476499
-0.68169 -0.479682
-0.681767 -0.480596
-0.680008 -0.47632
-0.681344 -0.479199
-0.681004 -0.480268
-0.680888 -0.476801
-0.680398 -0.478735
-0.681639 -0.481065
-0.680171 -0.476906
-0.680234 -0.478754
-0.681452 -0.48061
-0.680913 -0.478005
-0.680112 -0.476862
-0.681924 -0.481579
-0.68149 -0.478769
-0.679983 -0.477062
-0.681376 -0.480812
-0.681046 -0.47901
-0.681256 -0.477069
-0.681552 -0.479892
-0.680306 -0.480245
-0.679862 -0.476771
-0.681473 -0.479895
-0.680501 -0.479526
-0.679799 -0.477724
-0.680672 -0.478313
-0.681246 -0.481565
-0.67957 -0.47737
-0.681019 -0.479281
-0.68069 -0.480466
-0.679993 -0.477661
-0.682719 -0.479054
-0.680201 -0.478808
-0.680635 -0.479223
-0.680598 -0.477805
-0.680954 -0.479136
-0.681005 -0.479265
-0.68003 -0.478085
-0.681906 -0.478788
-0.680577 -0.479145
-0.680043 -0.477493
-0.681422 -0.480046
-0.680531 -0.478464
-0.680552 -0.47779
-0.681269 -0.479283
-0.681572 -0.478127
-0.680713 -0.478853
-0.680415 -0.477233
-0.681054 -0.480556
-0.680383 -0.477621
-0.680498 -0.47848
-0.680584 -0.479025
-0.680091 -0.478263
-0.680438 -0.477988
-0.681005 -0.478944
-0.680737 -0.478404
-0.680651 -0.478978
-0.681323 -0.478121
-0.679865 -0.479143
-0.680529 -0.479158
-0.679835 -0.478159
-0.680666 -0.479741
-0.68023 -0.478429
-0.680628 -0.478349
-0.679933 -0.478844
-0.679995 -0.479059
-0.680327 -0.477823
-0.680412 -0.478556
-0.680362 -0.479203
-0.680021 -0.477456
-0.680409 -0.478503
-0.681167 -0.479796
-0.680581 -0.477724
-0.680407 -0.47811
-0.681139 -0.480041
-0.680674 -0.477552
-0.681424 -0.479284
-0.680077 -0.478964
-0.680312 -0.478164
-0.68066 -0.478946
-0.680065 -0.478746
-0.680226 -0.478083
-0.680337 -0.478839
-0.681329 -0.478399
-0.680738 -0.478189
-0.681084 -0.478054
-0.680521 -0.47866
-0.679847 -0.47825
-0.680919 -0.478508
-0.679379 -0.478207
-0.680414 -0.47911
-0.680089 -0.477095
-0.681071 -0.480252
-0.679939 -0.477599
-0.679818 -0.477257
-0.681284 -0.480468
-0.679911 -0.478032
-0.680144 -0.477225
-0.680841 -0.480302
-0.679496 -0.478058
-0.679829 -0.476834
-0.681521 -0.4801
-0.679401 -0.479109
-0.680306 -0.476704
-0.681058 -0.479612
-0.680264 -0.47861
-0.680268 -0.476635
-0.680712 -0.480225
-0.680343 -0.47845
-0.680189 -0.478114
-0.680726 -0.478168
-0.680557 -0.479672
-0.680437 -0.478473
-0.681265 -0.477401
-0.680363 -0.479832
-0.679967 -0.478746
-0.67997 -0.477318
-0.680889 -0.479218
-0.679648 -0.479213
-0.680581 -0.476619
-0.680637 -0.480327
-0.680277 -0.478186
-0.679314 -0.477211
-0.679848 -0.478139
-0.680391 -0.479166
-0.679478 -0.477187
-0.680744 -0.478225
-0.680168 -0.480422
-0.679836 -0.477248
-0.680803 -0.478814
-0.681 -0.479931
-0.680288 -0.478164
-0.679891 -0.478048
-0.680471 -0.47939
-0.680389 -0.479524
-0.679541 -0.477938
-0.681104 -0.480228
-0.680308 -0.479176
-0.679817 -0.477145
-0.681261 -0.480452
-0.679494 -0.478552
-0.680668 -0.478849
-0.679611 -0.477523
-0.680753 -0.479953
-0.679646 -0.478566
-0.680065 -0.478143
-0.680526 -0.479381
-0.679955 -0.479099
-0.680936 -0.477473
-0.680223 -0.478901
-0.679853 -0.480371
-0.680674 -0.477394
-0.679061 -0.478936
-0.679877 -0.480635
-0.679471 -0.477192
-0.679613 -0.479884
-0.679913 -0.480327
-0.679545 -0.477109
-0.6807 -0.479192
-0.680114 -0.479962
-0.67918 -0.477129
-0.680371 -0.479293
-0.680177 -0.479436
-0.680659 -0.477599
-0.680319 -0.479596
-0.680372 -0.479154
-0.680182 -0.477755
-0.679727 -0.479366
-0.680435 -0.479072
-0.679805 -0.478081
-0.679605 -0.47897
-0.679396 -0.478652
-0.680346 -0.479371
-0.679396 -0.477867
-0.679797 -0.478662
-0.679157 -0.478183
-0.679088 -0.478877
-0.679687 -0.477765
-0.679496 -0.478859
-0.680213 -0.4786
-0.679163 -0.477919
-0.680413 -0.478987
-0.680237 -0.478229
-0.679725 -0.478274
-0.679084 -0.47817
-0.679742 -0.478589
-0.68157 -0.477897
-0.679565 -0.477616
-0.680785 -0.478753
-0.679816 -0.477386
-0.680913 -0.477696
-0.679551 -0.478562
-0.680631 -0.477925
-0.680022 -0.476915
-0.679928 -0.479598
-0.678892 -0.477882
-0.679893 -0.47696
-0.680517 -0.480577
-0.679871 -0.478027
-0.679371 -0.477257
-0.681564 -0.480247
-0.679373 -0.477844
-0.680228 -0.477312
-0.6809 -0.479605
-0.680381 -0.478249
-0.679264 -0.477295
-0.680471 -0.479743
-0.679089 -0.477494
-0.679621 -0.477571
-0.680009 -0.477778
-0.680706 -0.478601
-0.679088 -0.476496
-0.679631 -0.478411
-0.680267 -0.477265
-0.678992 -0.477092
-0.680541 -0.47779
-0.678893 -0.476991
-0.679356 -0.477893
-0.679001 -0.477431
-0.679559 -0.477167
-0.679988 -0.477512
-0.67951 -0.477217
-0.679619 -0.476854
-0.680166 -0.47755
-0.679193 -0.476613
-0.680827 -0.476438
-0.679903 -0.476952
-0.679533 -0.477384
-0.679338 -0.476243
-0.680036 -0.476956
-0.679995 -0.477314
-0.679347 -0.476437
-0.68001 -0.476562
-0.679709 -0.478437
-0.679318 -0.475868
-0.679481 -0.477325
-0.679626 -0.477793
-0.679556 -0.476587
-0.679467 -0.47632
-0.678966 -0.477845
-0.68013 -0.476996
-0.679784 -0.47593
-0.680378 -0.479271
-0.67892 -0.476157
-0.679701 -0.477291
-0.679935 -0.477261
-0.679755 -0.477869
-0.68058 -0.477326
-0.679689 -0.478774
-0.680227 -0.478752
-0.679679 -0.479119
-0.679787 -0.477895
-0.680305 -0.479688
-0.680253 -0.478297
-0.680268 -0.478121
-0.680109 -0.480055
-0.679969 -0.478408
-0.679573 -0.478315
-0.681275 -0.479207
-0.681227 -0.478597
-0.680373 -0.478774
-0.680572 -0.478367
-0.681043 -0.479024
-0.68083 -0.478961
-0.679714 -0.477529
-0.680822 -0.479772
-0.680094 -0.478913
-0.679933 -0.477265
-0.679831 -0.479689
-0.680163 -0.478538
-0.678534 -0.477216
-0.680393 -0.479768
-0.679556 -0.478537
-0.67905 -0.477384
-0.68098 -0.479863
-0.67925 -0.478635
-0.678802 -0.477673
-0.679915 -0.479232
-0.678745 -0.479954
-0.6799 -0.47821
-0.67969 -0.479446
-0.678695 -0.479571
-0.679164 -0.478465
-0.679194 -0.479245
-0.680213 -0.479949
-0.679004 -0.478524
-0.678752 -0.479898
-0.680432 -0.480589
-0.680958 -0.481284
-0.679008 -0.479962
-0.680641 -0.480694
-0.680548 -0.482207
-0.680132 -0.479384
-0.680849 -0.481079
-0.680493 -0.480826
-0.68038 -0.480215
-0.680682 -0.480585
-0.680217 -0.480541
-0.680321 -0.4806
-0.680787 -0.481163
-0.680424 -0.480529
-0.680679 -0.482126
-0.679331 -0.480233
-0.679924 -0.481073
-0.680194 -0.480942
-0.680479 -0.480848
-0.680209 -0.48097
-0.680097 -0.480247
-0.679411 -0.481318
-0.679728 -0.480285
-0.679976 -0.480963
-0.679906 -0.481434
-0.655811 -0.453258
-0.644643 -0.443023
-0.645577 -0.445245
-0.644888 -0.442686
-0.6452 -0.441469
-0.647045 -0.447751
-0.644702 -0.442316
-0.644672 -0.441941
-0.646594 -0.446054
-0.6452 -0.443184
-0.645509 -0.441709
-0.646009 -0.445303
-0.645301 -0.443984
-0.645426 -0.441649
-0.646816 -0.444875
-0.645062 -0.443731
-0.645955 -0.441422
-0.645886 -0.444006
-0.64638 -0.444255
-0.645236 -0.441652
-0.645671 -0.443139
-0.645236 -0.443471
-0.645557 -0.442461
-0.644165 -0.441576
-0.646021 -0.444303
-0.644942 -0.442253
-0.645093 -0.442204
-0.645011 -0.44298
-0.645474 -0.444252
-0.644467 -0.441641
-0.646498 -0.444468
-0.644324 -0.443987
-0.645159 -0.441803
-0.645243 -0.442877
-0.645339 -0.444377
-0.644583 -0.44169
-0.646322 -0.442722
-0.64486 -0.443861
-0.645482 -0.442771
-0.645416 -0.441834
-0.645572 -0.443972
-0.64555 -0.44339
-0.644688 -0.442164
-0.64603 -0.443481
-0.645092 -0.443771
-0.644687 -0.442081
-0.644846 -0.443301
-0.645115 -0.443826
-0.644659 -0.44293
-0.644931 -0.442195
-0.646474 -0.445368
-0.64387 -0.442216
-0.645951 -0.443162
-0.644962 -0.444084
-0.645376 -0.443415
-0.644851 -0.441222
-0.645967 -0.445579
-0.644914 -0.443015
-0.644535 -0.441752
-0.645808 -0.444553
-0.645503 -0.442946
-0.644234 -0.441653
-0.645516 -0.443709
-0.644719 -0.44365
-0.644211 -0.441099
-0.645593 -0.444529
-0.645093 -0.442875
-0.644169 -0.441986
-0.644664 -0.443248
-0.643966 -0.443138
-0.644723 -0.441947
-0.644375 -0.443036
-0.644294 -0.443364
-0.64356 -0.442056
-0.643141 -0.442699
-0.644037 -0.443174
-0.643806 -0.442456
-0.643391 -0.443305
-0.642775 -0.441974
-0.644508 -0.444078
-0.642626 -0.442247
-0.643917 -0.443037
-0.643978 -0.443418
-0.643189 -0.442423
-0.643029 -0.442697
-0.64527 -0.444002
-0.643782 -0.44321
-0.64424 -0.444501
-0.644042 -0.444869
-0.644535 -0.444651
-0.64401 -0.444081
-0.644653 -0.445091
-0.644178 -0.444401
-0.64463 -0.443936
-0.644995 -0.444654
-0.644303 -0.444674
-0.644865 -0.443429
-0.64451 -0.444797
-0.645187 -0.444122
-0.645018 -0.444482
-0.646165 -0.443718
-0.644183 -0.444818
-0.64593 -0.444629
-0.644717 -0.443371
-0.645116 -0.445767
-0.645262 -0.444834
-0.644959 -0.443468
-0.646021 -0.44618
-0.644856 -0.443917
-0.644754 -0.443796
-0.645549 -0.446007
-0.644925 -0.443886
-0.644221 -0.444483
-0.644599 -0.444654
-0.64666 -0.445501
-0.643862 -0.444388
-0.646414 -0.447161
-0.644701 -0.445348
-0.64465 -0.444754
-0.645056 -0.445762
-0.645625 -0.445382
-0.644843 -0.445062
-0.645214 -0.444926
-0.645256 -0.446775
-0.645066 -0.443988
-0.64578 -0.445814
-0.645796 -0.446193
-0.644966 -0.444695
-0.645965 -0.445405
-0.645494 -0.446757
-0.644372 -0.444544
-0.645741 -0.445974
-0.644662 -0.44636
-0.645173 -0.445516
-0.644992 -0.445092
-0.645813 -0.447153
-0.644307 -0.444464
-0.645743 -0.446741
-0.644837 -0.446253
-0.644339 -0.445049
-0.645932 -0.446547
-0.644333 -0.445218
-0.645216 -0.44621
-0.644577 -0.445498
-0.644484 -0.446834
-0.645138 -0.445326
-0.6448 -0.446679
-0.645141 -0.446366
-0.645179 -0.445953
-0.644918 -0.446345
-0.645579 -0.445978
-0.644987 -0.445849
-0.6452 -0.445896
-0.645034 -0.445644
-0.644365 -0.445904
-0.64448 -0.445542
-0.644851 -0.446036
-0.644682 -0.444897
-0.64578 -0.446299
-0.644435 -0.445521
-0.644597 -0.445033
-0.645096 -0.446607
-0.644695 -0.445012
-0.644611 -0.444638
-0.644884 -0.446106
-0.645535 -0.445977
-0.644566 -0.444231
-0.645591 -0.446656
-0.644905 -0.445182
-0.644442 -0.4447
-0.646036 -0.445757
-0.645172 -0.444855
-0.645492 -0.445136
-0.645137 -0.445235
-0.644804 -0.445088
-0.645354 -0.445337
-0.644939 -0.444701
-0.645448 -0.445136
-0.645215 -0.445506
-0.645699 -0.444667
-0.645215 -0.446446
-0.644474 -0.44466
-0.645177 -0.445454
-0.64443 -0.44522
-0.644814 -0.445003
-0.645957 -0.44514
-0.644052 -0.444884
-0.645143 -0.445754
-0.645535 -0.445181
-0.643933 -0.444682
-0.64511 -0.444852
-0.64516 -0.446293
-0.644234 -0.444303
-0.645619 -0.445849
-0.645312 -0.445523
-0.644817 -0.444428
-0.6453 -0.445029
-0.645325 -0.445094
-0.645025 -0.444348
-0.644359 -0.444279
-0.645212 -0.44508
-0.645153 -0.443922
-0.644396 -0.44436
-0.644771 -0.445473
-0.643981 -0.443273
-0.645542 -0.444528
-0.64477 -0.445161
-0.645087 -0.443394
-0.645016 -0.445373
-0.644607 -0.444298
-0.645265 -0.445126
-0.645161 -0.443968
-0.644724 -0.44476
-0.645316 -0.445557
-0.64504 -0.443555
-0.645444 -0.445745
-0.645391 -0.445167
-0.644977 -0.443996
-0.645814 -0.444996
-0.64564 -0.445034
-0.644532 -0.444113
-0.646038 -0.444828
-0.645192 -0.444291
-0.645117 -0.445785
-0.644325 -0.443555
-0.645514 -0.446034
-0.644967 -0.444875
-0.644908 -0.4443
-0.644384 -0.445005
-0.645255 -0.446289
-0.644664 -0.443649
-0.644286 -0.445722
-0.644532 -0.44513
-0.645186 -0.444722
-0.643576 -0.444324
-0.645148 -0.446238
-0.644186 -0.444192
-0.644899 -0.444505
-0.644424 -0.44553
-0.644842 -0.444042
-0.645298 -0.445012
-0.644576 -0.445169
-0.644219 -0.444137
-0.644725 -0.444901
-0.644642 -0.444242
-0.644614 -0.445087
-0.645523 -0.444461
-0.644395 -0.444733
-0.644058 -0.44399
-0.645596 -0.444816
-0.645122 -0.444801
-0.644486 -0.4438
-0.644946 -0.445207
-0.645426 -0.444485
-0.645248 -0.444509
-0.645523 -0.444187
-0.644893 -0.445361
-0.64527 -0.444543
-0.644406 -0.444269
-0.645164 -0.445611
-0.646688 -0.444584
-0.644959 -0.44406
-0.645867 -0.445214
-0.646089 -0.445615
-0.644979 -0.443832
-0.64562 -0.445898
-0.644954 -0.445066
-0.645034 -0.443903
-0.644382 -0.44503
-0.644469 -0.444688
-0.644855 -0.44459
-0.644957 -0.444149
-0.645217 -0.445543
-0.644547 -0.444307
-0.645012 -0.444621
-0.644377 -0.444253
-0.645075 -0.445964
-0.643577 -0.444311
-0.64457 -0.443937
-0.644744 -0.447341
-0.644409 -0.443793
-0.64397 -0.444118
-0.645184 -0.446201
-0.644311 -0.444002
-0.646103 -0.44423
-0.644916 -0.448249
-0.644894 -0.445059
-0.644576 -0.445179
-0.645856 -0.447216
-0.645021 -0.445788
-0.644413 -0.44419
-0.646103 -0.44912
-0.644116 -0.444955
-0.645649 -0.445799
-0.646042 -0.447276
-0.644023 -0.445095
-0.645193 -0.445563
-0.645781 -0.447239
-0.644779 -0.445356
-0.645701 -0.446389
-0.644973 -0.445619
-0.645533 -0.445947
-0.644332 -0.445913
-0.644951 -0.445279
-0.645575 -0.446203
-0.64462 -0.44586
-0.644294 -0.446108
-0.644751 -0.44557
-0.64453 -0.445649
-0.644863 -0.446377
-0.644523 -0.445567
-0.644175 -0.444639
-0.645086 -0.447329
-0.643938 -0.445381
-0.644984 -0.44535
-0.645413 -0.446545
-0.645146 -0.445313
-0.645634 -0.445415
-0.644883 -0.44621
-0.645726 -0.446463
-0.644585 -0.444562
-0.645687 -0.446698
-0.646239 -0.446132
-0.645309 -0.445163
-0.645384 -0.446084
-0.645756 -0.446274
-0.645219 -0.445826
-0.645824 -0.446088
-0.646466 -0.447469
-0.644789 -0.44531
-0.644995 -0.445115
-0.645491 -0.447419
-0.645055 -0.445608
-0.644302 -0.445479
-0.645988 -0.44712
-0.64483 -0.445647
-0.645712 -0.445942
-0.645897 -0.446093
-0.645371 -0.446708
-0.645272 -0.444919
-0.645542 -0.446854
-0.645361 -0.445405
-0.645169 -0.445833
-0.64558 -0.445588
-0.645517 -0.446314
-0.64531 -0.445139
-0.64544 -0.446202
-0.646059 -0.445397
-0.646309 -0.445681
-0.644699 -0.446132
-0.645976 -0.445259
-0.645079 -0.444591
-0.646813 -0.447176
-0.644914 -0.444571
-0.645067 -0.445739
-0.64559 -0.446371
-0.645304 -0.444548
-0.64584 -0.446128
-0.645643 -0.446097
-0.644704 -0.444589
-0.646282 -0.446452
-0.644908 -0.445957
-0.645606 -0.445242
-0.6459 -0.446241
-0.645196 -0.444815
-0.645827 -0.446203
-0.646201 -0.446054
-0.644701 -0.444806
-0.645725 -0.445622
-0.645965 -0.446698
-0.645396 -0.444342
-0.645001 -0.44709
-0.645053 -0.446609
-0.645987 -0.444717
-0.645247 -0.446949
-0.645306 -0.445845
-0.645463 -0.44484
-0.645246 -0.446012
-0.645075 -0.446501
-0.644848 -0.444751
-0.644792 -0.446421
-0.645334 -0.446501
-0.645476 -0.445674
-0.644303 -0.444347
-0.645112 -0.446877
-0.645338 -0.445316
-0.645121 -0.445221
-0.64513 -0.445565
-0.646051 -0.446776
-0.644179 -0.444116
-0.645826 -0.446223
-0.645416 -0.446453
-0.644894 -0.44465
-0.644908 -0.4453
-0.646531 -0.447187
-0.645336 -0.444646
-0.645663 -0.445423
-0.64559 -0.447314
-0.645565 -0.44507
-0.645496 -0.445084
-0.645532 -0.447021
-0.645187 -0.445668
-0.645814 -0.444907
-0.647172 -0.447933
-0.645293 -0.445156
-0.646296 -0.446217
-0.645666 -0.446655
-0.646554 -0.445895
-0.64586 -0.446269
-0.645295 -0.445231
-0.64638 -0.447173
-0.645349 -0.445452
-0.646088 -0.445858
-0.645313 -0.445792
-0.645461 -0.446079
-0.646246 -0.445472
-0.645983 -0.44555
-0.645458 -0.446221
-0.645302 -0.445771
-0.645676 -0.445692
-0.645719 -0.445779
-0.644905 -0.446074
-0.645544 -0.44503
-0.64549 -0.446514
-0.644846 -0.445689
-0.644598 -0.445264
-0.645372 -0.44613
-0.644903 -0.446224
-0.644665 -0.444733
-0.645292 -0.446878
-0.644411 -0.445709
-0.644605 -0.445361
-0.645326 -0.44652
-0.64414 -0.445025
-0.645704 -0.44621
-0.644797 -0.445189
-0.64523 -0.445464
-0.645784 -0.446459
-0.64385 -0.444458
-0.645625 -0.44576
-0.645165 -0.446555
-0.64517 -0.444286
-0.644379 -0.44595
-0.645543 -0.446236
-0.644717 -0.444665
-0.644821 -0.445849
-0.644485 -0.446377
-0.644899 -0.445231
-0.645682 -0.446211
-0.644498 -0.445568
-0.644963 -0.445488
-0.644831 -0.446049
-0.645432 -0.446809
-0.64433 -0.445296
-0.645019 -0.446988
-0.644476 -0.445926
-0.644696 -0.445611
-0.645023 -0.445987
-0.644716 -0.446386
-0.644864 -0.445605
-0.645357 -0.445232
-0.644039 -0.445899
-0.645238 -0.446115
-0.644993 -0.445181
-0.644361 -0.445661
-0.644483 -0.445914
-0.645181 -0.445054
-0.644302 -0.445684
-0.644791 -0.446352
-0.644919 -0.444343
-0.645254 -0.446306
-0.645379 -0.446653
-0.645087 -0.444233
-0.645366 -0.446796
-0.644678 -0.445207
-0.644839 -0.444729
-0.644047 -0.445721
-0.645654 -0.445488
-0.645647 -0.444144
-0.644501 -0.445178
-0.645034 -0.446011
-0.645036 -0.444164
-0.645969 -0.445135
-0.644917 -0.445831
-0.645077 -0.444031
-0.64601 -0.445067
-0.645666 -0.446001
-0.645152 -0.444229
-0.645413 -0.444665
-0.645084 -0.445328
-0.644769 -0.444962
-0.645886 -0.444123
-0.644843 -0.445182
-0.646132 -0.445114
-0.645122 -0.444109
-0.644984 -0.445469
-0.645192 -0.445419
-0.644839 -0.444492
-0.64561 -0.445282
-0.645733 -0.445726
-0.645114 -0.444751
-0.646582 -0.444839
-0.645231 -0.445771
-0.645055 -0.445447
-0.644816 -0.444232
-0.645237 -0.446853
-0.645588 -0.445367
-0.645204 -0.444572
-0.646467 -0.446119
-0.645239 -0.445512
-0.645641 -0.444711
-0.645583 -0.445748
-0.644914 -0.446014
-0.644283 -0.444299
-0.646368 -0.446132
-0.644303 -0.445342
-0.644721 -0.44464
-0.645306 -0.444767
-0.645333 -0.4459
-0.644887 -0.444401
-0.645323 -0.444744
-0.645147 -0.445687
-0.644722 -0.444074
-0.645149 -0.445217
-0.645099 -0.444376
-0.644328 -0.445248
-0.645202 -0.443586
-0.644628 -0.445061
-0.644697 -0.444495
-0.644048 -0.443775
-0.644782 -0.444226
-0.645305 -0.444947
-0.643958 -0.443079
-0.643833 -0.44422
-0.644912 -0.444655
-0.644511 -0.443728
-0.643689 -0.444472
-0.644802 -0.444811
-0.643973 -0.443507
-0.643852 -0.444744
-0.645196 -0.444765
-0.643756 -0.444273
-0.64368 -0.443654
-0.644973 -0.445387
-0.64431 -0.44428
-0.644502 -0.443593
-0.64464 -0.445303
-0.644441 -0.444722
-0.643845 -0.443297
-0.644975 -0.444798
-0.644502 -0.445035
-0.644244 -0.443497
-0.644541 -0.444524
-0.643852 -0.444917
-0.643986 -0.444337
-0.644713 -0.4441
-0.64518 -0.445614
-0.643655 -0.443384
-0.644613 -0.445536
-0.644833 -0.444454
-0.644219 -0.444194
-0.645332 -0.444781
-0.644438 -0.444601
-0.644135 -0.444843
-0.644518 -0.445145
-0.644037 -0.444217
-0.645057 -0.445107
-0.6437 -0.444627
-0.645416 -0.444264
-0.645177 -0.445899
-0.643829 -0.443567
-0.644667 -0.444395
-0.644984 -0.445687
-0.643851 -0.443475
-0.644039 -0.444968
-0.644036 -0.445502
-0.644551 -0.443631
-0.64438 -0.445834
-0.644054 -0.444725
-0.643623 -0.44312
-0.644699 -0.446429
-0.643289 -0.444164
-0.643755 -0.443891
-0.644346 -0.446207
-0.644399 -0.443233
-0.644067 -0.444798
-0.644492 -0.444884
-0.644319 -0.443909
-0.643033 -0.444354
-0.64491 -0.445498
-0.644593 -0.4433
-0.643718 -0.44585
-0.643762 -0.444067
-0.644639 -0.444022
-0.643321 -0.44459
-0.644586 -0.444954
-0.643339 -0.443713
-0.643874 -0.445189
-0.644378 -0.444457
-0.642691 -0.443614
-0.642563 -0.444341
-0.643548 -0.445619
-0.643441 -0.444122
-0.643041 -0.443585
-0.643809 -0.44553
-0.643562 -0.443811
-0.642759 -0.443872
-0.643217 -0.445168
-0.643229 -0.444026
-0.643398 -0.443966
-0.642942 -0.444501
-0.643862 -0.444612
-0.642732 -0.444176
-0.642565 -0.443801
-0.643522 -0.445223
-0.642756 -0.444854
-0.643802 -0.443323
-0.64313 -0.44588
-0.64225 -0.443992
-0.644515 -0.443886
-0.643355 -0.445063
-0.643269 -0.443778
-0.643568 -0.44354
-0.643571 -0.444481
-0.643481 -0.444472
-0.642982 -0.443442
-0.643292 -0.444327
-0.644101 -0.443875
-0.643133 -0.444368
-0.642242 -0.444656
-0.643225 -0.443196
-0.643602 -0.444919
-0.642373 -0.44411
-0.642568 -0.443774
-0.642962 -0.444889
-0.644024 -0.444137
-0.642355 -0.443653
-0.643619 -0.445527
-0.642632 -0.443858
-0.643378 -0.444068
-0.642996 -0.444715
-0.642944 -0.444363
-0.643167 -0.444649
-0.643563 -0.443943
-0.643513 -0.444599
-0.643093 -0.4437
-0.642913 -0.443926
-0.644292 -0.444288
-0.643402 -0.445106
-0.642706 -0.442634
-0.644121 -0.445873
-0.643169 -0.444246
-0.643602 -0.443459
-0.643825 -0.44565
-0.643168 -0.4428
-0.643733 -0.445166
-0.643254 -0.444071
-0.643917 -0.442672
-0.643695 -0.445349
-0.643812 -0.442724
-0.643092 -0.44384
-0.644121 -0.444895
-0.643545 -0.4423
-0.644164 -0.445369
-0.643291 -0.443307
-0.643752 -0.443093
-0.643759 -0.444495
-0.643316 -0.443271
-0.642866 -0.443066
-0.644394 -0.443638
-0.642988 -0.444127
-0.644119 -0.44318
-0.643771 -0.443752
-0.643818 -0.444057
-0.644588 -0.44373
-0.643096 -0.443388
-0.643935 -0.444937
-0.64419 -0.443478
-0.643712 -0.443512
-0.645247 -0.444802
-0.644173 -0.443713
-0.644052 -0.444023
-0.644982 -0.443732
-0.644053 -0.444133
-0.644339 -0.443623
-0.643929 -0.444186
-0.64373 -0.443964
-0.643548 -0.444263
-0.644217 -0.443602
-0.644007 -0.443427
-0.64345 -0.444612
-0.644468 -0.443943
-0.643228 -0.442907
-0.643383 -0.445327
-0.644168 -0.443684
-0.642324 -0.443359
-0.643512 -0.445366
-0.64309 -0.443184
-0.643847 -0.443231
-0.643239 -0.444779
-0.642483 -0.443457
-0.644004 -0.44301
-0.644302 -0.444473
-0.642915 -0.443245
-0.644431 -0.443247
-0.643487 -0.444123
-0.644528 -0.443827
-0.643431 -0.443137
-0.644937 -0.444886
-0.643535 -0.442608
-0.644154 -0.443881
-0.643725 -0.443868
-0.643162 -0.443048
-0.64421 -0.443234
-0.644667 -0.443955
-0.643687 -0.442389
-0.644276 -0.444121
-0.644117 -0.44273
-0.64501 -0.442981
-0.644541 -0.443534
-0.643982 -0.442902
-0.644925 -0.443002
-0.645368 -0.444715
-0.643442 -0.442099
-0.64457 -0.444087
-0.64426 -0.443948
-0.643338 -0.442921
-0.644945 -0.442815
-0.644228 -0.444984
-0.644666 -0.443304
-0.643176 -0.442881
-0.643835 -0.444076
-0.644253 -0.444174
-0.642943 -0.441775
-0.644236 -0.444009
-0.644726 -0.445328
-0.642925 -0.441109
-0.644796 -0.445014
-0.643957 -0.444245
-0.644016 -0.44179
-0.644163 -0.442947
-0.643731 -0.444355
-0.643873 -0.442482
-0.643686 -0.442213
-0.643847 -0.444496
-0.643755 -0.442828
-0.643525 -0.441943
-0.643921 -0.443555
-0.644049 -0.444631
-0.643589 -0.44152
-0.643849 -0.444686
-0.643626 -0.443713
-0.644121 -0.442343
-0.645115 -0.443363
-0.64383 -0.444344
-0.644475 -0.442582
-0.643598 -0.443838
-0.643508 -0.443673
-0.643582 -0.443011
-0.64436 -0.443236
-0.643096 -0.443354
-0.645347 -0.443555
-0.643449 -0.443425
-0.644132 -0.443627
-0.643801 -0.443345
-0.644875 -0.443604
-0.643292 -0.443778
-0.643431 -0.442849
-0.644969 -0.444267
-0.644027 -0.443255
-0.644442 -0.443011
-0.643832 -0.443768
-0.643109 -0.443155
-0.644672 -0.443234
-0.643341 -0.443341
-0.642989 -0.443598
-0.643042 -0.442491
-0.643962 -0.444141
-0.643273 -0.443519
-0.643543 -0.442426
-0.644381 -0.443666
-0.643648 -0.444108
-0.643527 -0.442871
-0.644043 -0.443764
-0.643537 -0.443857
-0.643824 -0.443408
-0.644023 -0.443279
-0.643829 -0.443851
-0.643837 -0.443645
-0.64363 -0.443568
-0.6439 -0.444312
-0.643808 -0.443226
-0.644653 -0.444307
-0.644201 -0.444211
-0.644401 -0.44344
-0.644552 -0.444732
-0.644942 -0.44428
-0.644576 -0.44365
-0.644462 -0.444148
-0.645134 -0.444387
-0.644639 -0.442973
-0.644513 -0.444525
-0.645025 -0.443483
-0.644317 -0.443463
-0.644969 -0.444602
-0.644507 -0.443492
-0.644575 -0.443203
-0.644685 -0.443869
-0.644005 -0.443506
-0.644892 -0.44407
-0.644463 -0.443252
-0.644024 -0.443485
-0.644736 -0.444385
-0.643519 -0.443283
-0.644952 -0.443897
-0.643529 -0.443846
-0.643264 -0.443434
-0.643889 -0.444012
-0.643916 -0.443315
-0.643452 -0.445187
-0.644715 -0.44276
-0.643758 -0.443546
-0.644193 -0.445028
-0.643728 -0.442472
-0.644719 -0.44352
-0.644666 -0.445515
-0.643519 -0.44265
-0.64372 -0.44282
-0.644236 -0.446433
-0.644127 -0.44282
-0.644226 -0.442938
-0.644811 -0.446041
-0.643537 -0.442527
-0.644216 -0.443131
-0.644748 -0.445022
-0.644091 -0.443362
-0.643823 -0.442708
-0.644968 -0.444752
-0.644197 -0.444888
-0.643407 -0.442055
-0.64515 -0.445359
-0.644624 -0.443938
-0.643957 -0.44311
-0.64391 -0.444288
-0.64434 -0.444034
-0.644047 -0.4431
-0.643559 -0.443947
-0.644379 -0.444629
-0.643804 -0.442865
-0.64457 -0.444424
-0.643546 -0.44366
-0.644221 -0.443024
-0.643841 -0.445367
-0.643357 -0.442682
-0.644802 -0.443453
-0.644335 -0.445977
-0.64348 -0.442296
-0.64407 -0.444728
-0.644748 -0.445421
-0.64326 -0.442706
-0.643675 -0.444001
-0.645134 -0.445445
-0.643921 -0.442592
-0.644777 -0.444451
-0.644832 -0.444691
-0.643275 -0.442441
-0.645332 -0.444317
-0.643851 -0.44345
-0.643844 -0.443149
-0.64478 -0.444672
-0.643564 -0.442861
-0.644038 -0.444114
-0.643866 -0.443549
-0.64409 -0.443743
-0.644075 -0.44418
-0.644505 -0.442846
-0.644592 -0.444578
-0.643909 -0.443115
-0.64377 -0.444042
-0.644235 -0.443929
-0.643652 -0.443343
-0.64448 -0.444549
-0.644412 -0.44387
-0.644406 -0.443738
-0.643996 -0.443607
-0.644126 -0.443681
-0.644807 -0.44407
-0.643795 -0.443257
-0.644447 -0.444131
-0.64322 -0.44364
-0.644298 -0.444095
-0.643879 -0.443463
-0.644048 -0.444289
-0.643736 -0.444474
-0.644151 -0.443389
-0.644051 -0.444449
-0.643788 -0.445146
-0.644116 -0.443335
-0.643417 -0.444899
-0.644986 -0.445079
-0.64354 -0.443111
-0.644526 -0.445233
-0.644297 -0.443993
-0.643279 -0.443437
-0.644531 -0.444582
-0.643546 -0.444409
-0.644448 -0.443648
-0.644049 -0.444772
-0.64318 -0.44415
-0.644673 -0.44394
-0.644402 -0.444862
-0.643776 -0.443764
-0.643552 -0.444164
-0.64367 -0.444586
-0.643603 -0.444292
-0.643193 -0.443929
-0.643128 -0.443731
-0.644705 -0.445837
-0.643208 -0.443067
-0.643017 -0.444835
-0.64406 -0.445258
-0.643463 -0.443197
-0.644203 -0.445394
-0.643899 -0.444572
-0.643211 -0.442956
-0.645053 -0.445089
-0.643419 -0.444881
-0.643364 -0.443707
-0.643823 -0.444206
-0.644199 -0.445859
-0.643642 -0.443733
-0.643515 -0.444313
-0.644584 -0.445342
-0.643299 -0.444121
-0.644321 -0.443527
-0.64398 -0.444698
-0.643227 -0.445105
-0.642708 -0.4427
-0.644475 -0.445148
-0.643407 -0.445085
-0.643098 -0.443208
-0.643334 -0.444025
-0.642807 -0.444992
-0.643382 -0.44325
-0.643266 -0.443135
-0.642834 -0.444991
-0.643528 -0.443806
-0.643745 -0.442707
-0.64295 -0.44403
-0.643463 -0.444637
-0.64264 -0.442774
-0.643162 -0.443697
-0.644152 -0.44607
-0.642571 -0.442815
-0.642304 -0.442948
-0.644611 -0.446515
-0.643042 -0.442836
-0.643648 -0.443091
-0.643798 -0.446001
-0.643986 -0.442816
-0.643761 -0.442759
-0.643576 -0.445253
-0.643245 -0.443304
-0.642698 -0.443384
-0.643599 -0.443457
-0.643749 -0.443988
-0.642856 -0.443685
-0.643752 -0.443239
-0.643236 -0.443931
-0.643908 -0.44502
-0.643252 -0.442609
-0.643851 -0.443815
-0.64384 -0.44505
-0.642772 -0.442957
-0.643466 -0.44358
-0.643799 -0.445636
-0.643376 -0.442719
-0.64377 -0.443784
-0.643231 -0.444866
-0.643174 -0.443166
-0.644245 -0.444113
-0.642685 -0.442909
-0.643392 -0.445124
-0.643338 -0.443541
-0.644112 -0.443244
-0.643158 -0.445239
-0.643055 -0.443755
-0.643355 -0.443572
-0.643565 -0.446323
-0.64339 -0.444694
-0.64322 -0.444662
-0.64299 -0.446059
-0.643925 -0.444341
-0.64347 -0.444849
-0.643103 -0.445429
-0.643126 -0.445247
-0.643488 -0.444844
-0.64338 -0.445432
-0.643144 -0.445102
-0.643626 -0.445653
-0.643536 -0.445916
-0.643664 -0.444563
-0.643683 -0.445879
-0.643339 -0.444886
-0.643779 -0.445228
-0.644139 -0.445423
-0.64315 -0.445234
-0.643624 -0.445678
-0.643416 -0.445491
-0.644281 -0.445041
-0.643155 -0.446745
-0.642962 -0.444784
-0.643912 -0.446011
-0.643498 -0.446332
-0.642853 -0.444593
-0.643865 -0.44505
-0.643698 -0.446893
-0.643216 -0.44522
-0.64321 -0.444631
-0.643859 -0.448232
-0.643832 -0.444637
-0.643406 -0.444172
-0.645092 -0.447976
-0.642613 -0.444521
-0.643491 -0.443868
-0.644309 -0.447605
-0.643378 -0.444545
-0.643084 -0.443907
-0.643596 -0.446051
-0.643565 -0.446152
-0.642893 -0.443658
-0.643755 -0.445614
-0.643631 -0.445924
-0.643902 -0.444729
-0.642619 -0.44487
-0.643807 -0.44508
-0.643335 -0.445087
-0.643274 -0.445366
-0.643139 -0.444145
-0.643783 -0.446994
-0.642345 -0.444244
-0.643917 -0.445058
-0.643812 -0.447317
-0.642749 -0.444537
-0.643057 -0.444941
-0.643649 -0.446438
-0.642553 -0.445137
-0.643447 -0.444957
-0.643494 -0.445726
-0.643622 -0.446427
-0.643582 -0.444378
-0.642262 -0.445892
-0.643507 -0.446104
-0.642917 -0.44533
-0.643049 -0.444875
-0.643203 -0.446696
-0.644179 -0.445375
-0.643003 -0.445058
-0.643335 -0.446394
-0.643873 -0.44526
-0.643279 -0.445637
-0.643787 -0.44618
-0.643932 -0.445434
-0.643761 -0.445359
-0.643717 -0.446502
-0.643 -0.444739
-0.644702 -0.445726
-0.642695 -0.44598
-0.643422 -0.444656
-0.6437 -0.445533
-0.64344 -0.446035
-0.642587 -0.444626
-0.644084 -0.445632
-0.643901 -0.445979
-0.644217 -0.444925
-0.643199 -0.446245
-0.643019 -0.445228
-0.643145 -0.445306
-0.643548 -0.445799
-0.64365 -0.444953
-0.643433 -0.446366
-0.643809 -0.445062
-0.643898 -0.445498
-0.64356 -0.445559
-0.643434 -0.446304
-0.642636 -0.44532
-0.643718 -0.446024
-0.643537 -0.446299
-0.64336 -0.444997
-0.643585 -0.447042
-0.643117 -0.445555
-0.644403 -0.445248
-0.643434 -0.446253
-0.643948 -0.44594
-0.642563 -0.445025
-0.64464 -0.445773
-0.643472 -0.445836
-0.64396 -0.445612
-0.643311 -0.445161
-0.643597 -0.447369
-0.644229 -0.444663
-0.644404 -0.446339
-0.643538 -0.446913
-0.64346 -0.445633
-0.644038 -0.44611
-0.643574 -0.446477
-0.644314 -0.446402
-0.64435 -0.445906
-0.64474 -0.446771
-0.643904 -0.446726
-0.644264 -0.44597
-0.644494 -0.446743
-0.644057 -0.446656
-0.644587 -0.44566
-0.644433 -0.447004
-0.644482 -0.44632
-0.64433 -0.445637
-0.644957 -0.4488
-0.642818 -0.444386
-0.645992 -0.447905
-0.644184 -0.446758
-0.643515 -0.44511
-0.643732 -0.447627
-0.644012 -0.445804
-0.643843 -0.44573
-0.643111 -0.446964
-0.643486 -0.446294
-0.643746 -0.446054
-0.643745 -0.446321
-0.642993 -0.446381
-0.643919 -0.446136
-0.643965 -0.446154
-0.643629 -0.445774
-0.643687 -0.446157
