0 0
-0.171224 -0.161131
-0.331087 -0.314084
-0.477067 -0.452477
-0.613455 -0.583935
-0.737381 -0.704101
-0.846403 -0.813484
-0.945668 -0.913322
-1.03145 -1.00009
-1.099 -1.08027
-1.16083 -1.14654
-1.20629 -1.20484
-1.23585 -1.25458
-1.2653 -1.29077
-1.27393 -1.32822
-1.28412 -1.35346
-1.28789 -1.38159
-1.29139 -1.3981
-1.29051 -1.41918
-1.28297 -1.42311
-1.28258 -1.41101
-1.28431 -1.42825
-1.2804 -1.4448
-1.27899 -1.44946
-1.2697 -1.45387
-1.2701 -1.4504
-1.26773 -1.46178
-1.25131 -1.46255
-1.25706 -1.46804
-1.23743 -1.43992
-1.26166 -1.46218
-1.26126 -1.45747
-1.26342 -1.45657
-1.26629 -1.45661
-1.2664 -1.45832
-1.26814 -1.45195
-1.26909 -1.45027
-1.27084 -1.44685
-1.2688 -1.44669
-1.27114 -1.44576
-1.27153 -1.44487
-1.27366 -1.4388
-1.27273 -1.43835
-1.27502 -1.44044
-1.27688 -1.43593
-1.27867 -1.43397
-1.28076 -1.43702
-1.27762 -1.43707
-1.28182 -1.43446
-1.27994 -1.43317
-1.28191 -1.43386
-1.28663 -1.43008
-1.28152 -1.43352
-1.28262 -1.42882
-1.2814 -1.43197
-1.28509 -1.43265
-1.28421 -1.42871
-1.285 -1.43011
-1.28793 -1.42679
-1.28477 -1.43036
-1.28453 -1.42361
-1.28973 -1.42534
-1.28702 -1.42358
-1.28813 -1.42422
-1.28752 -1.42505
-1.28783 -1.42692
-1.28851 -1.41909
-1.29007 -1.42256
-1.29066 -1.42229
-1.29008 -1.41665
-1.29236 -1.41892
-1.29376 -1.41871
-1.29109 -1.41684
-1.29531 -1.41888
-1.29541 -1.41644
-1.2932 -1.41857
-1.29342 -1.41755
-1.28983 -1.41885
-1.29439 -1.41427
-1.29666 -1.4111
-1.29524 -1.40989
-1.29701 -1.41157
-1.29602 -1.41001
-1.29304 -1.41017
-1.29785 -1.41098
-1.29584 -1.40964
-1.29872 -1.40346
-1.29774 -1.40952
-1.2984 -1.40461
-1.30096 -1.40344
-1.30085 -1.4027
-1.30259 -1.40156
-1.30023 -1.40206
-1.29959 -1.40333
-1.30317 -1.40247
-1.29875 -1.4019
-1.30158 -1.40252
-1.30082 -1.40194
-1.30323 -1.39635
-1.30211 -1.39819
-1.30342 -1.39631
-1.30049 -1.40039
-1.30316 -1.39973
-1.30278 -1.39702
-1.30663 -1.39275
-1.30622 -1.3924
-1.30708 -1.39431
-1.30542 -1.39314
-1.30742 -1.39192
-1.3049 -1.39158
-1.30487 -1.38923
-1.30573 -1.39264
-1.30292 -1.39356
-1.30591 -1.3901
-1.30836 -1.38981
-1.30563 -1.38927
-1.30673 -1.39145
-1.30694 -1.38698
-1.306 -1.38791
-1.30808 -1.38693
-1.30762 -1.38612
-1.3102 -1.38647
-1.30842 -1.38409
-1.30612 -1.38555
-1.30771 -1.38772
-1.30924 -1.38456
-1.30813 -1.38889
-1.31048 -1.38424
-1.31006 -1.38602
-1.30948 -1.38583
-1.31019 -1.38615
-1.31036 -1.38327
-1.30797 -1.38777
-1.31065 -1.38251
-1.31002 -1.38354
-1.30907 -1.38099
-1.3112 -1.38188
-1.3103 -1.38291
-1.30838 -1.38347
-1.31063 -1.37707
-1.30939 -1.37894
-1.31059 -1.37909
-1.3071 -1.38051
-1.31077 -1.37756
-1.30956 -1.37709
-1.31094 -1.37484
-1.30934 -1.3755
-1.31298 -1.37401
-1.30756 -1.37544
-1.30895 -1.37764
-1.30712 -1.37431
-1.30984 -1.37596
-1.30602 -1.37477
-1.31256 -1.37435
-1.30878 -1.37668
-1.30866 -1.3755
-1.31051 -1.37375
-1.30897 -1.37262
-1.30572 -1.37646
-1.31104 -1.37523
-1.30734 -1.37378
-1.31219 -1.37354
-1.30922 -1.37136
-1.30845 -1.3728
-1.30955 -1.37457
-1.30666 -1.37002
-1.30919 -1.37526
-1.3094 -1.37453
-1.30865 -1.37082
-1.31242 -1.36871
-1.30977 -1.37413
-1.30926 -1.3701
-1.31179 -1.368
-1.30885 -1.37124
-1.3106 -1.36962
-1.31084 -1.36962
-1.31365 -1.36618
-1.31107 -1.36378
-1.31151 -1.36615
-1.3142 -1.36706
-1.31435 -1.36764
-1.31179 -1.36838
-1.31378 -1.36655
-1.31298 -1.36455
-1.31274 -1.36709
-1.31154 -1.36715
-1.31205 -1.36503
-1.31212 -1.36841
-1.31279 -1.36647
-1.30912 -1.36738
-1.31056 -1.36293
-1.31102 -1.36244
-1.31262 -1.36027
-1.31538 -1.36143
-1.31131 -1.36323
-1.31101 -1.36184
-1.3095 -1.36232
-1.31207 -1.35958
-1.31283 -1.35451
-1.31523 -1.35985
-1.31134 -1.35652
-1.31088 -1.35825
-1.30946 -1.35813
-1.31086 -1.35712
-1.31205 -1.35613
-1.31286 -1.35613
-1.30814 -1.35649
-1.30916 -1.35966
-1.30794 -1.35975
-1.31236 -1.35436
-1.31005 -1.35377
-1.31162 -1.35499
-1.30998 -1.35407
-1.31109 -1.35274
-1.31123 -1.35566
-1.31172 -1.34976
-1.30851 -1.35713
-1.30866 -1.35455
-1.30744 -1.35854
-1.30679 -1.35261
-1.30831 -1.35603
-1.30707 -1.35384
-1.31064 -1.35641
-1.30537 -1.3555
-1.30535 -1.35367
-1.3087 -1.35259
-1.30653 -1.34901
-1.30632 -1.35202
-1.30511 -1.35366
-1.30493 -1.356
-1.309 -1.351
-1.30211 -1.35377
-1.30662 -1.34981
-1.3081 -1.35059
-1.30276 -1.35535
-1.30637 -1.35174
-1.3058 -1.34957
-1.30294 -1.35233
-1.3059 -1.3526
-1.30586 -1.34862
-1.30482 -1.34918
-1.3043 -1.34716
-1.30624 -1.349
-1.30795 -1.35025
-1.30401 -1.34733
-1.30862 -1.34752
-1.30598 -1.34697
-1.3084 -1.34906
-1.30392 -1.34767
-1.30664 -1.34674
-1.3043 -1.34669
-1.30095 -1.35068
-1.30205 -1.34828
-1.30284 -1.35049
-1.30196 -1.34776
-1.30081 -1.34895
-1.30521 -1.34898
-1.30345 -1.34695
-1.30226 -1.34926
-1.30268 -1.34533
-1.30241 -1.3455
-1.30359 -1.34638
-1.30589 -1.34318
-1.30417 -1.34485
-1.30286 -1.34101
-1.30342 -1.34388
-1.30223 -1.34354
-1.30065 -1.34571
-1.30236 -1.34068
-1.30279 -1.344
-1.30513 -1.34205
-1.30466 -1.34041
-1.30424 -1.3428
-1.30136 -1.34376
-1.29984 -1.34099
-1.30245 -1.33972
-1.30455 -1.34301
-1.30107 -1.34594
-1.30188 -1.34561
-1.30517 -1.33862
-1.30383 -1.33873
-1.30334 -1.33846
-1.30311 -1.33546
-1.30285 -1.34038
-1.30525 -1.33891
-1.30399 -1.33635
-1.30745 -1.33731
-1.30363 -1.33742
-1.30413 -1.33679
-1.30063 -1.34143
-1.30569 -1.33936
-1.3053 -1.33709
-1.30442 -1.33684
-1.30404 -1.33871
-1.30452 -1.33922
-1.30318 -1.33771
-1.30554 -1.33467
-1.30532 -1.3337
-1.30404 -1.33603
-1.30409 -1.33632
-1.30378 -1.33748
-1.29997 -1.3358
-1.30461 -1.33433
-1.2999 -1.33634
-1.30153 -1.33487
-1.30623 -1.33142
-1.30265 -1.33295
-1.30336 -1.331
-1.30188 -1.33184
-1.30109 -1.33155
-1.30345 -1.33115
-1.30388 -1.33608
-1.30409 -1.32909
-1.3015 -1.33647
-1.30127 -1.32892
-1.30584 -1.33088
-1.30501 -1.32965
-1.30501 -1.32824
-1.30424 -1.33105
-1.30421 -1.32795
-1.30561 -1.32986
-1.30311 -1.33312
-1.30282 -1.33048
-1.30036 -1.3349
-1.30202 -1.32655
-1.30034 -1.33293
-1.30317 -1.33061
-1.3005 -1.32977
-1.30041 -1.33346
-1.3015 -1.33271
-1.30175 -1.32845
-1.29692 -1.3309
-1.30019 -1.33399
-1.29852 -1.33236
-1.29991 -1.32972
-1.29555 -1.33196
-1.29972 -1.32882
-1.30264 -1.32896
-1.30035 -1.32683
-1.29805 -1.32936
-1.29902 -1.32682
-1.3005 -1.32999
-1.30073 -1.3279
-1.29859 -1.32891
-1.30203 -1.32773
-1.30471 -1.32446
-1.30238 -1.32686
-1.30003 -1.32519
-1.30396 -1.32629
-1.30042 -1.32832
-1.29996 -1.32699
-1.30036 -1.32693
-1.30188 -1.32601
-1.3025 -1.32537
-1.30055 -1.32549
-1.29952 -1.32513
-1.30047 -1.32439
-1.29626 -1.32582
-1.30039 -1.32239
-1.2966 -1.32437
-1.29993 -1.32593
-1.29893 -1.32713
-1.29606 -1.32624
-1.2992 -1.32845
-1.29734 -1.32207
-1.29822 -1.32395
-1.29497 -1.32433
-1.29508 -1.32743
-1.29642 -1.32199
-1.29732 -1.32683
-1.29638 -1.32109
-1.29489 -1.32646
-1.29349 -1.32239
-1.29555 -1.32257
-1.29583 -1.32436
-1.29412 -1.32176
-1.29586 -1.32683
-1.29752 -1.32246
-1.29486 -1.32453
-1.29538 -1.32089
-1.29655 -1.32278
-1.2964 -1.325
-1.29198 -1.32302
-1.29296 -1.32313
-1.29104 -1.32529
-1.29323 -1.32232
-1.29479 -1.3231
-1.29398 -1.32214
-1.29581 -1.31883
-1.29495 -1.32316
-1.29404 -1.32418
-1.29518 -1.31928
-1.29503 -1.32386
-1.29508 -1.32228
-1.29784 -1.32242
-1.29429 -1.32215
-1.29451 -1.32428
-1.29398 -1.31947
-1.29193 -1.32094
-1.29457 -1.31777
-1.29122 -1.32321
-1.29153 -1.32395
-1.29348 -1.31786
-1.29402 -1.32193
-1.29622 -1.31761
-1.29403 -1.31979
-1.29385 -1.32143
-1.29037 -1.32211
-1.29423 -1.32002
-1.29498 -1.32175
-1.29709 -1.3187
-1.29743 -1.31945
-1.29778 -1.31898
-1.29534 -1.32111
-1.29135 -1.32285
-1.29467 -1.31873
-1.29454 -1.32036
-1.29539 -1.3184
-1.29548 -1.31822
-1.29734 -1.31858
-1.29098 -1.31984
-1.29433 -1.31905
-1.2889 -1.31913
-1.29421 -1.32044
-1.29289 -1.31616
-1.29545 -1.31723
-1.29772 -1.3165
-1.29475 -1.31603
-1.29442 -1.31907
-1.29343 -1.31734
-1.2963 -1.31247
-1.2952 -1.31677
-1.29816 -1.31706
-1.29304 -1.31742
-1.2961 -1.31543
-1.29388 -1.31908
-1.29208 -1.3192
-1.29223 -1.31657
-1.29162 -1.31771
-1.29009 -1.31683
-1.293 -1.31711
-1.2911 -1.31662
-1.29275 -1.31694
-1.29016 -1.31681
-1.28782 -1.32021
-1.29236 -1.31658
-1.29414 -1.31467
-1.29215 -1.31454
-1.29175 -1.31572
-1.28996 -1.31789
-1.29107 -1.31609
-1.28842 -1.31567
-1.2922 -1.31629
-1.29555 -1.31421
-1.2894 -1.31643
-1.29289 -1.3153
-1.28925 -1.31476
-1.28974 -1.31643
-1.29252 -1.31557
-1.28923 -1.31188
-1.29325 -1.31439
-1.28781 -1.31502
-1.29143 -1.31563
-1.29019 -1.3119
-1.29008 -1.31513
-1.29121 -1.31225
-1.29533 -1.31092
-1.28932 -1.3083
-1.28935 -1.3126
-1.28962 -1.31368
-1.29035 -1.3159
-1.29108 -1.31265
-1.28957 -1.30958
-1.28672 -1.31442
-1.29107 -1.31034
-1.29001 -1.31071
-1.28761 -1.31112
-1.28746 -1.31325
-1.28319 -1.31333
-1.28691 -1.31469
-1.28992 -1.31146
-1.28717 -1.30946
-1.28763 -1.31343
-1.2866 -1.31182
-1.28705 -1.3114
-1.28693 -1.31109
-1.28713 -1.31009
-1.28606 -1.31239
-1.28835 -1.31277
-1.2887 -1.30879
-1.29031 -1.31195
-1.28713 -1.31159
-1.28766 -1.31332
-1.28866 -1.30945
-1.28965 -1.30909
-1.28818 -1.30993
-1.28973 -1.31321
-1.28736 -1.31161
-1.28458 -1.31253
-1.28938 -1.3094
-1.28635 -1.31238
-1.28863 -1.31354
-1.28827 -1.31005
-1.28744 -1.31092
-1.28733 -1.31252
-1.28916 -1.30897
-1.28646 -1.30783
-1.28572 -1.31021
-1.286 -1.31005
-1.28605 -1.31264
-1.28683 -1.31244
-1.28395 -1.30973
-1.28381 -1.31105
-1.2858 -1.31095
-1.28772 -1.30547
-1.28517 -1.31068
-1.28554 -1.30993
-1.28435 -1.30729
-1.2845 -1.30852
-1.28527 -1.31071
-1.28442 -1.30609
-1.28401 -1.30714
-1.28577 -1.30569
-1.2864 -1.30506
-1.28594 -1.30668
-1.28631 -1.3063
-1.28472 -1.309
-1.28479 -1.30412
-1.28297 -1.30802
-1.28622 -1.30582
-1.28425 -1.30591
-1.28423 -1.3098
-1.27959 -1.30983
-1.28611 -1.30334
-1.2864 -1.30473
-1.28614 -1.30312
-1.28926 -1.30199
-1.28527 -1.30506
-1.28494 -1.30376
-1.28632 -1.30449
-1.28348 -1.30626
-1.28738 -1.30298
-1.28624 -1.30251
-1.28712 -1.30168
-1.28585 -1.30369
-1.28496 -1.30246
-1.28791 -1.30105
-1.28318 -1.30662
-1.28521 -1.3024
-1.2847 -1.304
-1.28535 -1.30237
-1.28427 -1.30142
-1.28443 -1.30222
-1.28199 -1.304
-1.28254 -1.30612
-1.28532 -1.30283
-1.28499 -1.30219
-1.2871 -1.30059
-1.28481 -1.29943
-1.28377 -1.30323
-1.28345 -1.30313
-1.28762 -1.30336
-1.28095 -1.30517
-1.28235 -1.29836
-1.28473 -1.30062
-1.28596 -1.29682
-1.28432 -1.29698
-1.28635 -1.2999
-1.28499 -1.29961
-1.28358 -1.29942
-1.28773 -1.29632
-1.28517 -1.29938
-1.28551 -1.29939
-1.28437 -1.29519
-1.28141 -1.30062
-1.28354 -1.29593
-1.27813 -1.3011
-1.28101 -1.29614
-1.28586 -1.30031
-1.28107 -1.29868
-1.28436 -1.29707
-1.28519 -1.29331
-1.2818 -1.29784
-1.28152 -1.29504
-1.28416 -1.29399
-1.28303 -1.2958
-1.28092 -1.29501
-1.28505 -1.29156
-1.28282 -1.29345
-1.2843 -1.29308
-1.28067 -1.29178
-1.28395 -1.29252
-1.27999 -1.29379
-1.28405 -1.29026
-1.28214 -1.29249
-1.27914 -1.29394
-1.27887 -1.2946
-1.27847 -1.29511
-1.27759 -1.29507
-1.28017 -1.29476
-1.27838 -1.29518
-1.282 -1.29284
-1.27491 -1.29679
-1.27813 -1.29439
-1.27872 -1.29534
-1.27509 -1.29833
-1.27672 -1.29453
-1.27565 -1.29713
-1.27757 -1.2915
-1.27671 -1.29361
-1.28111 -1.29127
-1.27793 -1.29711
-1.27763 -1.29346
-1.27745 -1.29477
-1.27821 -1.29438
-1.27628 -1.29881
-1.28027 -1.29095
-1.27944 -1.29623
-1.27626 -1.2925
-1.27924 -1.2931
-1.27557 -1.2955
-1.27793 -1.29743
-1.27661 -1.29331
-1.27734 -1.29474
-1.2759 -1.29502
-1.27616 -1.29103
-1.27343 -1.29646
-1.27649 -1.29288
-1.27561 -1.29423
-1.27104 -1.29803
-1.27558 -1.29356
-1.27314 -1.29635
-1.27512 -1.29035
-1.27613 -1.29294
-1.27675 -1.29034
-1.27627 -1.29388
-1.27461 -1.29202
-1.27487 -1.29198
-1.2753 -1.29407
-1.27533 -1.29276
-1.27225 -1.29105
-1.27462 -1.29275
-1.27524 -1.28948
-1.27281 -1.29294
-1.27384 -1.29359
-1.27279 -1.29245
-1.27297 -1.29185
-1.27651 -1.29117
-1.27457 -1.29361
-1.27593 -1.29028
-1.2722 -1.29284
-1.27239 -1.29436
-1.27386 -1.29276
-1.27412 -1.28961
-1.27721 -1.28584
-1.27785 -1.28955
-1.2746 -1.29038
-1.27485 -1.28768
-1.2738 -1.29244
-1.27422 -1.28844
-1.2753 -1.29164
-1.27419 -1.28731
-1.27202 -1.28911
-1.27421 -1.29195
-1.27441 -1.2904
-1.27386 -1.28941
-1.27586 -1.29357
-1.27368 -1.28695
-1.27614 -1.28531
-1.276 -1.28646
-1.27449 -1.28456
-1.27388 -1.28519
-1.27474 -1.28688
-1.27173 -1.28739
-1.27001 -1.28829
-1.27172 -1.28899
-1.26918 -1.28768
-1.27316 -1.2895
-1.27234 -1.28825
-1.27244 -1.28692
-1.26959 -1.28757
-1.27401 -1.28766
-1.27067 -1.28779
-1.27462 -1.28491
-1.27537 -1.28702
-1.273 -1.28891
-1.2715 -1.2873
-1.26987 -1.29125
-1.26802 -1.29113
-1.27375 -1.288
-1.26987 -1.2913
-1.26981 -1.28782
-1.27134 -1.28845
-1.27251 -1.28659
-1.26907 -1.29133
-1.27418 -1.28545
-1.26883 -1.28909
-1.27174 -1.28754
-1.26975 -1.28799
-1.27353 -1.28624
-1.26905 -1.28886
-1.27213 -1.28832
-1.26925 -1.28775
-1.27006 -1.28693
-1.27114 -1.28598
-1.26914 -1.28797
-1.27062 -1.2869
-1.26978 -1.28608
-1.27174 -1.28304
-1.26879 -1.2866
-1.2686 -1.28904
-1.2702 -1.28567
-1.26703 -1.28888
-1.26674 -1.28907
-1.27008 -1.28504
-1.2695 -1.28634
-1.26738 -1.28535
-1.26919 -1.28283
-1.26794 -1.28306
-1.26754 -1.2852
-1.26907 -1.28429
-1.27141 -1.28639
-1.26743 -1.28489
-1.26932 -1.2869
-1.26841 -1.2875
-1.26657 -1.28678
-1.2674 -1.28515
-1.26684 -1.28553
-1.26458 -1.28966
-1.269 -1.28314
-1.26402 -1.28818
-1.26599 -1.2871
-1.26996 -1.28556
-1.26681 -1.28653
-1.26794 -1.28668
-1.26882 -1.28355
-1.26836 -1.28588
-1.26776 -1.28796
-1.26651 -1.28459
-1.27003 -1.28342
-1.26894 -1.28423
-1.26839 -1.28123
-1.2711 -1.28438
-1.26816 -1.28302
-1.26936 -1.28656
-1.26808 -1.28574
-1.26566 -1.29017
-1.26844 -1.28515
-1.26604 -1.28369
-1.26916 -1.28299
-1.26947 -1.28181
-1.26653 -1.28281
-1.26661 -1.28449
-1.26737 -1.28722
-1.26634 -1.28147
-1.26538 -1.2867
-1.26541 -1.28525
-1.26516 -1.28216
-1.26866 -1.28676
-1.26564 -1.28358
-1.26418 -1.28416
-1.26678 -1.28541
-1.26464 -1.28387
-1.26497 -1.28569
-1.26336 -1.28391
-1.26461 -1.28522
-1.26554 -1.28713
-1.26703 -1.28447
-1.26528 -1.28208
-1.26656 -1.28495
-1.26634 -1.27947
-1.26499 -1.28143
-1.26606 -1.28244
-1.26001 -1.28455
-1.25984 -1.28577
-1.26389 -1.28166
-1.26304 -1.28406
-1.26129 -1.28361
-1.26068 -1.28397
-1.25958 -1.28363
-1.26025 -1.28402
-1.26076 -1.2823
-1.25886 -1.28411
-1.26329 -1.2795
-1.26271 -1.27886
-1.26164 -1.27953
-1.26142 -1.28041
-1.25822 -1.28157
-1.25939 -1.2828
-1.26107 -1.28048
-1.26062 -1.28202
-1.25928 -1.28012
-1.26035 -1.28137
-1.25952 -1.27961
-1.26089 -1.2805
-1.26022 -1.28095
-1.25965 -1.27934
-1.26303 -1.27788
-1.2633 -1.27618
-1.25996 -1.27814
-1.26205 -1.27647
-1.26515 -1.27589
-1.26202 -1.28026
-1.26466 -1.27718
-1.26595 -1.27225
-1.26413 -1.27669
-1.26193 -1.27563
-1.26311 -1.2795
-1.26395 -1.27539
-1.26029 -1.27887
-1.25977 -1.27972
-1.26055 -1.27636
-1.26196 -1.28028
-1.26092 -1.27626
-1.25926 -1.28097
-1.25887 -1.27811
-1.26086 -1.27411
-1.26323 -1.27856
-1.26473 -1.27214
-1.26121 -1.27752
-1.2621 -1.27608
-1.26345 -1.27773
-1.26175 -1.27599
-1.26213 -1.27886
-1.26285 -1.27458
-1.26271 -1.27621
-1.26395 -1.2738
-1.26045 -1.27504
-1.26307 -1.27599
-1.25989 -1.27609
-1.26317 -1.27413
-1.26107 -1.27776
-1.25985 -1.27778
-1.26266 -1.27274
-1.25804 -1.28152
-1.2613 -1.27337
-1.25993 -1.2756
-1.2611 -1.27425
-1.26078 -1.27465
-1.26033 -1.27427
-1.26099 -1.27292
-1.25758 -1.27622
-1.25883 -1.2743
-1.26343 -1.27331
-1.25789 -1.27432
-1.25986 -1.27299
-1.26212 -1.27366
-1.26056 -1.27228
-1.26445 -1.27036
-1.26356 -1.27122
-1.2606 -1.27207
-1.26365 -1.2739
-1.26054 -1.27541
-1.26045 -1.27468
-1.26251 -1.27068
-1.26205 -1.27249
-1.26104 -1.27173
-1.26259 -1.26976
-1.26283 -1.2707
-1.25833 -1.274
-1.25916 -1.27299
-1.26086 -1.27163
-1.26332 -1.27028
-1.26008 -1.26937
-1.25969 -1.27095
-1.25852 -1.27224
-1.25942 -1.2733
-1.25738 -1.26978
-1.25782 -1.27357
-1.25835 -1.27173
-1.25824 -1.27479
-1.25612 -1.27504
-1.25439 -1.27341
-1.25923 -1.27422
-1.25872 -1.2707
-1.25714 -1.27489
-1.25786 -1.27402
-1.2575 -1.27053
-1.25926 -1.27166
-1.25881 -1.27218
-1.25987 -1.27207
-1.25793 -1.27213
-1.25909 -1.27022
-1.25692 -1.27455
-1.25884 -1.27461
-1.26015 -1.26984
-1.25881 -1.27152
-1.2561 -1.2748
-1.25545 -1.27285
-1.25608 -1.27401
-1.25503 -1.27429
-1.2546 -1.27418
-1.25558 -1.27014
-1.25281 -1.27672
-1.25537 -1.27359
-1.25285 -1.27293
-1.25267 -1.27617
-1.25599 -1.27073
-1.25598 -1.27075
-1.25902 -1.271
-1.25521 -1.27224
-1.2602 -1.26407
-1.25632 -1.27078
-1.2579 -1.26921
-1.25744 -1.2723
-1.2576 -1.26856
-1.25782 -1.26912
-1.2562 -1.27196
-1.25666 -1.26952
-1.25874 -1.27227
-1.25501 -1.27258
-1.25505 -1.26965
-1.25816 -1.27235
-1.2536 -1.27402
-1.25803 -1.27112
-1.25574 -1.27022
-1.25842 -1.27127
-1.25382 -1.27009
-1.25223 -1.27344
-1.25715 -1.27047
-1.25265 -1.27036
-1.25341 -1.27246
-1.25013 -1.27398
-1.25232 -1.27093
-1.25438 -1.27238
-1.25373 -1.26846
-1.25586 -1.27043
-1.25194 -1.27114
-1.25351 -1.2718
-1.25215 -1.27319
-1.2531 -1.27098
-1.25505 -1.27325
-1.25269 -1.27077
-1.25651 -1.26831
-1.25523 -1.26943
-1.25505 -1.27076
-1.25119 -1.27008
-1.25077 -1.27581
-1.25419 -1.26938
-1.25418 -1.26782
-1.25175 -1.27382
-1.25497 -1.27288
-1.25123 -1.27277
-1.25129 -1.27214
-1.2548 -1.2716
-1.24824 -1.27423
-1.25005 -1.27511
-1.25293 -1.26901
-1.25108 -1.2723
-1.25102 -1.27186
-1.25357 -1.26875
-1.25139 -1.27194
-1.2497 -1.27357
-1.24875 -1.27753
-1.25147 -1.27129
-1.24965 -1.27165
-1.25047 -1.2738
-1.25136 -1.27063
-1.24934 -1.27343
-1.25205 -1.27092
-1.25076 -1.26993
-1.25203 -1.27414
-1.25151 -1.26919
-1.25038 -1.27021
-1.25047 -1.27189
-1.24971 -1.27378
-1.24993 -1.26899
-1.25092 -1.27073
-1.2508 -1.26974
-1.25138 -1.27015
-1.2524 -1.26636
-1.25053 -1.2692
-1.24814 -1.26955
-1.2498 -1.27054
-1.24979 -1.26877
-1.24734 -1.27072
-1.25056 -1.26753
-1.24573 -1.27094
-1.2487 -1.27215
-1.24849 -1.26824
-1.24838 -1.27034
-1.24786 -1.26877
-1.24616 -1.27218
-1.24841 -1.27098
-1.24486 -1.26928
-1.24876 -1.27076
-1.24552 -1.26779
-1.24808 -1.26953
-1.24809 -1.26773
-1.24802 -1.26686
-1.24274 -1.27177
-1.24614 -1.26841
-1.24981 -1.26797
-1.24517 -1.26809
-1.24818 -1.26597
-1.24515 -1.26883
-1.24777 -1.26938
-1.24391 -1.26695
-1.24802 -1.26854
-1.24522 -1.26507
-1.24901 -1.26642
-1.24792 -1.26485
-1.24848 -1.26774
-1.24745 -1.2665
-1.2485 -1.26417
-1.24974 -1.26547
-1.24819 -1.26667
-1.24745 -1.26661
-1.2484 -1.26586
-1.24972 -1.26712
-1.24725 -1.26895
-1.25101 -1.26347
-1.25177 -1.26472
-1.24932 -1.26568
-1.25036 -1.26362
-1.25007 -1.2682
-1.25209 -1.26095
-1.24914 -1.26672
-1.25029 -1.26338
-1.25157 -1.26499
-1.24858 -1.26575
-1.24809 -1.27017
-1.24546 -1.26739
-1.25011 -1.26537
-1.24835 -1.26532
-1.24779 -1.26218
-1.24772 -1.26644
-1.24834 -1.26166
-1.2486 -1.26728
-1.24854 -1.26294
-1.24586 -1.26224
-1.24737 -1.26383
-1.24874 -1.26297
-1.24646 -1.2651
-1.24541 -1.26165
-1.24577 -1.26433
-1.24641 -1.26212
-1.24554 -1.26461
-1.24779 -1.26282
-1.24483 -1.26553
-1.24326 -1.2635
-1.24708 -1.26735
-1.24433 -1.2641
-1.24524 -1.26352
-1.24649 -1.26227
-1.24723 -1.26171
-1.24493 -1.26374
-1.24501 -1.27081
-1.24914 -1.26108
-1.24872 -1.25936
-1.24726 -1.2672
-1.25011 -1.25913
-1.24739 -1.26377
-1.24967 -1.25886
-1.24828 -1.25941
-1.24972 -1.25907
-1.24525 -1.26046
-1.24846 -1.25771
-1.24555 -1.2617
-1.24616 -1.26177
-1.24352 -1.26228
-1.24386 -1.26164
-1.24392 -1.26369
-1.24351 -1.26338
-1.2437 -1.26295
-1.24205 -1.26213
-1.24409 -1.26273
-1.24299 -1.26123
-1.24022 -1.25963
-1.24356 -1.26224
-1.24224 -1.26166
-1.24155 -1.26106
-1.24051 -1.25811
-1.24053 -1.26377
-1.2419 -1.26179
-1.24169 -1.26022
-1.2375 -1.26538
-1.24105 -1.26412
-1.24203 -1.25755
-1.24041 -1.25985
-1.23899 -1.25941
-1.24455 -1.25643
-1.24041 -1.26033
-1.24041 -1.25808
-1.23822 -1.26195
-1.24241 -1.25912
-1.23979 -1.26109
-1.24345 -1.25972
-1.24143 -1.25766
-1.24395 -1.25812
-1.24251 -1.25817
-1.24401 -1.25678
-1.24113 -1.25985
-1.24143 -1.2598
-1.23822 -1.26023
-1.244 -1.25424
-1.24223 -1.25581
-1.24393 -1.25609
-1.24259 -1.25556
-1.24385 -1.25628
-1.23884 -1.25926
-1.24455 -1.25494
-1.24137 -1.25839
-1.2426 -1.25559
-1.24044 -1.25371
-1.24287 -1.25328
-1.24261 -1.25599
-1.24065 -1.25531
-1.2434 -1.25793
-1.24248 -1.25153
-1.24607 -1.25378
-1.24163 -1.2556
-1.24385 -1.25468
-1.24141 -1.25799
-1.24331 -1.25293
-1.23881 -1.25795
-1.24234 -1.25467
-1.24035 -1.25549
-1.24321 -1.25297
-1.24293 -1.25552
-1.23895 -1.25222
-1.23983 -1.25517
-1.24334 -1.25655
-1.23941 -1.2536
-1.24417 -1.25098
-1.23963 -1.25376
-1.24125 -1.25387
-1.24143 -1.25465
-1.2379 -1.25672
-1.23999 -1.25326
-1.23768 -1.25686
-1.23858 -1.25697
-1.23915 -1.25675
-1.2402 -1.25272
-1.23891 -1.25371
-1.23832 -1.25945
-1.23736 -1.25714
-1.23796 -1.25742
-1.23799 -1.25521
-1.23462 -1.25995
-1.23952 -1.2543
-1.23964 -1.25375
-1.23703 -1.25304
-1.23823 -1.25771
-1.24006 -1.25265
-1.23691 -1.25574
-1.23895 -1.25222
-1.23716 -1.25469
-1.23944 -1.25533
-1.2367 -1.25472
-1.23904 -1.25746
-1.2377 -1.25038
-1.23839 -1.25822
-1.24161 -1.25164
-1.23823 -1.25454
-1.24052 -1.25387
-1.23865 -1.2561
-1.23981 -1.25556
-1.23907 -1.25508
-1.24113 -1.25561
-1.23929 -1.25323
-1.24054 -1.25115
-1.24097 -1.25722
-1.23805 -1.25674
-1.24061 -1.2502
-1.23733 -1.25809
-1.24012 -1.2499
-1.23873 -1.2565
-1.23792 -1.25611
-1.23682 -1.25461
-1.23764 -1.25533
-1.23847 -1.25108
-1.23848 -1.25285
-1.24137 -1.25273
-1.23583 -1.25536
-1.2414 -1.25099
-1.23559 -1.25087
-1.23994 -1.25318
-1.23639 -1.25237
-1.24066 -1.25027
-1.23796 -1.25127
-1.23658 -1.25362
-1.2398 -1.25031
-1.23862 -1.25097
-1.24152 -1.25013
-1.23704 -1.24843
-1.24051 -1.24857
-1.23789 -1.24952
-1.23894 -1.25223
-1.23861 -1.25063
-1.23882 -1.25222
-1.23811 -1.24947
-1.23706 -1.25046
-1.23799 -1.25128
-1.2326 -1.2543
-1.24416 -1.25005
-1.23518 -1.25351
-1.23905 -1.25072
-1.23799 -1.25112
-1.23787 -1.25015
-1.23808 -1.25286
-1.23682 -1.25079
-1.23707 -1.25116
-1.23335 -1.25241
-1.23605 -1.25098
-1.23665 -1.25321
-1.23292 -1.25322
-1.23824 -1.25015
-1.23497 -1.2504
-1.2377 -1.24924
-1.2369 -1.24755
-1.23516 -1.25065
-1.23798 -1.24757
-1.23518 -1.25001
-1.2367 -1.24959
-1.23513 -1.25345
-1.23328 -1.25063
-1.23675 -1.25215
-1.23666 -1.25042
-1.23708 -1.2528
-1.23118 -1.25548
-1.2332 -1.2532
-1.23325 -1.25322
-1.23274 -1.2517
-1.23329 -1.25436
-1.23599 -1.25079
-1.23044 -1.2544
-1.23185 -1.25513
-1.2312 -1.25545
-1.22973 -1.25669
-1.23111 -1.25386
-1.23266 -1.25511
-1.2327 -1.25257
-1.23332 -1.25324
-1.23253 -1.25254
-1.2353 -1.25144
-1.22928 -1.25593
-1.23606 -1.24975
-1.2338 -1.24866
-1.2338 -1.25353
-1.23309 -1.25444
-1.23234 -1.25466
-1.23063 -1.25108
-1.23276 -1.25113
-1.23193 -1.25014
-1.22954 -1.25773
-1.23373 -1.24865
-1.23124 -1.25178
-1.23175 -1.24959
-1.23271 -1.24858
-1.2307 -1.25053
-1.23148 -1.25344
-1.22764 -1.25558
-1.23016 -1.25053
-1.23281 -1.25076
-1.23096 -1.25093
-1.23078 -1.25457
-1.23366 -1.24645
-1.23149 -1.25395
-1.23354 -1.24496
-1.22933 -1.25171
-1.23333 -1.25015
-1.22981 -1.25293
-1.23429 -1.24877
-1.23278 -1.24668
-1.22946 -1.2524
-1.23285 -1.25064
-1.23082 -1.25276
-1.23119 -1.24891
-1.23122 -1.25287
-1.22917 -1.25174
-1.23595 -1.24627
-1.23187 -1.24964
-1.23618 -1.24694
-1.23316 -1.24968
-1.23365 -1.24845
-1.23096 -1.24806
-1.23507 -1.25004
-1.23152 -1.25131
-1.23183 -1.24787
-1.2357 -1.24704
-1.23286 -1.24868
-1.23299 -1.24907
-1.23156 -1.2489
-1.23006 -1.25057
-1.22977 -1.25194
-1.22889 -1.2515
-1.22762 -1.252
-1.23032 -1.25067
-1.23196 -1.25097
-1.23239 -1.2486
-1.23087 -1.24856
-1.22981 -1.25252
-1.22944 -1.25091
-1.22623 -1.25374
-1.22587 -1.25173
-1.23038 -1.24962
-1.22932 -1.2483
-1.23072 -1.2496
-1.23168 -1.24727
-1.22988 -1.24793
-1.22847 -1.24948
-1.23101 -1.24625
-1.22595 -1.25349
-1.2287 -1.25065
-1.22875 -1.24827
-1.22836 -1.24927
-1.22789 -1.25115
-1.2281 -1.24781
-1.22664 -1.25259
-1.22605 -1.25014
-1.22842 -1.24939
-1.22857 -1.24966
-1.22735 -1.25122
-1.23109 -1.24524
-1.23252 -1.24821
-1.22862 -1.24553
-1.22908 -1.24667
-1.23066 -1.24688
-1.23221 -1.24507
-1.23211 -1.2462
-1.22838 -1.24524
-1.23076 -1.24712
-1.22815 -1.24968
-1.22848 -1.24606
-1.229 -1.25061
-1.22887 -1.24735
-1.22821 -1.24829
-1.22889 -1.24895
-1.22947 -1.24317
-1.22693 -1.24835
-1.23011 -1.24333
-1.2248 -1.25136
-1.22719 -1.24915
-1.22791 -1.24368
-1.22622 -1.24738
-1.23012 -1.24406
-1.22592 -1.24812
-1.22688 -1.24832
-1.22875 -1.24562
-1.2276 -1.24848
-1.22744 -1.24494
-1.22519 -1.24934
-1.22858 -1.24534
-1.22478 -1.24827
-1.22587 -1.25008
-1.22671 -1.24661
-1.22593 -1.24769
-1.22393 -1.24708
-1.22829 -1.24405
-1.22321 -1.24886
-1.22589 -1.2463
-1.22182 -1.24798
-1.2255 -1.24465
-1.22385 -1.24677
-1.22249 -1.24567
-1.22416 -1.24749
-1.22264 -1.24623
-1.22302 -1.24449
-1.22396 -1.24734
-1.22236 -1.24347
-1.22475 -1.24627
-1.22737 -1.24239
-1.22589 -1.24425
-1.22575 -1.24305
-1.22337 -1.24909
-1.22281 -1.24688
-1.22439 -1.24544
-1.22569 -1.24663
-1.22626 -1.244
-1.22267 -1.2471
-1.2237 -1.24648
-1.22406 -1.24452
-1.22251 -1.24638
-1.22515 -1.24624
-1.22039 -1.24585
-1.22215 -1.24615
-1.22225 -1.24681
-1.22314 -1.24523
-1.22277 -1.24529
-1.22168 -1.24893
-1.22557 -1.24535
-1.22072 -1.24712
-1.2227 -1.24543
-1.2209 -1.24974
-1.22162 -1.24606
-1.22247 -1.2455
-1.22274 -1.24437
-1.22088 -1.2471
-1.22468 -1.24316
-1.22386 -1.24492
-1.22224 -1.24565
-1.22097 -1.24595
-1.22044 -1.24674
-1.2222 -1.24761
-1.2213 -1.24838
-1.22149 -1.24827
-1.22144 -1.24406
-1.21949 -1.24808
-1.22109 -1.2438
-1.22039 -1.24998
-1.21931 -1.24688
-1.21923 -1.24466
-1.21746 -1.24932
-1.21907 -1.24486
-1.21647 -1.24984
-1.21687 -1.24713
-1.22117 -1.246
-1.21842 -1.24714
-1.2195 -1.24567
-1.22026 -1.24326
-1.21894 -1.24832
-1.22028 -1.24226
-1.21953 -1.24548
-1.2165 -1.24484
-1.21843 -1.24376
-1.2178 -1.24858
-1.22064 -1.24452
-1.22002 -1.24468
-1.22105 -1.24284
-1.21747 -1.2484
-1.22073 -1.2436
-1.22209 -1.24393
-1.2213 -1.24187
-1.21914 -1.24596
-1.21945 -1.24294
-1.2188 -1.24393
-1.22105 -1.24273
-1.21949 -1.24284
-1.21863 -1.24373
-1.22455 -1.24045
-1.22188 -1.24213
-1.21962 -1.24188
-1.21975 -1.24134
-1.22024 -1.24347
-1.21672 -1.24509
-1.21775 -1.24187
-1.21537 -1.24602
-1.21621 -1.24073
-1.21705 -1.24261
-1.21921 -1.24094
-1.21676 -1.24229
-1.21721 -1.24102
-1.21843 -1.23897
-1.21647 -1.24273
-1.2165 -1.2419
-1.22003 -1.23719
-1.21288 -1.24295
-1.21642 -1.24012
-1.21562 -1.24338
-1.21468 -1.24084
-1.2181 -1.23925
-1.21742 -1.24176
-1.21887 -1.24029
-1.21691 -1.24084
-1.21635 -1.24173
-1.21491 -1.24265
-1.21796 -1.23906
-1.2176 -1.24179
-1.21514 -1.24317
-1.22176 -1.23418
-1.21573 -1.24174
-1.21762 -1.24118
-1.21809 -1.23932
-1.21983 -1.23581
-1.21531 -1.24307
-1.21977 -1.23712
-1.217 -1.23768
-1.2167 -1.24031
-1.22158 -1.23781
-1.21766 -1.23819
-1.2163 -1.23856
-1.21998 -1.2388
-1.21634 -1.23835
-1.22101 -1.23684
-1.21761 -1.23707
-1.2195 -1.23755
-1.2147 -1.24071
-1.21829 -1.23698
-1.21629 -1.23959
-1.21882 -1.2382
-1.2161 -1.23512
-1.21645 -1.23682
-1.21735 -1.2376
-1.21644 -1.23976
-1.22099 -1.23636
-1.21503 -1.23783
-1.21688 -1.23494
-1.21565 -1.23862
-1.21556 -1.23663
-1.2199 -1.2368
-1.21178 -1.23886
-1.21981 -1.23268
-1.21446 -1.24043
-1.21552 -1.23582
-1.21782 -1.23783
-1.21392 -1.23899
-1.21741 -1.23343
-1.21694 -1.23582
-1.21758 -1.23369
-1.21731 -1.2353
-1.21438 -1.23502
-1.21582 -1.23669
-1.21611 -1.23747
-1.21669 -1.23511
-1.21787 -1.23748
-1.21634 -1.23541
-1.21647 -1.2372
-1.21679 -1.23671
-1.21627 -1.2359
-1.21704 -1.23197
-1.21797 -1.23392
-1.21445 -1.23927
-1.21684 -1.23438
-1.21615 -1.23582
-1.21527 -1.2384
-1.21425 -1.23791
-1.21795 -1.23207
-1.21211 -1.23835
-1.21558 -1.23174
-1.21326 -1.23822
-1.21187 -1.23476
-1.21309 -1.23711
-1.21457 -1.23539
-1.21343 -1.23351
-1.2142 -1.23345
-1.21406 -1.23748
-1.2146 -1.23207
-1.21321 -1.23575
-1.21266 -1.23571
-1.21563 -1.23304
-1.21241 -1.23541
-1.21206 -1.23415
-1.21203 -1.23456
-1.21527 -1.23296
-1.20942 -1.2342
-1.21518 -1.23139
-1.2132 -1.23094
-1.21208 -1.23543
-1.21389 -1.23112
-1.213 -1.23177
-1.21326 -1.23599
-1.21447 -1.23235
-1.21113 -1.2321
-1.2127 -1.23302
-1.2117 -1.23054
-1.20929 -1.23503
-1.21412 -1.22829
-1.2144 -1.22956
-1.21459 -1.22864
-1.2144 -1.23027
-1.21507 -1.23306
-1.21287 -1.22917
-1.21362 -1.2325
-1.21103 -1.23108
-1.21069 -1.23034
-1.21516 -1.23192
-1.21163 -1.22742
-1.21444 -1.23037
-1.21226 -1.22771
-1.21165 -1.23116
-1.21495 -1.2315
-1.20941 -1.23184
-1.21282 -1.2311
-1.2126 -1.23388
-1.21194 -1.23059
-1.2106 -1.23174
-1.21141 -1.23212
-1.21253 -1.23152
-1.2118 -1.23108
-1.21231 -1.23088
-1.21228 -1.23045
-1.21074 -1.23053
-1.21439 -1.22734
-1.2131 -1.23127
-1.21353 -1.2283
-1.20839 -1.2355
-1.21332 -1.22955
-1.21134 -1.23088
-1.21199 -1.22915
-1.21317 -1.23003
-1.21268 -1.22886
-1.21376 -1.22857
-1.2104 -1.23236
-1.21298 -1.2281
-1.21085 -1.2337
-1.20967 -1.22898
-1.21175 -1.23146
-1.21129 -1.22962
-1.20902 -1.23216
-1.21263 -1.22644
-1.21113 -1.23099
-1.21437 -1.22631
-1.2115 -1.22994
-1.21223 -1.22723
-1.21307 -1.22887
-1.21177 -1.22817
-1.21044 -1.23123
-1.21152 -1.22772
-1.21213 -1.23019
-1.21511 -1.22961
-1.21411 -1.22806
-1.21989 -1.22493
-1.21612 -1.22792
-1.2155 -1.22713
-1.21455 -1.22638
-1.2171 -1.22886
-1.21725 -1.22327
-1.21167 -1.22955
-1.21632 -1.22791
-1.2157 -1.22717
-1.21635 -1.22679
-1.21456 -1.2289
-1.21406 -1.22686
-1.21274 -1.22923
-1.2156 -1.22607
-1.21599 -1.22628
-1.21426 -1.22777
-1.21618 -1.22449
-1.21213 -1.23032
-1.21416 -1.22325
-1.20992 -1.22776
-1.21719 -1.22446
-1.21195 -1.22524
-1.21404 -1.2259
-1.21294 -1.22684
-1.21629 -1.22497
-1.21251 -1.22664
-1.21436 -1.22541
-1.21289 -1.22569
-1.21235 -1.22687
-1.21223 -1.22751
-1.21391 -1.22486
-1.21282 -1.22974
-1.21534 -1.22354
-1.2159 -1.22614
-1.21489 -1.22544
-1.21681 -1.22278
-1.2119 -1.22653
-1.21461 -1.22575
-1.21633 -1.22503
-1.21526 -1.22513
-1.2171 -1.22219
-1.21228 -1.22722
-1.21452 -1.22511
-1.21414 -1.2267
-1.21564 -1.22487
-1.21436 -1.22414
-1.21638 -1.22452
-1.2161 -1.22421
-1.21609 -1.22301
-1.21482 -1.22777
-1.21412 -1.22117
-1.21785 -1.22383
-1.21072 -1.22831
-1.21218 -1.22502
-1.21446 -1.22347
-1.21752 -1.22231
-1.21161 -1.22562
-1.21215 -1.22352
-1.21399 -1.22171
-1.21691 -1.2239
-1.21238 -1.22653
-1.21505 -1.22093
-1.21044 -1.22627
-1.21391 -1.22276
-1.21232 -1.22712
-1.20927 -1.22692
-1.21121 -1.22447
-1.21101 -1.22588
-1.21323 -1.22324
-1.21408 -1.22504
-1.2141 -1.22184
-1.21162 -1.22563
-1.21486 -1.21895
-1.21228 -1.22349
-1.21019 -1.22157
-1.21355 -1.22287
-1.2096 -1.22329
-1.21162 -1.22444
-1.21112 -1.22298
-1.21172 -1.22452
-1.20992 -1.22297
-1.20787 -1.22367
-1.21059 -1.22462
-1.2096 -1.22614
-1.21195 -1.22035
-1.20575 -1.22892
-1.20677 -1.22655
-1.20685 -1.22355
-1.20597 -1.22852
-1.20888 -1.22025
-1.20732 -1.2269
-1.21062 -1.22127
-1.20728 -1.22567
-1.20982 -1.22126
-1.20682 -1.2273
-1.20757 -1.22507
-1.20715 -1.2301
-1.20722 -1.22468
-1.20836 -1.22307
-1.20971 -1.22502
-1.20663 -1.22523
-1.21396 -1.2174
-1.21052 -1.22067
-1.21 -1.22255
-1.20886 -1.22125
-1.20979 -1.22277
-1.21069 -1.22381
-1.20987 -1.22039
-1.20669 -1.22808
-1.20873 -1.22333
-1.21026 -1.22294
-1.21107 -1.22156
-1.2089 -1.22143
-1.21064 -1.22169
-1.2122 -1.22063
-1.2093 -1.22234
-1.20847 -1.22493
-1.20873 -1.22348
-1.21102 -1.22029
-1.2098 -1.22411
-1.2084 -1.22213
-1.20966 -1.22373
-1.21165 -1.22137
-1.20949 -1.22337
-1.21263 -1.22094
-1.20944 -1.22141
-1.21009 -1.22099
-1.20932 -1.2227
-1.21003 -1.22138
-1.20688 -1.22612
-1.21098 -1.21908
-1.20952 -1.22104
-1.20806 -1.22055
-1.20706 -1.22416
-1.20715 -1.22089
-1.20681 -1.2259
-1.20866 -1.21954
-1.20751 -1.2245
-1.20675 -1.21968
-1.20631 -1.2244
-1.20765 -1.22077
-1.20751 -1.22341
-1.20914 -1.22147
-1.20674 -1.22115
-1.21126 -1.21796
-1.20679 -1.22315
-1.20887 -1.22002
-1.20856 -1.22015
-1.20795 -1.21938
-1.20926 -1.2212
-1.21086 -1.21839
-1.2116 -1.22039
-1.21015 -1.21793
-1.21014 -1.21699
-1.20848 -1.22097
-1.20977 -1.21759
-1.20903 -1.21954
-1.20924 -1.21776
-1.208 -1.21755
-1.20548 -1.22158
-1.20764 -1.22132
-1.20693 -1.21898
-1.20772 -1.22011
-1.20811 -1.21887
-1.21136 -1.21748
-1.20735 -1.21921
-1.20647 -1.22009
-1.21009 -1.21663
-1.20786 -1.21851
-1.2109 -1.21375
-1.20822 -1.21927
-1.21096 -1.21649
-1.20945 -1.21722
-1.20715 -1.21867
-1.20769 -1.21877
-1.2064 -1.21899
-1.20638 -1.21955
-1.20504 -1.21961
-1.20823 -1.21926
-1.20703 -1.2179
-1.20828 -1.21479
-1.20805 -1.21934
-1.209 -1.21649
-1.20635 -1.2212
-1.21143 -1.2159
-1.20423 -1.22141
-1.2087 -1.21859
-1.20681 -1.21803
-1.2078 -1.2194
-1.20812 -1.21796
-1.20473 -1.21911
-1.20815 -1.21589
-1.20518 -1.22051
-1.20649 -1.21864
-1.20482 -1.22208
-1.20779 -1.21794
-1.20433 -1.22204
-1.20866 -1.21727
-1.20831 -1.21826
-1.20709 -1.21737
-1.21072 -1.21602
-1.21033 -1.21396
-1.2081 -1.21717
-1.20857 -1.21712
-1.20955 -1.21676
-1.20898 -1.21469
-1.20678 -1.21825
-1.20994 -1.21346
-1.20436 -1.22082
-1.20576 -1.21609
-1.20771 -1.21756
-1.20516 -1.21765
-1.20882 -1.21851
-1.20668 -1.21753
-1.20861 -1.21715
-1.20881 -1.21547
-1.20902 -1.21397
-1.20662 -1.21807
-1.20907 -1.21815
-1.20564 -1.21469
-1.20637 -1.21661
-1.20445 -1.21912
-1.2058 -1.21517
-1.20465 -1.2199
-1.20565 -1.2152
-1.20571 -1.21556
-1.20558 -1.21588
-1.20276 -1.21867
-1.20452 -1.21518
-1.20505 -1.21527
-1.2034 -1.21475
-1.20645 -1.21515
-1.20474 -1.21389
-1.20712 -1.21441
-1.20475 -1.21455
-1.2019 -1.2165
-1.20575 -1.21363
-1.20152 -1.21684
-1.20377 -1.21656
-1.20396 -1.21619
-1.20401 -1.21334
-1.20483 -1.21522
-1.20366 -1.21692
-1.20563 -1.21267
-1.20176 -1.21701
-1.20143 -1.21664
-1.20467 -1.21461
-1.20332 -1.2158
-1.20687 -1.21167
-1.20312 -1.21591
-1.2062 -1.21196
-1.20447 -1.21544
-1.20539 -1.21212
-1.20352 -1.21204
-1.20342 -1.21459
-1.20344 -1.21493
-1.20089 -1.21699
-1.20491 -1.21321
-1.20251 -1.21519
-1.20216 -1.21452
-1.20352 -1.21473
-1.2001 -1.21726
-1.20228 -1.21566
-1.20309 -1.21761
-1.20033 -1.21373
-1.20494 -1.21477
-1.205 -1.21415
-1.20152 -1.21331
-1.20383 -1.21468
-1.20267 -1.21385
-1.20438 -1.21393
-1.20302 -1.21746
-1.20362 -1.2131
-1.2032 -1.21658
-1.20616 -1.21263
-1.20505 -1.21403
-1.20161 -1.21282
-1.20548 -1.21353
-1.20483 -1.21113
-1.20331 -1.21373
-1.20255 -1.21419
-1.20143 -1.21413
-1.20261 -1.21489
-1.20247 -1.21262
-1.20079 -1.21331
-1.20478 -1.21477
-1.20116 -1.21275
-1.20294 -1.21412
-1.20241 -1.2133
-1.20305 -1.21152
-1.203 -1.21378
-1.20196 -1.2101
-1.20388 -1.21431
-1.20506 -1.21155
-1.20643 -1.21028
-1.20377 -1.208
-1.20467 -1.20937
-1.20358 -1.21068
-1.20121 -1.20959
-1.20308 -1.21249
-1.20271 -1.21034
-1.20002 -1.21237
-1.20087 -1.21384
-1.19803 -1.21482
-1.20251 -1.21166
-1.20048 -1.21446
-1.20485 -1.20957
-1.2 -1.21446
-1.20139 -1.20974
-1.20147 -1.20968
-1.20107 -1.21429
-1.20316 -1.21075
-1.19853 -1.21328
-1.20013 -1.2133
-1.20018 -1.21167
-1.2003 -1.21147
-1.20192 -1.20959
-1.20206 -1.21188
-1.20027 -1.21373
-1.20408 -1.20907
-1.19772 -1.2124
-1.1981 -1.21508
-1.19835 -1.21313
-1.19977 -1.21259
-1.20176 -1.21092
-1.20256 -1.20951
-1.20096 -1.21004
-1.2014 -1.20847
-1.20074 -1.20989
-1.19926 -1.21151
-1.19845 -1.21332
-1.19663 -1.21556
-1.20228 -1.20973
-1.19831 -1.21401
-1.20095 -1.20985
-1.20034 -1.21453
-1.20037 -1.21079
-1.19997 -1.21111
-1.20368 -1.20971
-1.19909 -1.21457
-1.20272 -1.2076
-1.19961 -1.21132
-1.2014 -1.21039
-1.19946 -1.2109
-1.19808 -1.21336
-1.2023 -1.21142
-1.19948 -1.21027
-1.19794 -1.21411
-1.20075 -1.2064
-1.1996 -1.21088
-1.20015 -1.21043
-1.19922 -1.21001
-1.20061 -1.21302
-1.20045 -1.20778
-1.19924 -1.21062
-1.19827 -1.21024
-1.19917 -1.20989
-1.19774 -1.21254
-1.19994 -1.21341
-1.20062 -1.21061
-1.19951 -1.21162
-1.19831 -1.21261
-1.20012 -1.20544
-1.20039 -1.21089
-1.1992 -1.21023
-1.19981 -1.21072
-1.19766 -1.21008
-1.19985 -1.20753
-1.19773 -1.21069
-1.19864 -1.20752
-1.19611 -1.21122
-1.19778 -1.21041
-1.19681 -1.2106
-1.19462 -1.21242
-1.19763 -1.20861
-1.19751 -1.20876
-1.19706 -1.21083
-1.19796 -1.20949
-1.19653 -1.2097
-1.19787 -1.20853
-1.1958 -1.21023
-1.20038 -1.20972
-1.1954 -1.21095
-1.19721 -1.20929
-1.19477 -1.21097
-1.19792 -1.20797
-1.19799 -1.20833
-1.1957 -1.21143
-1.20121 -1.20541
-1.1959 -1.20886
-1.19653 -1.20838
-1.19796 -1.20954
-1.19625 -1.20799
-1.19498 -1.20975
-1.19664 -1.20908
-1.19572 -1.20968
-1.19888 -1.20751
-1.1935 -1.21213
-1.20067 -1.20495
