0 0
-0.0871569 -0.0820111
-0.171516 -0.161651
-0.252888 -0.238684
-0.331219 -0.313107
-0.406662 -0.385227
-0.478944 -0.45449
-0.548532 -0.520987
-0.615334 -0.585877
-0.678328 -0.645977
-0.737639 -0.706704
-0.79579 -0.762442
-0.849386 -0.815785
-0.900861 -0.865541
-0.947403 -0.913997
-0.991613 -0.960749
-1.03413 -1.00288
-1.07021 -1.04214
-1.10512 -1.08045
-1.1361 -1.11565
-1.16057 -1.15077
-1.18632 -1.17654
-1.2076 -1.20886
-1.22444 -1.23008
-1.24021 -1.25731
-1.25056 -1.27812
-1.26274 -1.29677
-1.27279 -1.31402
-1.27857 -1.33125
-1.28133 -1.34693
-1.28765 -1.36176
-1.2889 -1.35978
-1.28977 -1.36249
-1.28923 -1.3588
-1.29137 -1.35978
-1.28809 -1.36011
-1.28883 -1.35793
-1.28867 -1.35893
-1.28899 -1.35886
-1.29013 -1.35323
-1.29136 -1.36012
-1.2873 -1.35448
-1.29166 -1.35701
-1.28887 -1.35646
-1.28723 -1.35756
-1.29062 -1.35715
-1.2856 -1.35557
-1.28884 -1.35798
-1.28906 -1.35457
-1.28604 -1.36001
-1.28972 -1.35534
-1.28814 -1.3582
-1.28733 -1.35517
-1.2884 -1.35785
-1.28899 -1.35646
-1.28685 -1.35875
-1.28805 -1.35367
-1.28683 -1.35841
-1.28726 -1.35487
-1.28533 -1.35818
-1.28559 -1.35639
-1.28617 -1.35835
-1.28858 -1.35257
-1.28647 -1.36212
-1.28497 -1.35531
-1.28685 -1.35461
-1.28449 -1.3603
-1.2875 -1.35407
-1.28561 -1.35592
-1.2842 -1.35841
-1.28631 -1.35836
-1.28381 -1.35729
-1.28805 -1.35694
-1.28365 -1.35663
-1.28515 -1.35815
-1.28526 -1.35782
-1.28732 -1.35767
-1.28694 -1.35428
-1.28525 -1.35509
-1.2864 -1.3578
-1.28699 -1.35894
-1.28541 -1.35417
-1.2876 -1.35464
-1.28488 -1.3558
-1.28462 -1.35617
-1.28891 -1.35381
-1.28406 -1.35765
-1.28508 -1.35519
-1.28675 -1.356
-1.28444 -1.35461
-1.28519 -1.35693
-1.28551 -1.35839
-1.28671 -1.35039
-1.28713 -1.35701
-1.28451 -1.35475
-1.28494 -1.35386
-1.28694 -1.35427
-1.28111 -1.35803
-1.28725 -1.35627
-1.28188 -1.35676
-1.28553 -1.35748
-1.28339 -1.35493
-1.28392 -1.35477
-1.28407 -1.35454
-1.28218 -1.35537
-1.28655 -1.35395
-1.28359 -1.35559
-1.28544 -1.35277
-1.28377 -1.35519
-1.28299 -1.35434
-1.28696 -1.3508
-1.28536 -1.35396
-1.2833 -1.35367
-1.28242 -1.35558
-1.28375 -1.35077
-1.28129 -1.35412
-1.28393 -1.35382
-1.28124 -1.35171
-1.28217 -1.35452
-1.28406 -1.35302
-1.28356 -1.35279
-1.28329 -1.35275
-1.28229 -1.3543
-1.28383 -1.35268
-1.28438 -1.34917
-1.28467 -1.35253
-1.2798 -1.35076
-1.28565 -1.35389
-1.28442 -1.35211
-1.28591 -1.34963
-1.28261 -1.35265
-1.28254 -1.34991
-1.28522 -1.35285
-1.2828 -1.35019
-1.28328 -1.35181
-1.28392 -1.35196
-1.28442 -1.35064
-1.28267 -1.35163
-1.28525 -1.35108
-1.28261 -1.35051
-1.28331 -1.35129
-1.28342 -1.35279
-1.28432 -1.35071
-1.28221 -1.35126
-1.28257 -1.35222
-1.28375 -1.3516
-1.28444 -1.35398
-1.28178 -1.34989
-1.28184 -1.35511
-1.28241 -1.35052
-1.28547 -1.35043
-1.28047 -1.35175
-1.28291 -1.35039
-1.28332 -1.35065
-1.2822 -1.35018
-1.28252 -1.35316
-1.28506 -1.34684
-1.28283 -1.35222
-1.28052 -1.35169
-1.28171 -1.35056
-1.28173 -1.35142
-1.28549 -1.35005
-1.27969 -1.35226
-1.28216 -1.34932
-1.28299 -1.35032
-1.27986 -1.35065
-1.285 -1.34964
-1.28269 -1.35087
-1.28479 -1.34555
-1.28067 -1.35019
-1.28349 -1.34885
-1.28152 -1.35199
-1.28091 -1.34883
-1.2868 -1.34414
-1.28019 -1.34779
-1.28269 -1.34952
-1.28265 -1.3487
-1.28128 -1.34715
-1.28421 -1.34639
-1.2805 -1.34795
-1.28451 -1.34705
-1.28224 -1.34752
-1.28477 -1.34614
-1.28214 -1.34792
-1.28062 -1.34855
-1.28212 -1.35008
-1.28159 -1.34881
-1.28354 -1.34514
-1.2808 -1.34863
-1.28461 -1.34818
-1.28245 -1.34791
-1.2836 -1.34548
-1.28294 -1.34684
-1.28318 -1.34606
-1.28344 -1.34669
-1.2821 -1.34777
-1.28019 -1.34573
-1.28303 -1.34778
-1.28162 -1.34651
-1.28263 -1.34509
-1.28275 -1.34485
-1.2829 -1.35124
-1.28003 -1.34512
-1.28466 -1.34762
-1.28153 -1.345
-1.28155 -1.34537
-1.28394 -1.34805
-1.27974 -1.34811
-1.28493 -1.34507
-1.2831 -1.344
-1.28045 -1.3483
-1.28267 -1.34739
-1.28172 -1.34701
-1.28209 -1.34729
-1.28526 -1.34301
-1.28098 -1.34549
-1.28418 -1.34545
-1.28273 -1.34403
-1.28307 -1.34352
-1.28493 -1.34557
-1.28161 -1.34768
-1.28272 -1.34209
-1.28264 -1.34599
-1.28498 -1.34395
-1.28128 -1.34399
-1.28181 -1.34247
-1.28282 -1.3424
-1.28316 -1.34428
-1.28184 -1.34217
-1.28349 -1.34673
-1.28538 -1.34113
-1.28298 -1.34359
-1.28228 -1.34548
-1.28333 -1.34106
-1.28332 -1.34362
-1.28423 -1.34118
-1.28069 -1.34299
-1.28308 -1.34205
-1.2834 -1.34388
-1.28052 -1.33977
-1.28612 -1.34488
-1.28171 -1.34516
-1.28251 -1.34535
-1.28169 -1.33923
-1.27972 -1.34746
-1.28339 -1.34594
-1.27901 -1.34486
-1.28439 -1.34112
-1.28178 -1.34709
-1.2803 -1.34493
-1.27843 -1.34476
-1.28357 -1.34178
-1.27949 -1.3504
-1.28156 -1.34697
-1.27916 -1.34253
-1.28179 -1.34578
-1.28087 -1.34815
-1.28014 -1.34415
-1.27983 -1.34315
-1.28126 -1.34872
-1.2808 -1.34261
-1.28025 -1.3456
-1.28277 -1.34314
-1.27856 -1.34309
-1.28019 -1.34501
-1.28291 -1.34384
-1.27902 -1.34505
-1.28041 -1.34546
-1.28143 -1.34336
-1.28189 -1.34561
-1.28031 -1.34324
-1.27886 -1.3432
-1.28203 -1.34456
-1.2806 -1.34367
-1.28104 -1.34299
-1.28209 -1.34169
-1.28068 -1.34629
-1.28009 -1.34276
-1.28156 -1.34573
-1.282 -1.34405
-1.28003 -1.34407
-1.27972 -1.33912
-1.28412 -1.34309
-1.2797 -1.3417
-1.28048 -1.34593
-1.28056 -1.34154
-1.28357 -1.34046
-1.27982 -1.34225
-1.28146 -1.34037
-1.28411 -1.34102
-1.28024 -1.33814
-1.28253 -1.34277
-1.2835 -1.33913
-1.28053 -1.34231
-1.28105 -1.33984
-1.28064 -1.33932
-1.28307 -1.33997
-1.28168 -1.33813
-1.28356 -1.33707
-1.28116 -1.34009
-1.28178 -1.34113
-1.28082 -1.33721
-1.28066 -1.33942
-1.28108 -1.33989
-1.28069 -1.33705
-1.28001 -1.3399
-1.28135 -1.3381
-1.28064 -1.34084
-1.2805 -1.33649
-1.27882 -1.33995
-1.27883 -1.33912
-1.28123 -1.33546
-1.28013 -1.33683
-1.27983 -1.33753
-1.27821 -1.33709
-1.2796 -1.33625
-1.27928 -1.33839
-1.27961 -1.33693
-1.27915 -1.33694
-1.28001 -1.3357
-1.28014 -1.33604
-1.27867 -1.33874
-1.28081 -1.33445
-1.2794 -1.3383
-1.27723 -1.33668
-1.2796 -1.33773
-1.27725 -1.33826
-1.28185 -1.33563
-1.27877 -1.34145
-1.27955 -1.33565
-1.2773 -1.34079
-1.27979 -1.3354
-1.27881 -1.33961
-1.27998 -1.33609
-1.28044 -1.33965
-1.27804 -1.33755
-1.27864 -1.33919
-1.27848 -1.33853
-1.27855 -1.33688
-1.27981 -1.34165
-1.27774 -1.33764
-1.27971 -1.339
-1.27787 -1.33886
-1.27776 -1.33983
-1.28042 -1.33813
-1.27489 -1.33804
-1.28045 -1.33727
-1.2781 -1.34068
-1.27896 -1.33935
-1.27968 -1.33563
-1.28002 -1.33975
-1.27993 -1.33674
-1.27822 -1.33711
-1.27783 -1.33955
-1.28202 -1.33393
-1.2771 -1.34136
-1.28044 -1.3356
-1.27806 -1.33554
-1.27938 -1.3383
-1.28106 -1.3357
-1.28028 -1.33454
-1.27753 -1.33823
-1.27899 -1.33868
-1.28144 -1.33458
-1.27943 -1.33525
-1.27936 -1.33869
-1.28037 -1.33579
-1.28132 -1.33754
-1.27687 -1.33998
-1.28115 -1.33157
-1.27839 -1.33794
-1.28132 -1.33517
-1.27964 -1.33396
-1.28228 -1.33598
-1.2819 -1.33248
-1.28052 -1.33771
-1.28084 -1.33116
-1.28131 -1.33407
-1.28121 -1.33419
-1.27971 -1.3328
-1.2823 -1.3328
-1.2805 -1.33257
-1.2816 -1.3377
-1.28301 -1.33179
-1.28222 -1.33329
-1.28191 -1.33127
-1.28056 -1.33607
-1.27995 -1.33569
-1.2824 -1.33265
-1.28181 -1.33363
-1.28094 -1.33614
-1.28156 -1.33328
-1.2812 -1.33347
-1.28117 -1.33284
-1.28008 -1.33851
-1.28164 -1.33274
-1.2778 -1.33359
-1.28131 -1.33154
-1.28009 -1.33233
-1.2832 -1.3319
-1.28152 -1.3369
-1.27974 -1.33139
-1.27832 -1.33567
-1.27922 -1.33303
-1.2797 -1.3354
-1.28135 -1.33247
-1.27857 -1.3345
-1.27905 -1.33148
-1.27877 -1.33119
-1.27996 -1.33494
-1.27891 -1.33302
-1.27856 -1.33438
-1.27752 -1.3345
-1.27838 -1.33394
-1.27942 -1.3321
-1.27912 -1.33542
-1.27851 -1.33315
-1.28164 -1.33569
-1.27822 -1.3335
-1.28009 -1.33241
-1.2764 -1.336
-1.28091 -1.33035
-1.27838 -1.33458
-1.27626 -1.3336
-1.28147 -1.3333
-1.27808 -1.33215
-1.27954 -1.33222
-1.27644 -1.33167
-1.27559 -1.33355
-1.2781 -1.33102
-1.27644 -1.33106
-1.27988 -1.33054
-1.2775 -1.3342
-1.27866 -1.33137
-1.27556 -1.33392
-1.27902 -1.33253
-1.27838 -1.33436
-1.27693 -1.33177
-1.27807 -1.33557
-1.27614 -1.33112
-1.27619 -1.33239
-1.27504 -1.33452
-1.27587 -1.33391
-1.27587 -1.33186
-1.27764 -1.33506
-1.27354 -1.33113
-1.27715 -1.33086
-1.27632 -1.3332
-1.27632 -1.33206
-1.27649 -1.32891
-1.27399 -1.33601
-1.2787 -1.32655
-1.27476 -1.332
-1.27823 -1.33043
-1.27343 -1.33152
-1.27903 -1.33059
-1.27858 -1.32887
-1.27491 -1.33321
-1.27853 -1.32869
-1.27896 -1.32989
-1.27525 -1.32824
-1.27393 -1.33285
-1.27793 -1.32833
-1.279 -1.32876
-1.27387 -1.33008
-1.27841 -1.32783
-1.27719 -1.3347
-1.27672 -1.3272
-1.27704 -1.33195
-1.27623 -1.3286
-1.27677 -1.33019
-1.27862 -1.32832
-1.27372 -1.3334
-1.27795 -1.3304
-1.278 -1.33036
-1.27497 -1.32931
-1.27893 -1.32836
-1.27588 -1.32871
-1.2758 -1.32828
-1.27354 -1.33142
-1.27716 -1.32703
-1.27971 -1.32647
-1.27533 -1.32664
-1.27781 -1.32719
-1.27659 -1.32776
-1.27378 -1.32664
-1.27925 -1.32475
-1.27626 -1.32837
-1.27422 -1.32592
-1.27805 -1.32542
-1.27413 -1.32748
-1.27431 -1.32632
-1.27836 -1.32377
-1.27409 -1.32665
-1.27868 -1.32573
-1.27858 -1.32465
-1.27436 -1.32613
-1.27586 -1.32647
-1.27799 -1.32637
-1.27608 -1.32495
-1.2778 -1.32378
-1.27388 -1.32803
-1.27756 -1.32135
-1.27733 -1.3246
-1.27743 -1.32213
-1.27733 -1.32671
-1.27642 -1.32202
-1.27616 -1.32285
-1.27744 -1.32327
-1.27725 -1.32104
-1.27761 -1.32365
-1.27652 -1.32118
-1.27546 -1.32403
-1.27441 -1.32128
-1.27628 -1.32217
-1.27738 -1.32231
-1.27706 -1.32016
-1.27527 -1.32312
-1.27614 -1.32325
-1.27414 -1.32027
-1.27711 -1.32306
-1.27639 -1.31738
-1.27347 -1.32128
-1.27699 -1.32142
-1.27564 -1.32115
-1.27599 -1.31948
-1.27747 -1.31938
-1.27451 -1.32184
-1.27613 -1.32071
-1.27559 -1.32245
-1.27667 -1.31702
-1.27542 -1.3185
-1.27608 -1.32207
-1.27567 -1.32269
-1.27562 -1.32222
-1.27733 -1.32183
-1.27633 -1.31717
-1.27592 -1.32077
-1.27516 -1.32022
-1.27727 -1.32014
-1.27611 -1.31969
-1.27653 -1.32056
-1.27815 -1.31855
-1.27547 -1.32176
-1.27551 -1.31933
-1.27693 -1.31842
-1.27619 -1.32756
-1.27575 -1.31648
-1.27711 -1.32094
-1.27526 -1.32139
-1.27573 -1.31774
-1.2744 -1.32193
-1.2737 -1.32207
-1.27463 -1.31955
-1.27577 -1.32012
-1.27356 -1.32145
-1.27339 -1.31946
-1.2745 -1.321
-1.27298 -1.3226
-1.27328 -1.32166
-1.27317 -1.31973
-1.27294 -1.31938
-1.27441 -1.3211
-1.27349 -1.3185
-1.27335 -1.32067
-1.27182 -1.31983
-1.27775 -1.31354
-1.27344 -1.3195
-1.2754 -1.31816
-1.27512 -1.31691
-1.27458 -1.31691
-1.27505 -1.31823
-1.2763 -1.3158
-1.2749 -1.32012
-1.27325 -1.31586
-1.27535 -1.31827
-1.27375 -1.31733
-1.27399 -1.31835
-1.27476 -1.31504
-1.27247 -1.32091
-1.27273 -1.31709
-1.27404 -1.31691
-1.27226 -1.316
-1.27412 -1.32125
-1.27418 -1.31533
-1.27451 -1.31749
-1.27535 -1.31848
-1.27247 -1.31928
-1.27604 -1.31877
-1.27369 -1.3163
-1.27585 -1.31677
-1.27584 -1.31997
-1.27319 -1.3176
-1.27536 -1.31974
-1.27531 -1.31514
-1.27374 -1.31705
-1.27426 -1.31636
-1.27329 -1.31691
-1.27646 -1.3162
-1.2706 -1.31659
-1.27432 -1.3145
-1.27371 -1.3177
-1.27576 -1.3138
-1.27352 -1.31758
-1.2724 -1.31413
-1.27536 -1.31526
-1.27229 -1.31621
-1.2733 -1.31694
-1.27302 -1.31672
-1.27307 -1.3125
-1.27586 -1.31638
-1.27426 -1.31467
-1.27271 -1.31927
-1.27681 -1.31095
-1.2725 -1.32151
-1.27271 -1.31671
-1.27432 -1.31397
-1.27043 -1.31477
-1.27427 -1.31527
-1.27492 -1.31485
-1.27206 -1.31681
-1.27232 -1.31254
-1.27182 -1.31647
-1.27274 -1.31275
-1.27466 -1.31692
-1.27296 -1.31453
-1.27474 -1.31264
-1.27342 -1.31681
-1.2713 -1.31675
-1.27408 -1.31423
-1.2739 -1.31288
-1.27165 -1.31688
-1.27076 -1.31349
-1.27376 -1.31231
-1.27016 -1.31432
-1.27323 -1.31595
-1.27418 -1.31378
-1.27098 -1.31539
-1.27293 -1.31651
-1.27215 -1.31585
-1.27062 -1.31507
-1.27308 -1.31387
-1.2712 -1.31536
-1.27122 -1.31608
-1.2747 -1.31047
-1.27216 -1.31535
-1.27421 -1.31236
-1.2704 -1.31485
-1.2752 -1.3128
-1.27235 -1.31476
-1.27437 -1.31396
-1.27051 -1.3133
-1.27163 -1.31264
-1.27595 -1.31153
-1.27058 -1.31581
-1.27416 -1.31281
-1.26931 -1.31545
-1.27473 -1.31486
-1.27209 -1.31355
-1.27369 -1.31304
-1.27302 -1.31283
-1.2708 -1.31399
-1.27022 -1.31257
-1.27512 -1.31492
-1.2725 -1.31414
-1.27188 -1.31364
-1.27015 -1.31256
-1.27223 -1.314
-1.27217 -1.31504
-1.27236 -1.31177
-1.27083 -1.31309
-1.27158 -1.31592
-1.27347 -1.31071
-1.27339 -1.31617
-1.27204 -1.31337
-1.27096 -1.31357
-1.27314 -1.31399
-1.27164 -1.31675
-1.27381 -1.31353
-1.26823 -1.31372
-1.27287 -1.31128
-1.27212 -1.31556
-1.2738 -1.31313
-1.2693 -1.31486
-1.27452 -1.30911
-1.27166 -1.31266
-1.27397 -1.30974
-1.27124 -1.31248
-1.27402 -1.31296
-1.27055 -1.31319
-1.27163 -1.31096
-1.27128 -1.31021
-1.27241 -1.31369
-1.27014 -1.31431
-1.26938 -1.31454
-1.27372 -1.30923
-1.26954 -1.31142
-1.27454 -1.31068
-1.26951 -1.3133
-1.27537 -1.30973
-1.2724 -1.31169
-1.27146 -1.31121
-1.27212 -1.31088
-1.27195 -1.31208
-1.27057 -1.31266
-1.2707 -1.31103
-1.27166 -1.31081
-1.27051 -1.31356
-1.27063 -1.31289
-1.27056 -1.31326
-1.26929 -1.31133
-1.2726 -1.31217
-1.2697 -1.31018
-1.27157 -1.31183
-1.27163 -1.31486
-1.27052 -1.31205
-1.27006 -1.31019
-1.27165 -1.31252
-1.27113 -1.31088
-1.271 -1.31081
-1.27074 -1.3094
-1.27164 -1.31245
-1.27258 -1.30976
-1.27013 -1.30985
-1.27249 -1.31076
-1.27127 -1.30826
-1.27187 -1.30935
-1.2695 -1.31005
-1.27244 -1.31092
-1.27042 -1.30991
-1.27036 -1.30793
-1.27098 -1.31022
-1.27041 -1.31114
-1.27094 -1.31024
-1.26942 -1.31167
-1.27038 -1.30974
-1.27086 -1.31021
-1.26805 -1.30992
-1.27097 -1.30609
-1.27013 -1.31109
-1.26918 -1.31083
-1.26916 -1.30967
-1.27075 -1.30953
-1.26664 -1.30951
-1.27124 -1.31006
-1.26864 -1.30814
-1.26994 -1.30735
-1.27082 -1.31039
-1.26602 -1.30907
-1.27096 -1.30876
-1.27033 -1.30718
-1.26929 -1.30774
-1.26778 -1.30902
-1.26837 -1.30724
-1.26937 -1.30826
-1.26643 -1.31041
-1.26894 -1.30843
-1.26687 -1.31071
-1.26797 -1.31202
-1.26797 -1.30338
-1.26935 -1.31149
-1.26732 -1.30669
-1.26873 -1.30577
-1.26803 -1.3063
-1.26581 -1.31074
-1.26917 -1.30685
-1.26749 -1.3069
-1.26998 -1.30784
-1.26705 -1.30902
-1.26803 -1.30682
-1.26731 -1.3088
-1.26959 -1.30854
-1.26714 -1.30828
-1.26985 -1.30452
-1.26991 -1.30755
-1.26807 -1.30878
-1.26796 -1.30903
-1.26931 -1.30498
-1.26727 -1.30555
-1.26987 -1.30686
-1.26687 -1.3095
-1.27206 -1.29872
-1.26629 -1.30918
-1.26907 -1.30479
-1.26871 -1.30605
-1.26996 -1.30531
-1.26697 -1.30542
-1.27011 -1.3083
-1.26826 -1.30608
-1.26726 -1.30514
-1.26899 -1.30675
-1.26853 -1.30805
-1.26825 -1.30662
-1.26544 -1.30663
-1.26896 -1.30643
-1.26888 -1.30284
-1.26619 -1.30977
-1.26796 -1.30414
-1.26719 -1.30757
-1.26766 -1.30408
-1.26881 -1.30912
-1.26905 -1.30261
-1.26505 -1.3087
-1.26947 -1.30447
-1.26647 -1.30925
-1.26952 -1.30573
-1.26936 -1.30259
-1.26575 -1.30761
-1.26699 -1.30482
-1.26618 -1.30675
-1.26893 -1.30357
-1.26645 -1.30526
-1.26501 -1.30577
-1.26678 -1.30393
-1.26451 -1.30651
-1.26853 -1.30574
-1.26622 -1.30479
-1.26858 -1.30355
-1.2682 -1.30649
-1.26643 -1.30491
-1.26699 -1.30277
-1.26798 -1.30346
-1.26538 -1.30448
-1.26769 -1.30389
-1.26452 -1.30789
-1.26982 -1.3022
-1.26578 -1.3056
-1.26851 -1.3016
-1.26876 -1.30277
-1.26458 -1.30516
-1.26877 -1.30395
-1.26955 -1.30143
-1.26681 -1.3044
-1.2679 -1.30672
-1.26647 -1.30135
-1.26675 -1.30458
-1.26766 -1.30369
-1.26572 -1.3059
-1.26712 -1.30232
-1.2672 -1.3067
-1.26546 -1.30674
-1.26698 -1.30619
-1.26444 -1.3048
-1.26672 -1.30466
-1.26641 -1.30265
-1.26672 -1.30807
-1.26738 -1.30247
-1.26709 -1.30233
-1.2645 -1.30433
-1.2693 -1.30116
-1.26555 -1.30428
-1.26642 -1.30168
-1.26804 -1.30252
-1.26928 -1.30052
-1.26693 -1.3057
-1.26772 -1.30286
-1.26683 -1.30208
-1.26485 -1.30141
-1.26565 -1.30208
-1.26688 -1.30666
-1.26594 -1.30334
-1.26568 -1.30533
-1.26662 -1.30085
-1.26236 -1.30621
-1.26638 -1.30264
-1.26594 -1.30487
-1.2658 -1.30321
-1.26497 -1.30341
-1.2679 -1.3007
-1.2674 -1.30503
-1.26567 -1.30155
-1.26635 -1.30232
-1.26661 -1.29987
-1.26871 -1.3021
-1.26513 -1.30265
-1.26441 -1.30106
-1.2667 -1.30364
-1.26667 -1.30088
-1.26514 -1.30195
-1.26327 -1.30199
-1.26523 -1.29869
-1.26615 -1.30115
-1.26433 -1.30178
-1.26442 -1.29907
-1.26761 -1.30322
-1.26442 -1.29912
-1.26762 -1.29935
-1.26421 -1.30291
-1.26679 -1.29969
-1.26445 -1.29923
-1.26714 -1.30242
-1.26498 -1.29601
-1.26665 -1.30306
-1.26545 -1.29989
-1.26318 -1.30069
-1.26687 -1.29768
-1.26442 -1.30236
-1.26521 -1.29783
-1.26648 -1.30266
-1.26326 -1.29927
-1.26447 -1.30055
-1.26447 -1.30236
-1.26289 -1.30051
-1.2668 -1.2996
-1.26252 -1.30139
-1.26342 -1.30054
-1.26356 -1.30336
-1.26316 -1.29907
-1.26201 -1.30073
-1.26222 -1.30017
-1.26508 -1.2993
-1.26368 -1.29939
-1.26399 -1.30178
-1.26343 -1.29662
-1.26362 -1.30188
-1.26299 -1.29985
-1.26365 -1.29981
-1.26361 -1.30013
-1.26578 -1.29753
-1.26643 -1.29891
-1.26378 -1.29868
-1.26373 -1.30198
-1.26609 -1.29919
-1.2639 -1.29898
-1.26527 -1.2991
-1.26369 -1.29911
-1.26365 -1.30111
-1.2639 -1.3005
-1.2638 -1.30129
-1.26409 -1.29954
-1.26423 -1.30058
-1.26295 -1.29752
-1.26542 -1.30023
-1.26106 -1.30079
-1.26498 -1.29767
-1.26208 -1.30132
-1.2609 -1.30077
-1.26474 -1.29822
-1.2601 -1.29867
-1.26596 -1.2986
-1.25939 -1.30186
-1.26433 -1.29523
-1.26358 -1.29844
-1.26642 -1.2981
-1.26136 -1.2998
-1.26416 -1.297
-1.26452 -1.30154
-1.26406 -1.29511
-1.26282 -1.29987
-1.26365 -1.29856
-1.26385 -1.29817
-1.26649 -1.29766
-1.26273 -1.29653
-1.26615 -1.29835
-1.26106 -1.29979
-1.26409 -1.29727
-1.26479 -1.29825
-1.25966 -1.29916
-1.2626 -1.29968
-1.26346 -1.29755
-1.26231 -1.29752
-1.26141 -1.29996
-1.26239 -1.29735
-1.26351 -1.29907
-1.26028 -1.30059
-1.26394 -1.29747
-1.26248 -1.29979
-1.26216 -1.29808
-1.25954 -1.29836
-1.26529 -1.2988
-1.26131 -1.29713
-1.26064 -1.29989
-1.26141 -1.29638
-1.26085 -1.30011
-1.26141 -1.29713
-1.26203 -1.29945
-1.25994 -1.29871
-1.26252 -1.29656
-1.26285 -1.2989
-1.26492 -1.29816
-1.26109 -1.2939
-1.26326 -1.29566
-1.26177 -1.29551
-1.26151 -1.29722
-1.26295 -1.29433
-1.26495 -1.29587
-1.26528 -1.29514
-1.26257 -1.29518
-1.2652 -1.29504
-1.26209 -1.29571
-1.26402 -1.2967
-1.26221 -1.29583
-1.26421 -1.29315
-1.26238 -1.29565
-1.26224 -1.29472
-1.26231 -1.2952
-1.264 -1.29284
-1.26179 -1.29409
-1.26253 -1.29336
-1.26381 -1.29699
-1.26226 -1.29407
-1.26219 -1.29688
-1.26222 -1.29425
-1.26193 -1.29744
-1.2612 -1.29368
-1.26335 -1.29187
-1.25874 -1.29585
-1.26233 -1.29273
-1.26199 -1.29359
-1.26226 -1.29313
-1.26154 -1.29386
-1.26137 -1.29288
-1.26011 -1.29607
-1.26488 -1.29218
-1.26171 -1.29061
-1.26312 -1.2951
-1.26358 -1.29066
-1.25995 -1.29372
-1.26365 -1.29147
-1.26145 -1.2951
-1.26191 -1.29186
-1.2647 -1.2944
-1.26353 -1.29222
-1.2622 -1.2955
-1.26334 -1.29118
-1.26377 -1.29175
-1.26137 -1.29302
-1.26398 -1.29142
-1.26204 -1.29356
-1.26481 -1.28915
-1.2606 -1.29431
-1.262 -1.28779
-1.262 -1.29373
-1.26312 -1.29349
-1.26101 -1.29052
-1.26269 -1.28943
-1.26102 -1.29217
-1.26376 -1.29113
-1.26004 -1.29281
-1.26277 -1.2902
-1.26202 -1.29314
-1.26089 -1.29107
-1.26272 -1.29002
-1.26399 -1.29226
-1.26315 -1.28888
-1.26132 -1.29388
-1.26271 -1.28801
-1.26383 -1.29254
-1.26304 -1.28893
-1.2643 -1.29201
-1.2647 -1.28953
-1.26145 -1.29065
-1.26477 -1.28904
-1.26221 -1.29033
-1.26279 -1.28807
-1.26375 -1.29278
-1.26438 -1.28447
-1.2624 -1.28907
-1.26237 -1.29082
-1.26489 -1.28801
-1.264 -1.28851
-1.26277 -1.29057
-1.26595 -1.28689
-1.26368 -1.28732
-1.26129 -1.28925
-1.26406 -1.287
-1.26302 -1.28991
-1.26213 -1.28815
-1.26529 -1.28701
-1.26299 -1.28616
-1.26408 -1.28759
-1.26235 -1.29172
-1.26427 -1.28518
-1.26118 -1.28941
-1.26466 -1.28526
-1.26286 -1.28804
-1.2633 -1.28631
-1.26073 -1.28814
-1.26216 -1.28706
-1.26176 -1.28817
-1.26196 -1.28853
-1.26376 -1.28539
-1.2588 -1.28896
-1.26284 -1.28624
-1.26206 -1.28521
-1.26313 -1.28602
-1.26013 -1.28903
-1.26347 -1.285
-1.261 -1.28614
-1.26178 -1.28468
-1.26158 -1.28659
-1.26234 -1.2869
-1.26185 -1.2856
-1.2588 -1.29077
-1.26271 -1.28172
-1.26173 -1.28758
-1.25849 -1.28774
-1.2632 -1.28366
-1.26133 -1.28734
-1.25959 -1.28933
-1.26214 -1.28522
-1.26082 -1.28696
-1.26338 -1.2848
-1.26083 -1.28699
-1.26334 -1.28292
-1.26273 -1.28397
-1.26068 -1.28781
-1.26231 -1.28492
-1.26017 -1.28565
-1.26135 -1.28584
-1.25899 -1.28633
-1.26005 -1.28619
-1.25958 -1.28749
-1.26221 -1.28297
-1.26045 -1.2868
-1.25997 -1.28407
-1.26098 -1.2864
-1.2611 -1.28556
-1.2595 -1.28379
-1.26133 -1.28453
-1.26015 -1.28634
-1.25988 -1.28688
-1.26101 -1.28272
-1.25843 -1.28538
-1.26137 -1.28378
-1.26009 -1.28572
-1.25895 -1.28307
-1.26016 -1.28601
-1.25982 -1.2847
-1.25989 -1.28416
-1.25888 -1.28642
-1.2635 -1.28419
-1.25907 -1.28647
-1.26129 -1.28249
-1.25821 -1.28448
-1.25852 -1.28152
-1.26051 -1.28451
-1.26084 -1.2829
-1.26034 -1.28236
-1.25918 -1.28413
-1.25825 -1.28422
-1.26062 -1.28431
-1.25987 -1.28199
-1.25648 -1.28547
-1.26128 -1.28289
-1.26147 -1.28187
-1.25713 -1.28573
-1.26204 -1.28044
-1.25739 -1.28432
-1.2615 -1.28293
-1.25843 -1.28435
-1.25901 -1.28335
-1.26093 -1.28274
-1.25923 -1.28382
-1.25844 -1.28226
-1.25871 -1.28038
-1.25871 -1.28434
-1.25952 -1.28353
-1.25788 -1.28233
-1.256 -1.28212
-1.25986 -1.28307
-1.25695 -1.28289
-1.25654 -1.28041
-1.25839 -1.28395
-1.25769 -1.28189
-1.25636 -1.28384
-1.25764 -1.28637
-1.25823 -1.27974
-1.25361 -1.28475
-1.26114 -1.28095
-1.2585 -1.28401
-1.25584 -1.28211
-1.25981 -1.28287
-1.25783 -1.28296
-1.25697 -1.28186
-1.25938 -1.28124
-1.25694 -1.28124
-1.25765 -1.28435
-1.25566 -1.2849
-1.25939 -1.28319
-1.25723 -1.28077
-1.25595 -1.28405
-1.25609 -1.28332
-1.25735 -1.28262
-1.25852 -1.28371
-1.25471 -1.28422
-1.25568 -1.28293
-1.2563 -1.28256
-1.25956 -1.28481
-1.25434 -1.2823
-1.25592 -1.28109
-1.25682 -1.28407
-1.25672 -1.2834
-1.25838 -1.27901
-1.25735 -1.28212
-1.25542 -1.28389
-1.25922 -1.2807
-1.25505 -1.28395
-1.25529 -1.28251
-1.25839 -1.28189
-1.25525 -1.28265
-1.25565 -1.28296
-1.25907 -1.28049
-1.25633 -1.2813
-1.25456 -1.28127
-1.25504 -1.28312
-1.25777 -1.2831
-1.25446 -1.28059
-1.25779 -1.28212
-1.25751 -1.28184
-1.25322 -1.28269
-1.2576 -1.28111
-1.25592 -1.284
-1.25719 -1.28142
-1.25366 -1.28205
-1.25596 -1.28127
-1.25635 -1.28133
-1.25494 -1.28377
-1.25494 -1.28095
-1.25562 -1.27992
-1.25538 -1.28106
-1.25573 -1.28306
-1.25373 -1.28158
-1.25486 -1.2828
-1.25653 -1.27855
-1.25547 -1.28192
-1.25361 -1.28233
-1.2544 -1.28069
-1.25467 -1.28269
-1.25403 -1.28164
-1.25639 -1.2809
-1.25394 -1.28058
-1.25343 -1.28312
-1.25516 -1.28218
-1.25282 -1.28098
-1.25433 -1.28143
-1.25606 -1.27821
-1.25407 -1.28073
-1.256 -1.28172
-1.2555 -1.27743
-1.25726 -1.28248
-1.25435 -1.28036
-1.25456 -1.2785
-1.25702 -1.28193
-1.2574 -1.27881
-1.25471 -1.27962
-1.25678 -1.28126
-1.25585 -1.27749
-1.25561 -1.27929
-1.25539 -1.28059
-1.25889 -1.27745
-1.25396 -1.27925
-1.25568 -1.27965
-1.256 -1.27846
-1.25631 -1.27652
-1.25643 -1.27629
-1.25628 -1.278
-1.25395 -1.27838
-1.25661 -1.27788
-1.25484 -1.27776
-1.25367 -1.27515
-1.25457 -1.27899
-1.25486 -1.27608
-1.25126 -1.2769
-1.25585 -1.27943
-1.25202 -1.27806
-1.2544 -1.27541
-1.25591 -1.27689
-1.25181 -1.27472
-1.25126 -1.27976
-1.25286 -1.27469
-1.25197 -1.27849
-1.25247 -1.27645
-1.25264 -1.27463
-1.25158 -1.27808
-1.25411 -1.27614
-1.25098 -1.27723
-1.25492 -1.27309
-1.24975 -1.27869
-1.25349 -1.27417
-1.25141 -1.27753
-1.25389 -1.27394
-1.25013 -1.2756
-1.25198 -1.27324
-1.25047 -1.27825
-1.25299 -1.27372
-1.25056 -1.2776
-1.24875 -1.27695
-1.25264 -1.2736
-1.25028 -1.27899
-1.2514 -1.27399
-1.24924 -1.27646
-1.24865 -1.27579
-1.25043 -1.27585
-1.25081 -1.2787
-1.25047 -1.27409
-1.25188 -1.27376
-1.24831 -1.27847
-1.25039 -1.27436
-1.25101 -1.27642
-1.25134 -1.2741
-1.25215 -1.27471
-1.24985 -1.27709
-1.25128 -1.27559
-1.25203 -1.27656
-1.25181 -1.27483
-1.25039 -1.27627
-1.25213 -1.27678
-1.24895 -1.27684
-1.25023 -1.27429
-1.25175 -1.27553
-1.25141 -1.27471
-1.24899 -1.27757
-1.2531 -1.27266
-1.2503 -1.27815
-1.25015 -1.27562
-1.25196 -1.27448
-1.25028 -1.27429
-1.25005 -1.27718
-1.2511 -1.27537
-1.25002 -1.27433
-1.24845 -1.27744
-1.25148 -1.27208
-1.25103 -1.27454
-1.24812 -1.27534
-1.25156 -1.2766
-1.24751 -1.27534
-1.25163 -1.27552
-1.24902 -1.27244
-1.24873 -1.27673
-1.24922 -1.275
-1.24978 -1.2768
-1.24769 -1.27307
-1.25148 -1.2771
-1.24882 -1.27342
-1.24919 -1.27655
-1.24976 -1.27451
-1.24991 -1.27421
-1.248 -1.27555
-1.24865 -1.2758
-1.24986 -1.27437
-1.24996 -1.27727
-1.24665 -1.27581
-1.24996 -1.27539
-1.24769 -1.27731
-1.24962 -1.27294
-1.24784 -1.27567
-1.24647 -1.2743
-1.24925 -1.27512
-1.24815 -1.27377
-1.24911 -1.27345
-1.2497 -1.27731
-1.2464 -1.27307
-1.24834 -1.27304
-1.25001 -1.27597
-1.24701 -1.2768
-1.2498 -1.27383
-1.25018 -1.27521
-1.24719 -1.27428
-1.25152 -1.27318
-1.24514 -1.27385
-1.25059 -1.27014
-1.24741 -1.27607
-1.25087 -1.27046
-1.24693 -1.27241
-1.24883 -1.27254
-1.24696 -1.27279
-1.24694 -1.27348
-1.24963 -1.27123
-1.24648 -1.27455
-1.24975 -1.26988
-1.2448 -1.27692
-1.24802 -1.27031
-1.24703 -1.27218
-1.24988 -1.27128
-1.24675 -1.27002
-1.24818 -1.27032
-1.24872 -1.27309
-1.24538 -1.2695
-1.24704 -1.27338
-1.24678 -1.26989
-1.24621 -1.27196
-1.24626 -1.26986
-1.24762 -1.27423
-1.24602 -1.27248
-1.24835 -1.26865
-1.24714 -1.27307
-1.24499 -1.2685
-1.24656 -1.27212
-1.24749 -1.27012
-1.24775 -1.26852
-1.24435 -1.27316
-1.24762 -1.27103
-1.24537 -1.26706
-1.24839 -1.27069
-1.24661 -1.26789
-1.24548 -1.27104
-1.24591 -1.26886
-1.24701 -1.2688
-1.24743 -1.26866
-1.24461 -1.27179
-1.24846 -1.26842
-1.24443 -1.27093
-1.24911 -1.26948
-1.24597 -1.26975
-1.24824 -1.26987
-1.24655 -1.26911
-1.24502 -1.26995
-1.24856 -1.26966
-1.24736 -1.26512
-1.24765 -1.27315
-1.24729 -1.2682
-1.24524 -1.26819
-1.24771 -1.26956
-1.24687 -1.26848
-1.24708 -1.26809
-1.24555 -1.272
-1.24935 -1.266
-1.24613 -1.27123
-1.24598 -1.27128
-1.24875 -1.26813
-1.24249 -1.26902
-1.24592 -1.26953
-1.24584 -1.26822
-1.24562 -1.27086
-1.24553 -1.26851
-1.24459 -1.27113
-1.24424 -1.26974
-1.24498 -1.26988
-1.24373 -1.27312
-1.24752 -1.2695
-1.24401 -1.26864
-1.2445 -1.27117
-1.24436 -1.26825
-1.24533 -1.27017
-1.24653 -1.26845
-1.24602 -1.26746
-1.24196 -1.27055
-1.24476 -1.26975
-1.24702 -1.26722
-1.2447 -1.27141
-1.24503 -1.27092
-1.24769 -1.26773
-1.2444 -1.26941
-1.24695 -1.272
-1.24668 -1.26657
-1.24602 -1.27108
-1.24641 -1.27133
-1.24547 -1.26954
-1.24762 -1.26867
-1.24455 -1.27237
-1.24638 -1.26699
-1.24413 -1.27126
-1.24796 -1.26999
-1.24449 -1.26861
-1.24497 -1.2707
-1.2454 -1.269
-1.24472 -1.27138
-1.24286 -1.27192
-1.24743 -1.26816
-1.24424 -1.26962
-1.24446 -1.27073
-1.243 -1.27199
-1.2471 -1.26609
-1.24273 -1.26894
-1.24618 -1.27038
-1.24414 -1.26848
-1.24498 -1.26941
-1.24395 -1.26879
-1.24396 -1.26851
-1.24493 -1.26922
-1.24609 -1.26859
-1.24379 -1.26724
-1.2456 -1.26805
-1.24258 -1.27157
-1.24389 -1.2667
-1.24452 -1.26902
-1.24373 -1.26946
-1.24357 -1.26776
-1.24709 -1.26726
-1.24268 -1.26997
-1.24716 -1.26492
-1.24163 -1.27135
-1.24379 -1.26487
-1.24347 -1.26954
-1.24592 -1.2661
-1.24161 -1.26904
-1.24445 -1.2668
-1.24342 -1.26824
-1.24469 -1.26819
-1.24389 -1.26778
-1.24169 -1.26962
-1.2434 -1.2645
-1.24507 -1.2697
-1.24304 -1.2677
-1.2431 -1.26707
-1.24341 -1.2675
-1.24442 -1.26975
-1.24295 -1.26712
-1.24097 -1.26774
-1.24261 -1.27021
-1.24376 -1.26664
-1.2446 -1.2684
-1.24346 -1.2676
-1.24338 -1.2658
-1.2413 -1.2695
-1.24502 -1.26689
-1.24193 -1.2666
-1.24205 -1.26865
-1.24298 -1.26881
-1.24294 -1.26659
-1.24265 -1.26957
-1.24719 -1.26565
-1.2418 -1.26962
-1.24193 -1.26885
-1.24557 -1.26687
-1.24214 -1.2685
-1.24418 -1.26416
-1.24034 -1.26896
-1.2426 -1.26732
-1.24349 -1.26781
-1.24252 -1.26652
-1.24415 -1.26559
-1.24386 -1.26416
-1.24081 -1.27054
-1.24113 -1.26552
-1.2426 -1.26679
-1.24332 -1.26448
-1.24277 -1.2645
-1.24137 -1.26921
-1.24319 -1.26207
-1.24189 -1.26508
-1.24353 -1.26577
-1.24167 -1.26609
-1.24396 -1.26523
-1.2435 -1.26546
-1.24098 -1.26486
-1.2436 -1.26443
-1.24037 -1.26447
-1.24286 -1.26664
-1.241 -1.26295
-1.23963 -1.26541
-1.24228 -1.26481
-1.23967 -1.26494
-1.24024 -1.26766
-1.24161 -1.26575
-1.2419 -1.26584
-1.2398 -1.26836
-1.23982 -1.26284
-1.23872 -1.27018
-1.24336 -1.26204
-1.23886 -1.2691
-1.23949 -1.2669
-1.24263 -1.2637
-1.23978 -1.26717
-1.24213 -1.26661
-1.23991 -1.26608
-1.24078 -1.26423
-1.24341 -1.26207
-1.24045 -1.26622
-1.23901 -1.26582
-1.24359 -1.26357
-1.23948 -1.26781
-1.24028 -1.26106
-1.23998 -1.26673
-1.2401 -1.26526
-1.23987 -1.26591
-1.24006 -1.26574
-1.24052 -1.2656
-1.2411 -1.26366
-1.2393 -1.26691
-1.2398 -1.26448
-1.24022 -1.26579
-1.24108 -1.26294
-1.24031 -1.2635
-1.24042 -1.26706
-1.2399 -1.26626
-1.24004 -1.26452
-1.23989 -1.26275
-1.2382 -1.26917
-1.24261 -1.2602
-1.23839 -1.26659
-1.24019 -1.26247
-1.24041 -1.26121
-1.23728 -1.26637
-1.24031 -1.26328
-1.23902 -1.26017
-1.2368 -1.26611
-1.24088 -1.26159
-1.23496 -1.2639
-1.24222 -1.26287
-1.23756 -1.26623
-1.23801 -1.25911
-1.23817 -1.26415
-1.23908 -1.26349
-1.23835 -1.26115
-1.23917 -1.26372
-1.23945 -1.26223
-1.23799 -1.2627
-1.23803 -1.26161
-1.23988 -1.26001
-1.23759 -1.26574
-1.23882 -1.26105
-1.2384 -1.2608
-1.2381 -1.26054
-1.24008 -1.26195
-1.23657 -1.26376
-1.24146 -1.26142
-1.23723 -1.26282
-1.23918 -1.2632
-1.23966 -1.26036
-1.24053 -1.26287
-1.23776 -1.26112
-1.23953 -1.25921
-1.23818 -1.26303
-1.24128 -1.26256
-1.23833 -1.26371
-1.23901 -1.26273
-1.23728 -1.26308
-1.23975 -1.2619
-1.23797 -1.26276
-1.23858 -1.26205
-1.23735 -1.2633
-1.23795 -1.26156
-1.23718 -1.26284
-1.23696 -1.26144
-1.23725 -1.26272
-1.23725 -1.26126
-1.23556 -1.26219
-1.23799 -1.25965
-1.23741 -1.26189
-1.23665 -1.25833
-1.23684 -1.26085
-1.23642 -1.2612
-1.23614 -1.25901
-1.23624 -1.26278
-1.23877 -1.25918
-1.23851 -1.25996
-1.23529 -1.26231
-1.23628 -1.26428
-1.23621 -1.25857
-1.23605 -1.26067
-1.23689 -1.26222
-1.23571 -1.26066
-1.23513 -1.26036
-1.23755 -1.25912
-1.23398 -1.26189
-1.2368 -1.25967
-1.23281 -1.26118
-1.23592 -1.25814
-1.23463 -1.26093
-1.23724 -1.26091
-1.23744 -1.25665
-1.23709 -1.26018
-1.23529 -1.25861
-1.24048 -1.25622
-1.23606 -1.2594
-1.23828 -1.25649
-1.23416 -1.25932
-1.2404 -1.25776
-1.23401 -1.26009
-1.24139 -1.25765
-1.2358 -1.26046
-1.23764 -1.25785
-1.23797 -1.258
-1.23742 -1.25823
-1.23704 -1.25945
-1.23648 -1.2581
-1.23772 -1.25808
-1.23921 -1.25832
-1.2364 -1.258
-1.23907 -1.25414
-1.23752 -1.26188
-1.2352 -1.2565
-1.23896 -1.25594
-1.23635 -1.26183
-1.2365 -1.2586
-1.23947 -1.25414
-1.23495 -1.2612
-1.23699 -1.25661
-1.23573 -1.25738
-1.2366 -1.25984
-1.2378 -1.25738
-1.235 -1.25998
-1.23729 -1.25784
-1.23536 -1.25659
-1.23551 -1.25921
-1.23577 -1.25894
-1.23511 -1.25752
-1.23652 -1.25838
-1.23442 -1.25813
-1.2359 -1.25773
-1.2324 -1.26028
-1.23646 -1.25809
-1.23401 -1.25777
-1.23664 -1.2574
-1.23509 -1.25803
-1.2336 -1.25929
-1.23608 -1.25843
-1.23445 -1.25875
-1.23525 -1.2586
-1.23446 -1.25944
-1.23261 -1.25944
-1.23623 -1.25656
-1.23264 -1.26104
-1.23647 -1.25666
-1.233 -1.26184
-1.23542 -1.25661
-1.23583 -1.25885
-1.23501 -1.25837
-1.23359 -1.25674
-1.23336 -1.25945
-1.23377 -1.25881
-1.23519 -1.25653
-1.23223 -1.25832
-1.23407 -1.25761
-1.23542 -1.25748
-1.2335 -1.25556
-1.23469 -1.2591
-1.23491 -1.25954
-1.23436 -1.25661
-1.23569 -1.25696
-1.23492 -1.25748
-1.23348 -1.25682
-1.23225 -1.25746
-1.23497 -1.25597
-1.23116 -1.25802
-1.23383 -1.25576
-1.23334 -1.26008
-1.23359 -1.25481
-1.23228 -1.25842
-1.23266 -1.25655
-1.23421 -1.25486
-1.2322 -1.25725
-1.23261 -1.25784
-1.23201 -1.2566
-1.233 -1.25641
-1.23274 -1.2559
-1.23396 -1.25851
-1.23472 -1.25517
-1.23191 -1.25812
-1.2332 -1.25605
-1.2328 -1.25734
-1.23249 -1.25558
-1.23275 -1.25736
-1.23185 -1.25876
-1.23212 -1.25771
-1.23038 -1.25849
-1.23308 -1.25553
-1.23204 -1.25925
-1.23344 -1.25596
-1.23036 -1.26035
-1.23241 -1.25522
-1.23267 -1.2565
-1.23046 -1.25688
-1.23294 -1.25471
-1.23015 -1.25702
-1.23414 -1.25467
-1.22938 -1.25785
-1.23321 -1.25427
-1.23078 -1.25784
-1.23058 -1.25825
-1.23036 -1.25386
-1.23153 -1.25541
-1.23055 -1.2605
-1.23231 -1.25106
-1.22945 -1.2587
-1.23089 -1.25589
-1.23223 -1.25398
-1.23158 -1.25722
-1.23124 -1.2538
-1.22971 -1.25783
-1.2346 -1.25401
-1.2291 -1.25615
-1.23274 -1.2538
-1.233 -1.25653
-1.23047 -1.25435
-1.23026 -1.25441
-1.232 -1.25762
-1.23225 -1.25505
-1.23048 -1.25555
-1.23161 -1.25408
-1.23135 -1.25703
-1.23139 -1.25347
-1.23137 -1.25599
-1.22923 -1.25405
-1.23028 -1.25523
-1.23227 -1.25444
-1.23149 -1.25551
-1.22863 -1.25464
-1.2324 -1.2566
-1.23087 -1.2555
-1.22941 -1.25485
-1.23119 -1.25567
-1.22715 -1.25554
-1.23144 -1.25592
-1.23091 -1.25564
-1.23047 -1.25446
-1.23273 -1.25438
-1.2289 -1.25306
-1.23183 -1.25532
-1.23103 -1.25532
-1.22961 -1.25318
-1.23113 -1.2531
-1.22876 -1.25408
-1.23204 -1.25511
-1.22994 -1.25431
-1.23101 -1.25246
-1.22981 -1.25702
-1.23206 -1.25159
-1.2287 -1.25603
-1.22995 -1.25445
-1.23203 -1.25235
-1.22737 -1.25654
-1.22834 -1.2554
-1.2302 -1.25368
-1.22902 -1.251
-1.2286 -1.25661
-1.22965 -1.25334
-1.22804 -1.25669
-1.2296 -1.25292
-1.22874 -1.25424
-1.22775 -1.25498
-1.23006 -1.25421
-1.23052 -1.2556
-1.22866 -1.2537
-1.23046 -1.25382
-1.2281 -1.25378
-1.22852 -1.25497
-1.2311 -1.25169
-1.22765 -1.25661
-1.22885 -1.25247
-1.22903 -1.25472
-1.22662 -1.25562
-1.22853 -1.25381
-1.23062 -1.25118
-1.2274 -1.25546
-1.22975 -1.25338
-1.22827 -1.2515
-1.22891 -1.25459
-1.22885 -1.25459
-1.22945 -1.25087
-1.22646 -1.25777
-1.22901 -1.25066
-1.22797 -1.25493
-1.22946 -1.25251
-1.22755 -1.2527
-1.22554 -1.25561
-1.2299 -1.25076
-1.22412 -1.25522
-1.22791 -1.25391
-1.22639 -1.25412
-1.22761 -1.25297
-1.22866 -1.25587
-1.22711 -1.25299
-1.22875 -1.2537
-1.22748 -1.25671
-1.22554 -1.25288
-1.22771 -1.25759
-1.22802 -1.25171
-1.22799 -1.25604
-1.22664 -1.256
-1.22651 -1.25349
-1.22604 -1.25375
-1.22674 -1.25315
-1.22817 -1.25642
-1.22739 -1.25222
-1.22511 -1.25634
-1.22813 -1.25369
-1.2287 -1.25248
-1.22233 -1.2542
-1.22993 -1.25572
-1.22592 -1.25384
-1.2293 -1.25241
-1.22561 -1.25232
-1.22559 -1.2546
-1.22788 -1.25224
-1.22587 -1.25398
-1.22646 -1.251
-1.22821 -1.25336
-1.22427 -1.25294
-1.22581 -1.25506
-1.22522 -1.25169
-1.22552 -1.25238
-1.22814 -1.25151
-1.2251 -1.25386
-1.22592 -1.25215
-1.22627 -1.25418
-1.2266 -1.25113
-1.22408 -1.25232
-1.22482 -1.25442
-1.2272 -1.25158
-1.22508 -1.25355
-1.22364 -1.25337
-1.22562 -1.24989
-1.22418 -1.25508
-1.22492 -1.24966
-1.22675 -1.2521
-1.2239 -1.25095
-1.22529 -1.25095
-1.22414 -1.25423
-1.2245 -1.25005
-1.22411 -1.25007
-1.22443 -1.25237
-1.22477 -1.25093
-1.22581 -1.25045
-1.22534 -1.25319
-1.2237 -1.25165
-1.22521 -1.25046
-1.22332 -1.25239
-1.22388 -1.2525
-1.224 -1.25182
-1.22276 -1.2556
-1.2245 -1.25062
-1.22586 -1.25074
-1.22603 -1.25405
-1.22204 -1.2519
-1.22559 -1.25335
-1.22532 -1.25112
-1.22159 -1.25669
-1.22626 -1.25181
-1.22315 -1.25237
-1.224 -1.25384
-1.22427 -1.25086
-1.22384 -1.25295
-1.22597 -1.251
-1.2265 -1.24878
-1.22352 -1.2563
-1.22474 -1.24736
-1.22342 -1.25364
-1.22702 -1.24642
-1.22497 -1.24888
-1.22572 -1.25518
-1.22472 -1.24718
-1.22482 -1.25148
-1.22588 -1.25015
-1.22356 -1.25181
-1.22506 -1.24591
-1.22361 -1.25269
-1.22407 -1.24955
-1.22696 -1.24747
-1.22375 -1.25011
-1.22784 -1.24726
-1.22264 -1.25227
-1.22683 -1.24647
-1.22504 -1.2478
-1.22597 -1.24938
-1.22603 -1.24935
-1.22552 -1.24716
-1.22554 -1.24813
-1.22716 -1.25058
-1.22355 -1.25049
-1.22754 -1.24732
-1.22429 -1.25413
-1.22512 -1.24873
-1.22694 -1.25035
-1.2248 -1.25051
-1.22447 -1.25039
-1.2244 -1.24887
-1.228 -1.24686
-1.22415 -1.2504
-1.22709 -1.24814
-1.22433 -1.24702
-1.22374 -1.25184
-1.22577 -1.24775
-1.22586 -1.24689
-1.22476 -1.2495
-1.22298 -1.24912
-1.22518 -1.24965
-1.22267 -1.25081
-1.22415 -1.24358
-1.22521 -1.24931
-1.22373 -1.24798
-1.22543 -1.24593
-1.22621 -1.25234
-1.22295 -1.24658
-1.22585 -1.24784
-1.22507 -1.24652
-1.22452 -1.24819
-1.22549 -1.24784
-1.22653 -1.24522
-1.22386 -1.248
-1.22447 -1.2492
-1.22547 -1.24531
-1.22562 -1.24823
-1.22141 -1.24848
-1.22615 -1.24656
-1.22273 -1.24639
-1.22437 -1.24791
-1.2249 -1.248
-1.22351 -1.24685
-1.22551 -1.24806
-1.22216 -1.25015
-1.22349 -1.24572
-1.22475 -1.24814
-1.22185 -1.24775
-1.22401 -1.24676
-1.22391 -1.24839
-1.22399 -1.24512
-1.22176 -1.24782
-1.22492 -1.2454
