0 0
-0.0871481 -0.0820204
-0.171507 -0.161673
-0.252889 -0.238672
-0.331366 -0.313224
-0.406939 -0.385311
-0.47943 -0.454667
-0.548964 -0.521122
-0.615811 -0.585937
-0.6787 -0.645898
-0.738233 -0.70671
-0.796501 -0.762041
-0.849825 -0.815583
-0.901249 -0.865666
-0.948159 -0.914003
-0.992098 -0.960566
-1.03395 -1.00238
-1.0695 -1.04191
-1.10548 -1.07884
-1.13466 -1.11608
-1.1633 -1.1451
-1.18381 -1.17817
-1.20756 -1.20168
-1.22317 -1.23341
-1.23855 -1.25626
-1.25096 -1.27228
-1.26381 -1.2925
-1.27046 -1.31227
-1.27792 -1.3289
-1.28034 -1.34159
-1.28709 -1.36137
-1.28576 -1.35661
-1.28839 -1.35735
-1.28749 -1.35632
-1.28745 -1.3593
-1.28815 -1.35865
-1.28473 -1.35634
-1.28793 -1.35844
-1.28625 -1.35796
-1.28624 -1.35719
-1.28515 -1.35565
-1.28792 -1.35857
-1.28558 -1.35487
-1.28685 -1.35535
-1.28553 -1.3566
-1.28365 -1.35837
-1.28714 -1.35501
-1.28697 -1.35317
-1.28537 -1.36085
-1.2892 -1.34909
-1.28534 -1.35549
-1.28614 -1.35499
-1.28664 -1.35487
-1.288 -1.35414
-1.28737 -1.35555
-1.28571 -1.35097
-1.28984 -1.35201
-1.28629 -1.35598
-1.28451 -1.35679
-1.28922 -1.35215
-1.28727 -1.35307
-1.28683 -1.35294
-1.28478 -1.35417
-1.28753 -1.35649
-1.28618 -1.35488
-1.28583 -1.35438
-1.28383 -1.35686
-1.2843 -1.35456
-1.28755 -1.35509
-1.28442 -1.35072
-1.28609 -1.35676
-1.28707 -1.35148
-1.28342 -1.35483
-1.28513 -1.35472
-1.28499 -1.35183
-1.28441 -1.35419
-1.28483 -1.35189
-1.28379 -1.35633
-1.28609 -1.35015
-1.28444 -1.35485
-1.28151 -1.35406
-1.28411 -1.35364
-1.28407 -1.35259
-1.28332 -1.35325
-1.28598 -1.35419
-1.28446 -1.35207
-1.2858 -1.35256
-1.2833 -1.35479
-1.28816 -1.35037
-1.28346 -1.35067
-1.28553 -1.35125
-1.28335 -1.35187
-1.28583 -1.34995
-1.28764 -1.34907
-1.28297 -1.35305
-1.28419 -1.34852
-1.28567 -1.34931
-1.28579 -1.35029
-1.28338 -1.35221
-1.28625 -1.34594
-1.28328 -1.3522
-1.28377 -1.35056
-1.28435 -1.35312
-1.28583 -1.35084
-1.28244 -1.35029
-1.28514 -1.34924
-1.28268 -1.35335
-1.28674 -1.35038
-1.28163 -1.35295
-1.28375 -1.35292
-1.28484 -1.35152
-1.28638 -1.35065
-1.2827 -1.35282
-1.28323 -1.34948
-1.28515 -1.35346
-1.28259 -1.3513
-1.28572 -1.35118
-1.28227 -1.35156
-1.28554 -1.34749
-1.28406 -1.35262
-1.28626 -1.35005
-1.28323 -1.3504
-1.28357 -1.34934
-1.28597 -1.34832
-1.28473 -1.35234
-1.28415 -1.35038
-1.28533 -1.34878
-1.28357 -1.3491
-1.28351 -1.34982
-1.28405 -1.34867
-1.28581 -1.34898
-1.28293 -1.35208
-1.28659 -1.34772
-1.28447 -1.34924
-1.28244 -1.35027
-1.28473 -1.34723
-1.28426 -1.34954
-1.28503 -1.34859
-1.28416 -1.34902
-1.28333 -1.35013
-1.28476 -1.34867
-1.28513 -1.34956
-1.28395 -1.34877
-1.28491 -1.3463
-1.28606 -1.35027
-1.28167 -1.34997
-1.28613 -1.34877
-1.28289 -1.34656
-1.28458 -1.34889
-1.2839 -1.35299
-1.28508 -1.34706
-1.28356 -1.34893
-1.28545 -1.34811
-1.28551 -1.34828
-1.28361 -1.34814
-1.2856 -1.34877
-1.2824 -1.34938
-1.28346 -1.35116
-1.28482 -1.35135
-1.28423 -1.3501
-1.28444 -1.34965
-1.28269 -1.35056
-1.28471 -1.35193
-1.28557 -1.34736
-1.2821 -1.3535
-1.28342 -1.34899
-1.28538 -1.34771
-1.2845 -1.35058
-1.28276 -1.34862
-1.28374 -1.34596
-1.28462 -1.35023
-1.27977 -1.34955
-1.28662 -1.35038
-1.28257 -1.34957
-1.28692 -1.34852
-1.28113 -1.35077
-1.28637 -1.34662
-1.28334 -1.34756
-1.28302 -1.34883
-1.28513 -1.34665
-1.28006 -1.34975
-1.28389 -1.34896
-1.28313 -1.34669
-1.28271 -1.34797
-1.28171 -1.351
-1.28352 -1.34573
-1.28307 -1.34677
-1.28384 -1.34787
-1.28161 -1.34695
-1.28357 -1.34594
-1.28371 -1.34442
-1.28205 -1.34377
-1.28519 -1.34615
-1.28348 -1.34518
-1.28239 -1.34733
-1.28149 -1.3452
-1.28368 -1.34634
-1.28433 -1.34501
-1.28477 -1.3447
-1.28479 -1.3452
-1.28364 -1.34682
-1.28247 -1.34436
-1.28311 -1.34738
-1.28391 -1.34583
-1.28393 -1.34532
-1.28365 -1.34474
-1.2814 -1.34774
-1.2882 -1.34575
-1.28269 -1.34423
-1.28436 -1.34579
-1.28078 -1.34513
-1.28243 -1.34702
-1.28528 -1.34703
-1.28264 -1.34461
-1.28205 -1.34652
-1.28306 -1.34588
-1.28372 -1.3463
-1.28217 -1.34459
-1.28365 -1.34399
-1.28248 -1.34706
-1.28404 -1.34558
-1.28129 -1.34617
-1.28433 -1.34278
-1.28085 -1.34565
-1.28642 -1.3438
-1.28189 -1.34538
-1.28264 -1.34559
-1.28379 -1.34123
-1.27986 -1.34461
-1.28377 -1.34468
-1.28297 -1.34685
-1.28346 -1.34598
-1.28289 -1.34548
-1.28279 -1.34611
-1.28276 -1.34516
-1.28499 -1.34558
-1.28174 -1.34504
-1.28295 -1.34174
-1.28058 -1.34702
-1.28276 -1.34567
-1.27981 -1.34749
-1.28225 -1.34303
-1.2811 -1.34868
-1.2813 -1.34435
-1.28386 -1.34449
-1.27893 -1.3475
-1.28367 -1.344
-1.27942 -1.346
-1.28271 -1.34566
-1.27945 -1.34478
-1.28312 -1.34441
-1.28041 -1.34706
-1.28115 -1.34454
-1.28097 -1.34427
-1.27961 -1.34568
-1.28115 -1.3451
-1.27889 -1.34661
-1.28198 -1.3457
-1.28103 -1.34499
-1.28074 -1.3454
-1.28162 -1.34587
-1.2805 -1.3437
-1.27826 -1.34941
-1.28024 -1.34805
-1.28033 -1.34275
-1.28237 -1.34772
-1.27778 -1.3436
-1.27875 -1.34591
-1.28096 -1.34522
-1.28033 -1.34558
-1.28069 -1.3455
-1.27713 -1.34731
-1.28262 -1.34354
-1.27715 -1.34645
-1.28133 -1.34629
-1.27977 -1.34622
-1.27899 -1.34543
-1.27901 -1.34618
-1.28222 -1.34394
-1.27995 -1.34513
-1.2802 -1.34194
-1.28006 -1.34433
-1.28224 -1.34181
-1.27835 -1.34703
-1.28199 -1.34463
-1.28134 -1.34251
-1.27821 -1.34264
-1.28038 -1.34546
-1.28307 -1.34144
-1.28154 -1.34227
-1.28035 -1.34592
-1.28202 -1.34324
-1.28186 -1.34248
-1.27992 -1.34554
-1.27925 -1.34042
-1.28287 -1.34408
-1.28003 -1.34296
-1.28044 -1.34499
-1.28076 -1.34299
-1.28121 -1.34422
-1.28347 -1.33997
-1.27917 -1.34347
-1.28117 -1.34322
-1.28018 -1.34174
-1.27995 -1.34244
-1.28162 -1.34396
-1.28239 -1.34469
-1.27806 -1.34034
-1.27999 -1.3457
-1.28005 -1.34238
-1.28065 -1.34228
-1.28342 -1.34002
-1.27829 -1.34267
-1.28137 -1.33772
-1.28153 -1.34089
-1.2795 -1.3423
-1.28094 -1.33989
-1.27868 -1.34352
-1.28085 -1.34528
-1.2784 -1.33878
-1.27978 -1.34156
-1.28184 -1.33979
-1.27717 -1.34182
-1.28174 -1.33945
-1.2789 -1.34203
-1.28032 -1.34012
-1.28143 -1.34059
-1.27829 -1.34285
-1.2824 -1.33992
-1.27684 -1.34017
-1.27924 -1.34059
-1.2795 -1.34212
-1.27833 -1.34195
-1.27892 -1.34272
-1.27889 -1.33936
-1.27746 -1.33982
-1.2825 -1.33962
-1.27645 -1.34254
-1.2772 -1.33763
-1.27947 -1.34034
-1.28146 -1.33813
-1.27995 -1.33871
-1.27947 -1.34002
-1.2815 -1.34043
-1.27902 -1.33787
-1.28043 -1.34075
-1.27986 -1.33908
-1.28143 -1.33805
-1.27956 -1.33619
-1.27916 -1.34138
-1.27797 -1.33962
-1.2783 -1.33881
-1.28242 -1.33919
-1.278 -1.33892
-1.27689 -1.33905
-1.28226 -1.33858
-1.27997 -1.33655
-1.27595 -1.34128
-1.27751 -1.33836
-1.28077 -1.33839
-1.27869 -1.33827
-1.28126 -1.33432
-1.28005 -1.33894
-1.27974 -1.33675
-1.2767 -1.33866
-1.28221 -1.33248
-1.27584 -1.33828
-1.27902 -1.33426
-1.27953 -1.33887
-1.27525 -1.33726
-1.28016 -1.33711
-1.27762 -1.33794
-1.27888 -1.33415
-1.27668 -1.3379
-1.28088 -1.33524
-1.27738 -1.33783
-1.27645 -1.33516
-1.27913 -1.33447
-1.2758 -1.3376
-1.27789 -1.33591
-1.2799 -1.33515
-1.27754 -1.33642
-1.27781 -1.337
-1.27847 -1.33735
-1.27797 -1.33639
-1.27893 -1.33226
-1.27856 -1.33762
-1.27697 -1.33604
-1.27781 -1.33542
-1.28105 -1.33615
-1.27745 -1.33641
-1.27867 -1.33575
-1.27823 -1.33561
-1.27834 -1.33504
-1.28066 -1.33458
-1.27823 -1.33541
-1.27677 -1.33586
-1.28028 -1.33543
-1.27855 -1.33768
-1.27562 -1.3358
-1.27917 -1.33586
-1.27849 -1.33463
-1.27808 -1.3359
-1.27835 -1.33449
-1.27735 -1.33485
-1.27821 -1.33563
-1.27761 -1.33233
-1.27685 -1.33613
-1.27776 -1.3327
-1.27797 -1.33664
-1.27833 -1.33217
-1.28058 -1.33349
-1.27404 -1.33813
-1.27807 -1.33236
-1.2794 -1.33153
-1.27852 -1.33403
-1.27873 -1.33328
-1.27797 -1.33194
-1.27543 -1.33933
-1.27945 -1.33196
-1.27891 -1.3327
-1.27707 -1.33095
-1.27763 -1.33442
-1.27519 -1.33342
-1.27978 -1.33239
-1.27884 -1.33194
-1.27858 -1.33269
-1.27555 -1.33333
-1.27881 -1.33174
-1.27894 -1.33651
-1.27854 -1.33088
-1.27903 -1.33325
-1.27713 -1.33383
-1.27893 -1.33201
-1.27827 -1.33321
-1.28163 -1.33111
-1.27709 -1.33157
-1.27914 -1.33377
-1.2807 -1.33338
-1.27715 -1.33326
-1.27785 -1.33631
-1.27917 -1.33181
-1.27778 -1.33424
-1.28008 -1.33318
-1.278 -1.33033
-1.27764 -1.33573
-1.28181 -1.33335
-1.2772 -1.32844
-1.2802 -1.33295
-1.27759 -1.33049
-1.27986 -1.33266
-1.27918 -1.32947
-1.2799 -1.3326
-1.27715 -1.33071
-1.28074 -1.32787
-1.27514 -1.33612
-1.28055 -1.32844
-1.27593 -1.33254
-1.27721 -1.33091
-1.2799 -1.33035
-1.27769 -1.32978
-1.27817 -1.33145
-1.27519 -1.33188
-1.28047 -1.33034
-1.27697 -1.33234
-1.27783 -1.32862
-1.27867 -1.33076
-1.27698 -1.33032
-1.27662 -1.32998
-1.2764 -1.33219
-1.2782 -1.32774
-1.27796 -1.33204
-1.2792 -1.33252
-1.27604 -1.32868
-1.27545 -1.33042
-1.28028 -1.32907
-1.27584 -1.33263
-1.28026 -1.32714
-1.27467 -1.33347
-1.27882 -1.33101
-1.27675 -1.32983
-1.27617 -1.33067
-1.27847 -1.33083
-1.27881 -1.33183
-1.275 -1.32972
-1.27682 -1.33069
-1.27855 -1.33178
-1.27824 -1.32909
-1.27844 -1.33155
-1.2781 -1.327
-1.27817 -1.33022
-1.27692 -1.32967
-1.27675 -1.33139
-1.27877 -1.3279
-1.27791 -1.32888
-1.27773 -1.32947
-1.27519 -1.32833
-1.28047 -1.32915
-1.27567 -1.33001
-1.27919 -1.32811
-1.27872 -1.32655
-1.28015 -1.32958
-1.27685 -1.32827
-1.27973 -1.32494
-1.27867 -1.32847
-1.27704 -1.32977
-1.28006 -1.32856
-1.28002 -1.32842
-1.27845 -1.32688
-1.2783 -1.32695
-1.27864 -1.3264
-1.27732 -1.3297
-1.27838 -1.32837
-1.27656 -1.32664
-1.27748 -1.32595
-1.27866 -1.32706
-1.27462 -1.32771
-1.27857 -1.32532
-1.27886 -1.32694
-1.27641 -1.32801
-1.2792 -1.32402
-1.27727 -1.32794
-1.27274 -1.32669
-1.27893 -1.32542
-1.27731 -1.3286
-1.27721 -1.32392
-1.27718 -1.32792
-1.27749 -1.32489
-1.27595 -1.3257
-1.27673 -1.32642
-1.27646 -1.32772
-1.2772 -1.32818
-1.27901 -1.32654
-1.27635 -1.32355
-1.27663 -1.32659
-1.27778 -1.32394
-1.27519 -1.32663
-1.27733 -1.3256
-1.28056 -1.32548
-1.27936 -1.32334
-1.27451 -1.32715
-1.27847 -1.32432
-1.27742 -1.32884
-1.2765 -1.32597
-1.27952 -1.3254
-1.27539 -1.32723
-1.27887 -1.32344
-1.2782 -1.32643
-1.27712 -1.32896
-1.27685 -1.32516
-1.27746 -1.32706
-1.27565 -1.32513
-1.27751 -1.32553
-1.27687 -1.32429
-1.27636 -1.32769
-1.27542 -1.32753
-1.27944 -1.32443
-1.27489 -1.32551
-1.27629 -1.32407
-1.27583 -1.32434
-1.27537 -1.32595
-1.2785 -1.32395
-1.27745 -1.32445
-1.27276 -1.32761
-1.27823 -1.32425
-1.27711 -1.32581
-1.2777 -1.32302
-1.27588 -1.3271
-1.2757 -1.324
-1.27616 -1.32754
-1.27577 -1.32649
-1.27374 -1.32518
-1.27888 -1.3229
-1.2761 -1.32696
-1.27805 -1.32069
-1.27682 -1.3268
-1.27388 -1.32649
-1.27652 -1.32271
-1.2742 -1.32656
-1.27857 -1.32522
-1.27396 -1.3234
-1.27557 -1.32409
-1.27598 -1.32191
-1.27573 -1.32507
-1.27652 -1.32182
-1.27618 -1.32434
-1.27604 -1.32108
-1.27487 -1.32339
-1.27629 -1.32425
-1.27485 -1.32132
-1.2768 -1.32216
-1.2749 -1.3234
-1.27484 -1.32386
-1.27864 -1.32314
-1.2743 -1.32305
-1.27624 -1.32505
-1.27601 -1.3205
-1.27569 -1.32439
-1.2745 -1.32141
-1.27656 -1.32457
-1.27643 -1.32196
-1.27491 -1.32455
-1.27428 -1.32179
-1.27372 -1.3224
-1.27751 -1.32239
-1.27226 -1.32408
-1.27884 -1.32032
-1.27367 -1.32018
-1.27658 -1.32268
-1.27566 -1.32197
-1.27069 -1.32409
-1.27865 -1.32148
-1.27541 -1.32167
-1.2754 -1.32095
-1.27337 -1.32195
-1.27711 -1.32187
-1.27531 -1.3179
-1.27512 -1.32246
-1.27634 -1.3197
-1.27322 -1.32307
-1.27525 -1.31975
-1.27558 -1.32323
-1.27648 -1.32213
-1.27216 -1.32351
-1.27808 -1.31942
-1.27443 -1.3206
-1.27523 -1.32007
-1.2746 -1.31995
-1.27524 -1.31998
-1.27595 -1.3213
-1.2743 -1.32046
-1.27395 -1.31869
-1.27263 -1.31972
-1.27613 -1.31693
-1.27389 -1.32058
-1.27606 -1.31752
-1.27395 -1.3193
-1.27544 -1.3222
-1.27248 -1.31751
-1.27391 -1.31987
-1.2727 -1.31656
-1.27526 -1.32116
-1.27237 -1.31976
-1.27373 -1.3196
-1.27258 -1.31964
-1.27355 -1.32028
-1.27418 -1.31916
-1.2733 -1.32302
-1.27405 -1.31854
-1.27148 -1.31874
-1.2724 -1.32047
-1.27308 -1.31994
-1.27326 -1.32208
-1.2743 -1.31768
-1.27182 -1.32162
-1.27048 -1.32027
-1.27445 -1.31966
-1.27188 -1.3196
-1.27077 -1.32192
-1.27355 -1.31671
-1.27279 -1.31717
-1.26967 -1.32082
-1.27216 -1.31982
-1.27317 -1.31727
-1.2735 -1.31767
-1.26871 -1.32009
-1.2711 -1.31931
-1.27497 -1.31596
-1.26959 -1.32279
-1.27224 -1.31504
-1.27112 -1.3199
-1.2729 -1.32034
-1.27167 -1.3194
-1.27398 -1.31858
-1.27022 -1.32017
-1.27206 -1.31745
-1.27307 -1.32068
-1.27266 -1.3191
-1.27103 -1.31789
-1.27079 -1.3214
-1.27467 -1.31957
-1.26934 -1.31953
-1.27139 -1.317
-1.27079 -1.32123
-1.2722 -1.32123
-1.27083 -1.32067
-1.27074 -1.31919
-1.27252 -1.32155
-1.26836 -1.32037
-1.27131 -1.32136
-1.26966 -1.32066
-1.27029 -1.31871
-1.27039 -1.32214
-1.27043 -1.3202
-1.27003 -1.31809
-1.26763 -1.32336
-1.27034 -1.31787
-1.27112 -1.32042
-1.27093 -1.31979
-1.27008 -1.32107
-1.27099 -1.31797
-1.26736 -1.32142
-1.27237 -1.31673
-1.27068 -1.3202
-1.2695 -1.31855
-1.27141 -1.32062
-1.26964 -1.32045
-1.26916 -1.31841
-1.2697 -1.32103
-1.26813 -1.3182
-1.27077 -1.31976
-1.26913 -1.32104
-1.26689 -1.32028
-1.26808 -1.31853
-1.26998 -1.32092
-1.26948 -1.32003
-1.2675 -1.31782
-1.26981 -1.32111
-1.2678 -1.32093
-1.27086 -1.31536
-1.26962 -1.31997
-1.26971 -1.31751
-1.26682 -1.32046
-1.26658 -1.3199
-1.26862 -1.31815
-1.26781 -1.31768
-1.26619 -1.31938
-1.26884 -1.31645
-1.26904 -1.3184
-1.26757 -1.32024
-1.26866 -1.31714
-1.26778 -1.31656
-1.26779 -1.31941
-1.26858 -1.3173
-1.26901 -1.31552
-1.27101 -1.31774
-1.26982 -1.31551
-1.26713 -1.3204
-1.27115 -1.31441
-1.26946 -1.31909
-1.26957 -1.31789
-1.26515 -1.3183
-1.2706 -1.3159
-1.27164 -1.31573
-1.26775 -1.31763
-1.2689 -1.31955
-1.27062 -1.31224
-1.26694 -1.31669
-1.2715 -1.31756
-1.27084 -1.31772
-1.26799 -1.31557
-1.27106 -1.31671
-1.26924 -1.31848
-1.26967 -1.31483
-1.27176 -1.31539
-1.26928 -1.3153
-1.27144 -1.3166
-1.26982 -1.31488
-1.26989 -1.31749
-1.2702 -1.31386
-1.271 -1.31711
-1.26977 -1.31613
-1.2684 -1.31454
-1.27003 -1.31557
-1.2661 -1.31481
-1.26931 -1.31604
-1.26932 -1.31743
-1.26857 -1.31395
-1.26851 -1.3149
-1.27036 -1.31607
-1.26769 -1.31796
-1.26878 -1.3123
-1.26952 -1.31464
-1.26731 -1.31551
-1.27072 -1.31535
-1.26806 -1.316
-1.26607 -1.31544
-1.26885 -1.31767
-1.27057 -1.31109
-1.2668 -1.31577
-1.26965 -1.31275
-1.26883 -1.31391
-1.26877 -1.31703
-1.26801 -1.31144
-1.26876 -1.31257
-1.26721 -1.3152
-1.27096 -1.31264
-1.26768 -1.31531
-1.2695 -1.31562
-1.27054 -1.31172
-1.26664 -1.3186
-1.27035 -1.31299
-1.26849 -1.31402
-1.26995 -1.31447
-1.27019 -1.31375
-1.26968 -1.31558
-1.26917 -1.31561
-1.26821 -1.3115
-1.26798 -1.31743
-1.2697 -1.31347
-1.27015 -1.31675
-1.26983 -1.31434
-1.26736 -1.31708
-1.27191 -1.31073
-1.26749 -1.31427
-1.27102 -1.31354
-1.26775 -1.31279
-1.26917 -1.31639
-1.27034 -1.31232
-1.26933 -1.31354
-1.27023 -1.31364
-1.27088 -1.31331
-1.26727 -1.31411
-1.26985 -1.31553
-1.2709 -1.30974
-1.26737 -1.3147
-1.27204 -1.3119
-1.2727 -1.30828
-1.26877 -1.31398
-1.27239 -1.30949
-1.26975 -1.31295
-1.269 -1.31209
-1.27182 -1.31339
-1.2685 -1.31235
-1.27168 -1.31256
-1.2692 -1.31098
-1.26764 -1.31257
-1.26935 -1.31325
-1.27122 -1.31347
-1.2698 -1.31049
-1.26869 -1.31329
-1.26791 -1.31214
-1.26979 -1.31399
-1.26632 -1.31419
-1.26838 -1.31109
-1.26947 -1.31318
-1.26694 -1.31276
-1.2692 -1.31478
-1.27164 -1.31259
-1.26473 -1.31444
-1.27096 -1.31226
-1.26823 -1.31362
-1.26911 -1.31076
-1.26938 -1.31473
-1.27036 -1.30993
-1.26896 -1.31445
-1.27178 -1.31127
-1.26964 -1.3139
-1.27228 -1.31026
-1.2686 -1.31056
-1.27065 -1.3117
-1.26992 -1.31159
-1.27084 -1.31104
-1.26989 -1.31262
-1.27401 -1.3108
-1.27065 -1.31399
-1.26884 -1.31002
-1.27258 -1.31239
-1.27065 -1.31031
-1.26833 -1.31182
-1.27214 -1.31159
-1.2701 -1.3078
-1.26995 -1.31206
-1.26873 -1.31336
-1.27031 -1.308
-1.26768 -1.31011
-1.27402 -1.30954
-1.27123 -1.30854
-1.27011 -1.31133
-1.271 -1.306
-1.26981 -1.31164
-1.27114 -1.30817
-1.26847 -1.31055
-1.27279 -1.30634
-1.27179 -1.30935
-1.26973 -1.30921
-1.27407 -1.30648
-1.26793 -1.31267
-1.27071 -1.30935
-1.27105 -1.30407
-1.26962 -1.31166
-1.2693 -1.30928
-1.27043 -1.30769
-1.26804 -1.30942
-1.26916 -1.30973
-1.26953 -1.30883
-1.26971 -1.3083
-1.26762 -1.31078
-1.27093 -1.30581
-1.26943 -1.30987
-1.27157 -1.309
-1.26573 -1.30859
-1.27155 -1.30861
-1.26818 -1.30901
-1.26858 -1.30816
-1.26937 -1.30967
-1.26823 -1.30732
-1.26829 -1.31129
-1.26891 -1.30662
-1.27096 -1.30721
-1.26807 -1.31041
-1.26658 -1.31078
-1.26924 -1.30888
-1.27061 -1.31023
-1.26901 -1.30727
-1.26962 -1.30994
-1.26707 -1.30738
-1.26825 -1.30517
-1.26793 -1.31143
-1.27117 -1.30659
-1.26698 -1.31021
-1.26977 -1.30443
-1.26803 -1.30888
-1.2699 -1.30873
-1.26984 -1.30636
-1.26844 -1.30603
-1.27019 -1.30526
-1.26907 -1.30583
-1.26815 -1.30684
-1.26738 -1.30708
-1.26897 -1.30737
-1.26859 -1.30676
-1.27158 -1.30646
-1.26547 -1.30534
-1.26838 -1.30607
-1.26857 -1.30566
-1.26555 -1.30835
-1.26823 -1.30381
-1.26808 -1.3053
-1.26892 -1.30777
-1.2675 -1.31
-1.26822 -1.30522
-1.2688 -1.30723
-1.27081 -1.30599
-1.26896 -1.30477
-1.26536 -1.30681
-1.26844 -1.30674
-1.26891 -1.30537
-1.26843 -1.30565
-1.2666 -1.30566
-1.26662 -1.30874
-1.26882 -1.3063
-1.26543 -1.30874
-1.26777 -1.30546
-1.26646 -1.30772
-1.26644 -1.307
-1.26668 -1.30743
-1.26754 -1.3086
-1.26608 -1.30693
-1.26588 -1.30582
-1.26935 -1.30633
-1.26642 -1.30844
-1.27025 -1.30268
-1.26726 -1.30797
-1.26887 -1.30587
-1.26672 -1.30463
-1.26824 -1.30547
-1.26612 -1.30761
-1.2673 -1.30219
-1.26895 -1.30429
-1.26826 -1.30637
-1.26795 -1.30364
-1.26755 -1.30695
-1.26554 -1.30651
-1.26822 -1.3022
-1.2686 -1.30734
-1.26736 -1.30274
-1.27009 -1.30581
-1.26726 -1.30502
-1.26938 -1.30468
-1.26609 -1.30704
-1.27009 -1.30465
-1.26817 -1.30359
-1.26867 -1.30588
-1.26876 -1.30252
-1.26744 -1.30707
-1.26579 -1.30441
-1.27038 -1.3027
-1.26523 -1.30644
-1.27004 -1.30271
-1.26674 -1.30433
-1.26652 -1.30506
-1.26691 -1.3058
-1.26685 -1.30588
-1.2669 -1.30348
-1.26719 -1.30675
-1.26814 -1.30464
-1.26621 -1.30478
-1.26634 -1.30504
-1.26882 -1.30557
-1.26712 -1.30046
-1.26634 -1.30436
-1.26924 -1.30265
-1.26842 -1.30074
-1.26737 -1.30522
-1.27035 -1.29863
-1.26709 -1.30465
-1.26836 -1.30154
-1.26859 -1.30082
-1.26861 -1.30119
-1.27045 -1.30445
-1.26747 -1.29877
-1.26763 -1.30263
-1.26891 -1.30289
-1.26755 -1.30273
-1.26829 -1.30477
-1.26582 -1.30431
-1.26871 -1.3059
-1.26801 -1.30263
-1.27062 -1.30365
-1.26652 -1.30405
-1.26989 -1.30308
-1.26688 -1.30509
-1.26754 -1.30488
-1.26784 -1.30328
-1.26758 -1.30389
-1.26957 -1.30106
-1.26784 -1.3045
-1.26511 -1.30557
-1.26864 -1.30061
-1.26828 -1.30634
-1.26902 -1.301
-1.26619 -1.30604
-1.26808 -1.30477
-1.2654 -1.30568
-1.27065 -1.30017
-1.26484 -1.30672
-1.26661 -1.30429
-1.26885 -1.30395
-1.26858 -1.30466
-1.26641 -1.30313
-1.26661 -1.30207
-1.26878 -1.30657
-1.26813 -1.30023
-1.26671 -1.30692
-1.26716 -1.30209
-1.26581 -1.30536
-1.26756 -1.30333
-1.26536 -1.30431
-1.26456 -1.3044
-1.26807 -1.30004
-1.26453 -1.30616
-1.26585 -1.3015
-1.26754 -1.3059
-1.26583 -1.3003
-1.26556 -1.30399
-1.26477 -1.3008
-1.26601 -1.30362
-1.26881 -1.30389
-1.26363 -1.3019
-1.26997 -1.302
-1.26588 -1.30081
-1.2674 -1.3022
-1.26582 -1.30525
-1.26622 -1.29936
-1.26527 -1.3032
-1.26926 -1.29974
-1.2659 -1.30294
-1.26682 -1.30111
-1.26444 -1.30209
-1.26422 -1.30235
-1.26982 -1.29862
-1.26248 -1.30539
-1.26863 -1.2981
-1.26722 -1.30132
-1.2664 -1.30093
-1.26641 -1.30072
-1.26628 -1.30029
-1.26713 -1.29962
-1.26763 -1.29654
-1.26585 -1.2996
-1.26634 -1.29995
-1.26522 -1.30033
-1.2668 -1.30064
-1.26672 -1.30054
-1.26783 -1.30091
-1.26563 -1.30071
-1.26924 -1.29887
-1.2644 -1.3017
-1.26516 -1.30057
-1.26745 -1.30249
-1.26359 -1.29913
-1.26631 -1.3016
-1.26344 -1.30013
-1.26336 -1.30272
-1.26449 -1.29917
-1.26561 -1.30434
-1.26539 -1.29896
-1.26555 -1.29916
-1.26461 -1.30252
-1.26534 -1.30201
-1.26377 -1.30193
-1.2644 -1.30121
-1.26679 -1.30158
-1.26455 -1.30063
-1.26297 -1.30428
-1.26493 -1.29967
-1.26323 -1.30462
-1.26399 -1.29907
-1.26497 -1.2987
-1.2645 -1.30134
-1.26412 -1.30222
-1.2649 -1.29757
-1.26491 -1.30183
-1.26678 -1.29924
-1.26329 -1.30058
-1.26354 -1.30161
-1.26709 -1.29808
-1.26465 -1.29936
-1.26526 -1.3005
-1.26434 -1.30146
-1.26361 -1.29851
-1.26579 -1.29865
-1.26604 -1.29902
-1.26574 -1.30182
-1.26408 -1.29693
-1.26744 -1.29897
-1.26218 -1.30313
-1.26405 -1.30064
-1.26646 -1.30071
-1.26466 -1.29823
-1.26431 -1.30014
-1.26422 -1.29827
-1.26389 -1.29946
-1.26358 -1.29862
-1.26471 -1.29884
-1.26566 -1.29832
-1.26305 -1.29817
-1.266 -1.29845
-1.26545 -1.29658
-1.26215 -1.30126
-1.26486 -1.2986
-1.26503 -1.29557
-1.26326 -1.29925
-1.26366 -1.29738
-1.26683 -1.29842
-1.26446 -1.29626
-1.26311 -1.30104
-1.26478 -1.29573
-1.26515 -1.2999
-1.2636 -1.29699
-1.26469 -1.29853
-1.26338 -1.29757
-1.26525 -1.29505
-1.26653 -1.29528
-1.26438 -1.29835
-1.2641 -1.29724
-1.26428 -1.29617
-1.26441 -1.29699
-1.26375 -1.29523
-1.26469 -1.29667
-1.26191 -1.29646
-1.26321 -1.29661
-1.26402 -1.29604
-1.26614 -1.29599
-1.26577 -1.29467
-1.26397 -1.29687
-1.26384 -1.29752
-1.26542 -1.2949
-1.26594 -1.29581
-1.26304 -1.29305
-1.26414 -1.29912
-1.26475 -1.29397
-1.26448 -1.29676
-1.261 -1.2996
-1.26562 -1.29666
-1.26746 -1.29671
-1.2634 -1.29767
-1.2619 -1.2948
-1.26414 -1.29602
-1.26418 -1.29544
-1.26419 -1.29779
-1.26197 -1.2979
-1.26371 -1.29743
-1.26137 -1.29889
-1.26235 -1.29359
-1.26228 -1.29936
-1.26085 -1.29656
-1.2638 -1.29637
-1.26381 -1.29385
-1.26319 -1.29715
-1.26107 -1.2945
-1.26538 -1.29782
-1.26346 -1.29672
-1.26227 -1.2965
-1.2628 -1.29622
-1.26459 -1.29358
-1.2637 -1.29823
-1.26454 -1.29213
-1.26295 -1.29349
-1.26147 -1.29982
-1.26154 -1.2941
-1.26675 -1.29294
-1.26161 -1.29576
-1.26119 -1.29741
-1.26484 -1.29308
-1.26236 -1.2969
-1.2643 -1.29731
-1.26071 -1.29536
-1.26337 -1.29802
-1.26583 -1.29449
-1.26386 -1.29545
-1.2617 -1.29771
-1.26403 -1.29428
-1.26483 -1.2959
-1.2586 -1.29636
-1.26139 -1.29744
-1.26489 -1.29341
-1.26428 -1.29308
-1.26165 -1.29491
-1.26537 -1.29412
-1.26278 -1.29777
-1.26111 -1.29513
-1.26127 -1.29302
-1.26355 -1.29358
-1.25941 -1.29751
-1.26325 -1.29399
-1.26161 -1.29442
-1.2636 -1.29447
-1.2629 -1.29481
-1.25945 -1.29398
-1.26371 -1.29503
-1.26176 -1.29132
-1.26219 -1.29456
-1.26361 -1.29238
-1.26021 -1.29472
-1.2626 -1.29184
-1.26105 -1.29444
-1.26108 -1.29513
-1.26182 -1.29354
-1.26106 -1.29467
-1.26132 -1.29436
-1.25919 -1.29693
-1.26316 -1.29069
-1.26104 -1.29531
-1.26033 -1.29482
-1.26306 -1.29191
-1.26167 -1.29441
-1.26019 -1.29553
-1.26181 -1.29371
-1.26089 -1.2954
-1.26131 -1.29196
-1.26013 -1.29337
-1.26101 -1.29573
-1.26201 -1.29495
-1.2625 -1.29199
-1.26235 -1.29128
-1.26103 -1.29551
-1.26031 -1.29063
-1.26254 -1.29371
-1.26251 -1.29069
-1.26202 -1.29333
-1.2607 -1.29458
-1.26228 -1.29145
-1.2625 -1.29154
-1.25967 -1.29593
-1.26265 -1.29098
-1.26177 -1.29232
-1.25951 -1.29159
-1.26248 -1.29442
-1.26272 -1.29195
-1.26106 -1.29117
-1.26131 -1.29427
-1.26617 -1.28993
-1.25965 -1.29285
-1.26234 -1.28987
-1.26221 -1.29057
-1.26235 -1.29391
-1.26141 -1.29063
-1.26288 -1.29052
-1.26112 -1.29098
-1.25989 -1.29316
-1.26162 -1.28942
-1.26016 -1.29453
-1.26188 -1.28857
-1.26225 -1.29172
-1.26153 -1.29333
-1.26106 -1.29043
-1.26139 -1.29177
-1.26206 -1.29348
-1.26121 -1.29121
-1.26438 -1.28835
-1.26176 -1.29345
-1.26163 -1.29141
-1.26134 -1.2919
-1.26232 -1.2896
-1.26224 -1.29047
-1.26373 -1.28964
-1.26288 -1.28769
-1.26058 -1.28856
-1.26197 -1.28885
-1.26072 -1.29018
-1.26058 -1.28915
-1.26378 -1.28997
-1.26183 -1.28877
-1.26285 -1.28947
-1.26384 -1.28646
-1.26109 -1.2911
-1.2633 -1.28992
-1.26035 -1.28761
-1.26185 -1.28961
-1.26286 -1.28788
-1.2626 -1.28821
-1.26059 -1.28893
-1.2643 -1.28749
-1.26056 -1.28965
-1.26054 -1.289
-1.26259 -1.28879
-1.26324 -1.28869
-1.25998 -1.28816
-1.2613 -1.29044
-1.2591 -1.2894
-1.26104 -1.28958
-1.26159 -1.29001
-1.26132 -1.28875
-1.26141 -1.28794
-1.25994 -1.29078
-1.2606 -1.29048
-1.26128 -1.28954
-1.26103 -1.29106
-1.2615 -1.29032
-1.25844 -1.28997
-1.26034 -1.28975
-1.2618 -1.289
-1.25939 -1.29116
-1.25896 -1.28487
-1.26167 -1.28834
-1.26033 -1.29269
-1.26175 -1.2894
-1.25781 -1.28854
-1.26003 -1.28639
-1.25978 -1.29247
-1.2625 -1.28893
-1.25875 -1.28878
-1.2597 -1.28799
-1.26093 -1.2891
-1.26276 -1.28667
-1.25859 -1.28866
-1.26306 -1.28682
-1.26195 -1.28837
-1.25965 -1.28625
-1.25908 -1.29026
-1.26307 -1.28669
-1.2578 -1.28992
-1.2637 -1.28862
-1.25897 -1.28791
-1.26001 -1.28528
-1.26276 -1.28982
-1.25827 -1.28531
-1.25848 -1.29216
-1.2616 -1.28629
-1.26049 -1.28982
-1.25937 -1.28637
-1.26226 -1.28726
-1.26019 -1.28802
-1.25959 -1.28677
-1.26145 -1.28698
-1.25873 -1.29132
-1.26173 -1.28364
-1.25924 -1.28995
-1.26046 -1.28593
-1.2622 -1.28929
-1.25826 -1.28601
-1.25933 -1.28987
-1.25963 -1.287
-1.2601 -1.2883
-1.25905 -1.28935
-1.25869 -1.28766
-1.26238 -1.28661
-1.2591 -1.28956
-1.25949 -1.29019
-1.26255 -1.28355
-1.25803 -1.28799
-1.25848 -1.28959
-1.25936 -1.28933
-1.25889 -1.28828
-1.2615 -1.28568
-1.25696 -1.28844
-1.2602 -1.28822
-1.26132 -1.2857
-1.25633 -1.28693
-1.26149 -1.28465
-1.25671 -1.28862
-1.25905 -1.28705
-1.25786 -1.28602
-1.26043 -1.28539
-1.25823 -1.28644
-1.25886 -1.28373
-1.25887 -1.28402
-1.26 -1.28438
-1.25824 -1.28806
-1.25915 -1.28167
-1.25693 -1.28768
-1.26295 -1.28109
-1.26023 -1.28481
-1.25704 -1.28685
-1.26237 -1.28534
-1.25928 -1.28276
-1.2585 -1.28541
-1.25885 -1.28545
-1.25718 -1.28351
-1.2603 -1.28578
-1.26007 -1.28759
-1.25755 -1.28531
-1.25923 -1.28614
-1.25888 -1.28253
-1.25747 -1.28674
-1.26163 -1.28459
-1.25731 -1.28508
-1.25856 -1.28723
-1.2568 -1.28338
-1.25845 -1.2863
-1.25909 -1.28369
-1.25982 -1.28467
-1.25636 -1.28441
-1.26056 -1.28407
-1.25815 -1.28479
-1.25853 -1.28269
-1.25732 -1.28429
-1.25892 -1.28344
-1.25827 -1.2844
-1.2585 -1.28283
-1.25929 -1.2836
-1.2597 -1.2824
-1.25885 -1.28525
-1.25785 -1.2795
-1.25781 -1.28499
-1.25931 -1.28383
-1.25682 -1.28204
-1.25711 -1.28491
-1.25829 -1.28288
-1.25605 -1.28382
-1.25651 -1.28357
-1.25754 -1.28337
-1.25562 -1.28555
-1.2585 -1.27981
-1.25577 -1.28569
-1.25865 -1.28243
-1.25581 -1.28402
-1.2595 -1.28434
-1.25726 -1.28276
-1.25818 -1.28159
-1.25918 -1.28446
-1.25854 -1.28372
-1.25601 -1.28129
-1.25916 -1.28323
-1.25798 -1.28502
-1.25819 -1.28379
-1.25768 -1.28602
-1.257 -1.28238
-1.25747 -1.28468
-1.25765 -1.28386
-1.26036 -1.28263
-1.25705 -1.28344
-1.25918 -1.28313
-1.25681 -1.28434
-1.258 -1.28305
-1.26093 -1.28285
-1.25608 -1.28417
-1.25732 -1.28172
-1.25811 -1.28284
-1.26093 -1.28619
-1.25663 -1.28084
-1.25706 -1.28457
-1.25857 -1.28296
-1.25897 -1.28467
-1.25755 -1.28513
-1.25878 -1.28165
-1.25865 -1.28332
-1.25708 -1.28544
-1.25626 -1.28403
-1.25606 -1.28372
-1.25817 -1.28616
-1.25641 -1.2853
-1.25563 -1.28135
-1.25776 -1.28432
-1.25529 -1.28286
-1.25775 -1.28399
-1.25825 -1.28275
-1.25516 -1.28408
-1.25721 -1.27996
-1.25448 -1.28392
-1.25827 -1.28512
-1.25794 -1.27997
-1.25458 -1.28589
-1.25875 -1.2836
-1.25344 -1.28458
-1.25722 -1.28306
-1.25507 -1.28525
-1.25752 -1.28071
-1.25694 -1.28376
-1.25712 -1.2814
-1.25656 -1.28326
-1.25808 -1.28213
-1.25549 -1.28394
-1.25316 -1.28135
-1.2591 -1.2821
-1.25504 -1.28351
-1.2572 -1.28195
-1.25718 -1.28354
-1.25632 -1.28154
-1.25558 -1.28437
-1.25376 -1.28038
-1.25514 -1.28382
-1.25521 -1.28207
-1.25535 -1.28232
-1.25563 -1.28334
-1.25382 -1.28084
-1.25488 -1.2823
-1.25406 -1.28134
-1.2537 -1.28351
-1.25515 -1.28149
-1.25306 -1.27994
-1.25617 -1.28159
-1.25158 -1.28515
-1.25579 -1.27958
-1.25392 -1.28202
-1.25441 -1.28361
-1.25447 -1.27956
-1.25096 -1.28587
-1.25339 -1.28137
-1.25393 -1.28235
-1.25362 -1.28138
-1.25377 -1.28355
-1.25422 -1.28278
-1.2524 -1.28168
-1.25343 -1.28221
-1.25442 -1.28054
-1.25254 -1.28449
-1.25572 -1.27948
-1.253 -1.28206
-1.25506 -1.28162
-1.25417 -1.27736
-1.25353 -1.28502
-1.25388 -1.28159
-1.25674 -1.28059
-1.25314 -1.28265
-1.25299 -1.28261
-1.25458 -1.27862
-1.2546 -1.28294
-1.25428 -1.28002
-1.25201 -1.28363
-1.25365 -1.27838
-1.25673 -1.28212
-1.25245 -1.28245
-1.25374 -1.28129
-1.2561 -1.28036
-1.25399 -1.28117
-1.25546 -1.27958
-1.25322 -1.27981
-1.25568 -1.27836
-1.25539 -1.27974
-1.25234 -1.27957
-1.2547 -1.28191
-1.25397 -1.27776
-1.25401 -1.28075
-1.2548 -1.27994
-1.25418 -1.27954
-1.25122 -1.28107
-1.25616 -1.27604
-1.25372 -1.27841
-1.25382 -1.28065
-1.25641 -1.27662
-1.2533 -1.27939
-1.256 -1.27654
-1.25239 -1.28054
-1.25612 -1.27564
-1.25162 -1.28389
-1.25849 -1.27546
-1.25284 -1.27952
-1.25496 -1.2755
-1.25609 -1.27825
-1.2552 -1.27846
-1.25291 -1.27772
-1.25648 -1.27827
-1.25243 -1.27744
-1.25636 -1.27683
-1.25071 -1.27826
-1.25797 -1.27611
-1.25195 -1.27765
-1.25588 -1.27651
-1.25403 -1.27915
-1.25042 -1.27947
-1.25474 -1.27452
-1.25343 -1.28118
-1.25435 -1.27709
-1.25246 -1.27912
-1.25475 -1.27624
-1.25317 -1.27785
-1.2558 -1.27694
-1.25462 -1.27547
-1.25118 -1.28004
-1.25493 -1.27327
-1.25491 -1.27857
-1.25309 -1.27762
-1.25245 -1.27768
-1.2544 -1.27993
-1.25257 -1.27669
-1.25392 -1.28023
-1.25499 -1.27688
-1.25151 -1.27762
-1.25467 -1.27733
-1.25268 -1.27645
-1.25264 -1.27812
-1.25261 -1.2801
-1.25263 -1.27671
-1.25166 -1.27729
-1.2499 -1.27874
-1.25338 -1.27698
-1.2496 -1.27674
-1.25373 -1.27801
-1.25095 -1.27816
-1.25265 -1.27621
-1.25157 -1.2783
-1.25211 -1.27715
-1.25219 -1.2757
-1.25015 -1.27844
-1.24984 -1.27646
-1.25282 -1.27614
-1.24974 -1.27641
-1.25303 -1.27813
-1.2527 -1.27484
-1.2519 -1.27592
-1.2512 -1.27375
-1.25126 -1.27645
-1.25032 -1.27562
-1.2546 -1.27548
-1.25123 -1.27659
-1.25023 -1.27695
-1.25071 -1.27588
-1.25331 -1.27765
-1.25142 -1.27469
-1.25219 -1.27806
-1.25126 -1.27713
-1.25423 -1.27387
-1.25159 -1.27886
-1.25088 -1.27324
-1.25436 -1.27683
-1.25234 -1.27495
-1.25149 -1.2754
-1.25385 -1.27719
-1.2477 -1.27948
-1.2534 -1.27438
-1.25114 -1.27467
-1.25087 -1.27957
-1.25148 -1.27511
-1.25211 -1.27481
-1.25098 -1.27863
-1.25259 -1.27378
-1.25132 -1.27691
-1.25165 -1.27518
-1.25083 -1.277
-1.25221 -1.27438
-1.24715 -1.27888
-1.25267 -1.27341
-1.2491 -1.27802
-1.2509 -1.27415
-1.25164 -1.27505
-1.25054 -1.2768
-1.24948 -1.27482
-1.25308 -1.27507
-1.25062 -1.27665
-1.24846 -1.27636
-1.24791 -1.27605
-1.2502 -1.27697
-1.24731 -1.27672
-1.2497 -1.27641
-1.24788 -1.27584
-1.24702 -1.27672
-1.24788 -1.27605
-1.24748 -1.27553
-1.24789 -1.27803
-1.24879 -1.27614
-1.24835 -1.27671
-1.24786 -1.27732
-1.24976 -1.27411
-1.24998 -1.27603
-1.24755 -1.27498
-1.2484 -1.2762
-1.24963 -1.27399
-1.2471 -1.27406
-1.24829 -1.27423
-1.24808 -1.27706
-1.24836 -1.27559
-1.24736 -1.27828
-1.24941 -1.27273
-1.24939 -1.27496
-1.24564 -1.28058
-1.25052 -1.27219
-1.24592 -1.2782
-1.24969 -1.274
-1.24816 -1.27613
-1.24961 -1.27237
-1.24619 -1.27902
-1.25053 -1.27156
-1.25136 -1.27418
-1.24683 -1.2767
-1.25153 -1.27096
-1.24669 -1.27701
-1.24986 -1.27506
-1.24945 -1.27271
-1.24906 -1.27921
-1.24728 -1.27303
-1.25023 -1.27519
-1.24826 -1.27512
-1.24784 -1.27467
-1.24927 -1.27644
-1.24914 -1.27615
-1.24998 -1.27371
-1.24493 -1.27641
-1.25063 -1.27308
-1.24749 -1.27571
-1.24715 -1.27535
-1.25119 -1.27409
-1.24531 -1.27377
-1.25005 -1.27358
-1.2471 -1.27352
-1.2482 -1.27408
-1.24803 -1.27225
-1.24695 -1.2723
-1.25201 -1.27285
-1.24691 -1.27221
-1.24902 -1.27235
-1.24911 -1.27349
-1.24871 -1.27489
-1.24853 -1.2728
-1.24876 -1.27283
-1.2492 -1.27119
-1.2479 -1.27425
-1.24801 -1.27418
-1.25033 -1.27068
-1.24929 -1.27239
-1.24726 -1.26954
-1.24901 -1.27364
-1.25002 -1.27051
-1.24843 -1.27228
-1.24991 -1.27378
-1.24948 -1.27198
-1.24753 -1.27256
-1.24936 -1.27209
-1.24874 -1.27351
-1.24944 -1.27109
-1.24612 -1.27449
-1.25125 -1.27222
-1.24901 -1.27254
-1.24864 -1.27293
-1.24717 -1.27107
-1.24954 -1.27458
-1.24896 -1.26952
-1.24704 -1.27614
-1.25095 -1.26998
-1.2463 -1.27207
-1.24674 -1.27501
-1.24764 -1.27084
-1.24962 -1.27125
-1.24785 -1.27206
-1.24726 -1.27123
-1.24861 -1.27204
-1.24832 -1.27181
-1.24816 -1.27071
-1.249 -1.27277
-1.24816 -1.26921
-1.249 -1.27263
-1.24969 -1.26987
-1.24829 -1.27295
-1.24673 -1.26964
-1.24981 -1.27147
-1.24929 -1.27121
-1.24629 -1.27085
-1.24973 -1.26897
-1.24764 -1.26799
-1.24691 -1.27326
-1.24762 -1.2679
-1.24674 -1.2735
-1.24903 -1.26562
-1.2472 -1.27275
-1.24984 -1.2669
-1.24645 -1.27354
-1.24696 -1.26976
-1.24938 -1.26938
-1.24767 -1.2665
-1.24874 -1.2676
-1.24896 -1.27068
-1.24893 -1.26863
-1.24742 -1.26863
-1.2497 -1.2682
-1.24678 -1.27026
-1.25081 -1.26714
-1.24473 -1.26959
-1.25095 -1.2695
-1.24975 -1.26738
-1.24668 -1.26862
-1.24765 -1.26855
-1.24915 -1.26738
-1.24695 -1.2719
-1.24896 -1.26764
-1.24451 -1.26808
-1.2476 -1.26885
-1.25077 -1.26876
-1.24847 -1.26741
-1.2489 -1.269
-1.24884 -1.26861
-1.24877 -1.26665
-1.24814 -1.27035
-1.24851 -1.26676
-1.24728 -1.26836
-1.24557 -1.26778
-1.25018 -1.26655
-1.24693 -1.26977
-1.24655 -1.26874
-1.24803 -1.26984
-1.24884 -1.26652
-1.24623 -1.26847
-1.24871 -1.27084
-1.24895 -1.26682
-1.24589 -1.26904
-1.24914 -1.26853
-1.2492 -1.26553
-1.24861 -1.26604
-1.24854 -1.26507
-1.24786 -1.26654
-1.24688 -1.26564
-1.24862 -1.26829
-1.24572 -1.26897
-1.24863 -1.26608
-1.24461 -1.26712
-1.24788 -1.26633
-1.24488 -1.27005
-1.24627 -1.26815
-1.24651 -1.26494
-1.24506 -1.26798
-1.24682 -1.26743
-1.24803 -1.26722
-1.2451 -1.26724
-1.2493 -1.26727
-1.24668 -1.26784
-1.24822 -1.26477
-1.24664 -1.26849
-1.2503 -1.26727
-1.24853 -1.26483
-1.24464 -1.26678
-1.24779 -1.26622
-1.24873 -1.26695
-1.24755 -1.26502
-1.24697 -1.26634
-1.2471 -1.27026
-1.24699 -1.26592
-1.24716 -1.26477
-1.24672 -1.27188
-1.24865 -1.26578
-1.24752 -1.26713
-1.24665 -1.26675
-1.24658 -1.27003
-1.24664 -1.26687
-1.2445 -1.26946
-1.25029 -1.26374
-1.24781 -1.26821
-1.2459 -1.26723
-1.24772 -1.26353
-1.24645 -1.26551
-1.24664 -1.26746
-1.24645 -1.26677
-1.24734 -1.26657
-1.24637 -1.2672
-1.24494 -1.2649
-1.24557 -1.26747
-1.2448 -1.26659
-1.24529 -1.26726
-1.24653 -1.26629
-1.24668 -1.26716
-1.2456 -1.26674
-1.24702 -1.26753
-1.24818 -1.26417
-1.24409 -1.26924
-1.24783 -1.26588
-1.24658 -1.26354
-1.24392 -1.26668
-1.24899 -1.26589
-1.24444 -1.26619
-1.24556 -1.26543
-1.24762 -1.26534
-1.24657 -1.2658
-1.24807 -1.26391
-1.24473 -1.26658
-1.24815 -1.26514
-1.24612 -1.26548
-1.24554 -1.26716
-1.24499 -1.26591
-1.24646 -1.26571
-1.24463 -1.26603
-1.24301 -1.26685
-1.24687 -1.26406
-1.24518 -1.26598
-1.24451 -1.267
-1.2436 -1.26614
-1.2465 -1.26544
-1.24337 -1.2664
-1.24463 -1.26772
-1.24492 -1.26639
-1.24603 -1.26667
-1.24388 -1.26743
-1.24546 -1.26653
-1.2431 -1.26734
-1.24477 -1.26721
-1.24384 -1.26685
-1.24529 -1.2647
-1.24283 -1.26672
-1.24604 -1.26587
-1.24416 -1.26344
-1.24379 -1.26838
-1.24613 -1.26579
-1.24443 -1.26583
-1.24291 -1.26596
-1.2442 -1.26723
-1.24312 -1.26739
-1.2449 -1.26556
-1.24143 -1.26803
-1.24259 -1.26695
-1.24393 -1.26918
-1.24524 -1.26779
-1.24338 -1.265
-1.24261 -1.26958
-1.24431 -1.26723
-1.24586 -1.26472
-1.24279 -1.26623
-1.24342 -1.2694
-1.24232 -1.2672
-1.2469 -1.26503
-1.24093 -1.26932
-1.24465 -1.26493
-1.24341 -1.26533
-1.24325 -1.26709
-1.24336 -1.26675
-1.24147 -1.26537
-1.24447 -1.26553
-1.2434 -1.26551
-1.24273 -1.26749
-1.24481 -1.2622
-1.2417 -1.27007
-1.2439 -1.26719
-1.24288 -1.26584
-1.24242 -1.26642
-1.24008 -1.27045
-1.24248 -1.26735
-1.24088 -1.26854
-1.24219 -1.26941
-1.24238 -1.26557
-1.23921 -1.26917
-1.24305 -1.26779
-1.24298 -1.265
-1.2409 -1.26628
-1.24225 -1.26734
-1.2427 -1.26538
-1.24187 -1.26465
-1.2406 -1.26541
-1.24502 -1.26554
-1.24065 -1.26798
-1.24374 -1.26326
-1.2408 -1.26465
-1.24238 -1.26636
-1.24157 -1.26386
-1.24214 -1.26509
-1.24374 -1.26327
-1.23979 -1.26516
-1.23998 -1.2656
-1.24324 -1.26434
-1.24106 -1.2638
-1.24141 -1.26217
-1.23949 -1.26821
-1.24215 -1.26382
-1.24125 -1.26623
-1.23922 -1.26668
-1.23945 -1.26464
-1.24232 -1.26584
-1.24103 -1.26363
-1.24109 -1.26719
-1.24106 -1.26339
-1.24186 -1.26406
-1.23877 -1.26569
-1.24032 -1.26411
-1.24225 -1.26642
-1.23795 -1.26461
-1.24293 -1.26359
-1.23862 -1.26657
-1.24167 -1.26288
-1.24027 -1.26483
-1.23881 -1.26662
-1.23829 -1.2661
-1.24081 -1.26747
-1.24103 -1.26233
-1.24058 -1.2636
-1.24091 -1.26585
-1.2393 -1.2666
-1.2426 -1.26043
-1.24021 -1.26576
-1.24177 -1.26341
-1.2433 -1.26401
-1.23907 -1.26266
-1.24137 -1.2665
-1.24094 -1.26444
-1.2388 -1.26204
