0 0
-0.0871619 -0.0820324
-0.171509 -0.161605
-0.252907 -0.238705
-0.331288 -0.313163
-0.406715 -0.385196
-0.478955 -0.454511
-0.548511 -0.520934
-0.615391 -0.585827
-0.678351 -0.645804
-0.737707 -0.706624
-0.795247 -0.761976
-0.848503 -0.815046
-0.899565 -0.864416
-0.945438 -0.912902
-0.98771 -0.959745
-1.03056 -0.998708
-1.06459 -1.03608
-1.095 -1.07571
-1.12788 -1.1067
-1.14954 -1.13908
-1.17383 -1.16317
-1.1904 -1.18731
-1.21085 -1.21171
-1.22146 -1.22928
-1.23625 -1.24745
-1.24652 -1.26122
-1.25126 -1.27626
-1.26184 -1.29043
-1.26538 -1.30262
-1.26704 -1.31342
-1.27091 -1.30231
-1.26762 -1.3058
-1.26863 -1.30505
-1.26708 -1.30552
-1.27168 -1.30623
-1.26904 -1.30814
-1.26227 -1.30719
-1.26758 -1.30099
-1.26467 -1.30613
-1.2658 -1.30097
-1.26257 -1.30647
-1.26399 -1.30594
-1.26424 -1.29875
-1.26076 -1.29956
-1.25981 -1.30116
-1.26329 -1.29687
-1.26016 -1.3007
-1.26302 -1.29579
-1.25829 -1.29639
-1.26069 -1.29587
-1.26015 -1.30035
-1.26341 -1.29342
-1.26202 -1.29874
-1.26208 -1.29506
-1.26031 -1.29096
-1.25849 -1.29451
-1.26127 -1.28975
-1.25815 -1.29118
-1.25986 -1.2915
-1.25863 -1.29629
-1.25969 -1.2926
-1.26064 -1.293
-1.25442 -1.2947
-1.25858 -1.28879
-1.258 -1.28877
-1.25728 -1.28715
-1.25868 -1.28941
-1.25795 -1.28564
-1.25763 -1.28824
-1.2543 -1.28611
-1.25561 -1.28652
-1.25437 -1.28924
-1.2539 -1.28722
-1.25392 -1.28507
-1.25601 -1.28509
-1.25189 -1.28773
-1.25793 -1.28284
-1.25388 -1.28644
-1.25485 -1.28159
-1.25602 -1.28388
-1.25222 -1.28389
-1.25548 -1.28622
-1.25482 -1.27758
-1.24973 -1.28235
-1.25581 -1.27899
-1.25138 -1.28057
-1.25327 -1.27517
-1.25396 -1.28023
-1.25291 -1.27789
-1.25068 -1.2816
-1.25353 -1.27633
-1.2506 -1.27524
-1.25216 -1.27584
-1.25132 -1.27506
-1.25377 -1.27662
-1.24853 -1.27647
-1.25118 -1.27409
-1.2524 -1.27038
-1.24933 -1.27427
-1.25042 -1.27186
-1.24935 -1.27284
-1.25119 -1.27182
-1.25042 -1.27615
-1.24939 -1.27417
-1.24856 -1.27549
-1.24945 -1.27622
-1.24587 -1.27563
-1.24728 -1.27753
-1.2459 -1.27329
-1.24621 -1.2751
-1.24671 -1.27302
-1.24697 -1.27703
-1.24382 -1.27147
-1.24846 -1.27238
-1.24452 -1.27715
-1.24271 -1.27502
-1.24405 -1.27174
-1.2402 -1.27427
-1.24283 -1.27092
-1.24223 -1.26929
-1.24164 -1.27089
-1.23999 -1.2701
-1.23746 -1.27147
-1.24073 -1.27021
-1.24013 -1.27135
-1.2365 -1.27195
-1.24011 -1.26985
-1.242 -1.26806
-1.23975 -1.27306
-1.23852 -1.26895
-1.24118 -1.26843
-1.23851 -1.26945
-1.23958 -1.26826
-1.23789 -1.26494
-1.23849 -1.26564
-1.23708 -1.26959
-1.23953 -1.26534
-1.23503 -1.26929
-1.23729 -1.26736
-1.23702 -1.26697
-1.23456 -1.27289
-1.23723 -1.26252
-1.23309 -1.26819
-1.23438 -1.26497
-1.23022 -1.26895
-1.23591 -1.26342
-1.23201 -1.26566
-1.23453 -1.26265
-1.23313 -1.26374
-1.22954 -1.26321
-1.23476 -1.26147
-1.23184 -1.26754
-1.23196 -1.26439
-1.2296 -1.26601
-1.23228 -1.26525
-1.2275 -1.26552
-1.22907 -1.26335
-1.2307 -1.25919
-1.22825 -1.26243
-1.23085 -1.26249
-1.22924 -1.26116
-1.22924 -1.26347
-1.22993 -1.2628
-1.22523 -1.26216
-1.22872 -1.25947
-1.22415 -1.25903
-1.22903 -1.25658
-1.22539 -1.26227
-1.22707 -1.25933
-1.22497 -1.26246
-1.2261 -1.25738
-1.226 -1.26006
-1.22899 -1.25608
-1.2258 -1.26037
-1.22277 -1.25952
-1.22695 -1.25668
-1.22428 -1.25847
-1.22412 -1.25556
-1.22487 -1.25565
-1.2255 -1.25409
-1.22432 -1.25861
-1.22444 -1.25135
-1.22676 -1.25243
-1.22469 -1.2571
-1.23033 -1.2499
-1.22676 -1.25689
-1.22852 -1.2543
-1.22587 -1.25081
-1.22511 -1.25139
-1.22378 -1.25078
-1.2247 -1.25143
-1.22348 -1.24903
-1.22127 -1.25097
-1.22645 -1.24972
-1.22198 -1.2534
-1.21909 -1.24725
-1.22143 -1.25186
-1.22013 -1.25102
-1.21997 -1.25061
-1.21996 -1.25219
-1.22453 -1.24571
-1.21871 -1.25139
-1.21984 -1.24686
-1.22009 -1.248
-1.22079 -1.25045
-1.21665 -1.24976
-1.21871 -1.24867
-1.2193 -1.24561
-1.21762 -1.24963
-1.22046 -1.24683
-1.21925 -1.24596
-1.21794 -1.24648
-1.2177 -1.24899
-1.21791 -1.24753
-1.21449 -1.24956
-1.21702 -1.24784
-1.21531 -1.24458
-1.21387 -1.24722
-1.21744 -1.24461
-1.21488 -1.24382
-1.21887 -1.24385
-1.21637 -1.24244
-1.21602 -1.24305
-1.21654 -1.2454
-1.2125 -1.24624
-1.21593 -1.24407
-1.21255 -1.24595
-1.21175 -1.24196
-1.21248 -1.24605
-1.21164 -1.2403
-1.21551 -1.24303
-1.21238 -1.24184
-1.21041 -1.24303
-1.21259 -1.24333
-1.21359 -1.24062
-1.20796 -1.24295
-1.21313 -1.23768
-1.20936 -1.23902
-1.21016 -1.24221
-1.21241 -1.24126
-1.20975 -1.24402
-1.20935 -1.24022
-1.21029 -1.24032
-1.20855 -1.24211
-1.20979 -1.2408
-1.2096 -1.23605
-1.20969 -1.24132
-1.21266 -1.23621
-1.20913 -1.24026
-1.20738 -1.23972
-1.20883 -1.23858
-1.20677 -1.23516
-1.20681 -1.23514
-1.20603 -1.23653
-1.20489 -1.23929
-1.20715 -1.23226
-1.20167 -1.23806
-1.20949 -1.23311
-1.20675 -1.2339
-1.2075 -1.23523
-1.20485 -1.23507
-1.20866 -1.23331
-1.2057 -1.23785
-1.20643 -1.23414
-1.20579 -1.23454
-1.2042 -1.23384
-1.20725 -1.23353
-1.20384 -1.23547
-1.2044 -1.23299
-1.20443 -1.23056
-1.20231 -1.23371
-1.20225 -1.23178
-1.20136 -1.23371
-1.20606 -1.228
-1.19741 -1.23338
-1.20521 -1.22983
-1.20301 -1.22419
-1.20006 -1.23058
-1.20055 -1.22675
-1.20158 -1.2291
-1.20263 -1.22889
-1.20219 -1.22798
-1.20204 -1.22882
-1.20296 -1.22931
-1.20027 -1.22937
-1.2018 -1.23239
-1.19864 -1.23145
-1.20037 -1.22937
-1.19938 -1.23129
-1.19763 -1.23179
-1.20048 -1.22759
-1.19702 -1.22808
-1.19879 -1.23204
-1.20015 -1.22783
-1.20013 -1.22938
-1.19823 -1.23054
-1.20115 -1.2274
-1.1958 -1.23098
-1.19958 -1.22666
-1.19857 -1.22745
-1.19887 -1.2271
-1.19814 -1.22705
-1.20032 -1.2261
-1.1962 -1.22585
-1.20037 -1.22228
-1.19473 -1.22459
-1.19726 -1.22281
-1.19559 -1.2255
-1.19666 -1.22519
-1.19356 -1.2272
-1.195 -1.22078
-1.19242 -1.22629
-1.19582 -1.22279
-1.19497 -1.2248
-1.19417 -1.22234
-1.19231 -1.22357
-1.18995 -1.22422
-1.1947 -1.22279
-1.19164 -1.2222
-1.19383 -1.22165
-1.19343 -1.22125
-1.1926 -1.22394
-1.19319 -1.22032
-1.1903 -1.22447
-1.19255 -1.22013
-1.19216 -1.22155
-1.19124 -1.21875
-1.19392 -1.22007
-1.19113 -1.22082
-1.19276 -1.21571
-1.1911 -1.21839
-1.19178 -1.21991
-1.18975 -1.22166
-1.18896 -1.21851
-1.18881 -1.22062
-1.18874 -1.22403
-1.19062 -1.21805
-1.18719 -1.21976
-1.18796 -1.22154
-1.18589 -1.2239
-1.19038 -1.21545
-1.18551 -1.22005
-1.18755 -1.21948
-1.18862 -1.21814
-1.18737 -1.21994
-1.18735 -1.21378
-1.1835 -1.21835
-1.18632 -1.21198
-1.18373 -1.21271
-1.18678 -1.21249
-1.18445 -1.21363
-1.18539 -1.21505
-1.18459 -1.21003
-1.18481 -1.21769
-1.1879 -1.20726
-1.18451 -1.21558
-1.18248 -1.21348
-1.18757 -1.21003
-1.18315 -1.2132
-1.18251 -1.2098
-1.18088 -1.2109
-1.18238 -1.21053
-1.18084 -1.2096
-1.17678 -1.21244
-1.18189 -1.20876
-1.17842 -1.21146
-1.17724 -1.21129
-1.18306 -1.20384
-1.1772 -1.21116
-1.18118 -1.20488
-1.17968 -1.2038
-1.18 -1.21155
-1.17838 -1.20822
-1.17933 -1.20905
-1.17776 -1.20713
-1.18099 -1.21099
-1.17821 -1.2094
-1.18118 -1.20811
-1.1791 -1.20987
-1.17818 -1.20983
-1.18181 -1.20676
-1.17742 -1.20964
-1.18172 -1.20386
-1.17702 -1.20771
-1.18247 -1.20568
-1.17686 -1.2086
-1.18116 -1.20427
-1.17767 -1.20348
-1.17539 -1.20689
-1.17482 -1.2053
-1.17774 -1.20812
-1.17691 -1.20623
-1.17862 -1.20877
-1.17689 -1.20771
-1.17914 -1.20355
-1.17487 -1.20643
-1.17496 -1.20382
-1.17369 -1.20441
-1.17327 -1.20623
-1.17249 -1.20741
-1.1743 -1.20517
-1.17653 -1.20708
-1.17491 -1.20187
-1.17477 -1.20226
-1.17273 -1.20686
-1.17291 -1.20323
-1.16838 -1.20604
-1.17317 -1.19914
-1.17281 -1.20235
-1.17585 -1.2009
-1.17312 -1.20193
-1.17375 -1.20247
-1.17412 -1.20133
-1.17262 -1.20243
-1.17314 -1.20169
-1.17172 -1.20385
-1.17242 -1.19986
-1.17374 -1.19905
-1.17125 -1.2038
-1.1722 -1.20245
-1.17286 -1.19805
-1.16918 -1.20271
-1.17563 -1.19839
-1.16968 -1.20343
-1.17379 -1.19725
-1.17338 -1.20465
-1.17138 -1.19887
-1.17059 -1.19988
-1.17013 -1.20132
-1.16858 -1.19843
-1.16695 -1.20003
-1.1712 -1.19706
-1.16809 -1.20201
-1.17105 -1.1977
-1.16904 -1.19516
-1.1674 -1.20014
-1.17027 -1.1995
-1.16725 -1.19542
-1.16517 -1.20062
-1.16982 -1.19506
-1.16327 -1.20163
-1.16714 -1.19675
-1.16807 -1.19665
-1.16799 -1.19778
-1.16773 -1.194
-1.16582 -1.1933
-1.16667 -1.19797
-1.1676 -1.1954
-1.16454 -1.19469
-1.16346 -1.19708
-1.1664 -1.19594
-1.16435 -1.19472
-1.16467 -1.19782
-1.16462 -1.19411
-1.16526 -1.19402
-1.16157 -1.19684
-1.16551 -1.19488
-1.16511 -1.19386
-1.16258 -1.19465
-1.16269 -1.19379
-1.16131 -1.19112
-1.161 -1.1939
-1.16122 -1.18984
-1.15949 -1.19365
-1.16298 -1.19278
-1.16177 -1.19015
-1.16092 -1.19136
-1.15932 -1.19357
-1.16173 -1.19344
-1.1608 -1.18901
-1.15985 -1.19347
-1.16103 -1.19019
-1.16125 -1.19232
-1.16095 -1.19267
-1.15951 -1.19243
-1.15966 -1.19007
-1.16204 -1.19043
-1.15895 -1.19359
-1.16141 -1.18958
-1.15766 -1.19469
-1.16234 -1.1898
-1.15695 -1.19473
-1.16158 -1.18753
-1.15745 -1.19374
-1.15861 -1.19122
-1.15801 -1.19205
-1.15981 -1.18703
-1.15485 -1.19125
-1.15713 -1.18488
-1.15766 -1.19056
-1.15881 -1.18768
-1.15596 -1.18797
-1.15841 -1.1887
-1.1525 -1.19117
-1.15892 -1.18672
-1.15428 -1.18868
-1.15456 -1.18613
-1.15318 -1.18727
-1.15659 -1.18721
-1.15286 -1.18431
-1.15279 -1.18526
-1.15146 -1.1902
-1.15694 -1.18554
-1.15319 -1.18749
-1.152 -1.19008
-1.15525 -1.18481
-1.15196 -1.18733
-1.15255 -1.18658
-1.15264 -1.18553
-1.1526 -1.18675
-1.15299 -1.18575
-1.15363 -1.18597
-1.15319 -1.18514
-1.14972 -1.18658
-1.15398 -1.18296
-1.14945 -1.18708
-1.14958 -1.18207
-1.14644 -1.1857
-1.1501 -1.18478
-1.14725 -1.18483
-1.14845 -1.18564
-1.15031 -1.1817
-1.14825 -1.18294
-1.14649 -1.1826
-1.14638 -1.18354
-1.14632 -1.18457
-1.14291 -1.18264
-1.14607 -1.18181
-1.14668 -1.18277
-1.14609 -1.18211
-1.14717 -1.18081
-1.144 -1.18584
-1.14803 -1.18174
-1.14594 -1.18403
-1.14515 -1.18347
-1.14593 -1.18178
-1.14723 -1.18023
-1.14402 -1.18151
-1.14653 -1.18118
-1.14566 -1.18098
-1.1447 -1.18315
-1.14624 -1.18054
-1.14517 -1.18165
-1.14353 -1.18036
-1.14233 -1.18057
-1.14527 -1.17888
-1.14279 -1.18011
-1.12763 -1.16627
-1.11834 -1.12711
-1.11154 -1.12167
-1.11078 -1.12272
-1.1114 -1.11866
-1.10953 -1.12089
-1.10941 -1.12475
-1.11061 -1.1195
-1.10934 -1.12175
-1.112 -1.12116
-1.10897 -1.12291
-1.11211 -1.12477
-1.10914 -1.12356
-1.11054 -1.12588
-1.10954 -1.12337
-1.10785 -1.12514
-1.10915 -1.12185
-1.10817 -1.12263
-1.10618 -1.12281
-1.10692 -1.12394
-1.1075 -1.12094
-1.1072 -1.12025
-1.10668 -1.12422
-1.10818 -1.11872
-1.10745 -1.12316
-1.10824 -1.11855
-1.10627 -1.12149
-1.10808 -1.11984
-1.10843 -1.11948
-1.10944 -1.11963
-1.10673 -1.11781
-1.10744 -1.12316
-1.10891 -1.11836
-1.10438 -1.12082
-1.10941 -1.11789
-1.10671 -1.12015
-1.10384 -1.11874
-1.10818 -1.11652
-1.10416 -1.11957
-1.10675 -1.1171
-1.10516 -1.11962
-1.10492 -1.11959
-1.10234 -1.11818
-1.10402 -1.11934
-1.10513 -1.11598
-1.10396 -1.11961
-1.10366 -1.12194
-1.10533 -1.11952
-1.10567 -1.11747
-1.10405 -1.11968
-1.10404 -1.11718
-1.10488 -1.1152
-1.10081 -1.11918
-1.10211 -1.11569
-1.10428 -1.11513
-1.1016 -1.11958
-1.10213 -1.11728
-1.10542 -1.11861
-1.10253 -1.11657
-1.10336 -1.11684
-1.10389 -1.1163
-1.1043 -1.11591
-1.10165 -1.1158
-1.10337 -1.11367
-1.09931 -1.11767
-1.1015 -1.11361
-1.09999 -1.1173
-1.10132 -1.11505
-1.10297 -1.11845
-1.1045 -1.11467
-1.10513 -1.11576
-1.10044 -1.11626
-1.10397 -1.11417
-1.1007 -1.11679
-1.10194 -1.11687
-1.10161 -1.11319
-1.10229 -1.11561
-1.10159 -1.11226
-1.10033 -1.11548
-1.0991 -1.11504
-1.0973 -1.11299
-1.10114 -1.11517
-1.0979 -1.11489
-1.09817 -1.11541
-1.1004 -1.11402
-1.09825 -1.11642
-1.09924 -1.11436
-1.09967 -1.11188
-1.09613 -1.1161
-1.09836 -1.11305
-1.0993 -1.11295
-1.09783 -1.1131
-1.0991 -1.11245
-1.09672 -1.11366
-1.09677 -1.11283
-1.09606 -1.11252
-1.09554 -1.11141
-1.09441 -1.11309
-1.0931 -1.1113
-1.09404 -1.11016
-1.09546 -1.1092
-1.09237 -1.11611
-1.0964 -1.10605
-1.09325 -1.11197
-1.09547 -1.10979
-1.09656 -1.10764
-1.09593 -1.10815
-1.09576 -1.10957
-1.09261 -1.11078
-1.09562 -1.1095
-1.09455 -1.11137
-1.09301 -1.11272
-1.09524 -1.10746
-1.09337 -1.1122
-1.09448 -1.10958
-1.0969 -1.10875
-1.09277 -1.10959
-1.09229 -1.10925
-1.09299 -1.10704
-1.0921 -1.10969
-1.09207 -1.11096
-1.09343 -1.10869
-1.09253 -1.11057
-1.09235 -1.11053
-1.09336 -1.10732
-1.09098 -1.1117
-1.09467 -1.10781
-1.09295 -1.10962
-1.09466 -1.1111
-1.09506 -1.10872
-1.09304 -1.11101
-1.09292 -1.10992
-1.09435 -1.10773
-1.09263 -1.10804
-1.09093 -1.10973
-1.09148 -1.10671
-1.09282 -1.10686
-1.09053 -1.10946
-1.09111 -1.11152
-1.09229 -1.10611
-1.09015 -1.11075
-1.08924 -1.10458
-1.09029 -1.10733
-1.08892 -1.10736
-1.08999 -1.11024
-1.09066 -1.10765
-1.08773 -1.10834
-1.08795 -1.10774
-1.09028 -1.10645
-1.08653 -1.11267
-1.08942 -1.10706
-1.08724 -1.1095
-1.08696 -1.10654
-1.08658 -1.10629
-1.08691 -1.10628
-1.0845 -1.1066
-1.08698 -1.10594
-1.08608 -1.10598
-1.08601 -1.10591
-1.08726 -1.10539
-1.08476 -1.10988
-1.08589 -1.10362
-1.0848 -1.1079
-1.08508 -1.10594
-1.0853 -1.10542
-1.08235 -1.10907
-1.0852 -1.10484
-1.08315 -1.1096
-1.08336 -1.10639
-1.084 -1.10524
-1.08402 -1.10545
-1.08184 -1.10778
-1.08151 -1.10755
-1.08194 -1.10538
-1.08176 -1.10603
-1.083 -1.10574
-1.08291 -1.10597
-1.08495 -1.10371
-1.08623 -1.10532
-1.08377 -1.1074
-1.08544 -1.10395
-1.08446 -1.10457
-1.08487 -1.1021
-1.08438 -1.10283
-1.08313 -1.10388
-1.08132 -1.10296
-1.08209 -1.10099
-1.08096 -1.10704
-1.0818 -1.10014
-1.08078 -1.1083
-1.08049 -1.09972
-1.08059 -1.10771
-1.08102 -1.10147
-1.08007 -1.10623
-1.08147 -1.10309
-1.08145 -1.10438
-1.0805 -1.1041
-1.08119 -1.10376
-1.07935 -1.10286
-1.07962 -1.10361
-1.07989 -1.10088
-1.07531 -1.10481
-1.08115 -1.10002
-1.07865 -1.10419
-1.07796 -1.10393
-1.08056 -1.10335
-1.0794 -1.10122
-1.07999 -1.10137
-1.07561 -1.10425
-1.07973 -1.10145
-1.07772 -1.10316
-1.07956 -1.10119
-1.07734 -1.10393
-1.0781 -1.10153
-1.07776 -1.1025
-1.07653 -1.10179
-1.07764 -1.10007
-1.07665 -1.10398
-1.07568 -1.09883
-1.07739 -1.10223
-1.07799 -1.10298
-1.07863 -1.10167
-1.07981 -1.10279
-1.07799 -1.10525
-1.07871 -1.10135
-1.07677 -1.10126
-1.07729 -1.10387
-1.07945 -1.10118
-1.07769 -1.10045
-1.07783 -1.10478
-1.08011 -1.10189
-1.07942 -1.10194
-1.07687 -1.10251
-1.07881 -1.10054
-1.07799 -1.105
-1.08042 -1.10059
-1.07917 -1.10221
-1.07868 -1.10363
-1.07922 -1.10154
-1.0792 -1.09942
-1.0777 -1.10292
-1.0778 -1.10407
-1.07688 -1.10078
-1.07659 -1.1
-1.07753 -1.10287
-1.07748 -1.10375
-1.07502 -1.10435
-1.07949 -1.09648
-1.07392 -1.10406
-1.07711 -1.09985
-1.07445 -1.10161
-1.07514 -1.10239
-1.0775 -1.0998
-1.07562 -1.10488
-1.07607 -1.10063
-1.07488 -1.10085
-1.07701 -1.10442
-1.07519 -1.09947
-1.07622 -1.10013
-1.07326 -1.09805
-1.07512 -1.0988
-1.07511 -1.09946
-1.07604 -1.09925
-1.07734 -1.09916
-1.07736 -1.10016
-1.07645 -1.10038
-1.07707 -1.10136
-1.07459 -1.10013
-1.07432 -1.09885
-1.07398 -1.09968
-1.07215 -1.09946
-1.0778 -1.098
-1.07035 -1.10325
-1.07573 -1.09696
-1.07429 -1.09818
-1.07328 -1.10205
-1.07729 -1.09673
-1.07348 -1.0996
-1.07404 -1.09956
-1.07325 -1.09724
-1.07511 -1.09884
-1.07357 -1.10174
-1.07367 -1.09787
-1.07641 -1.0987
-1.07413 -1.10245
-1.07594 -1.09849
-1.07488 -1.10114
-1.07545 -1.09838
-1.07438 -1.09603
-1.07503 -1.09489
-1.07386 -1.09843
-1.07469 -1.09711
-1.07567 -1.09474
-1.0727 -1.10088
-1.07398 -1.0951
-1.07379 -1.09621
-1.07212 -1.09662
-1.0756 -1.09758
-1.07538 -1.09473
-1.07284 -1.09932
-1.07428 -1.09753
-1.07449 -1.09496
-1.0691 -1.10084
-1.07432 -1.09599
-1.07307 -1.09299
-1.07403 -1.09767
-1.07374 -1.09385
-1.07562 -1.09897
-1.07272 -1.09606
-1.07168 -1.09667
-1.07389 -1.09383
-1.07263 -1.09842
-1.07268 -1.09435
-1.07422 -1.09624
-1.07084 -1.09711
-1.07361 -1.09555
-1.07331 -1.09563
-1.0708 -1.09537
-1.07077 -1.0966
-1.07113 -1.09659
-1.07026 -1.0973
-1.07077 -1.09422
-1.07085 -1.09486
-1.07087 -1.09582
-1.07103 -1.09376
-1.06986 -1.09757
-1.07115 -1.09621
-1.06807 -1.09801
-1.07298 -1.09155
-1.06952 -1.09845
-1.07263 -1.09283
-1.07269 -1.09623
-1.06968 -1.09836
-1.07211 -1.09378
-1.06965 -1.09507
-1.07053 -1.09484
-1.06749 -1.09479
-1.06584 -1.09375
-1.06694 -1.09791
-1.07003 -1.09386
-1.06815 -1.09516
-1.06776 -1.09429
-1.06675 -1.09608
-1.06901 -1.09205
-1.06516 -1.09818
-1.06755 -1.09147
-1.06538 -1.09558
-1.06676 -1.09356
-1.06706 -1.09338
-1.06615 -1.09661
-1.06667 -1.0926
-1.06818 -1.08955
-1.06509 -1.09526
-1.06847 -1.09098
-1.06719 -1.09253
-1.06877 -1.09142
-1.06765 -1.09481
-1.06736 -1.09196
-1.06659 -1.09129
-1.06534 -1.09334
-1.06804 -1.0943
-1.06735 -1.09217
-1.06685 -1.09318
-1.06782 -1.09098
-1.06503 -1.09451
-1.06793 -1.09152
-1.06445 -1.0928
-1.06677 -1.09182
-1.06462 -1.09011
-1.06767 -1.09029
-1.0648 -1.09291
-1.06704 -1.09043
-1.06436 -1.09168
-1.06824 -1.0905
-1.06451 -1.08953
-1.06405 -1.09474
-1.06682 -1.08973
-1.06295 -1.09548
-1.06625 -1.08878
-1.06138 -1.09001
-1.06501 -1.0888
-1.063 -1.09299
-1.06286 -1.08978
-1.06544 -1.09068
-1.06353 -1.09282
-1.06369 -1.09182
-1.06387 -1.09292
-1.06182 -1.09039
-1.06466 -1.09263
-1.06265 -1.0899
-1.06113 -1.08953
-1.06017 -1.09432
-1.06066 -1.09191
-1.06362 -1.0891
-1.06034 -1.09337
-1.06302 -1.08925
-1.06301 -1.09063
-1.06139 -1.08987
-1.06252 -1.08926
-1.06198 -1.09131
-1.06307 -1.08971
-1.06386 -1.08976
-1.06082 -1.09282
-1.06353 -1.09098
-1.06215 -1.08745
-1.06 -1.08858
-1.06179 -1.08771
-1.05999 -1.0895
-1.06184 -1.08677
-1.06333 -1.08956
-1.06118 -1.08971
-1.06225 -1.08856
-1.0622 -1.08808
-1.0627 -1.09366
-1.06271 -1.08677
-1.063 -1.08769
-1.06328 -1.08884
-1.06114 -1.08752
-1.06064 -1.08788
-1.06005 -1.0891
-1.06169 -1.08812
-1.0599 -1.08776
-1.06045 -1.08541
-1.05978 -1.08593
-1.05867 -1.0866
-1.05931 -1.08498
-1.06076 -1.08452
-1.06022 -1.08719
-1.0613 -1.08342
-1.06228 -1.08418
-1.06099 -1.08636
-1.06144 -1.0868
-1.06079 -1.08298
-1.0605 -1.087
-1.06158 -1.08328
-1.06066 -1.08636
-1.06151 -1.08175
-1.06137 -1.08445
-1.06074 -1.08675
-1.06157 -1.0842
-1.06114 -1.08643
-1.06196 -1.08366
-1.059 -1.08638
-1.06276 -1.08234
-1.05776 -1.08475
-1.05873 -1.08499
-1.05909 -1.08587
-1.05994 -1.08314
-1.05934 -1.08559
-1.06139 -1.08479
-1.05907 -1.08672
-1.06064 -1.08373
-1.05692 -1.08947
-1.05968 -1.0812
-1.05675 -1.08709
-1.05612 -1.08469
-1.05487 -1.08472
-1.05613 -1.08085
-1.05567 -1.08477
-1.0565 -1.08254
-1.05682 -1.08361
-1.05723 -1.08286
-1.05874 -1.08282
-1.05783 -1.08158
-1.06115 -1.08145
-1.05777 -1.08332
-1.0574 -1.08532
-1.05844 -1.0822
-1.05616 -1.08609
-1.05678 -1.08434
-1.05738 -1.08484
-1.057 -1.08324
-1.05633 -1.08534
-1.05762 -1.08395
-1.05558 -1.08312
-1.0561 -1.08408
-1.05575 -1.0821
-1.06015 -1.08123
-1.05411 -1.08429
-1.05559 -1.08286
-1.05802 -1.0823
-1.05606 -1.08426
-1.05519 -1.08485
-1.05566 -1.08437
-1.05682 -1.07974
-1.0543 -1.0866
-1.05728 -1.07986
-1.05302 -1.08672
-1.05595 -1.08156
-1.05688 -1.08283
-1.05587 -1.08386
-1.05668 -1.08015
-1.05626 -1.08259
-1.05826 -1.08161
-1.05768 -1.08134
-1.05726 -1.08279
-1.05674 -1.07992
-1.05592 -1.07931
-1.05681 -1.07948
-1.05565 -1.08183
-1.05582 -1.07838
-1.05465 -1.08268
-1.05511 -1.08049
-1.05472 -1.08219
-1.05467 -1.08178
-1.05414 -1.08018
-1.05418 -1.08091
-1.05296 -1.08292
-1.05478 -1.07816
-1.05288 -1.08261
-1.053 -1.08176
-1.05298 -1.07844
-1.05353 -1.07685
-1.05241 -1.08192
-1.05329 -1.07685
-1.05307 -1.07749
-1.05376 -1.07954
-1.05433 -1.07747
-1.053 -1.07749
-1.05414 -1.07833
-1.05349 -1.07991
-1.05315 -1.08001
-1.05414 -1.07876
-1.05479 -1.07927
-1.05307 -1.08325
-1.05504 -1.07919
-1.05122 -1.08167
-1.05276 -1.07895
-1.05199 -1.08025
-1.05219 -1.08022
-1.05197 -1.07821
-1.05065 -1.07925
-1.05011 -1.07832
-1.05214 -1.07887
-1.05129 -1.07835
-1.05059 -1.07884
-1.04995 -1.07738
-1.0493 -1.08002
-1.05123 -1.0806
-1.05222 -1.07698
-1.03488 -1.06179
-1.00469 -1.01009
-1.00083 -1.00479
-0.999499 -1.00616
-0.998375 -1.00693
-1.00045 -1.0035
-0.998567 -1.00666
-0.996742 -1.00503
-0.999392 -1.0038
-0.997689 -1.00799
-0.998525 -1.0054
-0.998627 -1.00606
-0.997765 -1.0046
-0.999082 -1.0075
-0.998479 -1.00661
-0.998375 -1.00895
-0.998894 -1.00527
-0.996088 -1.00928
-0.997209 -1.00686
-0.996115 -1.00757
-0.996644 -1.00919
-0.999604 -1.00614
-0.99752 -1.00848
-0.999033 -1.00975
-0.997585 -1.01178
-1.00001 -1.00851
-0.998284 -1.00952
-0.9985 -1.00927
-0.998624 -1.00903
-0.997663 -1.01051
-0.99748 -1.00744
-0.997019 -1.00955
-0.996505 -1.00808
-0.995693 -1.00778
-0.995596 -1.00676
-0.9962 -1.0072
-0.995692 -1.00701
-0.996341 -1.00897
-0.99661 -1.00884
-0.996776 -1.00959
-0.995393 -1.0124
-0.996534 -1.00878
-0.99612 -1.00857
-0.99528 -1.00919
-0.994485 -1.00705
-0.994274 -1.00997
-0.994062 -1.00664
-0.992612 -1.00903
-0.994137 -1.0073
-0.993611 -1.0103
-0.996276 -1.0094
-0.993752 -1.0098
-0.995811 -1.0102
-0.994869 -1.00818
-0.995109 -1.00952
-0.992665 -1.00987
-0.993903 -1.00929
-0.993974 -1.00754
-0.993882 -1.01
-0.994021 -1.00931
-0.992944 -1.01086
-0.99444 -1.00776
-0.993405 -1.00957
-0.992988 -1.01106
-0.994935 -1.00537
-0.991543 -1.01133
-0.994838 -1.00501
-0.992822 -1.00908
-0.995055 -1.00952
-0.994645 -1.00613
-0.994761 -1.00998
-0.995513 -1.00638
-0.992628 -1.01189
-0.994353 -1.00492
-0.993229 -1.01042
-0.992829 -1.00817
-0.993324 -1.00938
-0.994478 -1.00698
-0.991184 -1.01179
-0.99581 -1.0059
-0.992893 -1.01027
-0.994057 -1.00855
-0.9925 -1.00889
-0.994775 -1.00755
-0.992463 -1.00654
-0.991913 -1.00993
-0.994579 -1.00717
-0.993027 -1.00845
-0.993514 -1.00827
-0.991554 -1.01181
-0.995789 -1.00601
-0.99294 -1.01212
-0.991845 -1.00858
-0.992213 -1.00755
-0.990806 -1.00808
-0.990301 -1.00977
-0.990901 -1.00611
-0.990495 -1.00863
-0.988882 -1.00893
-0.993291 -1.00553
-0.99143 -1.00918
-0.990565 -1.01356
-0.992018 -1.00619
-0.992435 -1.00892
-0.989365 -1.01172
-0.993228 -1.00845
-0.990814 -1.0096
-0.989605 -1.01013
-0.991357 -1.00873
-0.989472 -1.01157
-0.992001 -1.00393
-0.991195 -1.00849
-0.990728 -1.00797
-0.991001 -1.00812
-0.99482 -1.00562
-0.990344 -1.00804
-0.993097 -1.00846
-0.991686 -1.00601
-0.992361 -1.00838
-0.99139 -1.00623
-0.990882 -1.00813
-0.99152 -1.00525
-0.990363 -1.0062
-0.992662 -1.00864
-0.990095 -1.00669
-0.991346 -1.00393
-0.989821 -1.00861
-0.990397 -1.00573
-0.991576 -1.00479
-0.990014 -1.00974
-0.990102 -1.00455
-0.988499 -1.00886
-0.989811 -1.00649
-0.991103 -1.00509
-0.990291 -1.00804
-0.989038 -1.00622
-0.990035 -1.006
-0.990479 -1.00621
-0.989803 -1.00777
-0.989322 -1.00611
-0.989578 -1.00566
-0.988916 -1.00534
-0.987557 -1.0069
-0.989232 -1.00568
-0.988401 -1.00661
-0.987399 -1.00532
-0.987817 -1.00259
-0.987079 -1.00591
-0.988993 -1.00604
-0.987791 -1.0063
-0.989249 -1.00642
-0.988658 -1.00714
-0.988945 -1.0051
-0.990185 -1.00479
-0.986713 -1.00753
-0.989125 -1.00484
-0.986733 -1.00647
-0.988525 -1.00558
-0.986821 -1.00626
-0.987771 -1.00774
-0.989411 -1.00348
-0.987406 -1.00992
-0.990485 -1.00434
-0.987216 -1.00658
-0.988793 -1.00715
-0.988598 -1.00411
-0.988235 -1.00838
-0.989265 -1.00318
-0.987867 -1.00667
-0.989646 -1.00443
-0.986137 -1.00802
-0.988714 -1.00708
-0.988327 -1.00464
-0.987845 -1.0052
-0.986828 -1.00481
-0.987196 -1.0042
-0.986662 -1.00693
-0.987608 -1.00525
-0.988508 -1.00366
-0.986233 -1.00489
-0.989199 -1.00274
-0.986715 -1.00439
-0.986861 -1.00256
-0.986058 -1.00257
-0.9858 -1.00443
-0.987263 -1.00125
-0.9832 -1.0053
-0.987165 -1.00222
-0.985044 -1.00227
-0.984988 -1.00347
-0.984415 -1.00227
-0.987389 -1.00308
-0.984063 -1.00063
-0.983468 -1.00464
-0.985306 -1.00085
-0.984189 -1.00064
-0.98332 -1.00369
-0.985308 -1.00236
-0.984997 -1.00357
-0.98503 -1.00074
-0.986269 -1.00504
-0.984981 -1.00239
-0.984114 -1.00115
-0.985109 -1.00086
-0.983641 -1.00248
-0.985214 -1.00033
-0.984082 -1.00169
-0.984853 -1.00065
-0.982501 -1.00134
-0.982564 -1.00216
-0.98343 -0.999057
-0.982629 -1.00163
-0.982401 -1.0015
-0.982494 -1.00232
-0.982093 -0.998911
-0.981411 -1.00035
-0.980714 -1.00076
-0.980688 -0.997717
-0.979655 -1.0009
-0.979754 -0.998557
-0.980043 -0.998536
-0.980212 -1.00259
-0.980789 -0.999665
-0.98105 -0.997512
-0.980906 -1.00175
-0.980791 -1.00045
-0.980953 -0.998844
-0.982281 -0.999817
-0.979714 -1.00118
-0.982284 -0.999641
-0.97943 -1.00121
-0.983598 -0.997243
-0.980616 -0.999995
-0.981384 -1.00338
-0.982125 -0.998987
-0.982011 -1.00105
-0.981634 -1.00027
-0.980479 -0.99876
-0.980982 -1.00252
-0.980429 -0.999033
-0.97978 -1.00097
-0.980389 -0.998186
-0.977734 -1.00262
-0.981031 -0.999693
-0.981189 -0.997532
-0.978491 -1.00157
-0.982017 -0.99753
-0.980135 -1.00057
-0.979908 -0.998714
-0.981085 -0.998031
-0.978731 -0.996743
-0.979601 -1.0001
-0.978923 -0.997115
-0.979385 -0.996653
-0.978692 -0.999948
-0.979994 -0.99519
-0.977994 -1.00084
-0.979382 -0.996594
-0.977201 -0.998454
-0.975105 -0.998852
-0.979629 -0.994652
-0.975048 -0.998698
-0.97801 -0.998751
-0.977232 -0.996563
-0.977435 -0.997464
-0.975716 -0.997945
-0.978243 -0.994036
-0.973695 -0.999559
-0.977971 -0.994413
-0.976532 -0.99648
-0.975572 -0.997073
-0.975324 -0.99709
-0.976365 -0.995795
-0.97615 -0.997143
-0.97709 -0.996194
-0.977477 -0.998136
-0.977184 -0.997433
-0.977003 -0.995468
-0.976352 -0.996632
-0.977358 -0.997107
-0.975121 -0.997638
-0.976914 -0.997828
-0.978108 -0.994044
-0.974995 -0.998181
-0.978178 -0.997277
-0.977688 -0.994871
-0.975061 -0.998666
-0.977825 -0.99527
-0.9762 -0.996747
-0.975764 -0.995943
-0.977575 -0.994626
-0.976264 -0.997683
-0.976104 -0.995307
-0.977879 -0.995958
-0.977066 -0.996257
-0.977192 -0.993129
-0.974983 -0.997195
-0.975753 -0.99479
-0.97811 -0.992334
-0.973841 -0.995605
-0.976765 -0.993055
-0.9752 -0.992962
-0.974617 -0.995646
-0.977419 -0.994047
-0.974129 -0.994504
-0.976277 -0.996063
-0.976728 -0.993327
-0.975182 -0.993593
-0.972382 -0.999001
-0.974732 -0.990971
-0.971254 -0.993807
-0.971823 -0.994222
-0.972766 -0.992419
-0.972085 -0.994238
-0.972839 -0.994712
-0.974051 -0.993888
-0.972158 -0.994191
-0.972392 -0.997323
-0.973661 -0.992282
-0.973077 -0.993055
-0.97096 -0.993288
-0.973799 -0.993343
-0.972384 -0.9973
-0.974371 -0.99335
-0.973321 -0.996141
-0.974504 -0.994847
-0.97365 -0.993973
-0.97386 -0.993282
-0.97186 -0.996035
-0.974076 -0.992429
-0.973191 -0.994797
-0.971616 -0.992862
-0.971662 -0.993005
-0.973046 -0.992055
-0.969405 -0.993474
-0.972736 -0.992175
-0.968753 -0.991345
-0.970659 -0.991893
-0.967659 -0.991046
-0.968341 -0.992023
-0.968917 -0.989495
-0.967837 -0.99214
-0.969454 -0.990167
-0.967724 -0.994785
-0.968872 -0.992683
-0.96971 -0.991509
-0.967857 -0.993699
-0.969649 -0.992635
-0.969985 -0.992971
-0.96942 -0.992373
-0.967937 -0.993809
-0.970747 -0.990754
-0.969591 -0.991793
-0.970516 -0.992562
-0.971788 -0.989314
-0.970171 -0.991975
-0.968512 -0.991236
-0.970672 -0.991924
-0.969496 -0.987991
-0.967044 -0.993273
-0.969105 -0.989244
-0.967424 -0.990594
-0.967601 -0.99013
-0.967954 -0.993435
-0.969251 -0.991488
-0.967617 -0.992404
-0.96973 -0.989377
-0.969574 -0.992152
-0.968978 -0.990554
-0.966497 -0.992697
-0.969499 -0.988151
-0.967937 -0.991104
-0.966726 -0.991794
-0.967235 -0.990945
-0.967905 -0.989007
-0.967036 -0.99148
-0.966871 -0.990113
-0.968207 -0.989677
-0.965593 -0.992767
-0.969752 -0.988252
-0.966908 -0.98997
-0.966189 -0.991281
-0.968515 -0.990452
-0.968753 -0.989657
-0.96778 -0.99374
-0.970066 -0.989569
-0.967944 -0.99131
-0.969358 -0.990071
-0.96732 -0.990123
-0.967452 -0.988577
-0.966144 -0.989291
-0.967777 -0.987757
-0.964472 -0.992329
-0.96603 -0.990916
-0.966426 -0.990433
-0.966446 -0.989777
-0.965323 -0.991658
-0.965614 -0.989494
-0.96559 -0.989758
-0.964789 -0.990177
-0.963032 -0.991609
-0.964571 -0.992416
-0.962077 -0.989627
-0.962765 -0.988965
-0.94993 -0.972067
-0.919702 -0.915366
-0.918111 -0.912081
-0.917013 -0.913667
-0.916258 -0.911677
-0.916427 -0.91245
-0.917635 -0.912784
-0.917215 -0.913817
-0.918646 -0.914588
-0.919184 -0.914647
-0.916311 -0.917051
-0.919225 -0.913048
-0.916788 -0.913634
-0.917573 -0.915449
-0.91759 -0.914364
-0.915679 -0.915493
-0.916364 -0.915544
-0.916462 -0.912457
-0.915558 -0.917953
-0.91579 -0.913471
-0.917347 -0.914075
-0.917634 -0.913787
-0.916122 -0.916165
-0.917473 -0.912253
-0.917672 -0.913324
-0.914722 -0.914657
-0.916591 -0.913767
-0.915864 -0.912942
-0.915197 -0.912547
-0.914652 -0.915508
-0.916597 -0.91153
-0.914517 -0.915037
-0.915448 -0.915085
-0.916254 -0.913811
-0.915029 -0.914806
-0.915711 -0.912293
-0.917328 -0.915456
-0.91655 -0.912935
-0.915368 -0.913446
-0.917336 -0.914491
-0.914126 -0.913312
-0.916164 -0.913457
-0.914758 -0.911937
-0.915539 -0.914908
-0.915082 -0.913274
-0.915847 -0.912049
-0.914654 -0.9134
-0.913551 -0.911816
-0.915678 -0.913179
-0.914604 -0.913145
-0.915727 -0.914485
-0.915082 -0.911812
-0.914964 -0.913359
-0.91638 -0.913172
-0.913378 -0.912922
-0.915614 -0.912861
-0.914331 -0.909727
-0.913597 -0.914188
-0.91339 -0.9119
-0.914469 -0.910602
-0.913753 -0.911935
-0.913319 -0.912422
-0.91565 -0.908994
-0.91274 -0.915775
-0.914953 -0.911063
-0.914222 -0.913506
-0.9126 -0.91107
-0.914057 -0.91267
-0.911294 -0.912317
-0.91275 -0.913639
-0.911775 -0.909793
-0.912508 -0.913543
-0.910448 -0.911036
-0.911248 -0.913736
-0.910595 -0.908894
-0.910339 -0.912362
-0.909912 -0.911536
-0.911936 -0.909153
-0.909728 -0.912731
-0.909606 -0.909519
-0.910442 -0.911359
-0.908816 -0.91195
-0.90772 -0.911439
-0.908494 -0.910646
-0.908453 -0.910608
-0.908456 -0.911521
-0.908926 -0.908595
-0.908814 -0.914305
-0.910477 -0.908344
-0.90979 -0.912202
-0.909981 -0.911828
-0.910658 -0.911123
-0.909674 -0.911991
-0.9078 -0.91078
-0.910481 -0.909561
-0.908457 -0.909759
-0.909188 -0.910312
-0.90889 -0.909991
-0.908834 -0.910228
-0.909459 -0.909623
-0.910003 -0.91058
-0.906869 -0.911677
-0.908198 -0.911087
-0.910035 -0.910679
-0.906587 -0.909646
-0.908981 -0.912029
-0.908205 -0.91
-0.909171 -0.911194
-0.90918 -0.908829
-0.908961 -0.91049
-0.907547 -0.911007
-0.908179 -0.909892
-0.910186 -0.914411
-0.907927 -0.91067
-0.909699 -0.911557
-0.909022 -0.911389
-0.909681 -0.909239
-0.908927 -0.912705
-0.909439 -0.910764
-0.911186 -0.909068
-0.90754 -0.913318
-0.910524 -0.909952
-0.908903 -0.910674
-0.907516 -0.911273
-0.908214 -0.910804
-0.909314 -0.911142
-0.908994 -0.909564
-0.908661 -0.911294
-0.909918 -0.908826
-0.908996 -0.911331
-0.907882 -0.910332
-0.908358 -0.908872
-0.906995 -0.912415
-0.908875 -0.908124
-0.908442 -0.911319
-0.906374 -0.911053
-0.909015 -0.908101
-0.906853 -0.91086
-0.908274 -0.91135
-0.908738 -0.909044
-0.907228 -0.908972
-0.90792 -0.911488
-0.907182 -0.909486
-0.906198 -0.910935
-0.906141 -0.909959
-0.905418 -0.911304
-0.904847 -0.910038
-0.906808 -0.908365
-0.905116 -0.90973
-0.908224 -0.909782
-0.905295 -0.910601
-0.908577 -0.907217
-0.907984 -0.909687
-0.905263 -0.909885
-0.907679 -0.909637
-0.906324 -0.908445
-0.9048 -0.907114
-0.905877 -0.911193
-0.903752 -0.907839
-0.906851 -0.908787
-0.906787 -0.907998
-0.906234 -0.91176
-0.906907 -0.907957
-0.90695 -0.909339
-0.906945 -0.908144
-0.906308 -0.909412
-0.905131 -0.907944
-0.904757 -0.910197
-0.904221 -0.907173
-0.904577 -0.908777
-0.903809 -0.908457
-0.903713 -0.908789
-0.903739 -0.907717
-0.903876 -0.909045
-0.904486 -0.906994
-0.903631 -0.910805
-0.905072 -0.909105
-0.906468 -0.90612
-0.904358 -0.909438
-0.903063 -0.911181
-0.905175 -0.906968
-0.9039 -0.90813
-0.902415 -0.91046
-0.902899 -0.90938
-0.901359 -0.906787
-0.904726 -0.907983
-0.89985 -0.910447
-0.901198 -0.907263
-0.901302 -0.905956
-0.898688 -0.908154
-0.898704 -0.907365
-0.898512 -0.905615
-0.898022 -0.905521
-0.899221 -0.908208
-0.898219 -0.906061
-0.901443 -0.90613
-0.900607 -0.909787
-0.900034 -0.909825
-0.902038 -0.911071
-0.902837 -0.907178
-0.900318 -0.909696
-0.900642 -0.908908
-0.899895 -0.90964
-0.902024 -0.909807
-0.899819 -0.908018
-0.902985 -0.91016
-0.902878 -0.908894
-0.901848 -0.910423
-0.90259 -0.90896
-0.903145 -0.911454
-0.903954 -0.90781
-0.900493 -0.911385
-0.904192 -0.907495
-0.901319 -0.909872
-0.902071 -0.90576
-0.902974 -0.910443
-0.901097 -0.9089
-0.902084 -0.906734
-0.902638 -0.908257
-0.901568 -0.907641
-0.900041 -0.909476
-0.903265 -0.905009
-0.899534 -0.909042
-0.899762 -0.906521
-0.900206 -0.908394
-0.899289 -0.906188
-0.89679 -0.909104
-0.897826 -0.903321
-0.896236 -0.907367
-0.896275 -0.906439
-0.895039 -0.905746
-0.895579 -0.906405
-0.896632 -0.905855
-0.895163 -0.906748
-0.893307 -0.908865
-0.897699 -0.902417
-0.893814 -0.909786
-0.894775 -0.905874
-0.893575 -0.905134
-0.89202 -0.906694
-0.891019 -0.905531
-0.891894 -0.907902
-0.890266 -0.903397
-0.89327 -0.904872
-0.889574 -0.905512
-0.890338 -0.906334
-0.889696 -0.904528
-0.889667 -0.904268
-0.890404 -0.904222
-0.887657 -0.90654
-0.890368 -0.902609
-0.888711 -0.906101
-0.889913 -0.901598
-0.888309 -0.906175
-0.888132 -0.903813
-0.889199 -0.902695
-0.887848 -0.905896
-0.886564 -0.903248
-0.888114 -0.90348
-0.887091 -0.90398
-0.885412 -0.903602
-0.886932 -0.903469
-0.8843 -0.901859
-0.884505 -0.903509
-0.88297 -0.902641
-0.883052 -0.902794
-0.884483 -0.901694
-0.88242 -0.902526
-0.882307 -0.901594
-0.884575 -0.90071
-0.881802 -0.902225
-0.881962 -0.902979
-0.881301 -0.900707
-0.882708 -0.89901
-0.879311 -0.901198
-0.878187 -0.902322
-0.879304 -0.898431
-0.87964 -0.897966
-0.876595 -0.901037
-0.878538 -0.89873
-0.87818 -0.898513
-0.880508 -0.897847
-0.877174 -0.900051
-0.879218 -0.89906
-0.878756 -0.898891
-0.877282 -0.898101
-0.877477 -0.897884
-0.876516 -0.896218
-0.876134 -0.899101
-0.876994 -0.898687
-0.876443 -0.898651
-0.877816 -0.898579
-0.875497 -0.900007
-0.878128 -0.899457
-0.878137 -0.895241
-0.875162 -0.900595
-0.874979 -0.898021
-0.87534 -0.895146
-0.874847 -0.898951
-0.874038 -0.895068
-0.875573 -0.896766
-0.872288 -0.898024
-0.873499 -0.899195
-0.875532 -0.892771
-0.871423 -0.900666
-0.872222 -0.895936
-0.87336 -0.894349
-0.872009 -0.895761
-0.859851 -0.885355
-0.832607 -0.845695
-0.832772 -0.841932
-0.829024 -0.843649
-0.829554 -0.84542
-0.831746 -0.841757
-0.830756 -0.842165
-0.831402 -0.845282
-0.830937 -0.842676
-0.831234 -0.843931
-0.83183 -0.841502
-0.830755 -0.84464
-0.832955 -0.842998
-0.831724 -0.842832
-0.832816 -0.843438
-0.832407 -0.842464
-0.831908 -0.845665
-0.833357 -0.843897
-0.833488 -0.844749
-0.831742 -0.845372
-0.833424 -0.843946
-0.831696 -0.843721
-0.831661 -0.844114
-0.832007 -0.845648
-0.831965 -0.842811
-0.82934 -0.845388
-0.83145 -0.843012
-0.830857 -0.843976
-0.830783 -0.844393
-0.83047 -0.844012
-0.830698 -0.84437
-0.831791 -0.841981
-0.829464 -0.845488
-0.831179 -0.843676
-0.831549 -0.841872
-0.829578 -0.844695
-0.829727 -0.843823
-0.830605 -0.841873
-0.829833 -0.84263
-0.829636 -0.843042
-0.829561 -0.84335
-0.82928 -0.843388
-0.828694 -0.843701
-0.82917 -0.841146
-0.826961 -0.844283
-0.828185 -0.841962
-0.826476 -0.843241
-0.828222 -0.843441
-0.827134 -0.842158
-0.825443 -0.84207
-0.826384 -0.843168
-0.825768 -0.841148
-0.824562 -0.842314
-0.824056 -0.843655
-0.82459 -0.841947
-0.824243 -0.840291
-0.824783 -0.842949
-0.824365 -0.843247
-0.822211 -0.841679
-0.823826 -0.840928
-0.821097 -0.84225
-0.821415 -0.83865
-0.820985 -0.841338
-0.820876 -0.840367
-0.819255 -0.84017
-0.821487 -0.841255
-0.821243 -0.838596
-0.820408 -0.843815
-0.820422 -0.839485
-0.822389 -0.841615
-0.820682 -0.840106
-0.821094 -0.840122
-0.819176 -0.843424
-0.819351 -0.838691
-0.821026 -0.842027
-0.819771 -0.840439
-0.8207 -0.841028
-0.821061 -0.84012
-0.819867 -0.841366
-0.82012 -0.839125
-0.819357 -0.840632
-0.820144 -0.838876
-0.819043 -0.840497
-0.817669 -0.839974
-0.819743 -0.838692
-0.819304 -0.838795
-0.817034 -0.841316
-0.818008 -0.838342
-0.818551 -0.839253
-0.816808 -0.840879
-0.817811 -0.837127
-0.816987 -0.841754
-0.816315 -0.838104
-0.817354 -0.840424
-0.81525 -0.838294
-0.816822 -0.838686
-0.815635 -0.839371
-0.815406 -0.837947
-0.81508 -0.839165
-0.816189 -0.835792
-0.815125 -0.838783
-0.814771 -0.839735
-0.815329 -0.839555
-0.817203 -0.836525
-0.814046 -0.839894
-0.814234 -0.838973
-0.814624 -0.837285
-0.81439 -0.835938
-0.812831 -0.839253
-0.813722 -0.838591
-0.813943 -0.837925
-0.81463 -0.838737
-0.813144 -0.838586
-0.813907 -0.837335
-0.813 -0.83875
-0.813902 -0.837329
-0.803124 -0.822869
-0.771128 -0.77691
-0.76999 -0.774838
-0.770316 -0.77315
-0.770226 -0.775738
-0.769052 -0.775368
-0.771413 -0.771891
-0.769008 -0.777081
-0.770887 -0.77313
-0.769687 -0.775758
-0.771623 -0.774208
-0.769698 -0.775118
-0.770497 -0.775117
-0.769882 -0.772532
-0.769309 -0.775263
-0.768316 -0.774651
-0.768898 -0.773778
-0.770154 -0.774281
-0.767471 -0.774574
-0.770701 -0.772722
-0.767692 -0.775062
-0.768348 -0.772367
-0.768985 -0.774758
-0.767264 -0.772772
-0.768764 -0.774258
-0.76759 -0.772209
-0.768032 -0.775378
-0.767406 -0.772535
-0.768902 -0.773745
-0.767904 -0.772591
-0.767522 -0.772593
-0.767712 -0.773227
-0.766691 -0.774759
-0.767577 -0.774724
-0.766051 -0.774147
-0.766694 -0.77447
-0.765616 -0.774591
-0.76515 -0.774188
-0.765243 -0.773989
-0.764863 -0.774305
-0.764039 -0.773584
-0.764431 -0.77437
-0.764965 -0.775574
-0.764825 -0.773506
-0.766188 -0.7733
-0.764444 -0.775461
-0.766677 -0.773352
-0.765174 -0.775416
-0.764823 -0.774906
-0.765842 -0.774003
-0.764583 -0.774186
-0.765293 -0.773472
-0.762651 -0.774582
-0.765081 -0.773656
-0.764157 -0.774708
-0.76483 -0.774145
-0.764623 -0.774398
-0.764478 -0.774435
-0.764569 -0.774176
-0.764087 -0.775156
-0.763797 -0.773907
-0.764313 -0.773803
-0.763968 -0.773472
-0.765746 -0.774929
-0.763804 -0.774461
-0.764892 -0.773292
-0.764393 -0.775567
-0.763334 -0.774322
-0.764879 -0.773012
-0.763867 -0.775705
-0.764445 -0.774305
-0.765263 -0.774073
-0.762883 -0.775567
-0.76537 -0.773657
-0.764064 -0.77402
-0.763529 -0.774211
-0.765381 -0.774454
-0.76229 -0.774666
-0.764767 -0.774652
-0.764039 -0.774546
-0.763069 -0.773959
-0.763604 -0.774333
-0.761769 -0.774102
-0.762564 -0.774128
-0.763347 -0.773526
