0 0
-0.0526345 -0.0495145
-0.104269 -0.0981899
-0.154853 -0.145913
-0.204442 -0.192747
-0.252954 -0.238708
-0.300337 -0.283879
-0.346588 -0.327574
-0.392015 -0.371247
-0.436365 -0.413294
-0.479478 -0.454928
-0.521366 -0.495033
-0.562568 -0.534757
-0.602404 -0.573342
-0.640838 -0.610761
-0.679237 -0.648347
-0.715495 -0.682992
-0.750836 -0.717864
-0.785175 -0.752304
-0.818709 -0.783905
-0.849453 -0.817386
-0.882126 -0.847092
-0.910915 -0.877488
-0.939358 -0.907838
-0.967899 -0.934531
-0.993206 -0.962072
-1.01902 -0.986481
-1.04057 -1.01326
-1.06622 -1.03761
-1.08428 -1.06056
-1.1059 -1.08329
-1.10529 -1.08376
-1.10761 -1.08238
-1.10493 -1.08368
-1.1058 -1.08372
-1.1054 -1.08253
-1.10869 -1.08281
-1.10301 -1.08493
-1.10632 -1.08175
-1.1066 -1.08316
-1.10612 -1.08335
-1.1049 -1.08375
-1.10532 -1.08182
-1.10412 -1.08359
-1.10718 -1.08161
-1.10298 -1.0832
-1.10702 -1.08142
-1.10478 -1.08292
-1.10605 -1.08347
-1.10486 -1.08423
-1.10694 -1.08295
-1.10479 -1.08144
-1.10521 -1.08322
-1.10389 -1.08228
-1.10459 -1.08361
-1.10434 -1.08245
-1.10548 -1.08425
-1.10427 -1.08166
-1.10334 -1.08308
-1.10452 -1.08082
-1.10627 -1.08064
-1.1031 -1.08357
-1.10635 -1.08144
-1.10424 -1.08032
-1.10443 -1.08232
-1.1052 -1.08077
-1.10332 -1.08288
-1.10622 -1.0791
-1.10417 -1.08414
-1.10515 -1.0798
-1.10479 -1.08107
-1.10309 -1.08107
-1.1041 -1.08412
-1.1049 -1.0795
-1.10253 -1.08291
-1.10435 -1.08102
-1.10501 -1.0827
-1.10245 -1.08133
-1.10745 -1.0795
-1.10005 -1.08424
-1.10336 -1.08157
-1.10535 -1.07934
-1.10374 -1.08344
-1.10388 -1.08129
-1.10264 -1.08095
-1.10541 -1.08034
-1.10265 -1.08407
-1.10485 -1.07936
-1.10332 -1.08008
-1.10404 -1.08227
-1.10477 -1.08069
-1.10289 -1.08183
-1.1054 -1.08138
-1.10335 -1.08386
-1.10307 -1.08041
-1.10451 -1.08112
-1.10315 -1.08164
-1.10274 -1.08143
-1.10408 -1.07983
-1.10309 -1.08303
-1.10422 -1.08129
-1.10328 -1.08081
-1.10272 -1.08235
-1.10326 -1.08127
-1.10477 -1.07989
-1.10318 -1.08173
-1.10169 -1.0812
-1.10429 -1.08097
-1.10342 -1.08284
-1.10399 -1.07991
-1.10497 -1.08178
-1.10113 -1.08166
-1.10754 -1.07856
-1.10088 -1.08288
-1.1057 -1.07934
-1.10144 -1.08159
-1.10341 -1.08004
-1.10245 -1.08029
-1.10471 -1.08118
-1.10267 -1.08169
-1.10386 -1.07998
-1.10254 -1.08194
-1.10334 -1.08042
-1.10283 -1.07982
-1.10244 -1.08167
-1.10332 -1.07942
-1.10394 -1.07986
-1.10071 -1.08113
-1.10431 -1.0806
-1.10287 -1.0774
-1.10246 -1.08279
-1.10364 -1.08067
-1.10324 -1.07954
-1.10194 -1.0819
-1.10409 -1.07937
-1.10303 -1.08164
-1.10228 -1.08019
-1.10345 -1.07881
-1.10275 -1.08168
-1.10432 -1.07924
-1.1033 -1.08074
-1.10314 -1.08071
-1.10404 -1.07919
-1.10277 -1.07961
-1.10301 -1.08003
-1.10462 -1.08041
-1.10403 -1.08008
-1.103 -1.08061
-1.10316 -1.07834
-1.10461 -1.08077
-1.10295 -1.079
-1.10327 -1.08
-1.10426 -1.07987
-1.10405 -1.0799
-1.10317 -1.08084
-1.10334 -1.07938
-1.1026 -1.08104
-1.10552 -1.07828
-1.10135 -1.081
-1.10357 -1.07871
-1.10464 -1.08066
-1.10166 -1.08051
-1.10252 -1.07946
-1.10483 -1.0794
-1.1037 -1.08082
-1.10276 -1.07919
-1.10381 -1.0803
-1.10185 -1.0811
-1.1034 -1.07829
-1.10552 -1.08024
-1.10038 -1.08135
-1.10481 -1.07878
-1.10239 -1.07963
-1.10281 -1.08009
-1.10288 -1.08036
-1.10289 -1.07898
-1.10216 -1.08293
-1.10275 -1.07863
-1.10335 -1.07872
-1.10027 -1.07993
-1.10473 -1.08091
-1.10119 -1.07825
-1.1027 -1.0822
-1.10224 -1.07956
-1.10197 -1.07842
-1.10281 -1.08158
-1.10437 -1.07926
-1.10219 -1.08051
-1.10237 -1.07942
-1.10296 -1.07852
-1.10297 -1.08137
-1.10431 -1.07837
-1.10381 -1.07904
-1.10296 -1.07912
-1.10301 -1.07848
-1.10484 -1.07881
-1.10232 -1.08093
-1.10316 -1.0792
-1.10262 -1.07992
-1.10356 -1.08078
-1.10421 -1.0781
-1.10388 -1.07959
-1.10284 -1.07862
-1.10485 -1.08044
-1.10286 -1.07853
-1.10258 -1.07938
-1.10425 -1.08005
-1.10244 -1.07774
-1.10296 -1.08097
-1.10297 -1.07757
-1.10243 -1.08007
-1.10476 -1.07723
-1.10125 -1.07925
-1.10222 -1.08033
-1.10344 -1.07799
-1.104 -1.07817
-1.10154 -1.08099
-1.10185 -1.07899
-1.10341 -1.07889
-1.10217 -1.07852
-1.10316 -1.07987
-1.10538 -1.0765
-1.10321 -1.08124
-1.10321 -1.07706
-1.10355 -1.07815
-1.10247 -1.07936
-1.10303 -1.07718
-1.10282 -1.07898
-1.10231 -1.07744
-1.10487 -1.07729
-1.10203 -1.07846
-1.10446 -1.07659
-1.10121 -1.08003
-1.10428 -1.0772
-1.10179 -1.07804
-1.10381 -1.0787
-1.10241 -1.07659
-1.10106 -1.07937
-1.10387 -1.07713
-1.10242 -1.07857
-1.10521 -1.07639
-1.10129 -1.08044
-1.10484 -1.07546
-1.10264 -1.07638
-1.10336 -1.07835
-1.10363 -1.07732
-1.10243 -1.0767
-1.10309 -1.07933
-1.10229 -1.07603
-1.10301 -1.0777
-1.10232 -1.07747
-1.10316 -1.07848
-1.10449 -1.07596
-1.09998 -1.07913
-1.10523 -1.07538
-1.10318 -1.07692
-1.10269 -1.07868
-1.10355 -1.07644
-1.10285 -1.0794
-1.10337 -1.07721
-1.102 -1.07739
-1.103 -1.07623
-1.10128 -1.07835
-1.10372 -1.07624
-1.10175 -1.0772
-1.09988 -1.07908
-1.10322 -1.07466
-1.10256 -1.07831
-1.10238 -1.07627
-1.10113 -1.07891
-1.10248 -1.07571
-1.10282 -1.07816
-1.10115 -1.07796
-1.10243 -1.0778
-1.10183 -1.07723
-1.10234 -1.07592
-1.09988 -1.07767
-1.10253 -1.07663
-1.10206 -1.07603
-1.1023 -1.07771
-1.10014 -1.07864
-1.10302 -1.07454
-1.10177 -1.07626
-1.10315 -1.0766
-1.10082 -1.07705
-1.1031 -1.07633
-1.10375 -1.0763
-1.10185 -1.07484
-1.10188 -1.07622
-1.10353 -1.07475
-1.10214 -1.07714
-1.10144 -1.0755
-1.10235 -1.07552
-1.10331 -1.07588
-1.1025 -1.0754
-1.10285 -1.07524
-1.10076 -1.07662
-1.1042 -1.07458
-1.10183 -1.07713
-1.10219 -1.07493
-1.10232 -1.07552
-1.10353 -1.07529
-1.10144 -1.07554
-1.10439 -1.07332
-1.10113 -1.07476
-1.1029 -1.07749
-1.10293 -1.07555
-1.10382 -1.07365
-1.10228 -1.07591
-1.10331 -1.07434
-1.10523 -1.07398
-1.10184 -1.07597
-1.10212 -1.07376
-1.10442 -1.07344
-1.10122 -1.07583
-1.10301 -1.07439
-1.10224 -1.07574
-1.10337 -1.07431
-1.10197 -1.07497
-1.10259 -1.07524
-1.1029 -1.07237
-1.10188 -1.07454
-1.10227 -1.075
-1.10452 -1.0729
-1.1017 -1.0743
-1.1024 -1.07395
-1.10353 -1.07516
-1.10135 -1.07539
-1.10334 -1.07304
-1.1031 -1.07557
-1.10126 -1.07317
-1.10167 -1.0763
-1.10402 -1.07247
-1.10215 -1.07481
-1.1031 -1.07324
-1.10025 -1.07559
-1.10427 -1.0714
-1.10126 -1.07716
-1.10227 -1.07375
-1.10212 -1.07316
-1.1036 -1.07167
-1.10182 -1.07569
-1.10466 -1.0717
-1.10211 -1.07456
-1.10416 -1.07397
-1.10186 -1.07386
-1.10455 -1.07137
-1.10202 -1.07389
-1.10346 -1.07275
-1.10199 -1.07525
-1.10347 -1.07267
-1.10246 -1.07291
-1.10216 -1.07458
-1.10268 -1.0726
-1.10341 -1.07433
-1.09909 -1.07478
-1.10473 -1.07054
-1.10047 -1.07824
-1.10315 -1.06923
-1.10185 -1.07499
-1.10269 -1.0735
-1.10019 -1.07282
-1.10304 -1.07357
-1.1009 -1.07422
-1.10445 -1.07238
-1.10189 -1.07287
-1.10164 -1.075
-1.1034 -1.07117
-1.09956 -1.07322
-1.10459 -1.07367
-1.10231 -1.0724
-1.1023 -1.07274
-1.10326 -1.07147
-1.10029 -1.07286
-1.1042 -1.06998
-1.09964 -1.07478
-1.10474 -1.07105
-1.10132 -1.07137
-1.10207 -1.07175
-1.10376 -1.07145
-1.10227 -1.07242
-1.10153 -1.07302
-1.10413 -1.07041
-1.10242 -1.0714
-1.10323 -1.07167
-1.10076 -1.07241
-1.10302 -1.07095
-1.1024 -1.07208
-1.10225 -1.07157
-1.10264 -1.07282
-1.10339 -1.07081
-1.10082 -1.07304
-1.10265 -1.07113
-1.10087 -1.07356
-1.10165 -1.0726
-1.1021 -1.07259
-1.10133 -1.06983
-1.10055 -1.07512
-1.10244 -1.07204
-1.10231 -1.0706
-1.09904 -1.07525
-1.10348 -1.0694
-1.10197 -1.07315
-1.10263 -1.07191
-1.10066 -1.07283
-1.10246 -1.07093
-1.10314 -1.06993
-1.10174 -1.07101
-1.10345 -1.07314
-1.10192 -1.07114
-1.10237 -1.07103
-1.10226 -1.07284
-1.10306 -1.07117
-1.1026 -1.07311
-1.10143 -1.07136
-1.10243 -1.07226
-1.10276 -1.07051
-1.10296 -1.07311
-1.10184 -1.0715
-1.1018 -1.07211
-1.10197 -1.07153
-1.10263 -1.07029
-1.10325 -1.07169
-1.10107 -1.0724
-1.10422 -1.06969
-1.10246 -1.07362
-1.10193 -1.07139
-1.10331 -1.06985
-1.1021 -1.07127
-1.10139 -1.07073
-1.10283 -1.07189
-1.10244 -1.07082
-1.10195 -1.07226
-1.10374 -1.07006
-1.10056 -1.07154
-1.10375 -1.07139
-1.10274 -1.07174
-1.10041 -1.07055
-1.10319 -1.07244
-1.10163 -1.07038
-1.10255 -1.07079
-1.10323 -1.07037
-1.09898 -1.07193
-1.103 -1.07034
-1.10196 -1.07056
-1.10224 -1.07192
-1.10158 -1.07052
-1.10443 -1.07191
-1.09975 -1.07287
-1.10281 -1.0693
-1.10078 -1.07156
-1.1025 -1.0712
-1.10097 -1.07074
-1.10157 -1.07258
-1.10239 -1.06878
-1.10003 -1.07255
-1.10252 -1.07093
-1.10195 -1.07012
-1.10189 -1.06954
-1.10113 -1.0727
-1.10319 -1.06936
-1.10094 -1.07106
-1.10324 -1.07047
-1.10032 -1.0714
-1.10197 -1.06881
-1.10235 -1.07216
-1.10204 -1.07158
-1.10143 -1.07087
-1.10096 -1.07057
-1.10064 -1.07007
-1.10049 -1.07373
-1.10213 -1.06778
-1.10018 -1.07276
-1.10129 -1.0719
-1.09975 -1.07025
-1.10424 -1.06995
-1.09893 -1.07235
-1.10261 -1.07107
-1.10143 -1.06805
-1.09999 -1.07255
-1.1005 -1.07048
-1.10241 -1.07111
-1.10051 -1.0706
-1.10284 -1.07074
-1.09955 -1.07162
-1.10292 -1.0687
-1.10115 -1.07316
-1.10147 -1.07118
-1.10129 -1.07007
-1.10065 -1.07063
-1.10208 -1.06961
-1.10212 -1.06986
-1.10258 -1.07288
-1.10004 -1.07094
-1.10215 -1.0704
-1.10194 -1.07215
-1.10172 -1.0702
-1.10069 -1.07217
-1.09971 -1.068
-1.10032 -1.07332
-1.1022 -1.07001
-1.10201 -1.07113
-1.10266 -1.06906
-1.09876 -1.07154
-1.10167 -1.06974
-1.10193 -1.07034
-1.10008 -1.07086
-1.10123 -1.0713
-1.10036 -1.06878
-1.1024 -1.07109
-1.10018 -1.07005
-1.10162 -1.06977
-1.0997 -1.071
-1.10191 -1.06939
-1.10371 -1.07072
-1.10055 -1.07023
-1.10158 -1.07037
-1.10139 -1.06883
-1.10031 -1.071
-1.10178 -1.07128
-1.0992 -1.06961
-1.10108 -1.0719
-1.10243 -1.06911
-1.10062 -1.06894
-1.1008 -1.07147
-1.10121 -1.06874
-1.09976 -1.07104
-1.10236 -1.06979
-1.0998 -1.06988
-1.09975 -1.07038
-1.10126 -1.06974
-1.09985 -1.06907
-1.10221 -1.06977
-1.10033 -1.07095
-1.10228 -1.06747
-1.09984 -1.07147
-1.10378 -1.06612
-1.09981 -1.07056
-1.10242 -1.07007
-1.10241 -1.06852
-1.10068 -1.06949
-1.10321 -1.0681
-1.10055 -1.06911
-1.09927 -1.06963
-1.10461 -1.06728
-1.09983 -1.06901
-1.10013 -1.06981
-1.10139 -1.07095
-1.10178 -1.06712
-1.10155 -1.06882
-1.10071 -1.06822
-1.10049 -1.07021
-1.10307 -1.06645
-1.09911 -1.07049
-1.10272 -1.06891
-1.10215 -1.0666
-1.10167 -1.06969
-1.102 -1.06913
-1.10134 -1.06833
-1.10033 -1.06939
-1.10393 -1.06782
-1.10009 -1.06906
-1.1022 -1.06675
-1.10051 -1.06972
-1.10179 -1.0688
-1.10267 -1.06765
-1.10083 -1.0676
-1.10124 -1.07154
-1.10082 -1.0676
-1.10158 -1.06807
-1.10056 -1.07005
-1.10184 -1.06821
-1.10115 -1.06901
-1.1001 -1.06881
-1.1026 -1.06905
-1.09958 -1.07065
-1.10178 -1.06716
-1.10014 -1.07152
-1.10154 -1.06586
-1.1005 -1.07161
-1.10058 -1.06774
-1.10079 -1.07042
-1.09964 -1.06932
-1.10163 -1.06788
-1.10044 -1.06988
-1.09907 -1.07039
-1.10038 -1.0686
-1.10118 -1.06898
-1.10167 -1.0685
-1.09905 -1.06902
-1.10199 -1.07006
-1.10076 -1.06701
-1.09903 -1.07191
-1.09947 -1.0675
-1.10168 -1.06881
-1.10016 -1.06852
-1.09943 -1.06963
-1.10144 -1.0672
-1.10043 -1.06919
-1.09919 -1.07033
-1.10264 -1.06632
-1.09863 -1.07114
-1.10061 -1.06626
-1.1003 -1.07114
-1.09787 -1.06848
-1.10049 -1.06918
-1.10058 -1.06857
-1.10063 -1.06959
-1.10029 -1.06753
-1.1007 -1.06939
-1.09798 -1.06948
-1.10139 -1.0682
-1.09816 -1.06774
-1.10188 -1.06844
-1.09893 -1.06939
-1.1018 -1.07016
-1.09853 -1.06915
-1.10038 -1.06722
-1.09965 -1.06813
-1.099 -1.06973
-1.09986 -1.06885
-1.09887 -1.06864
-1.09909 -1.06924
-1.10081 -1.06637
-1.09833 -1.07018
-1.09983 -1.06921
-1.09954 -1.06849
-1.09989 -1.06814
-1.09775 -1.07118
-1.10088 -1.06739
-1.10027 -1.06972
-1.09897 -1.06835
-1.10035 -1.06831
-1.09975 -1.07016
-1.10038 -1.06816
-1.0986 -1.06891
-1.10001 -1.06884
-1.10124 -1.0681
-1.09818 -1.07034
-1.10092 -1.06818
-1.09829 -1.06903
-1.10097 -1.06859
-1.09785 -1.06917
-1.10142 -1.06761
-1.09661 -1.06974
-1.10219 -1.06881
-1.09859 -1.06866
-1.09906 -1.06916
-1.09881 -1.06938
-1.09918 -1.06943
-1.09978 -1.06582
-1.09881 -1.06996
-1.10043 -1.06739
-1.09895 -1.0694
-1.1005 -1.0658
-1.09943 -1.06973
-1.09776 -1.06997
-1.10294 -1.06585
-1.09778 -1.06998
-1.0988 -1.06687
-1.09787 -1.07079
-1.10054 -1.06557
-1.0991 -1.06948
-1.0988 -1.06933
-1.09967 -1.06692
-1.09931 -1.06696
-1.09905 -1.06896
-1.10109 -1.06681
-1.09887 -1.06793
-1.10029 -1.06737
-1.09993 -1.06622
-1.10089 -1.06731
-1.10042 -1.06757
-1.1017 -1.06799
-1.09989 -1.06598
-1.10087 -1.06758
-1.09894 -1.06851
-1.10051 -1.06612
-1.09939 -1.06806
-1.10054 -1.067
-1.09901 -1.06614
-1.09799 -1.06995
-1.10025 -1.06395
-1.09842 -1.06804
-1.09889 -1.06789
-1.09908 -1.06608
-1.09969 -1.06798
-1.09865 -1.06666
-1.09893 -1.06731
-1.09882 -1.06752
-1.09924 -1.06662
-1.09824 -1.06744
-1.10108 -1.06612
-1.09795 -1.06875
-1.09971 -1.06523
-1.09815 -1.06659
-1.09865 -1.0694
-1.0994 -1.06341
-1.09958 -1.06734
-1.09847 -1.06746
-1.09998 -1.06522
-1.09842 -1.06711
-1.09891 -1.06705
-1.09752 -1.06784
-1.10236 -1.06386
-1.09686 -1.06763
-1.09925 -1.06658
-1.09906 -1.06502
-1.09957 -1.06593
-1.09818 -1.06675
-1.10046 -1.06807
-1.09863 -1.067
-1.09746 -1.06706
-1.09996 -1.06571
-1.09786 -1.06704
-1.09686 -1.06862
-1.10019 -1.06494
-1.09818 -1.06616
-1.09837 -1.06661
-1.09808 -1.069
-1.09976 -1.06353
-1.09824 -1.06861
-1.09922 -1.0667
-1.09765 -1.06504
-1.10074 -1.06501
-1.09729 -1.06579
-1.09979 -1.06595
-1.0973 -1.0649
-1.09769 -1.06825
-1.10012 -1.06384
-1.0985 -1.06693
-1.09779 -1.06774
-1.09995 -1.06493
-1.09652 -1.0673
-1.09965 -1.06392
-1.09622 -1.06771
-1.10053 -1.06584
-1.098 -1.06399
-1.09798 -1.06786
-1.0982 -1.06554
-1.09921 -1.06765
-1.09781 -1.06586
-1.09747 -1.06647
-1.09926 -1.06624
-1.09743 -1.06762
-1.09891 -1.06489
-1.09771 -1.06644
-1.09777 -1.06623
-1.0999 -1.06398
-1.09676 -1.07011
-1.09726 -1.06597
-1.10004 -1.06477
-1.09773 -1.06751
-1.09741 -1.06433
-1.09978 -1.06645
-1.09877 -1.067
-1.09781 -1.06536
-1.09767 -1.06636
-1.09936 -1.06558
-1.09735 -1.06795
-1.09948 -1.06266
-1.09852 -1.06495
-1.09522 -1.0687
-1.1004 -1.06437
-1.09822 -1.06664
-1.0976 -1.06577
-1.09867 -1.06648
-1.0969 -1.06479
-1.09922 -1.06612
-1.09626 -1.0656
-1.09763 -1.0658
-1.09853 -1.06548
-1.09814 -1.0643
-1.09739 -1.06668
-1.0986 -1.06538
-1.09769 -1.065
-1.09981 -1.06451
-1.09683 -1.06642
-1.09728 -1.06513
-1.0977 -1.06488
-1.09843 -1.06649
-1.09784 -1.06545
-1.09966 -1.06396
-1.09647 -1.06619
-1.09853 -1.06455
-1.0973 -1.06524
-1.09677 -1.06449
-1.0977 -1.06539
-1.09824 -1.06449
-1.09654 -1.06584
-1.09841 -1.06285
-1.09655 -1.06609
-1.09661 -1.06621
-1.0984 -1.06635
-1.09759 -1.06371
-1.09637 -1.06614
-1.09889 -1.06237
-1.0976 -1.06647
-1.09689 -1.06684
-1.09677 -1.06558
-1.09763 -1.06496
-1.09674 -1.066
-1.09737 -1.06321
-1.09664 -1.06514
-1.09762 -1.06426
-1.09582 -1.06656
-1.09641 -1.06325
-1.09801 -1.065
-1.09644 -1.06545
-1.09615 -1.06433
-1.09691 -1.06446
-1.09685 -1.06368
-1.09628 -1.06386
-1.0973 -1.06487
-1.09666 -1.06577
-1.09697 -1.06455
-1.09639 -1.06535
-1.09787 -1.06408
-1.09589 -1.06657
-1.0986 -1.06391
-1.09709 -1.0647
-1.09602 -1.06535
-1.09688 -1.0657
-1.09772 -1.06492
-1.09662 -1.0666
-1.09649 -1.06353
-1.10083 -1.06185
-1.09247 -1.07017
-1.10028 -1.0607
-1.09746 -1.06594
-1.09682 -1.06332
-1.09847 -1.06443
-1.0965 -1.06399
-1.09809 -1.06351
-1.09724 -1.06359
-1.09834 -1.06262
-1.09808 -1.06506
-1.09654 -1.06359
-1.09709 -1.06386
-1.0965 -1.06451
-1.09753 -1.06286
-1.0976 -1.06564
-1.09704 -1.06156
-1.09752 -1.06452
-1.09671 -1.06357
-1.09728 -1.06283
-1.09659 -1.06402
-1.09594 -1.06285
-1.09698 -1.06421
-1.09796 -1.06207
-1.09595 -1.06354
-1.09686 -1.06242
-1.0972 -1.06237
-1.0964 -1.06281
-1.09767 -1.06424
-1.09577 -1.06327
-1.0982 -1.06152
-1.09501 -1.06511
-1.0988 -1.06088
-1.09499 -1.06515
-1.09825 -1.06175
-1.09642 -1.06384
-1.09746 -1.06353
-1.09534 -1.06373
-1.09859 -1.05979
-1.09633 -1.06523
-1.09535 -1.06208
-1.09692 -1.06248
-1.09741 -1.06261
-1.09484 -1.06375
-1.09833 -1.06259
-1.09563 -1.06223
-1.09752 -1.06442
-1.09712 -1.0637
-1.09391 -1.0642
-1.09856 -1.06252
-1.0963 -1.06202
-1.0948 -1.06512
-1.09598 -1.06342
-1.09885 -1.06212
-1.09349 -1.06557
-1.09475 -1.06347
-1.09646 -1.06454
-1.09621 -1.06383
-1.0971 -1.06368
-1.09458 -1.06356
-1.09544 -1.06403
-1.09655 -1.0629
-1.09432 -1.06567
-1.09697 -1.06227
-1.09507 -1.06421
-1.09478 -1.06443
-1.09588 -1.06216
-1.09556 -1.06391
-1.09451 -1.06162
-1.09647 -1.06461
-1.09455 -1.06352
-1.09646 -1.0607
-1.09333 -1.06758
-1.09687 -1.05967
-1.09478 -1.06631
-1.09429 -1.06228
-1.09464 -1.06553
-1.09483 -1.06194
-1.09316 -1.06526
-1.09718 -1.06289
-1.09253 -1.06543
-1.09563 -1.06274
-1.09524 -1.06522
-1.09466 -1.06429
-1.09634 -1.06353
-1.09538 -1.06264
-1.09277 -1.06527
-1.09814 -1.06089
-1.09246 -1.06651
-1.09738 -1.06305
-1.09492 -1.06232
-1.09571 -1.06464
-1.09496 -1.06269
-1.09529 -1.0639
-1.09624 -1.06314
-1.09514 -1.0643
-1.0946 -1.06328
-1.09554 -1.06134
-1.09422 -1.06299
-1.09706 -1.06393
-1.0952 -1.06216
-1.09558 -1.06417
-1.09573 -1.06354
-1.09405 -1.06322
-1.09701 -1.06194
-1.09534 -1.06412
-1.09476 -1.06285
-1.0957 -1.06296
-1.09603 -1.06322
-1.09323 -1.06431
-1.09667 -1.06214
-1.09354 -1.06505
-1.09679 -1.0618
-1.09352 -1.06219
-1.0941 -1.0651
-1.09543 -1.0613
-1.09508 -1.06414
-1.09352 -1.06435
-1.09476 -1.06305
-1.09461 -1.06348
-1.09593 -1.063
-1.09327 -1.06306
-1.09524 -1.06356
-1.09439 -1.06268
-1.09486 -1.06263
-1.09475 -1.06491
-1.09464 -1.06162
-1.09351 -1.06325
-1.09329 -1.06332
-1.09467 -1.0644
-1.09516 -1.06264
-1.09164 -1.06521
-1.09544 -1.06223
-1.09336 -1.06379
-1.09487 -1.06366
-1.0946 -1.0636
-1.09451 -1.06382
-1.09414 -1.06158
-1.09317 -1.06501
-1.09439 -1.06281
-1.09416 -1.06452
-1.09344 -1.06299
-1.09363 -1.06409
-1.0937 -1.06215
-1.09388 -1.06489
-1.09385 -1.06407
-1.09476 -1.06328
-1.09372 -1.06282
-1.0942 -1.06487
-1.09181 -1.06396
-1.0962 -1.06181
-1.09268 -1.06487
-1.09515 -1.06362
-1.09186 -1.06502
-1.09479 -1.06205
-1.09158 -1.06642
-1.09564 -1.06101
-1.09209 -1.0655
-1.095 -1.06379
-1.09467 -1.06309
-1.09108 -1.0663
-1.0936 -1.06173
-1.0938 -1.06496
-1.09308 -1.0637
-1.09331 -1.06182
-1.09165 -1.06471
-1.09426 -1.06302
-1.09334 -1.06455
-1.0938 -1.06364
-1.09265 -1.06342
-1.09405 -1.06182
-1.09273 -1.06519
-1.09407 -1.06191
-1.0934 -1.06431
-1.09524 -1.06064
-1.09226 -1.0658
-1.09407 -1.06025
-1.09376 -1.06243
-1.09369 -1.06254
-1.09354 -1.06318
-1.0932 -1.06223
-1.09271 -1.06277
-1.09487 -1.06383
-1.09365 -1.0607
-1.09215 -1.06555
-1.09603 -1.05998
-1.09258 -1.06136
-1.09501 -1.06119
-1.09179 -1.06236
-1.09223 -1.06263
-1.09526 -1.06023
-1.09112 -1.06375
-1.09464 -1.06072
-1.09229 -1.06283
-1.09391 -1.06434
-1.09592 -1.05923
-1.09135 -1.06462
-1.09492 -1.06128
-1.09261 -1.0626
-1.09265 -1.06314
-1.09272 -1.06206
-1.09431 -1.0623
-1.09287 -1.06081
-1.09498 -1.06258
-1.0932 -1.06192
-1.09177 -1.06472
-1.09373 -1.06049
-1.09285 -1.06209
-1.09312 -1.06253
-1.09355 -1.06109
-1.09269 -1.06421
-1.09507 -1.06019
-1.09182 -1.06335
-1.09323 -1.06265
-1.09448 -1.06202
-1.09171 -1.06242
-1.09439 -1.06205
-1.09264 -1.06415
-1.09291 -1.06107
-1.0932 -1.06121
-1.09199 -1.06293
-1.0952 -1.06052
-1.09158 -1.06328
-1.09445 -1.06222
-1.09284 -1.06075
-1.09467 -1.06123
-1.09245 -1.06271
-1.095 -1.05985
-1.09392 -1.06138
-1.09441 -1.0611
-1.09373 -1.06025
-1.09377 -1.06399
-1.09333 -1.06064
-1.09481 -1.06055
-1.0919 -1.06312
-1.09561 -1.05885
-1.09305 -1.06232
-1.09262 -1.06174
-1.09407 -1.06068
-1.09333 -1.06263
-1.09396 -1.05832
-1.09372 -1.06276
-1.09342 -1.06019
-1.09276 -1.06151
-1.0936 -1.06218
-1.09418 -1.0586
-1.09058 -1.06461
-1.09486 -1.05975
-1.09133 -1.06042
-1.09355 -1.06154
-1.09176 -1.06059
-1.09079 -1.06242
-1.0947 -1.05873
-1.09171 -1.06246
-1.09041 -1.06119
-1.09389 -1.0617
-1.09159 -1.0593
-1.09088 -1.06525
-1.09518 -1.05751
-1.09075 -1.06325
-1.09316 -1.06059
-1.09205 -1.0616
-1.09208 -1.06066
-1.0925 -1.06212
-1.09317 -1.0579
-1.09062 -1.06282
-1.09075 -1.0607
-1.09309 -1.06
-1.09081 -1.06206
-1.09223 -1.05937
-1.09199 -1.05968
-1.09174 -1.0614
-1.09064 -1.06288
-1.09284 -1.0581
-1.09096 -1.06302
-1.09041 -1.06093
-1.09278 -1.05882
-1.09133 -1.06071
-1.09079 -1.06042
-1.09192 -1.05935
-1.0919 -1.06144
-1.09415 -1.05937
-1.0897 -1.06174
-1.09379 -1.05888
-1.09055 -1.06132
-1.09336 -1.05958
-1.09051 -1.06209
-1.0923 -1.05849
-1.09126 -1.06132
-1.09179 -1.06033
-1.09395 -1.05804
-1.08892 -1.06323
-1.09305 -1.06057
-1.09137 -1.06018
-1.09184 -1.06213
-1.09172 -1.0598
-1.09018 -1.06143
-1.09282 -1.06073
-1.09006 -1.062
-1.09248 -1.05981
-1.08991 -1.06063
-1.09275 -1.06058
-1.09146 -1.0607
-1.08971 -1.06018
-1.09338 -1.06161
-1.09095 -1.05998
-1.09191 -1.06063
-1.09142 -1.06105
-1.09209 -1.05668
-1.08972 -1.06336
-1.09475 -1.05919
-1.09092 -1.06044
-1.09129 -1.05992
-1.09272 -1.06226
-1.09203 -1.05682
-1.09361 -1.05987
-1.09029 -1.06234
-1.09359 -1.05899
-1.09187 -1.05867
-1.09241 -1.06139
-1.09239 -1.06028
-1.09226 -1.05725
-1.09148 -1.06115
-1.09308 -1.05863
-1.09279 -1.06071
-1.09206 -1.05776
-1.09244 -1.06164
-1.09251 -1.05899
-1.09221 -1.05923
-1.09031 -1.06056
-1.09366 -1.05909
-1.09153 -1.06009
-1.09303 -1.05843
-1.09162 -1.06058
-1.09258 -1.05939
-1.09481 -1.0595
-1.09065 -1.05963
-1.09251 -1.05995
-1.09303 -1.05938
-1.09061 -1.05999
-1.0924 -1.05978
-1.09028 -1.05995
-1.0926 -1.06101
-1.09242 -1.05909
-1.08912 -1.06075
-1.09234 -1.0604
-1.09025 -1.05882
-1.09189 -1.06025
-1.09135 -1.05879
-1.08905 -1.06136
-1.0935 -1.05931
-1.09151 -1.0601
-1.09116 -1.0596
-1.09002 -1.05985
-1.09276 -1.05915
-1.09086 -1.0596
-1.09131 -1.06019
-1.09232 -1.05912
-1.09179 -1.05792
-1.0911 -1.06209
-1.09132 -1.05932
-1.09208 -1.05783
-1.08879 -1.06131
-1.09335 -1.05588
-1.09231 -1.05984
-1.0897 -1.05867
-1.09024 -1.05819
-1.09223 -1.06071
-1.09272 -1.05687
-1.08966 -1.0613
-1.09186 -1.05773
-1.08922 -1.05923
-1.09301 -1.05877
-1.08993 -1.05863
-1.09183 -1.05815
-1.09141 -1.05871
-1.09098 -1.06102
-1.09173 -1.05861
-1.0907 -1.05791
-1.09057 -1.06021
-1.09092 -1.05925
-1.09091 -1.06094
-1.09105 -1.05703
-1.09055 -1.05931
-1.0918 -1.05832
-1.09041 -1.06007
-1.09225 -1.05774
-1.09059 -1.0592
-1.09037 -1.05884
-1.09268 -1.0569
-1.08977 -1.05886
-1.09216 -1.05799
-1.08861 -1.05982
-1.09287 -1.05652
-1.0899 -1.05938
-1.0907 -1.05818
-1.09121 -1.05928
-1.09147 -1.05638
-1.0908 -1.05966
-1.09148 -1.05842
-1.08921 -1.05811
-1.09103 -1.05764
-1.09189 -1.05956
-1.0896 -1.05863
-1.09086 -1.05973
-1.09022 -1.05782
-1.08957 -1.05799
-1.09223 -1.05898
-1.08833 -1.05872
-1.09155 -1.06075
-1.09068 -1.05772
-1.08912 -1.06015
-1.09102 -1.05924
-1.08922 -1.05907
-1.09292 -1.05804
-1.08737 -1.06139
-1.09261 -1.05663
-1.08925 -1.06057
-1.09237 -1.05674
-1.08879 -1.06086
-1.09311 -1.05667
-1.09044 -1.05957
-1.09191 -1.05842
-1.09043 -1.05922
-1.09167 -1.0579
-1.09169 -1.05797
-1.09138 -1.05816
-1.08941 -1.05967
-1.09472 -1.05723
-1.09107 -1.05997
-1.09196 -1.05748
-1.09046 -1.05765
-1.0922 -1.05803
-1.09201 -1.05885
-1.09186 -1.05811
-1.08956 -1.05839
-1.09205 -1.05793
-1.09319 -1.05724
-1.09109 -1.05943
-1.09168 -1.05676
-1.09187 -1.059
-1.09164 -1.05786
-1.09009 -1.06021
-1.09306 -1.0554
-1.0912 -1.05684
-1.08939 -1.05969
-1.09458 -1.05748
-1.09102 -1.05851
-1.09277 -1.05886
-1.09043 -1.05754
-1.09172 -1.05891
-1.09004 -1.05677
-1.09161 -1.06021
-1.09068 -1.05886
-1.09234 -1.05804
-1.09039 -1.0581
-1.0906 -1.05812
-1.09137 -1.0604
-1.09257 -1.0573
-1.09031 -1.0602
-1.09194 -1.05627
-1.09096 -1.05823
-1.08988 -1.06056
-1.09253 -1.05602
-1.08998 -1.05847
-1.09042 -1.05893
-1.09073 -1.05875
-1.09036 -1.05832
-1.09086 -1.05753
-1.0913 -1.05905
-1.0926 -1.0568
-1.08948 -1.05943
-1.09269 -1.05671
-1.09003 -1.05893
-1.08816 -1.05947
-1.09268 -1.0541
-1.08907 -1.06024
-1.09294 -1.0571
-1.08982 -1.05936
-1.09102 -1.05448
-1.09094 -1.0609
-1.08975 -1.0583
-1.09319 -1.05529
-1.08962 -1.0574
-1.09006 -1.05876
-1.09303 -1.05491
-1.0909 -1.06025
-1.09045 -1.05657
-1.09047 -1.05527
-1.09023 -1.05883
-1.09124 -1.05779
-1.09041 -1.05759
-1.08983 -1.05743
-1.08986 -1.05552
-1.08957 -1.05948
-1.08949 -1.05591
-1.08975 -1.05755
-1.08932 -1.05729
-1.09107 -1.0571
-1.0903 -1.05619
-1.08894 -1.05935
-1.09101 -1.05613
-1.0897 -1.05646
-1.09041 -1.05664
-1.08872 -1.05879
-1.09051 -1.05564
-1.0896 -1.05684
-1.09179 -1.05518
-1.08917 -1.05721
-1.09069 -1.05557
-1.09167 -1.05718
-1.09058 -1.05561
-1.0894 -1.05686
-1.09087 -1.05679
-1.09277 -1.0543
-1.08933 -1.05736
-1.09081 -1.05558
-1.0909 -1.0533
-1.09085 -1.05757
-1.09089 -1.05652
-1.08959 -1.05538
-1.09344 -1.05294
-1.08847 -1.05966
-1.08995 -1.05514
-1.09248 -1.05503
-1.08685 -1.05845
-1.09238 -1.05494
-1.09017 -1.05685
-1.09041 -1.05573
-1.08966 -1.05519
-1.0908 -1.05704
-1.0905 -1.05749
-1.09083 -1.05472
-1.08937 -1.05586
-1.09157 -1.05865
-1.09079 -1.05519
-1.09069 -1.05805
-1.09114 -1.05516
-1.09033 -1.05678
-1.09177 -1.05687
-1.08966 -1.05615
-1.09067 -1.05392
-1.08922 -1.05826
-1.0926 -1.05336
-1.08954 -1.0576
-1.09039 -1.05621
-1.09 -1.05795
-1.09243 -1.05387
-1.08883 -1.05532
-1.09027 -1.0584
-1.09237 -1.05689
-1.08978 -1.05536
-1.08994 -1.05635
-1.09048 -1.05473
-1.08978 -1.05741
-1.09089 -1.05422
-1.09019 -1.05831
-1.08967 -1.05444
-1.09094 -1.0549
-1.09004 -1.05526
-1.08909 -1.0559
-1.09219 -1.05456
-1.09052 -1.05441
-1.09152 -1.05544
-1.09032 -1.05395
-1.09117 -1.05668
-1.0921 -1.05347
-1.08964 -1.05465
-1.09006 -1.05643
-1.09028 -1.05542
-1.09108 -1.05197
-1.08885 -1.05566
-1.08958 -1.05603
-1.09229 -1.05192
-1.08833 -1.05654
-1.09076 -1.05538
-1.09096 -1.0526
-1.09039 -1.05686
-1.08931 -1.05501
-1.09104 -1.05322
-1.0906 -1.05798
-1.09007 -1.05438
-1.09142 -1.05482
-1.09003 -1.05504
-1.08583 -1.05784
-1.09488 -1.05386
-1.08911 -1.05589
-1.08893 -1.055
-1.09016 -1.05657
-1.09165 -1.05349
-1.08899 -1.05643
-1.08938 -1.05511
-1.09176 -1.05356
-1.08792 -1.05772
-1.09241 -1.0538
-1.09171 -1.05616
-1.08729 -1.05431
-1.09129 -1.05472
-1.08885 -1.05367
-1.09037 -1.05382
-1.08901 -1.05562
-1.08959 -1.05496
-1.08949 -1.05414
-1.09062 -1.05318
-1.08815 -1.05689
-1.09052 -1.05352
-1.08942 -1.05547
-1.08931 -1.05487
-1.08959 -1.0548
-1.08889 -1.05633
-1.08993 -1.05501
-1.08908 -1.05525
-1.09015 -1.05611
-1.09025 -1.05417
-1.09039 -1.05551
-1.08801 -1.05851
-1.09199 -1.05231
-1.08758 -1.05812
-1.08927 -1.05548
-1.08913 -1.05557
-1.08884 -1.05817
-1.08995 -1.0543
-1.08872 -1.05599
-1.08971 -1.05732
-1.08897 -1.05569
-1.08828 -1.05572
-1.08821 -1.05506
-1.08721 -1.05798
-1.09039 -1.05289
-1.08837 -1.05684
-1.09001 -1.05513
-1.08752 -1.0578
-1.0893 -1.05373
-1.08708 -1.05911
-1.08897 -1.05494
-1.08829 -1.05482
-1.08809 -1.0571
-1.08812 -1.05532
-1.08904 -1.05718
-1.08822 -1.05486
-1.08877 -1.05666
-1.08821 -1.05505
-1.08958 -1.05678
-1.08739 -1.05604
-1.08916 -1.05441
-1.08865 -1.05757
-1.08986 -1.05392
-1.08772 -1.05651
-1.08766 -1.05652
-1.08929 -1.05433
-1.08736 -1.05802
-1.08868 -1.05555
-1.08582 -1.0557
-1.08886 -1.05617
-1.08951 -1.05553
-1.08703 -1.05584
-1.08899 -1.05473
-1.08903 -1.05383
-1.08775 -1.05664
-1.08913 -1.05422
-1.0868 -1.05436
-1.09121 -1.05436
-1.08785 -1.057
-1.08912 -1.05403
-1.09053 -1.05479
-1.08677 -1.05607
-1.08987 -1.05574
-1.08827 -1.05423
-1.08852 -1.05474
-1.0889 -1.05406
-1.08832 -1.0564
-1.08927 -1.05301
-1.08932 -1.05519
-1.08814 -1.05481
-1.08822 -1.05429
-1.09011 -1.05523
-1.08822 -1.05567
-1.08955 -1.05256
-1.08775 -1.05661
-1.09064 -1.05445
-1.08967 -1.05246
-1.0864 -1.05792
-1.09276 -1.05167
-1.08847 -1.05601
-1.08794 -1.05462
-1.0902 -1.05481
-1.09 -1.05275
-1.08676 -1.05635
-1.09034 -1.05193
-1.08914 -1.05474
-1.08765 -1.05493
-1.09032 -1.05322
-1.08761 -1.05364
-1.08899 -1.0541
-1.08804 -1.05471
-1.09031 -1.05177
-1.08836 -1.05496
-1.08856 -1.05376
-1.08752 -1.05489
-1.08924 -1.05351
-1.08729 -1.05458
-1.0897 -1.0547
-1.08892 -1.05227
-1.08879 -1.05563
-1.08899 -1.05365
-1.08933 -1.05327
-1.08726 -1.056
-1.09019 -1.05171
-1.08585 -1.0565
-1.09172 -1.05137
-1.08634 -1.05786
-1.09131 -1.05127
-1.08795 -1.05555
-1.08891 -1.05432
-1.08724 -1.05516
-1.09069 -1.05305
-1.08646 -1.05561
-1.08961 -1.05357
-1.08791 -1.05551
-1.09103 -1.05107
-1.08609 -1.05629
-1.09046 -1.054
-1.08922 -1.05392
-1.08674 -1.05347
-1.08824 -1.05609
-1.09047 -1.05278
-1.0886 -1.05339
-1.08827 -1.0546
-1.08965 -1.05214
-1.08847 -1.05561
-1.09062 -1.05337
-1.08943 -1.0527
-1.08712 -1.05749
-1.09098 -1.05141
-1.08818 -1.05599
-1.08879 -1.05377
-1.08992 -1.05425
-1.08816 -1.05335
-1.09027 -1.05535
-1.08858 -1.05327
-1.09036 -1.05325
-1.08853 -1.0536
-1.08896 -1.05281
-1.08928 -1.05424
-1.08784 -1.05415
-1.0893 -1.05196
-1.08698 -1.0562
-1.08898 -1.05301
-1.08897 -1.05331
-1.08566 -1.05311
-1.09022 -1.05552
-1.08681 -1.0533
-1.08788 -1.05297
-1.08873 -1.05591
-1.08832 -1.05272
-1.0867 -1.05576
-1.08806 -1.05261
-1.08882 -1.05409
-1.08656 -1.05638
-1.08928 -1.05117
-1.08749 -1.05495
-1.08915 -1.05256
-1.08706 -1.05463
-1.08858 -1.05414
-1.08635 -1.05327
-1.08952 -1.05278
-1.08791 -1.0569
-1.08774 -1.05157
-1.08763 -1.05334
-1.08808 -1.05534
-1.08704 -1.05249
-1.08913 -1.05397
-1.08663 -1.05318
-1.0886 -1.05434
-1.08612 -1.05136
-1.08856 -1.0556
-1.08651 -1.05446
-1.09065 -1.05063
-1.08496 -1.05377
-1.08742 -1.0542
-1.0885 -1.05261
-1.08715 -1.05362
-1.08702 -1.05393
-1.08846 -1.05373
-1.08773 -1.05149
-1.0865 -1.05563
-1.08739 -1.05212
-1.08963 -1.05291
-1.08746 -1.05326
-1.08704 -1.05721
-1.08983 -1.04993
-1.08626 -1.05479
-1.08569 -1.05379
-1.0887 -1.05267
-1.08712 -1.05357
-1.08589 -1.05442
-1.09044 -1.05134
-1.08619 -1.0547
-1.08645 -1.05513
-1.08856 -1.0537
-1.08953 -1.0518
-1.0863 -1.05413
-1.08707 -1.0537
-1.09009 -1.05278
-1.08705 -1.05366
-1.08684 -1.05503
-1.08874 -1.05139
-1.08979 -1.05468
-1.08604 -1.05499
-1.09138 -1.05134
-1.08666 -1.0557
-1.08919 -1.0517
-1.08729 -1.0534
-1.08943 -1.05223
-1.08613 -1.05381
-1.08963 -1.05278
-1.08691 -1.05339
-1.08797 -1.05153
-1.08754 -1.05281
-1.08984 -1.05233
-1.08385 -1.05489
-1.08973 -1.05265
-1.08689 -1.05186
-1.0849 -1.05431
-1.08868 -1.05292
-1.08804 -1.05294
-1.08759 -1.05245
-1.08858 -1.05221
-1.08709 -1.05427
-1.08782 -1.05068
-1.0882 -1.05273
-1.08618 -1.0553
-1.08785 -1.05202
-1.0894 -1.05151
-1.08623 -1.0525
-1.08965 -1.05186
-1.08578 -1.05343
-1.08874 -1.04879
-1.09001 -1.05272
-1.08534 -1.0538
-1.08942 -1.05203
-1.08717 -1.0488
-1.08866 -1.05233
-1.08724 -1.05306
-1.08811 -1.05042
-1.08856 -1.05145
-1.08683 -1.05262
-1.08825 -1.05209
-1.08913 -1.04961
-1.08639 -1.05368
-1.08712 -1.05252
-1.08916 -1.05091
-1.08692 -1.05294
-1.087 -1.05286
-1.08979 -1.05288
-1.08717 -1.05169
-1.08837 -1.0517
-1.08721 -1.05116
-1.08598 -1.05309
-1.08799 -1.05162
-1.08864 -1.05241
-1.08626 -1.05221
-1.08883 -1.05015
-1.08689 -1.05291
-1.08696 -1.05208
-1.08823 -1.05141
-1.08848 -1.05221
-1.08553 -1.05191
-1.08891 -1.05202
-1.08741 -1.04963
-1.08744 -1.053
-1.08885 -1.0511
-1.08685 -1.04971
-1.08897 -1.05168
-1.08827 -1.04995
-1.08632 -1.05155
-1.08864 -1.0534
-1.08716 -1.05003
-1.08736 -1.0513
-1.08789 -1.05235
-1.08801 -1.0509
-1.08575 -1.05323
-1.08707 -1.0513
-1.08937 -1.05069
-1.08574 -1.05187
-1.08857 -1.05265
-1.08804 -1.05054
-1.08713 -1.05215
-1.08816 -1.0522
-1.08581 -1.05166
-1.08654 -1.05168
-1.08717 -1.05157
-1.08663 -1.0539
-1.08702 -1.04974
-1.08774 -1.052
-1.08654 -1.0525
-1.08616 -1.05307
-1.08732 -1.05125
-1.08486 -1.05294
-1.08625 -1.05199
-1.08728 -1.05271
-1.08613 -1.05038
-1.08669 -1.05245
-1.08739 -1.05305
-1.08471 -1.05248
-1.08866 -1.05204
-1.08649 -1.05247
-1.08367 -1.05378
-1.08961 -1.05106
-1.08725 -1.05327
-1.08512 -1.05231
-1.0888 -1.05186
-1.08424 -1.0533
-1.08842 -1.05253
-1.08682 -1.05395
-1.08644 -1.05045
-1.08706 -1.05414
-1.08672 -1.05199
-1.08637 -1.05401
-1.08643 -1.0512
-1.08718 -1.05166
-1.0866 -1.05307
-1.08819 -1.05212
-1.0859 -1.05245
-1.08766 -1.051
-1.08714 -1.05184
-1.08632 -1.05332
-1.08758 -1.05155
-1.08892 -1.05191
-1.08866 -1.05111
-1.08705 -1.05353
-1.08929 -1.0513
-1.0861 -1.0519
-1.08939 -1.05208
-1.08665 -1.05014
-1.08863 -1.05253
-1.08819 -1.04968
-1.08814 -1.05279
-1.08757 -1.04939
-1.08717 -1.05355
-1.08842 -1.05036
-1.08663 -1.05041
-1.08579 -1.05526
-1.09095 -1.04871
-1.08385 -1.05297
-1.08718 -1.05011
-1.08827 -1.05127
-1.08487 -1.0544
-1.08892 -1.0483
-1.08715 -1.05059
-1.08715 -1.05308
-1.08688 -1.05096
-1.08675 -1.04925
-1.08704 -1.05268
-1.08589 -1.04988
-1.08607 -1.05204
-1.08737 -1.04847
-1.08743 -1.05141
-1.08666 -1.05214
-1.08809 -1.04942
-1.08502 -1.05191
-1.08703 -1.04878
-1.08808 -1.05012
-1.08631 -1.05043
-1.0847 -1.05037
-1.0885 -1.04955
-1.08608 -1.04879
-1.08631 -1.05059
-1.08587 -1.05197
-1.0879 -1.0498
-1.08371 -1.05072
-1.08661 -1.0489
-1.08446 -1.0514
-1.08483 -1.05137
-1.08801 -1.04898
-1.08393 -1.0519
-1.08516 -1.05075
-1.08539 -1.04988
-1.08629 -1.04968
-1.08312 -1.05226
-1.08616 -1.05095
-1.08575 -1.05008
-1.08404 -1.05154
-1.08707 -1.0495
-1.08539 -1.05058
-1.08397 -1.05153
-1.08559 -1.04868
-1.08594 -1.05155
-1.08574 -1.0503
-1.08521 -1.05028
-1.08536 -1.0499
-1.08475 -1.05089
-1.08482 -1.05027
-1.0851 -1.04986
-1.08585 -1.05054
-1.08476 -1.05111
-1.08547 -1.04969
-1.08484 -1.05045
-1.08674 -1.05022
-1.08286 -1.05116
-1.08725 -1.05091
-1.08441 -1.05005
-1.08564 -1.05048
-1.08598 -1.05148
-1.08598 -1.0495
-1.08433 -1.05166
-1.08808 -1.04815
-1.08426 -1.04984
-1.08349 -1.05162
-1.08519 -1.05027
-1.08721 -1.04723
-1.08055 -1.05356
-1.08825 -1.04694
-1.08249 -1.05234
-1.08529 -1.04923
-1.08479 -1.05074
-1.08412 -1.0502
-1.08503 -1.04827
-1.08548 -1.04963
-1.08343 -1.0502
-1.08603 -1.04746
-1.08462 -1.0508
-1.08344 -1.0502
-1.08632 -1.04765
-1.08241 -1.05164
-1.08787 -1.04748
-1.08499 -1.04835
-1.08333 -1.05026
-1.08624 -1.04725
-1.08373 -1.04949
-1.08427 -1.04898
-1.08438 -1.04622
-1.08302 -1.05342
-1.08597 -1.04525
-1.0822 -1.05081
-1.08282 -1.04844
-1.08489 -1.04772
-1.0835 -1.04964
-1.08562 -1.04902
-1.08266 -1.04923
-1.0863 -1.04837
-1.08393 -1.04897
-1.08515 -1.04986
-1.0877 -1.04823
-1.08137 -1.04933
-1.08668 -1.04786
-1.08402 -1.05047
-1.08517 -1.04756
-1.08379 -1.04929
-1.0848 -1.04827
-1.08675 -1.04639
-1.08263 -1.05001
-1.08584 -1.0497
-1.08559 -1.04736
-1.0842 -1.0491
-1.087 -1.04639
-1.08216 -1.04893
-1.08483 -1.04804
-1.08485 -1.04823
-1.08505 -1.04829
-1.08258 -1.05171
-1.08656 -1.04569
-1.08191 -1.05034
-1.08483 -1.04917
-1.0846 -1.04704
-1.08488 -1.04814
-1.08249 -1.04736
-1.08282 -1.05152
-1.08639 -1.04561
-1.08254 -1.04955
-1.08521 -1.04823
-1.08413 -1.04742
-1.08424 -1.05002
-1.08516 -1.04707
-1.08398 -1.04822
-1.08461 -1.04796
-1.08397 -1.04916
-1.08565 -1.04707
-1.08349 -1.04964
-1.08621 -1.04522
-1.08321 -1.05081
-1.08612 -1.04656
-1.08569 -1.04734
-1.08236 -1.04972
-1.08334 -1.049
-1.08491 -1.04585
-1.08518 -1.04928
-1.08202 -1.04821
-1.08484 -1.04692
-1.08354 -1.04803
-1.08504 -1.04821
-1.0853 -1.0482
-1.08521 -1.0455
-1.08368 -1.0491
-1.08641 -1.04765
-1.08269 -1.04734
-1.08448 -1.04802
-1.08525 -1.04861
-1.08619 -1.04593
-1.08202 -1.0493
-1.08439 -1.04885
-1.08661 -1.04572
-1.08446 -1.04858
-1.08236 -1.04799
-1.08532 -1.04788
-1.08397 -1.04824
-1.08306 -1.04953
-1.08713 -1.04483
-1.08128 -1.05107
-1.08511 -1.04569
-1.08362 -1.04805
-1.08331 -1.04835
-1.08225 -1.04908
-1.08347 -1.04734
-1.0842 -1.04838
-1.0831 -1.04722
-1.0836 -1.0483
-1.08463 -1.04639
-1.08207 -1.04853
-1.08448 -1.04661
-1.08385 -1.04921
-1.08483 -1.04661
-1.08409 -1.04974
-1.08359 -1.04615
-1.08348 -1.04674
-1.08294 -1.05047
-1.08499 -1.04422
-1.08365 -1.04877
-1.08348 -1.04645
-1.08256 -1.04989
-1.08597 -1.04531
-1.08217 -1.04961
-1.0842 -1.04699
-1.08294 -1.04871
-1.08479 -1.04566
-1.08238 -1.04936
-1.08602 -1.04685
-1.08312 -1.04761
-1.08479 -1.04693
-1.08235 -1.04864
-1.08491 -1.04764
-1.08482 -1.0458
-1.0839 -1.05135
-1.08506 -1.04491
-1.08392 -1.04648
-1.08307 -1.04866
-1.08564 -1.04604
-1.08397 -1.04858
-1.08397 -1.04769
-1.08544 -1.04639
-1.08624 -1.04703
-1.08501 -1.04742
-1.08406 -1.04726
-1.085 -1.04699
-1.08646 -1.04502
-1.08423 -1.04867
-1.08462 -1.04707
-1.08532 -1.04786
-1.08517 -1.04605
-1.08538 -1.04581
-1.08604 -1.04937
-1.08511 -1.0461
-1.08594 -1.04641
-1.08612 -1.04842
-1.08302 -1.04736
-1.08549 -1.0464
-1.08604 -1.04996
-1.08532 -1.04424
-1.0853 -1.04826
-1.08426 -1.04738
-1.08642 -1.04657
-1.08493 -1.04811
-1.08372 -1.04816
-1.08661 -1.04711
-1.08378 -1.04725
