0 0
-0.166794 -0.155487
-0.302328 -0.273245
-0.402256 -0.342954
-0.482947 -0.391853
-0.509296 -0.379012
-0.534806 -0.384597
-0.571762 -0.40611
-0.618823 -0.439529
-0.663599 -0.47687
-0.682363 -0.487961
-0.713112 -0.506768
-0.734353 -0.516708
-0.70756 -0.496843
-0.707111 -0.492413
-0.707126 -0.490764
-0.700335 -0.495013
-0.709458 -0.499751
-0.707559 -0.494687
-0.683188 -0.473436
-0.686518 -0.480495
-0.692805 -0.479774
-0.698676 -0.485595
-0.694473 -0.480166
-0.69205 -0.484557
-0.708369 -0.4962
-0.710779 -0.499748
-0.70998 -0.499398
-0.7136 -0.503589
-0.699091 -0.488926
-0.632097 -0.428707
-0.60924 -0.409943
-0.601218 -0.403826
-0.591422 -0.395784
-0.562291 -0.369777
-0.557293 -0.365771
-0.531121 -0.346094
-0.527938 -0.345695
-0.506234 -0.330426
-0.503468 -0.330408
-0.487081 -0.319156
-0.488673 -0.319656
-0.484876 -0.31814
-0.472308 -0.310727
-0.472493 -0.312112
-0.467881 -0.309625
-0.457878 -0.302345
-0.451052 -0.297243
-0.435958 -0.285442
-0.414614 -0.270128
-0.399042 -0.258907
-0.397511 -0.258439
-0.38636 -0.25082
-0.383544 -0.248203
-0.36647 -0.234933
-0.365816 -0.235307
-0.366026 -0.234845
-0.366881 -0.234569
-0.366703 -0.234608
-0.36524 -0.234309
-0.365683 -0.234211
-0.36629 -0.234659
-0.365698 -0.234725
-0.36591 -0.234987
-0.364825 -0.235279
-0.365733 -0.235048
-0.366794 -0.234916
-0.36546 -0.235102
-0.365291 -0.234902
-0.365826 -0.23491
-0.365687 -0.234894
-0.365402 -0.234683
-0.365241 -0.234549
-0.365887 -0.234777
-0.365645 -0.234786
-0.365502 -0.234654
-0.366454 -0.235195
-0.365625 -0.234984
-0.365588 -0.234731
-0.365525 -0.234634
-0.365783 -0.234827
-0.36555 -0.234924
-0.365626 -0.23521
-0.365869 -0.235566
-0.365539 -0.235548
-0.36598 -0.235145
-0.366041 -0.23526
-0.365389 -0.235317
-0.365449 -0.235135
-0.365699 -0.235218
-0.366031 -0.235061
-0.365446 -0.235185
-0.364618 -0.235506
-0.36578 -0.23563
-0.36646 -0.235948
-0.365973 -0.23582
-0.365228 -0.235706
-0.365475 -0.235756
-0.365262 -0.235357
-0.366404 -0.235732
-0.36553 -0.235706
-0.365208 -0.235668
-0.366083 -0.235663
-0.36531 -0.235698
-0.365406 -0.235623
-0.365826 -0.235754
-0.365463 -0.23604
-0.365614 -0.236038
-0.365995 -0.236699
-0.362188 -0.234201
-0.348124 -0.224192
-0.348767 -0.224822
-0.349214 -0.224917
-0.349345 -0.22455
-0.349127 -0.224455
-0.348391 -0.224476
-0.348253 -0.224263
-0.349208 -0.224467
-0.349445 -0.224579
-0.348715 -0.224898
-0.348442 -0.224617
-0.349372 -0.224977
-0.349069 -0.224787
-0.348726 -0.224508
-0.348438 -0.224373
-0.349026 -0.224288
-0.349407 -0.224105
-0.348464 -0.224202
-0.347961 -0.224266
-0.348786 -0.224025
-0.349371 -0.224116
-0.348641 -0.224227
-0.348323 -0.224232
-0.348755 -0.224113
-0.349005 -0.224373
-0.348219 -0.224269
-0.348436 -0.224212
-0.349032 -0.22432
-0.34901 -0.224178
-0.348152 -0.224273
-0.348019 -0.224659
-0.348899 -0.224488
-0.348624 -0.224253
-0.348411 -0.224432
-0.348333 -0.224838
-0.348409 -0.224751
-0.34865 -0.224973
-0.348037 -0.225183
-0.348432 -0.225046
-0.349001 -0.224979
-0.346264 -0.223092
-0.333304 -0.213654
-0.3337 -0.21502
-0.333417 -0.215153
-0.333786 -0.214815
-0.333778 -0.21449
-0.333213 -0.214788
-0.333066 -0.214671
-0.333559 -0.214341
-0.333972 -0.214673
-0.333299 -0.214709
-0.333222 -0.214577
-0.333304 -0.214709
-0.333522 -0.214656
-0.333439 -0.214202
-0.332999 -0.214778
-0.334 -0.214932
-0.335256 -0.214633
-0.333764 -0.214923
-0.333077 -0.214809
-0.333549 -0.214428
-0.333234 -0.214604
-0.333451 -0.214634
-0.333626 -0.214645
-0.333393 -0.214387
-0.334187 -0.214614
-0.333898 -0.214637
-0.333543 -0.214506
-0.333561 -0.214455
-0.333353 -0.214341
-0.333358 -0.214143
-0.333477 -0.214059
-0.333405 -0.214287
-0.333419 -0.214062
-0.333725 -0.214055
-0.333164 -0.214005
-0.333126 -0.214003
-0.333479 -0.213891
-0.333989 -0.213969
-0.334155 -0.214026
-0.333579 -0.21405
-0.333216 -0.21387
-0.333281 -0.214056
-0.333007 -0.214005
-0.333487 -0.213836
-0.33384 -0.214092
-0.333353 -0.214032
-0.332947 -0.213907
-0.333272 -0.214358
-0.333488 -0.214253
-0.333432 -0.214233
-0.333468 -0.21456
-0.333104 -0.214239
-0.333345 -0.214046
-0.333294 -0.214155
-0.333182 -0.213812
-0.333334 -0.213404
-0.333127 -0.213749
-0.332705 -0.213575
-0.333265 -0.213365
-0.333508 -0.214512
-0.332986 -0.214265
-0.333016 -0.214095
-0.333052 -0.214091
-0.333366 -0.213975
-0.332945 -0.213763
-0.332886 -0.213915
-0.332783 -0.21374
-0.332632 -0.213432
-0.33287 -0.213705
-0.332955 -0.213618
-0.332759 -0.213282
-0.332107 -0.213331
-0.33272 -0.21367
-0.333224 -0.213377
-0.332505 -0.213678
-0.331934 -0.213594
-0.333151 -0.21356
-0.332661 -0.213515
-0.331968 -0.213641
-0.332903 -0.213765
-0.333235 -0.213568
-0.332348 -0.213739
-0.331911 -0.213513
-0.332796 -0.213557
-0.332805 -0.21333
-0.33251 -0.213627
-0.332327 -0.213883
-0.332936 -0.213705
-0.332713 -0.213625
-0.332399 -0.214029
-0.332443 -0.214066
-0.333088 -0.213942
-0.333242 -0.214312
-0.332679 -0.214418
-0.333272 -0.214253
-0.33375 -0.214303
-0.33297 -0.214284
-0.332485 -0.214051
-0.332654 -0.21439
-0.330422 -0.213231
-0.320307 -0.205393
-0.320985 -0.205779
-0.320628 -0.205737
-0.320343 -0.205643
-0.320204 -0.205368
-0.320516 -0.206004
-0.320273 -0.20631
-0.317881 -0.204555
-0.308084 -0.197281
-0.309603 -0.198096
-0.309281 -0.198053
-0.308949 -0.198049
-0.309069 -0.198124
-0.309083 -0.19794
-0.309302 -0.197994
-0.308766 -0.198634
-0.308548 -0.198473
-0.309412 -0.198094
-0.309254 -0.198183
-0.3085 -0.19837
-0.308631 -0.198081
-0.309115 -0.198093
-0.308901 -0.198221
-0.30913 -0.198071
-0.309301 -0.197831
-0.308862 -0.198155
-0.309067 -0.198263
-0.309026 -0.197919
-0.308825 -0.198547
-0.309215 -0.198728
-0.309664 -0.198413
-0.308952 -0.198871
-0.308448 -0.198669
-0.308962 -0.198324
-0.308833 -0.198258
-0.308597 -0.198127
-0.308811 -0.198098
-0.309211 -0.198024
-0.308925 -0.197898
-0.308577 -0.198162
-0.308591 -0.197994
-0.308874 -0.197956
-0.30852 -0.198184
-0.308658 -0.198026
-0.308521 -0.198289
-0.308464 -0.19825
-0.3089 -0.198267
-0.308288 -0.198076
-0.308143 -0.198208
-0.308442 -0.197983
-0.308411 -0.197748
-0.30818 -0.197673
-0.308351 -0.197592
-0.307859 -0.197295
-0.307545 -0.197363
-0.307947 -0.197446
-0.307986 -0.197327
-0.307591 -0.197356
-0.308007 -0.197538
-0.307995 -0.197491
-0.307787 -0.197393
-0.308048 -0.197683
-0.307729 -0.197606
-0.308063 -0.197344
-0.307998 -0.197223
-0.307386 -0.197436
-0.307725 -0.197043
-0.308183 -0.197203
-0.307317 -0.197325
-0.307701 -0.197109
-0.307803 -0.196926
-0.307418 -0.196953
-0.307343 -0.196721
-0.307459 -0.196916
-0.307438 -0.196928
-0.307675 -0.196866
-0.307624 -0.197129
-0.307517 -0.197041
-0.307586 -0.196983
-0.307623 -0.197041
-0.307536 -0.196944
-0.307562 -0.197029
-0.307605 -0.197257
-0.307666 -0.197101
-0.307738 -0.197168
-0.307357 -0.197677
-0.307017 -0.197597
-0.307508 -0.1975
-0.307412 -0.197512
-0.30706 -0.19762
-0.30703 -0.197732
-0.307196 -0.197676
-0.305239 -0.196235
-0.296339 -0.188466
-0.29697 -0.189518
-0.297289 -0.18967
-0.296862 -0.189722
-0.296692 -0.18957
-0.297398 -0.189743
-0.297734 -0.189904
-0.297622 -0.189788
-0.297213 -0.189718
-0.297153 -0.189686
-0.297128 -0.189708
-0.296878 -0.189535
-0.297431 -0.189516
-0.297099 -0.18964
-0.296895 -0.189624
-0.297328 -0.189399
-0.297079 -0.189574
-0.296652 -0.189629
-0.297146 -0.189522
-0.297567 -0.189467
-0.297472 -0.189646
-0.297205 -0.189613
-0.297225 -0.189567
-0.297166 -0.189673
-0.29722 -0.189919
-0.297378 -0.189859
-0.297155 -0.189949
-0.297181 -0.190067
-0.297894 -0.190074
-0.297741 -0.189937
-0.297039 -0.189919
-0.297235 -0.189977
-0.297499 -0.189929
-0.297507 -0.189747
-0.297619 -0.189998
-0.296908 -0.190009
-0.297146 -0.189881
-0.297575 -0.190029
-0.297222 -0.190076
-0.297252 -0.189951
-0.29763 -0.189939
-0.298029 -0.190079
-0.297424 -0.189909
-0.296835 -0.189793
-0.297147 -0.189936
-0.297429 -0.189897
-0.297562 -0.189846
-0.297057 -0.189906
-0.296734 -0.189815
-0.297495 -0.18983
-0.297463 -0.189835
-0.297171 -0.189892
-0.297303 -0.189929
-0.297561 -0.189862
-0.297478 -0.189888
-0.297161 -0.189988
-0.297275 -0.189939
-0.297145 -0.189866
-0.296837 -0.190209
-0.297287 -0.190068
-0.297516 -0.190132
-0.296897 -0.190117
-0.297203 -0.189981
-0.297055 -0.189765
-0.297003 -0.190023
-0.297241 -0.189851
-0.297205 -0.189825
-0.297032 -0.189706
-0.297388 -0.189931
-0.296977 -0.189857
-0.297292 -0.19007
-0.297196 -0.190151
-0.297112 -0.190032
-0.297219 -0.190102
-0.297269 -0.190037
-0.297476 -0.189986
-0.29693 -0.190154
-0.296945 -0.190337
-0.297269 -0.190241
-0.296875 -0.190187
-0.29669 -0.190104
-0.296818 -0.189895
-0.297055 -0.189924
-0.297115 -0.189941
-0.296814 -0.189845
-0.296529 -0.189852
-0.296732 -0.18997
-0.296991 -0.189875
-0.296981 -0.189949
-0.296211 -0.19002
-0.296692 -0.189961
-0.297381 -0.190083
-0.296533 -0.190113
-0.296389 -0.189978
-0.297053 -0.190366
-0.296969 -0.190301
-0.297058 -0.190359
-0.296646 -0.190503
-0.296895 -0.190216
-0.296904 -0.190037
-0.296474 -0.190129
-0.296942 -0.189971
-0.297001 -0.190037
-0.29654 -0.190238
-0.29699 -0.190203
-0.297256 -0.190203
-0.296953 -0.190344
-0.296634 -0.190309
-0.296764 -0.190209
-0.29709 -0.190172
-0.296802 -0.19012
-0.296491 -0.1901
-0.297007 -0.189984
-0.297099 -0.189915
-0.2964 -0.189927
-0.296657 -0.189917
-0.29717 -0.18991
-0.296504 -0.189957
-0.296473 -0.189924
-0.297183 -0.189978
-0.296737 -0.190192
-0.296612 -0.19014
-0.297265 -0.190078
-0.296742 -0.190161
-0.296635 -0.190255
-0.296966 -0.190028
-0.296846 -0.190097
-0.296716 -0.190141
-0.296961 -0.190191
-0.297188 -0.190151
-0.297776 -0.190263
-0.297425 -0.190477
-0.296713 -0.190346
-0.296999 -0.190183
-0.297111 -0.190323
-0.296687 -0.190349
-0.296893 -0.189976
-0.297374 -0.190208
-0.296975 -0.190591
-0.296892 -0.19026
-0.297206 -0.190526
-0.297064 -0.190768
-0.297321 -0.190401
-0.29675 -0.190262
-0.296707 -0.190443
-0.297438 -0.190229
-0.29719 -0.190047
-0.296996 -0.190391
-0.297329 -0.19031
-0.297486 -0.190029
-0.296596 -0.190324
-0.296318 -0.190327
-0.297461 -0.190131
-0.297148 -0.190351
-0.296628 -0.190393
-0.297004 -0.190099
-0.296995 -0.190101
-0.29692 -0.190353
-0.296859 -0.190053
-0.296857 -0.190105
-0.296653 -0.190244
-0.296947 -0.189962
-0.296779 -0.189978
-0.296396 -0.19
-0.296865 -0.189806
-0.296627 -0.189689
-0.296253 -0.190034
-0.296759 -0.189934
-0.297129 -0.190007
-0.29638 -0.189979
-0.296488 -0.189839
-0.296355 -0.189807
-0.296589 -0.189799
-0.297159 -0.189682
-0.296592 -0.189603
-0.2961 -0.189743
-0.296217 -0.189657
-0.296569 -0.189729
-0.296273 -0.189934
-0.296221 -0.190016
-0.296631 -0.189929
-0.296656 -0.189966
-0.296538 -0.190603
-0.296755 -0.190385
-0.29716 -0.190357
-0.296493 -0.190545
-0.296517 -0.190344
-0.296691 -0.189783
-0.296754 -0.190256
-0.296327 -0.19053
-0.296767 -0.190204
-0.296852 -0.190383
-0.296442 -0.190442
-0.29689 -0.189996
-0.296598 -0.189955
-0.2964 -0.190179
-0.296954 -0.190026
-0.296547 -0.189902
-0.296563 -0.190195
-0.297012 -0.190363
-0.296599 -0.190133
-0.296731 -0.190334
-0.296813 -0.190664
-0.296749 -0.190308
-0.296992 -0.190248
-0.296649 -0.19044
-0.296864 -0.190121
-0.296848 -0.189763
-0.296629 -0.190004
-0.296565 -0.18994
-0.29644 -0.189817
-0.296743 -0.190175
-0.296978 -0.190252
-0.296899 -0.190028
-0.297115 -0.190604
-0.296574 -0.190661
-0.296738 -0.190472
-0.296833 -0.190533
-0.296524 -0.190436
-0.296474 -0.190217
-0.296649 -0.190108
-0.296805 -0.190162
-0.296646 -0.190095
-0.296594 -0.190098
-0.296733 -0.190112
-0.29655 -0.190017
-0.296543 -0.190133
-0.296616 -0.190205
-0.296575 -0.190021
-0.296627 -0.190112
-0.296553 -0.190142
-0.296557 -0.190077
-0.29685 -0.189987
-0.297226 -0.190059
-0.296658 -0.190169
-0.296376 -0.189993
-0.296794 -0.19003
-0.296642 -0.190289
-0.296931 -0.190142
-0.297563 -0.190364
-0.29702 -0.190769
-0.296899 -0.190448
-0.296928 -0.190525
-0.296459 -0.190759
-0.297114 -0.190421
-0.296833 -0.190285
-0.296399 -0.190465
-0.297076 -0.190235
-0.296901 -0.190094
-0.296221 -0.190171
-0.296528 -0.190028
-0.296862 -0.189999
-0.296812 -0.189929
-0.296411 -0.189832
-0.295926 -0.189781
-0.29654 -0.18974
-0.296906 -0.189633
-0.296374 -0.189832
-0.296253 -0.189825
-0.296707 -0.189878
-0.296515 -0.18993
-0.296492 -0.190004
-0.29669 -0.190095
-0.296794 -0.190183
-0.297039 -0.190074
-0.296924 -0.190179
-0.296383 -0.190194
-0.296753 -0.190189
-0.296947 -0.19016
-0.296757 -0.19029
-0.296425 -0.190953
-0.294859 -0.18949
-0.285983 -0.182728
-0.28392 -0.182475
-0.274292 -0.175854
-0.274711 -0.176259
-0.274513 -0.176358
-0.274326 -0.176361
-0.274796 -0.176262
-0.274566 -0.176231
-0.274278 -0.176424
-0.274457 -0.176252
-0.272444 -0.174461
-0.261912 -0.166731
-0.26191 -0.167245
-0.262152 -0.16731
-0.262157 -0.167405
-0.262272 -0.167196
-0.261953 -0.167049
-0.26206 -0.167188
-0.262021 -0.167081
-0.261656 -0.166951
-0.261968 -0.167091
-0.262231 -0.167204
-0.261771 -0.166989
-0.262096 -0.167074
-0.262196 -0.167672
-0.261594 -0.167558
-0.262476 -0.167678
-0.262452 -0.168205
-0.261717 -0.167838
-0.262093 -0.167345
-0.261979 -0.167347
-0.261922 -0.167236
-0.261786 -0.166846
-0.261492 -0.166946
-0.261578 -0.167064
-0.261561 -0.166867
-0.261538 -0.166836
-0.261629 -0.167023
-0.261482 -0.166866
-0.261496 -0.166609
-0.261364 -0.166723
-0.261342 -0.166771
-0.261392 -0.166477
-0.26115 -0.166562
-0.261144 -0.16671
-0.261284 -0.166507
-0.261187 -0.166392
-0.261488 -0.16665
-0.261555 -0.16663
-0.261201 -0.166405
-0.261244 -0.166536
-0.261394 -0.166756
-0.261015 -0.166535
-0.261247 -0.166702
-0.261578 -0.167135
-0.261252 -0.166908
-0.261252 -0.166772
-0.261513 -0.166698
-0.261324 -0.16658
-0.261077 -0.16643
-0.261494 -0.166391
-0.261207 -0.166517
-0.261068 -0.166584
-0.261606 -0.166391
-0.261361 -0.166514
-0.260924 -0.166516
-0.261357 -0.166449
-0.261206 -0.166327
-0.26105 -0.166452
-0.261173 -0.1665
-0.261271 -0.166312
-0.261237 -0.166197
-0.261358 -0.166473
-0.26113 -0.166477
-0.261153 -0.166257
-0.261292 -0.166475
-0.261093 -0.166636
-0.261355 -0.166333
-0.261542 -0.166173
-0.261204 -0.166696
-0.261164 -0.166563
-0.261678 -0.166464
-0.261205 -0.166867
-0.261213 -0.166696
-0.261573 -0.166358
-0.261226 -0.166549
-0.261115 -0.166487
-0.261186 -0.166173
-0.260962 -0.166171
-0.261095 -0.166289
-0.261297 -0.166152
-0.261152 -0.165993
-0.260952 -0.166274
-0.260728 -0.166389
-0.261066 -0.166167
-0.261232 -0.166372
-0.260951 -0.166652
-0.261205 -0.16635
-0.261372 -0.16629
-0.260956 -0.166598
-0.2607 -0.166439
-0.260833 -0.166156
-0.261181 -0.166686
-0.261296 -0.166834
-0.261539 -0.166476
-0.261093 -0.16657
-0.260615 -0.166563
-0.26103 -0.166184
-0.260905 -0.166175
-0.260825 -0.166473
-0.261005 -0.16623
-0.260854 -0.166237
-0.260898 -0.16647
-0.260977 -0.166376
-0.260901 -0.166177
-0.26124 -0.166503
-0.260803 -0.166535
-0.261056 -0.166382
-0.261257 -0.166482
-0.260816 -0.166488
-0.260902 -0.166281
-0.261021 -0.166197
-0.260899 -0.166331
-0.260966 -0.166294
-0.261224 -0.1661
-0.261067 -0.166232
-0.260533 -0.166376
-0.261054 -0.166075
-0.261322 -0.166026
-0.260589 -0.166402
-0.260609 -0.166202
-0.260947 -0.165996
-0.26081 -0.166672
-0.260775 -0.166683
-0.261279 -0.166427
-0.261262 -0.166634
-0.261014 -0.166598
-0.26085 -0.166178
-0.260909 -0.166084
-0.26091 -0.166258
-0.260809 -0.166081
-0.260597 -0.165997
-0.260389 -0.166045
-0.260597 -0.166049
-0.260184 -0.165849
-0.260147 -0.165967
-0.260551 -0.166158
-0.260919 -0.166073
-0.261009 -0.165934
-0.260615 -0.166308
-0.260288 -0.166234
-0.260538 -0.166021
-0.260349 -0.166347
-0.260454 -0.166291
-0.260503 -0.165913
-0.260271 -0.166011
-0.260633 -0.166304
-0.260448 -0.166083
-0.260356 -0.166231
-0.260638 -0.166494
-0.260705 -0.166324
-0.26035 -0.166169
-0.260351 -0.166224
-0.260517 -0.166179
-0.260182 -0.166121
-0.260298 -0.16604
-0.260684 -0.166043
-0.26022 -0.166137
-0.260182 -0.165976
-0.260568 -0.16593
-0.260249 -0.166175
-0.260225 -0.166089
-0.260523 -0.165988
-0.260317 -0.166356
-0.26036 -0.166353
-0.260611 -0.166212
-0.260516 -0.166314
-0.260527 -0.166388
-0.260275 -0.166159
-0.26042 -0.166264
-0.260374 -0.166286
-0.260296 -0.166196
-0.260479 -0.166424
-0.260586 -0.166289
-0.26077 -0.166355
-0.260256 -0.166519
-0.260416 -0.16632
-0.260854 -0.166359
-0.260181 -0.166397
-0.260054 -0.166203
-0.260438 -0.166133
-0.260491 -0.166157
-0.260228 -0.166085
-0.260235 -0.165922
-0.260497 -0.166094
-0.25991 -0.166003
-0.259819 -0.165917
-0.260299 -0.165931
-0.26038 -0.165976
-0.25995 -0.165895
-0.259977 -0.166058
-0.260358 -0.1661
-0.260351 -0.166027
-0.260098 -0.166141
-0.260217 -0.166179
-0.260281 -0.165993
-0.260194 -0.166191
-0.260079 -0.166213
-0.260411 -0.166088
-0.260388 -0.166267
-0.260123 -0.166207
-0.26051 -0.166115
-0.260252 -0.16616
-0.260333 -0.166235
-0.261218 -0.166036
-0.260873 -0.166193
-0.259941 -0.166282
-0.260664 -0.166044
-0.260768 -0.166069
-0.260218 -0.166155
-0.260522 -0.16607
-0.260823 -0.166044
-0.260577 -0.166083
-0.260409 -0.166188
-0.260763 -0.166316
-0.260829 -0.166103
-0.260699 -0.166399
-0.260672 -0.166424
-0.26117 -0.166248
-0.260712 -0.166286
-0.260658 -0.166201
-0.260936 -0.166129
-0.260392 -0.166064
-0.260642 -0.165965
-0.260834 -0.165924
-0.26039 -0.16595
-0.26067 -0.165769
-0.261026 -0.16582
-0.260522 -0.165956
-0.260438 -0.165849
-0.260768 -0.165673
-0.260679 -0.166025
-0.260065 -0.165994
-0.260459 -0.165836
-0.26059 -0.166068
-0.260149 -0.166115
-0.260238 -0.16585
-0.260426 -0.165843
-0.260054 -0.165954
-0.259772 -0.165719
-0.259866 -0.165608
-0.259765 -0.165748
-0.259762 -0.165674
-0.259949 -0.165608
-0.259962 -0.165784
-0.259929 -0.165696
-0.259865 -0.165689
-0.259639 -0.165633
-0.259606 -0.165541
-0.259243 -0.165638
-0.259347 -0.165479
-0.259689 -0.165589
-0.259057 -0.165906
-0.259595 -0.165639
-0.259827 -0.165739
-0.258967 -0.166016
-0.259858 -0.165707
-0.260025 -0.165566
-0.259626 -0.166015
-0.260291 -0.165852
-0.260013 -0.165626
-0.25941 -0.16584
-0.259639 -0.16574
-0.259585 -0.165564
-0.25972 -0.165661
-0.259918 -0.165645
-0.259411 -0.165622
-0.259445 -0.165579
-0.25982 -0.165536
-0.259401 -0.165591
-0.259513 -0.165495
-0.259801 -0.165493
-0.259223 -0.165442
-0.259662 -0.16553
-0.259876 -0.165745
-0.259651 -0.165703
-0.259964 -0.165969
-0.259681 -0.165977
-0.259797 -0.165842
-0.25954 -0.16572
-0.259557 -0.165947
-0.259622 -0.165771
-0.259552 -0.165642
-0.259337 -0.165947
-0.259424 -0.165759
-0.259699 -0.165497
-0.259269 -0.16572
-0.259293 -0.165647
-0.259687 -0.16546
-0.259569 -0.165672
-0.259893 -0.165648
-0.259925 -0.165518
-0.259529 -0.165651
-0.259809 -0.165608
-0.260136 -0.165703
-0.260176 -0.165811
-0.26042 -0.165759
-0.260172 -0.165924
-0.259713 -0.165742
-0.25973 -0.165733
-0.2597 -0.165863
-0.259827 -0.165771
-0.259869 -0.165685
-0.259808 -0.165767
-0.259631 -0.165782
-0.259695 -0.165632
-0.259716 -0.165552
-0.25973 -0.165753
-0.26015 -0.165786
-0.260055 -0.165699
-0.259748 -0.165889
-0.259866 -0.165969
-0.259809 -0.165826
-0.259887 -0.165745
-0.259984 -0.166018
-0.259754 -0.16592
-0.260178 -0.16578
-0.260211 -0.166037
-0.25978 -0.165953
-0.259706 -0.165709
-0.259653 -0.165884
-0.259717 -0.16588
-0.259757 -0.165781
-0.259624 -0.165699
-0.259875 -0.165742
-0.25943 -0.165659
-0.259411 -0.165592
-0.259916 -0.165721
-0.259786 -0.16568
-0.259727 -0.165649
-0.259708 -0.165745
-0.259557 -0.165661
-0.259501 -0.165604
-0.259612 -0.165743
-0.259891 -0.165648
-0.259612 -0.165509
-0.25922 -0.165567
-0.259503 -0.165647
-0.259696 -0.16549
-0.259779 -0.16559
-0.259454 -0.165591
-0.259284 -0.165459
-0.259422 -0.16545
-0.259416 -0.165389
-0.259325 -0.16549
-0.259326 -0.165484
-0.259701 -0.165431
-0.259477 -0.165518
-0.259327 -0.165461
-0.259507 -0.165367
-0.259273 -0.165408
-0.259416 -0.165367
-0.259704 -0.165379
-0.259604 -0.165464
-0.25932 -0.165314
-0.259168 -0.165302
-0.259562 -0.165415
-0.259767 -0.165285
-0.259254 -0.165147
-0.259228 -0.165233
-0.259522 -0.165128
-0.259514 -0.164908
-0.259376 -0.165048
-0.25917 -0.164966
-0.259374 -0.164764
-0.259334 -0.164867
-0.25906 -0.164806
-0.259337 -0.164651
-0.259166 -0.16475
-0.258397 -0.164652
-0.258786 -0.164743
-0.259183 -0.164896
-0.259035 -0.16477
-0.258789 -0.164732
-0.258602 -0.164708
-0.258869 -0.164696
-0.258489 -0.16455
-0.258395 -0.164771
-0.258661 -0.164834
-0.258545 -0.164787
-0.258512 -0.164907
-0.258619 -0.164935
-0.258382 -0.164936
-0.258383 -0.164883
-0.258541 -0.164803
-0.25823 -0.164966
-0.258342 -0.164858
-0.258714 -0.164869
-0.258339 -0.164942
-0.258362 -0.164977
-0.258361 -0.164967
-0.25853 -0.16496
-0.258887 -0.165164
-0.25866 -0.165144
-0.258658 -0.165028
-0.258651 -0.165187
-0.258537 -0.165168
-0.258685 -0.164833
-0.258637 -0.165014
-0.258322 -0.165202
-0.258575 -0.164876
-0.25861 -0.165169
-0.258314 -0.165446
-0.258798 -0.16507
-0.258834 -0.165171
-0.258563 -0.165481
-0.258797 -0.165111
-0.258522 -0.164998
-0.258342 -0.165241
-0.258711 -0.165119
-0.2587 -0.165022
-0.258647 -0.165456
-0.258619 -0.165466
-0.258262 -0.165283
-0.258534 -0.165164
-0.258729 -0.165416
-0.258467 -0.165371
-0.258639 -0.165377
-0.258612 -0.165869
-0.2568 -0.164651
-0.249867 -0.158929
-0.249809 -0.159295
-0.249395 -0.1594
-0.249536 -0.159129
-0.249858 -0.159161
-0.249456 -0.159424
-0.249731 -0.159178
-0.250084 -0.159073
-0.249371 -0.159329
-0.249251 -0.159098
-0.249636 -0.158825
-0.249412 -0.159105
-0.249409 -0.159164
-0.249565 -0.158902
-0.249554 -0.159182
-0.249554 -0.159511
-0.249666 -0.159239
-0.249841 -0.159367
-0.249488 -0.159563
-0.249803 -0.159299
-0.249753 -0.159081
-0.249215 -0.159255
-0.249407 -0.159184
-0.249525 -0.158952
-0.249356 -0.159125
-0.249436 -0.159158
-0.249521 -0.158923
-0.249292 -0.15898
-0.249085 -0.159042
-0.249548 -0.158916
-0.249619 -0.159014
-0.249281 -0.159022
-0.249614 -0.15888
-0.249364 -0.158904
-0.249085 -0.158905
-0.249433 -0.158744
-0.249324 -0.15889
-0.249279 -0.158928
-0.249556 -0.159022
-0.249231 -0.159116
-0.249307 -0.159095
-0.249492 -0.159219
-0.249465 -0.159169
-0.249621 -0.159196
-0.249647 -0.15919
-0.249855 -0.159184
-0.249438 -0.159196
-0.249374 -0.159184
-0.24972 -0.159123
-0.249659 -0.159047
-0.249614 -0.159195
-0.249365 -0.159109
-0.24971 -0.159064
-0.249559 -0.159375
-0.249207 -0.159301
-0.2499 -0.159073
-0.2495 -0.159233
-0.249162 -0.159258
-0.249672 -0.158861
-0.249388 -0.159165
-0.249324 -0.159432
-0.249844 -0.159115
-0.249638 -0.159274
-0.24965 -0.159465
-0.249812 -0.159182
-0.249668 -0.159125
-0.24958 -0.159371
-0.249352 -0.159566
-0.249629 -0.15939
-0.249459 -0.159565
-0.249227 -0.159459
-0.249614 -0.159243
-0.24934 -0.15948
-0.249245 -0.159389
-0.249677 -0.159426
-0.249587 -0.159883
-0.249687 -0.159817
-0.249655 -0.159758
-0.249455 -0.159976
-0.249858 -0.159891
-0.249785 -0.159826
-0.2493 -0.159919
-0.249618 -0.159934
-0.249712 -0.159757
-0.249428 -0.159961
-0.249465 -0.160095
-0.249901 -0.159875
-0.249907 -0.160101
-0.249774 -0.160212
-0.250037 -0.159927
-0.249908 -0.160047
-0.249631 -0.160084
-0.249501 -0.159882
-0.249418 -0.159878
-0.249575 -0.159953
-0.249578 -0.159895
-0.249637 -0.159907
-0.249646 -0.159915
-0.249444 -0.159839
-0.249458 -0.159933
-0.249551 -0.159879
-0.249548 -0.159879
-0.247426 -0.158108
-0.237981 -0.150384
-0.238281 -0.150807
-0.238121 -0.150925
-0.238009 -0.151031
-0.238173 -0.15085
-0.238178 -0.150901
-0.238202 -0.151202
-0.23818 -0.151054
-0.238154 -0.151008
-0.238165 -0.151337
-0.238149 -0.151192
-0.238213 -0.151045
-0.238118 -0.151242
-0.238027 -0.151167
-0.238042 -0.150978
-0.238028 -0.151046
-0.238062 -0.151046
-0.238077 -0.150834
-0.238008 -0.150761
-0.237884 -0.150834
-0.237725 -0.150715
-0.237807 -0.150693
-0.238189 -0.150812
-0.238509 -0.150933
-0.238632 -0.150851
-0.238845 -0.150773
-0.238184 -0.150881
-0.237592 -0.150821
-0.237995 -0.15055
-0.237861 -0.150716
-0.237783 -0.15112
-0.238302 -0.150832
-0.238303 -0.150936
-0.237653 -0.151289
-0.23801 -0.151007
-0.238303 -0.150721
-0.237612 -0.150743
-0.237592 -0.150748
-0.237789 -0.150505
-0.237633 -0.150533
-0.237683 -0.15084
-0.237868 -0.150823
-0.237689 -0.150635
-0.237673 -0.150688
-0.237717 -0.150893
-0.237508 -0.150641
-0.237825 -0.150677
-0.237908 -0.151164
-0.237759 -0.15098
-0.238143 -0.150904
-0.238134 -0.151127
-0.237994 -0.150886
-0.237647 -0.150656
-0.237544 -0.150816
-0.237741 -0.150687
-0.237496 -0.150572
-0.237404 -0.150647
-0.237577 -0.150619
-0.237315 -0.150547
-0.237308 -0.15055
-0.237392 -0.150663
-0.237267 -0.150632
-0.237319 -0.150573
-0.237136 -0.150621
-0.237284 -0.150669
-0.23737 -0.150553
-0.237222 -0.150514
-0.237273 -0.150604
-0.23717 -0.150588
-0.237181 -0.150477
-0.237264 -0.15051
-0.237277 -0.150699
-0.23732 -0.150559
-0.237316 -0.150488
-0.237322 -0.150634
-0.237325 -0.150571
-0.237363 -0.150456
-0.237618 -0.150519
-0.237396 -0.150654
-0.237384 -0.15053
-0.237837 -0.150528
-0.237336 -0.150758
-0.2374 -0.150682
-0.237869 -0.150547
-0.237499 -0.150773
-0.237459 -0.150815
-0.237689 -0.150556
-0.23772 -0.150951
-0.237663 -0.151155
-0.237822 -0.150898
-0.237777 -0.150986
-0.23768 -0.151067
-0.237794 -0.150796
-0.237646 -0.1506
-0.237787 -0.151052
-0.23774 -0.150974
-0.237698 -0.15089
-0.237698 -0.151118
-0.237692 -0.150974
-0.237456 -0.150743
-0.237533 -0.150633
-0.237662 -0.150628
-0.237559 -0.150575
-0.237952 -0.150522
-0.237794 -0.150596
-0.237633 -0.150654
-0.237953 -0.150577
-0.237677 -0.150704
-0.237693 -0.15069
-0.2382 -0.15072
-0.23776 -0.150882
-0.237874 -0.150836
-0.238078 -0.150786
-0.237611 -0.150753
-0.237866 -0.150768
-0.237967 -0.150736
-0.238015 -0.15069
-0.238376 -0.150956
-0.238138 -0.151074
-0.238097 -0.150864
-0.238049 -0.151026
-0.237825 -0.15122
-0.238242 -0.150866
-0.238106 -0.150836
-0.237741 -0.151087
-0.238164 -0.150805
-0.23787 -0.15059
-0.237635 -0.150931
-0.238224 -0.150902
-0.238205 -0.150652
-0.237861 -0.15081
-0.237948 -0.150766
-0.238024 -0.150497
-0.237537 -0.150405
-0.237442 -0.150557
-0.237847 -0.150486
-0.237697 -0.150407
-0.237237 -0.150546
-0.237604 -0.150555
-0.237834 -0.15052
-0.237375 -0.150467
-0.237491 -0.150665
-0.237817 -0.150685
-0.237935 -0.150523
-0.237699 -0.150657
-0.237542 -0.150656
-0.237579 -0.150427
-0.237464 -0.150356
-0.237595 -0.150539
-0.237673 -0.150494
-0.237638 -0.150282
-0.237497 -0.150494
-0.237378 -0.150632
-0.237567 -0.150374
-0.23732 -0.150461
-0.237353 -0.150664
-0.237762 -0.150501
-0.237515 -0.150367
-0.237666 -0.150601
-0.237766 -0.150632
-0.237472 -0.150421
-0.237474 -0.150596
-0.237502 -0.150707
-0.237737 -0.15056
-0.23772 -0.150534
-0.237443 -0.150518
-0.237531 -0.150468
-0.237424 -0.15047
-0.23743 -0.150469
-0.237494 -0.150544
-0.237135 -0.150503
-0.23718 -0.150395
-0.237471 -0.150439
-0.23741 -0.150373
-0.237396 -0.150288
-0.237179 -0.150375
-0.236951 -0.150374
-0.237129 -0.150349
-0.237187 -0.150436
-0.237308 -0.150503
-0.237546 -0.150441
-0.237224 -0.150342
-0.236912 -0.150404
-0.237012 -0.150309
-0.237043 -0.150198
-0.237135 -0.150326
-0.237213 -0.150372
-0.236951 -0.150228
-0.237054 -0.150305
-0.23706 -0.150436
-0.236887 -0.150359
-0.237107 -0.150317
-0.237023 -0.15042
-0.236641 -0.150322
-0.236804 -0.150318
-0.23682 -0.15044
-0.236884 -0.150354
-0.237114 -0.15045
-0.236714 -0.150537
-0.236919 -0.150424
-0.237214 -0.150355
-0.236672 -0.150594
-0.236712 -0.150466
-0.237348 -0.150343
-0.236886 -0.150708
-0.236707 -0.15065
-0.237334 -0.150454
-0.236938 -0.150603
-0.236741 -0.15061
-0.237051 -0.150417
-0.236876 -0.150442
-0.236937 -0.150498
-0.237421 -0.150488
-0.237473 -0.150518
-0.237236 -0.150535
-0.237141 -0.150549
-0.237084 -0.150537
-0.237172 -0.150566
-0.23717 -0.150523
-0.237075 -0.150487
-0.237056 -0.150508
-0.237159 -0.150458
-0.237136 -0.150456
-0.237018 -0.150508
-0.237072 -0.150484
-0.237142 -0.150396
-0.237108 -0.150471
-0.236868 -0.150492
-0.237063 -0.150404
-0.237461 -0.150563
-0.237114 -0.150577
-0.237114 -0.150515
-0.237298 -0.150618
-0.237127 -0.150633
-0.236978 -0.150888
-0.237077 -0.150842
-0.237218 -0.150884
-0.236991 -0.150902
-0.236989 -0.150757
-0.237296 -0.15086
-0.237028 -0.151074
-0.237158 -0.150881
-0.237506 -0.150985
-0.237166 -0.151272
-0.237409 -0.151106
-0.237437 -0.150984
-0.23716 -0.151507
-0.237302 -0.151384
-0.236988 -0.151119
-0.236964 -0.151292
-0.23713 -0.151321
-0.236995 -0.151112
-0.237099 -0.151155
-0.237148 -0.151352
-0.236882 -0.151164
-0.237127 -0.15123
-0.237081 -0.151415
-0.237155 -0.151323
-0.237541 -0.151269
-0.237618 -0.151288
-0.237394 -0.151262
-0.237334 -0.15103
-0.237254 -0.151101
-0.236729 -0.151184
-0.23721 -0.15103
-0.237604 -0.151174
-0.236958 -0.151225
-0.237335 -0.151115
-0.237345 -0.151081
-0.23697 -0.15112
-0.237438 -0.151115
-0.237256 -0.151057
-0.237011 -0.151036
-0.237381 -0.151058
-0.237095 -0.151169
-0.236782 -0.151037
-0.237473 -0.15124
-0.237524 -0.151553
-0.237223 -0.151355
-0.237425 -0.15141
-0.237199 -0.151468
-0.237009 -0.151284
-0.236948 -0.151051
-0.237087 -0.151213
-0.236826 -0.151214
-0.236785 -0.151026
-0.237121 -0.151182
-0.236932 -0.151243
-0.236752 -0.151088
-0.237004 -0.151119
-0.236956 -0.151256
-0.236801 -0.15119
-0.237086 -0.151149
-0.237007 -0.151138
-0.236737 -0.151175
-0.236822 -0.150997
-0.236943 -0.151008
-0.236814 -0.151262
-0.236981 -0.15114
-0.237034 -0.151076
-0.236921 -0.151253
-0.23719 -0.151189
-0.237086 -0.151
-0.237044 -0.151025
-0.237103 -0.151188
-0.236874 -0.151146
-0.23704 -0.15105
-0.237099 -0.151408
-0.237015 -0.151467
-0.237431 -0.151201
-0.237384 -0.1513
-0.237259 -0.151483
-0.237301 -0.151169
-0.237252 -0.151203
-0.237207 -0.151536
-0.237425 -0.15132
-0.237456 -0.151252
-0.237031 -0.151333
-0.236983 -0.151276
-0.237019 -0.151118
-0.237108 -0.151231
-0.237394 -0.151383
-0.237696 -0.151207
-0.237661 -0.15134
-0.237479 -0.151397
-0.237645 -0.151265
-0.23734 -0.1512
-0.237027 -0.151188
-0.236998 -0.151126
-0.237181 -0.151044
-0.23728 -0.151211
-0.237099 -0.151246
-0.237599 -0.151214
-0.237373 -0.151261
-0.237105 -0.151279
-0.237558 -0.151305
-0.237327 -0.151311
-0.237379 -0.151402
-0.237789 -0.151454
-0.237892 -0.151527
-0.237789 -0.15139
-0.2376 -0.15128
-0.237441 -0.151584
-0.237566 -0.15148
-0.237672 -0.151422
-0.237535 -0.151844
-0.237687 -0.151735
-0.237777 -0.151499
-0.237542 -0.151753
-0.237739 -0.151801
-0.237812 -0.151509
-0.237702 -0.151706
-0.237913 -0.151866
-0.238084 -0.151591
-0.237758 -0.151666
-0.237491 -0.151815
-0.237706 -0.151601
-0.237648 -0.151578
-0.237614 -0.15182
-0.237974 -0.151688
-0.237967 -0.151623
-0.237712 -0.151887
-0.237797 -0.15175
-0.237683 -0.15164
-0.237299 -0.151783
-0.237523 -0.151656
-0.237537 -0.151576
-0.237113 -0.151655
-0.237416 -0.151533
-0.237794 -0.151576
-0.237424 -0.151713
-0.2374 -0.151579
-0.237752 -0.151576
-0.23741 -0.151769
-0.237226 -0.151623
-0.237591 -0.151527
-0.237507 -0.151688
-0.237301 -0.151603
-0.237232 -0.151414
-0.237462 -0.15141
-0.237594 -0.15159
-0.237083 -0.151503
-0.237471 -0.151428
-0.237553 -0.151734
-0.237029 -0.151734
-0.237534 -0.151468
-0.237502 -0.151722
-0.237155 -0.151758
-0.237594 -0.151416
-0.237193 -0.151509
-0.237065 -0.151536
-0.237441 -0.151248
-0.236988 -0.151217
-0.237071 -0.151325
-0.237223 -0.151158
-0.236977 -0.151118
-0.237109 -0.151241
-0.237085 -0.151121
-0.236851 -0.150999
-0.236813 -0.151055
-0.236866 -0.151028
-0.236832 -0.150891
-0.237045 -0.151034
-0.237205 -0.151097
-0.236986 -0.150968
-0.236825 -0.151006
-0.236768 -0.150994
-0.236934 -0.151029
-0.237184 -0.150948
-0.236996 -0.150924
-0.236799 -0.151048
-0.237037 -0.150957
-0.236936 -0.150926
-0.236959 -0.151084
-0.237153 -0.151136
-0.236827 -0.151056
-0.236974 -0.151222
-0.236959 -0.151247
-0.2367 -0.151097
-0.236906 -0.151104
-0.23684 -0.151171
-0.236667 -0.151043
-0.236962 -0.150998
-0.236822 -0.151192
-0.236657 -0.151088
-0.236852 -0.150882
-0.236747 -0.151127
-0.236647 -0.151083
-0.236732 -0.150858
-0.236712 -0.151153
-0.236852 -0.151207
-0.236914 -0.150967
-0.236853 -0.15111
-0.23707 -0.151194
-0.236993 -0.150955
-0.236606 -0.150952
-0.236617 -0.150924
-0.236895 -0.150899
-0.236642 -0.150855
-0.236738 -0.150788
-0.2369 -0.150904
-0.236729 -0.150877
-0.236856 -0.150807
-0.236704 -0.150798
-0.23666 -0.150841
-0.23682 -0.15085
-0.236829 -0.150803
-0.237032 -0.15088
-0.237035 -0.150943
-0.236918 -0.150879
-0.236906 -0.15082
-0.236826 -0.15095
-0.236768 -0.150931
-0.236831 -0.150895
-0.23663 -0.150907
-0.236648 -0.150879
-0.236565 -0.150829
-0.236638 -0.150822
-0.236908 -0.150895
-0.236592 -0.150909
-0.236463 -0.150917
-0.23663 -0.150849
-0.236581 -0.150969
-0.23658 -0.150971
-0.236933 -0.150866
-0.236804 -0.15096
-0.236746 -0.150983
-0.236895 -0.150853
-0.236634 -0.150853
-0.23668 -0.150964
-0.236774 -0.150848
-0.236676 -0.150826
-0.23654 -0.150872
-0.236447 -0.150909
-0.23636 -0.150781
-0.236599 -0.150787
-0.236576 -0.151037
-0.236454 -0.150939
-0.236688 -0.150769
-0.23651 -0.151011
-0.236375 -0.150996
-0.236572 -0.150698
-0.236207 -0.150696
-0.235991 -0.150819
-0.236112 -0.150631
-0.236231 -0.150608
-0.236318 -0.150891
-0.236393 -0.150814
-0.236368 -0.150807
-0.236004 -0.150848
-0.236141 -0.150794
-0.236128 -0.150907
-0.235991 -0.15089
-0.236403 -0.150818
-0.236311 -0.151084
-0.236186 -0.151129
-0.236419 -0.150914
-0.236293 -0.151061
-0.236318 -0.151196
-0.23664 -0.151021
-0.236973 -0.15097
-0.236824 -0.151199
-0.236308 -0.151148
-0.236852 -0.150969
-0.236918 -0.15119
-0.236369 -0.151185
-0.237054 -0.151106
-0.236816 -0.151078
-0.236376 -0.151087
-0.236509 -0.151019
-0.236473 -0.151054
-0.23636 -0.150978
-0.236434 -0.151007
-0.23639 -0.15129
-0.236351 -0.151159
-0.236626 -0.151279
-0.236625 -0.151392
-0.236651 -0.151211
-0.236508 -0.151064
-0.236489 -0.151198
-0.236419 -0.151181
-0.236464 -0.151056
-0.236594 -0.151386
-0.236548 -0.151428
-0.236589 -0.151113
-0.236468 -0.151264
-0.236401 -0.151443
-0.236566 -0.151155
-0.236733 -0.151116
-0.236714 -0.151311
-0.236702 -0.151223
-0.236724 -0.150952
-0.236592 -0.151104
-0.236337 -0.151326
-0.23656 -0.151143
-0.236612 -0.151046
-0.236506 -0.151391
-0.236752 -0.15148
-0.236775 -0.151211
-0.236892 -0.15149
-0.237196 -0.151771
-0.237084 -0.151478
-0.236877 -0.151332
-0.236993 -0.151572
-0.236737 -0.151413
-0.23658 -0.151101
-0.236984 -0.151154
-0.237099 -0.151251
-0.236924 -0.151021
-0.237296 -0.15096
-0.237307 -0.151369
-0.236842 -0.151269
-0.236939 -0.151104
-0.23647 -0.151391
-0.236293 -0.151285
-0.236739 -0.151015
-0.236187 -0.151161
-0.236231 -0.151212
-0.236649 -0.150988
-0.236237 -0.15109
-0.23641 -0.151144
-0.236655 -0.151077
-0.235953 -0.151012
-0.236265 -0.15099
-0.236626 -0.151368
-0.23438 -0.149747
-0.227417 -0.143637
-0.227587 -0.144279
-0.227029 -0.144226
-0.227315 -0.143897
-0.227636 -0.143977
-0.227062 -0.144095
-0.227173 -0.143725
-0.227539 -0.143665
-0.227046 -0.143975
-0.227195 -0.143771
-0.227346 -0.143616
-0.226821 -0.143824
-0.227054 -0.143767
-0.227068 -0.143609
-0.226846 -0.143631
-0.22726 -0.143778
-0.227215 -0.143782
-0.22716 -0.143781
-0.227253 -0.143861
-0.22707 -0.14386
-0.227071 -0.143848
-0.227219 -0.143856
-0.227302 -0.143926
-0.227156 -0.143931
-0.227252 -0.143962
-0.227364 -0.14393
-0.227173 -0.143926
-0.227142 -0.143909
-0.227417 -0.143791
-0.227229 -0.143906
-0.227109 -0.14394
-0.227593 -0.143818
-0.227289 -0.144002
-0.226889 -0.144042
-0.227372 -0.143849
-0.227482 -0.144089
-0.227369 -0.14417
-0.227796 -0.143964
-0.227668 -0.144002
-0.227275 -0.14404
-0.227299 -0.143812
-0.227326 -0.143863
-0.227108 -0.143994
-0.22718 -0.143896
-0.227399 -0.144068
-0.227104 -0.144028
-0.22717 -0.14397
-0.22718 -0.143994
-0.227224 -0.143937
-0.227264 -0.144004
-0.22712 -0.143942
-0.227274 -0.143946
-0.227139 -0.14415
-0.227002 -0.144014
-0.227248 -0.14392
-0.227069 -0.144214
-0.227047 -0.144149
-0.227184 -0.143845
-0.227174 -0.144105
-0.227192 -0.144325
-0.226938 -0.144043
-0.226983 -0.144096
-0.227167 -0.144543
-0.226913 -0.144389
-0.227044 -0.144024
-0.227236 -0.144391
-0.22681 -0.144487
-0.226931 -0.144027
-0.227231 -0.144258
-0.226932 -0.144633
-0.227124 -0.144286
-0.227104 -0.144188
-0.226966 -0.144626
-0.227142 -0.144407
-0.226922 -0.144137
-0.226803 -0.144429
-0.227035 -0.144351
-0.226945 -0.144049
-0.226834 -0.144077
-0.227019 -0.144194
-0.22687 -0.143972
-0.2268 -0.143898
-0.226978 -0.144228
-0.226871 -0.144163
-0.226912 -0.144037
-0.226965 -0.144439
-0.226772 -0.144448
-0.226883 -0.144178
-0.226817 -0.144274
-0.226739 -0.144247
-0.226632 -0.143938
-0.22658 -0.143873
-0.226747 -0.144029
-0.226706 -0.143938
-0.226843 -0.143874
-0.226885 -0.143944
-0.226586 -0.143928
-0.226712 -0.143785
-0.226828 -0.143779
-0.226537 -0.143947
-0.226733 -0.143847
-0.22689 -0.143839
-0.226531 -0.144048
-0.226704 -0.144015
-0.226693 -0.143854
-0.226562 -0.143977
-0.22677 -0.144085
-0.226676 -0.143966
-0.226627 -0.143906
-0.226703 -0.144078
-0.226531 -0.144088
-0.226535 -0.143805
-0.226718 -0.143875
-0.226629 -0.144141
-0.226531 -0.143925
-0.226769 -0.143829
-0.226659 -0.144194
-0.226425 -0.144135
-0.226782 -0.143807
-0.226879 -0.144032
-0.226606 -0.144255
-0.226576 -0.143895
-0.226595 -0.143956
-0.226718 -0.144341
-0.22683 -0.144102
-0.22669 -0.143923
-0.226784 -0.144145
-0.226695 -0.144066
-0.22654 -0.143824
-0.22673 -0.144025
-0.226609 -0.144085
-0.226743 -0.143865
-0.226641 -0.143987
-0.226485 -0.144024
-0.226968 -0.143757
-0.226775 -0.143811
-0.226757 -0.143973
-0.227179 -0.14376
-0.2269 -0.143771
-0.226755 -0.144058
-0.227016 -0.143925
-0.227214 -0.143776
-0.2271 -0.143992
-0.227147 -0.144
-0.227394 -0.143731
-0.227015 -0.143785
-0.226641 -0.143993
-0.226587 -0.143793
-0.226634 -0.143796
-0.226654 -0.144088
-0.226608 -0.144036
-0.226814 -0.143868
-0.226791 -0.14399
-0.226544 -0.14407
-0.226821 -0.143819
-0.227067 -0.144078
-0.226564 -0.144304
-0.226588 -0.144039
-0.226739 -0.144248
-0.226488 -0.144492
-0.226634 -0.144218
-0.226637 -0.144221
-0.226506 -0.144541
-0.226526 -0.144293
-0.2266 -0.144093
-0.226505 -0.144296
-0.226534 -0.144153
-0.226597 -0.143814
-0.22641 -0.143913
-0.226303 -0.144069
-0.226426 -0.143864
-0.226449 -0.143856
-0.22638 -0.144141
-0.226376 -0.144031
-0.226416 -0.143904
-0.226406 -0.144115
-0.226353 -0.144117
-0.22636 -0.143982
-0.226517 -0.143983
-0.226481 -0.144165
-0.226381 -0.144103
-0.226641 -0.143993
-0.226484 -0.144288
-0.22628 -0.144222
-0.22659 -0.143984
-0.226392 -0.144078
-0.226324 -0.144116
-0.226376 -0.143874
-0.226236 -0.143854
-0.226362 -0.144106
-0.226443 -0.14407
-0.226431 -0.143929
-0.22639 -0.144102
-0.226431 -0.144223
-0.226389 -0.14402
-0.226162 -0.14397
-0.226275 -0.144058
-0.226382 -0.144032
-0.226036 -0.143781
-0.226293 -0.143827
-0.226226 -0.144195
-0.225853 -0.144035
-0.226287 -0.144018
-0.226213 -0.144378
-0.22608 -0.144235
-0.226187 -0.14392
-0.225928 -0.143894
-0.226053 -0.14405
-0.225891 -0.143854
-0.226048 -0.143853
-0.22628 -0.144391
-0.225984 -0.144357
-0.226354 -0.144185
-0.226285 -0.144433
-0.225992 -0.144365
-0.226217 -0.143965
-0.225988 -0.144052
-0.22597 -0.144313
-0.226169 -0.144041
-0.226011 -0.144153
-0.226053 -0.144507
-0.226185 -0.144294
-0.226136 -0.14415
-0.226204 -0.144282
-0.226033 -0.144246
-0.225947 -0.143965
-0.226146 -0.144022
-0.22579 -0.144224
-0.225905 -0.143939
-0.226159 -0.143942
-0.2258 -0.144186
-0.226036 -0.144025
-0.226102 -0.14395
-0.225949 -0.144074
-0.225863 -0.14407
-0.225858 -0.143896
-0.226284 -0.14396
-0.225992 -0.14409
-0.226012 -0.143881
-0.22634 -0.143979
-0.22567 -0.144082
-0.225916 -0.143935
-0.226117 -0.143985
-0.225906 -0.144036
-0.226261 -0.143909
-0.225869 -0.143862
-0.22585 -0.14388
-0.226084 -0.143819
-0.225613 -0.143845
-0.225767 -0.143718
-0.22604 -0.143805
-0.225579 -0.144008
-0.225782 -0.143765
-0.226005 -0.143979
-0.225704 -0.144215
-0.226132 -0.143937
-0.225986 -0.143816
-0.225836 -0.143917
-0.22604 -0.143812
-0.225704 -0.143573
-0.225903 -0.143873
-0.226111 -0.14411
-0.225985 -0.143915
-0.226105 -0.143938
-0.226347 -0.144007
-0.226465 -0.143888
-0.22634 -0.143677
-0.226477 -0.143815
-0.226131 -0.143905
-0.22595 -0.143721
-0.22627 -0.143802
-0.226058 -0.144009
-0.226208 -0.143865
-0.226483 -0.143761
-0.22615 -0.144006
-0.226093 -0.143873
-0.226164 -0.143632
-0.226043 -0.143866
-0.226264 -0.143891
-0.226486 -0.143737
-0.22642 -0.143872
-0.226356 -0.14393
-0.226314 -0.143826
-0.226311 -0.143744
-0.226282 -0.143766
-0.226066 -0.143778
