0 0
-0.0846744 -0.0778182
-0.165604 -0.153448
-0.24467 -0.229631
-0.319334 -0.294276
-0.392423 -0.363112
-0.462959 -0.429465
-0.530772 -0.494121
-0.595511 -0.555539
-0.658584 -0.613967
-0.715774 -0.672733
-0.774458 -0.727657
-0.826459 -0.779363
-0.877821 -0.828286
-0.924476 -0.878814
-0.970278 -0.918659
-1.00976 -0.964666
-1.0485 -1.00822
-1.084 -1.04153
-1.11211 -1.08119
-1.14506 -1.10871
-1.16552 -1.14417
-1.19121 -1.17126
-1.20799 -1.1965
-1.22374 -1.22253
-1.23638 -1.24339
-1.24913 -1.26527
-1.2393 -1.23692
-1.25323 -1.25546
-1.2662 -1.26999
-1.27057 -1.28643
-1.27392 -1.28651
-1.27135 -1.28197
-1.27308 -1.28082
-1.27023 -1.27805
-1.27349 -1.28233
-1.27093 -1.27689
-1.27317 -1.27772
-1.26898 -1.27758
-1.26963 -1.2797
-1.26796 -1.27497
-1.26891 -1.27307
-1.27028 -1.27219
-1.26749 -1.27109
-1.26883 -1.27315
-1.27073 -1.26789
-1.26942 -1.27059
-1.27242 -1.26864
-1.26513 -1.26716
-1.2709 -1.26742
-1.26437 -1.26957
-1.2709 -1.26022
-1.27016 -1.26538
-1.27045 -1.26116
-1.26675 -1.26032
-1.26893 -1.25896
-1.26434 -1.26356
-1.26791 -1.26498
-1.2677 -1.26537
-1.26603 -1.2645
-1.26244 -1.26528
-1.26318 -1.26296
-1.26711 -1.26394
-1.26776 -1.26154
-1.26827 -1.2599
-1.26486 -1.26076
-1.26629 -1.25707
-1.27245 -1.25826
-1.26583 -1.25848
-1.26575 -1.25539
-1.26875 -1.25827
-1.26652 -1.257
-1.26353 -1.25534
-1.26628 -1.25469
-1.26361 -1.256
-1.26565 -1.25397
-1.26748 -1.25483
-1.26433 -1.25579
-1.26439 -1.25212
-1.26512 -1.24837
-1.26453 -1.25018
-1.26278 -1.25128
-1.26708 -1.24843
-1.26638 -1.25189
-1.26201 -1.25163
-1.26578 -1.25105
-1.26619 -1.2468
-1.26356 -1.25294
-1.26282 -1.24773
-1.26259 -1.25018
-1.25764 -1.24969
-1.26492 -1.24639
-1.26164 -1.25161
-1.26194 -1.24513
-1.26687 -1.24978
-1.26237 -1.24526
-1.25887 -1.25144
-1.26097 -1.24449
-1.26307 -1.24887
-1.26048 -1.24567
-1.25956 -1.24757
-1.25677 -1.24884
-1.25775 -1.24675
-1.26078 -1.24424
-1.25683 -1.2422
-1.26019 -1.24787
-1.25476 -1.24307
-1.26135 -1.24257
-1.25514 -1.24302
-1.25548 -1.24135
-1.25777 -1.2442
-1.25808 -1.2398
-1.25714 -1.24014
-1.25877 -1.24281
-1.26073 -1.23645
-1.2605 -1.24084
-1.25682 -1.24213
-1.25646 -1.24042
-1.25399 -1.23957
-1.25727 -1.24374
-1.26056 -1.241
-1.25937 -1.23918
-1.26061 -1.23781
-1.2598 -1.24192
-1.25639 -1.23699
-1.25693 -1.24055
-1.25191 -1.24002
-1.25981 -1.23785
-1.25659 -1.23473
-1.25714 -1.24018
-1.25529 -1.23606
-1.25828 -1.23548
-1.25709 -1.23701
-1.2565 -1.2359
-1.25544 -1.23708
-1.25534 -1.23528
-1.25831 -1.23426
-1.25364 -1.23546
-1.25108 -1.23956
-1.25705 -1.232
-1.25347 -1.23505
-1.25359 -1.23528
-1.2532 -1.23238
-1.25272 -1.23515
-1.25453 -1.23417
-1.24943 -1.23469
-1.25772 -1.23344
-1.25702 -1.23296
-1.25559 -1.23048
-1.25699 -1.23298
-1.25633 -1.23128
-1.25436 -1.22947
-1.25554 -1.23527
-1.25355 -1.23177
-1.25371 -1.23184
-1.25406 -1.22801
-1.26328 -1.22797
-1.25437 -1.22587
-1.25767 -1.22685
-1.25524 -1.22506
-1.25375 -1.23061
-1.25242 -1.22466
-1.25617 -1.22495
-1.25645 -1.22706
-1.25553 -1.22468
-1.25706 -1.22377
-1.25389 -1.22588
-1.25654 -1.22514
-1.25384 -1.22151
-1.25793 -1.22191
-1.25242 -1.22303
-1.25621 -1.21716
-1.25253 -1.22267
-1.25431 -1.22076
-1.25471 -1.22263
-1.25391 -1.21801
-1.25281 -1.21922
-1.25498 -1.2148
-1.25408 -1.22281
-1.25131 -1.21113
-1.25054 -1.22213
-1.25335 -1.2166
-1.25261 -1.21801
-1.25267 -1.21906
-1.24751 -1.21894
-1.24981 -1.21965
-1.24748 -1.21755
-1.24969 -1.22424
-1.25015 -1.2188
-1.24786 -1.22216
-1.24675 -1.2215
-1.24786 -1.22249
-1.25125 -1.21748
-1.24519 -1.22554
-1.24571 -1.21781
-1.2467 -1.22069
-1.24682 -1.22179
-1.24641 -1.21849
-1.2464 -1.22353
-1.24467 -1.21676
-1.24388 -1.22077
-1.24406 -1.21879
-1.24445 -1.2191
-1.2408 -1.21936
-1.24445 -1.2181
-1.24318 -1.21768
-1.24426 -1.21882
-1.24486 -1.21281
-1.24466 -1.21648
-1.24379 -1.21771
-1.24387 -1.21528
-1.24582 -1.21787
-1.24095 -1.21455
-1.24143 -1.21935
-1.24205 -1.2153
-1.23946 -1.21565
-1.2436 -1.21935
-1.23957 -1.2161
-1.2422 -1.21732
-1.24206 -1.21591
-1.23901 -1.21457
-1.2406 -1.21438
-1.24317 -1.21539
-1.24261 -1.21338
-1.2375 -1.21838
-1.24198 -1.21243
-1.24045 -1.21779
-1.24005 -1.21468
-1.2378 -1.21678
-1.24194 -1.21545
-1.24116 -1.21589
-1.24149 -1.21446
-1.24384 -1.21122
-1.2394 -1.21533
-1.23785 -1.21217
-1.24033 -1.21466
-1.23655 -1.21486
-1.23525 -1.22003
-1.23606 -1.21475
-1.23795 -1.21548
-1.23337 -1.21488
-1.23449 -1.21495
-1.23481 -1.21725
-1.23427 -1.21471
-1.23502 -1.21777
-1.23657 -1.21287
-1.23617 -1.21431
-1.23433 -1.21414
-1.2343 -1.21679
-1.23842 -1.21239
-1.23134 -1.21803
-1.23506 -1.21165
-1.23535 -1.21482
-1.23614 -1.21549
-1.23588 -1.21776
-1.23559 -1.21382
-1.23363 -1.21414
-1.23519 -1.21578
-1.23448 -1.21531
-1.23381 -1.21467
-1.23187 -1.21133
-1.23422 -1.21214
-1.23195 -1.21353
-1.2336 -1.21241
-1.22958 -1.21361
-1.23798 -1.21211
-1.23279 -1.21437
-1.2326 -1.21539
-1.22997 -1.21554
-1.23403 -1.21303
-1.23067 -1.21579
-1.23239 -1.21711
-1.23306 -1.21582
-1.23243 -1.21341
-1.23158 -1.21593
-1.23396 -1.21456
-1.2307 -1.2126
-1.23247 -1.21345
-1.23274 -1.21513
-1.2311 -1.21405
-1.23236 -1.21084
-1.2321 -1.2136
-1.23047 -1.21665
-1.23131 -1.2118
-1.23041 -1.21623
-1.23007 -1.21106
-1.22927 -1.21395
-1.22908 -1.21038
-1.23036 -1.21354
-1.22863 -1.21486
-1.22869 -1.212
-1.23339 -1.21131
-1.22715 -1.2133
-1.23254 -1.20893
-1.22864 -1.20911
-1.22779 -1.21491
-1.23139 -1.21202
-1.23096 -1.21256
-1.22635 -1.21171
-1.22981 -1.21106
-1.23027 -1.21045
-1.22491 -1.2143
-1.22922 -1.20906
-1.22997 -1.21306
-1.22867 -1.21139
-1.22665 -1.20925
-1.22827 -1.20871
-1.22955 -1.21052
-1.22597 -1.20795
-1.22432 -1.20981
-1.22825 -1.21162
-1.22587 -1.20762
-1.22454 -1.20952
-1.22873 -1.20523
-1.22776 -1.21118
-1.22522 -1.20739
-1.22543 -1.21079
-1.22731 -1.20413
-1.22774 -1.20786
-1.22316 -1.20902
-1.22598 -1.20783
-1.22417 -1.21016
-1.22138 -1.2109
-1.2272 -1.20948
-1.2223 -1.20755
-1.22598 -1.21097
-1.22567 -1.20533
-1.22272 -1.21138
-1.22316 -1.20509
-1.22632 -1.20773
-1.22283 -1.20903
-1.22238 -1.20904
-1.22573 -1.21384
-1.22174 -1.207
-1.22117 -1.21336
-1.22181 -1.21063
-1.21821 -1.21249
-1.22189 -1.20559
-1.2199 -1.21253
-1.22413 -1.20837
-1.22309 -1.21068
-1.21917 -1.20632
-1.2231 -1.20688
-1.22165 -1.20967
-1.22184 -1.20489
-1.21926 -1.20977
-1.21982 -1.2072
-1.22014 -1.20747
-1.21675 -1.20674
-1.22 -1.20708
-1.21986 -1.20603
-1.21978 -1.20921
-1.22173 -1.20574
-1.21602 -1.20679
-1.22113 -1.20789
-1.21833 -1.20513
-1.21849 -1.21143
-1.21781 -1.20806
-1.21682 -1.21214
-1.21893 -1.20831
-1.22002 -1.21052
-1.21922 -1.20723
-1.2224 -1.20555
-1.21884 -1.20563
-1.22053 -1.20595
-1.21878 -1.2058
-1.21998 -1.20675
-1.21802 -1.20851
-1.21559 -1.20665
-1.2196 -1.207
-1.21555 -1.20928
-1.2196 -1.20765
-1.21965 -1.20652
-1.21983 -1.20497
-1.21876 -1.20416
-1.21901 -1.20609
-1.21902 -1.20484
-1.21787 -1.20632
-1.21653 -1.20623
-1.21514 -1.20857
-1.21371 -1.20594
-1.21072 -1.20974
-1.21392 -1.20789
-1.21464 -1.20674
-1.21155 -1.21099
-1.21319 -1.20368
-1.21155 -1.20913
-1.21514 -1.20383
-1.21392 -1.20475
-1.21294 -1.20661
-1.21393 -1.20529
-1.21344 -1.20925
-1.21204 -1.20621
-1.21251 -1.20654
-1.2107 -1.20679
-1.21443 -1.20812
-1.21205 -1.20383
-1.21496 -1.2089
-1.21408 -1.20484
-1.21406 -1.20207
-1.21414 -1.20533
-1.21608 -1.20411
-1.21376 -1.20293
-1.20998 -1.20485
-1.21225 -1.20949
-1.2107 -1.20601
-1.18557 -1.16607
-1.18316 -1.15555
-1.18443 -1.15175
-1.18637 -1.15346
-1.18311 -1.14922
-1.18707 -1.15397
-1.19108 -1.15085
-1.18564 -1.1548
-1.18469 -1.15244
-1.18348 -1.15298
-1.18675 -1.15327
-1.18428 -1.15261
-1.18707 -1.15284
-1.18428 -1.15354
-1.18718 -1.15206
-1.1852 -1.15253
-1.18909 -1.14972
-1.18892 -1.15241
-1.18533 -1.15268
-1.18803 -1.15028
-1.18327 -1.15448
-1.18746 -1.15154
-1.1848 -1.15562
-1.18485 -1.15011
-1.18816 -1.15409
-1.18315 -1.15355
-1.18829 -1.15187
-1.18487 -1.15179
-1.18545 -1.14929
-1.18859 -1.14963
-1.18526 -1.15052
-1.18572 -1.14898
-1.18517 -1.1476
-1.18847 -1.15245
-1.1841 -1.14823
-1.18277 -1.15079
-1.18578 -1.15061
-1.18534 -1.14981
-1.18238 -1.15297
-1.18419 -1.14935
-1.18307 -1.15164
-1.18327 -1.14975
-1.18544 -1.15071
-1.18266 -1.15172
-1.1829 -1.15094
-1.18304 -1.14915
-1.18005 -1.15125
-1.18038 -1.15097
-1.18302 -1.1475
-1.18348 -1.15555
-1.18195 -1.15029
-1.18199 -1.15084
-1.18258 -1.15044
-1.18478 -1.15019
-1.18028 -1.15018
-1.18352 -1.15068
-1.18116 -1.14941
-1.18305 -1.15053
-1.1828 -1.14667
-1.18242 -1.1523
-1.18381 -1.14738
-1.18152 -1.14839
-1.18338 -1.14885
-1.18546 -1.1495
-1.1814 -1.14821
-1.1816 -1.14853
-1.1808 -1.14765
-1.1832 -1.14687
-1.18152 -1.14641
-1.18063 -1.14803
-1.18588 -1.14849
-1.18026 -1.14784
-1.18222 -1.14887
-1.18151 -1.14749
-1.17915 -1.1491
-1.18013 -1.14826
-1.18099 -1.14962
-1.18249 -1.14778
-1.18519 -1.14614
-1.17873 -1.14947
-1.18252 -1.1477
-1.18199 -1.14929
-1.1808 -1.14985
-1.18137 -1.14796
-1.18102 -1.14939
-1.17886 -1.15062
-1.18172 -1.14747
-1.17917 -1.14894
-1.18118 -1.15058
-1.18109 -1.14939
-1.1798 -1.14744
-1.17797 -1.15103
-1.1786 -1.14758
-1.17592 -1.15146
-1.17989 -1.14823
-1.17798 -1.15184
-1.17495 -1.1479
-1.17867 -1.15103
-1.17793 -1.14809
-1.17865 -1.15113
-1.1764 -1.14831
-1.1805 -1.14908
-1.18152 -1.14952
-1.17929 -1.14867
-1.17445 -1.15181
-1.17917 -1.14846
-1.17765 -1.15313
-1.17821 -1.14924
-1.17717 -1.15039
-1.17852 -1.14907
-1.17792 -1.14908
-1.18208 -1.14563
-1.17741 -1.1516
-1.18333 -1.14528
-1.18033 -1.15167
-1.17841 -1.14665
-1.17999 -1.14883
-1.17906 -1.1488
-1.17948 -1.14905
-1.17861 -1.14863
-1.17737 -1.14718
-1.17826 -1.1486
-1.17918 -1.14613
-1.17794 -1.14716
-1.18113 -1.14441
-1.17762 -1.14741
-1.18121 -1.14551
-1.17951 -1.14475
-1.17852 -1.14799
-1.17819 -1.14606
-1.17792 -1.14659
-1.17699 -1.14499
-1.17863 -1.14747
-1.17639 -1.14869
-1.17896 -1.14842
-1.17664 -1.14788
-1.17761 -1.14753
-1.17886 -1.15126
-1.17684 -1.1497
-1.17659 -1.14536
-1.17804 -1.1491
-1.177 -1.14788
-1.17771 -1.14691
-1.17861 -1.14732
-1.17292 -1.15098
-1.17815 -1.14374
-1.1755 -1.14869
-1.17542 -1.14625
-1.177 -1.14681
-1.17673 -1.14802
-1.17462 -1.14854
-1.17584 -1.149
-1.17429 -1.14735
-1.17568 -1.14836
-1.17308 -1.14813
-1.1748 -1.14879
-1.17351 -1.14844
-1.17024 -1.14774
-1.17376 -1.14773
-1.17422 -1.14584
-1.17416 -1.14873
-1.17389 -1.14729
-1.17565 -1.15073
-1.17236 -1.14625
-1.17345 -1.15035
-1.17675 -1.14573
-1.17372 -1.14555
-1.17252 -1.14903
-1.17178 -1.14444
-1.17438 -1.14794
-1.17032 -1.14286
-1.17368 -1.14517
-1.17512 -1.14434
-1.17368 -1.1443
-1.17678 -1.14277
-1.17423 -1.14639
-1.17417 -1.14259
-1.1752 -1.14433
-1.17447 -1.14267
-1.17613 -1.14249
-1.17372 -1.14667
-1.17541 -1.14594
-1.17301 -1.14381
-1.17705 -1.14335
-1.17862 -1.14318
-1.17719 -1.14397
-1.1763 -1.14267
-1.17688 -1.14381
-1.1804 -1.14273
-1.17383 -1.14418
-1.17778 -1.143
-1.17539 -1.14262
-1.17869 -1.14344
-1.17814 -1.14406
-1.17623 -1.14266
-1.17727 -1.14319
-1.17797 -1.14061
-1.17349 -1.14445
-1.17812 -1.13867
-1.17512 -1.14515
-1.17606 -1.13942
-1.17637 -1.14222
-1.17773 -1.14105
-1.17745 -1.14435
-1.17635 -1.14237
-1.17542 -1.14506
-1.17722 -1.14125
-1.1769 -1.1451
-1.17703 -1.14388
-1.17898 -1.14153
-1.17512 -1.14349
-1.17571 -1.14102
-1.1781 -1.14175
-1.17634 -1.14244
-1.17687 -1.13945
-1.17662 -1.14135
-1.17412 -1.14485
-1.17612 -1.13852
-1.17989 -1.13931
-1.17443 -1.13831
-1.17643 -1.14259
-1.17454 -1.14141
-1.17695 -1.14194
-1.17886 -1.1416
-1.17496 -1.1402
-1.1769 -1.14304
-1.17991 -1.13806
-1.17578 -1.14218
-1.1748 -1.13618
-1.17841 -1.13822
-1.17608 -1.14123
-1.17899 -1.13681
-1.17631 -1.13951
-1.176 -1.13968
-1.1753 -1.14149
-1.17681 -1.13966
-1.17764 -1.13936
-1.17668 -1.14165
-1.17694 -1.14251
-1.17482 -1.14137
-1.17686 -1.14148
-1.17628 -1.14061
-1.17377 -1.13897
-1.17509 -1.14215
-1.17809 -1.13667
-1.17447 -1.14157
-1.17709 -1.13804
-1.17718 -1.14094
-1.17862 -1.13541
-1.17659 -1.14082
-1.17529 -1.14012
-1.17345 -1.14099
-1.17575 -1.13997
-1.17215 -1.14246
-1.17245 -1.1424
-1.17323 -1.14181
-1.1746 -1.13876
-1.1728 -1.1406
-1.17693 -1.14014
-1.17291 -1.13897
-1.17539 -1.13894
-1.17438 -1.14309
-1.17357 -1.13876
-1.17147 -1.13948
-1.17396 -1.13882
-1.17037 -1.14189
-1.17187 -1.13913
-1.17402 -1.13648
-1.17103 -1.14417
-1.17286 -1.13517
-1.17076 -1.13926
-1.16972 -1.14006
-1.16995 -1.139
-1.17159 -1.1387
-1.17094 -1.13827
-1.17218 -1.13621
-1.17133 -1.14076
-1.17264 -1.13511
-1.17133 -1.13932
-1.17219 -1.13702
-1.17134 -1.13736
-1.16871 -1.13938
-1.17118 -1.14042
-1.17025 -1.13644
-1.16741 -1.13859
-1.17114 -1.1366
-1.16987 -1.13875
-1.17285 -1.13648
-1.16745 -1.13791
-1.16979 -1.13712
-1.17 -1.13748
-1.17174 -1.13696
-1.17148 -1.13654
-1.17082 -1.13667
-1.16711 -1.13615
-1.17296 -1.13418
-1.16812 -1.13714
-1.17401 -1.13339
-1.16758 -1.13629
-1.1689 -1.13232
-1.17085 -1.13866
-1.1694 -1.13482
-1.16853 -1.13668
-1.16778 -1.13348
-1.16998 -1.13919
-1.16711 -1.13292
-1.16962 -1.13514
-1.16657 -1.1346
-1.16708 -1.13653
-1.16825 -1.13604
-1.16763 -1.13602
-1.16928 -1.13596
-1.16547 -1.13752
-1.16727 -1.13634
-1.1676 -1.13779
-1.17022 -1.13611
-1.16967 -1.13755
-1.16804 -1.13451
-1.16945 -1.13688
-1.17173 -1.13222
-1.16915 -1.13719
-1.16885 -1.13467
-1.17053 -1.13771
-1.16883 -1.13731
-1.16519 -1.13798
-1.16925 -1.13441
-1.16516 -1.139
-1.16978 -1.13589
-1.16108 -1.13689
-1.1672 -1.13419
-1.16558 -1.13902
-1.16535 -1.13557
-1.16539 -1.13523
-1.16902 -1.13462
-1.16552 -1.13723
-1.16695 -1.13302
-1.16505 -1.13684
-1.16642 -1.13468
-1.16772 -1.1368
-1.16761 -1.133
-1.16912 -1.13607
-1.16699 -1.13245
-1.16631 -1.13648
-1.16605 -1.13399
-1.16342 -1.13805
-1.16486 -1.13329
-1.16483 -1.13737
-1.16695 -1.13411
-1.1626 -1.13525
-1.1666 -1.13068
-1.16627 -1.13834
-1.16541 -1.13253
-1.16486 -1.1364
-1.16275 -1.13372
-1.16455 -1.13407
-1.16337 -1.13485
-1.16595 -1.13248
-1.16409 -1.13355
-1.16594 -1.13346
-1.16442 -1.13196
-1.16786 -1.13052
-1.16471 -1.13028
-1.16598 -1.13246
-1.16506 -1.13314
-1.16444 -1.13302
-1.16428 -1.13183
-1.16965 -1.13314
-1.16323 -1.13399
-1.16667 -1.13156
-1.16656 -1.13166
-1.16476 -1.13178
-1.16478 -1.13354
-1.16209 -1.13397
-1.1618 -1.13307
-1.16365 -1.13421
-1.16372 -1.13155
-1.16528 -1.13426
-1.16625 -1.13135
-1.16242 -1.13383
-1.16669 -1.1326
-1.16236 -1.13374
-1.16488 -1.13317
-1.16232 -1.13351
-1.16372 -1.1331
-1.16475 -1.13226
-1.16514 -1.13121
-1.1638 -1.13313
-1.16638 -1.13048
-1.16354 -1.13256
-1.16531 -1.12901
-1.16233 -1.13228
-1.16646 -1.13266
-1.16445 -1.12947
-1.16092 -1.13424
-1.1637 -1.13365
-1.16382 -1.12859
-1.16125 -1.13122
-1.16457 -1.13382
-1.16156 -1.13023
-1.16412 -1.1346
-1.16226 -1.13026
-1.16192 -1.13332
-1.16313 -1.13362
-1.16349 -1.13282
-1.16332 -1.13613
-1.16272 -1.13234
-1.16323 -1.13218
-1.16327 -1.13487
-1.16346 -1.1336
-1.1636 -1.13158
-1.16124 -1.13514
-1.16284 -1.13556
-1.16104 -1.13314
-1.16112 -1.13521
-1.16102 -1.13596
-1.16012 -1.13413
-1.15755 -1.13643
-1.16168 -1.13524
-1.15921 -1.13681
-1.15955 -1.1317
-1.16256 -1.13747
-1.15836 -1.13144
-1.16235 -1.13421
-1.16181 -1.13195
-1.15844 -1.13472
-1.16072 -1.13157
-1.16101 -1.1323
-1.15703 -1.13644
-1.15734 -1.13168
-1.15769 -1.13675
-1.15838 -1.1356
-1.15975 -1.1323
-1.15916 -1.1322
-1.16135 -1.1322
-1.16171 -1.1306
-1.16126 -1.1331
-1.16217 -1.13188
-1.15919 -1.13617
-1.1634 -1.12872
-1.159 -1.13421
-1.15874 -1.13458
-1.16292 -1.13378
-1.16175 -1.13067
-1.16071 -1.1324
-1.16175 -1.13097
-1.16145 -1.13406
-1.16218 -1.13129
-1.1599 -1.13319
-1.16207 -1.13205
-1.15583 -1.13315
-1.16198 -1.13136
-1.15887 -1.13184
-1.16042 -1.12928
-1.15893 -1.13035
-1.16163 -1.1321
-1.1595 -1.13127
-1.15934 -1.12898
-1.15592 -1.1332
-1.15801 -1.13252
-1.15722 -1.13139
-1.15804 -1.1327
-1.157 -1.13169
-1.15829 -1.13044
-1.15842 -1.12926
-1.16201 -1.13204
-1.16349 -1.12718
-1.15833 -1.12894
-1.16027 -1.1314
-1.15971 -1.12939
-1.1569 -1.13136
-1.15955 -1.13091
-1.15765 -1.13377
-1.15895 -1.13139
-1.15804 -1.13084
-1.15639 -1.13232
-1.16115 -1.12976
-1.15836 -1.12967
-1.1545 -1.13272
-1.15667 -1.12829
-1.15627 -1.13248
-1.15688 -1.13123
-1.15692 -1.13082
-1.15867 -1.1284
-1.15711 -1.1321
-1.15909 -1.12566
-1.15985 -1.13037
-1.15922 -1.12604
-1.15524 -1.1285
-1.15878 -1.12761
-1.15601 -1.12989
-1.15788 -1.12881
-1.15447 -1.13004
-1.15668 -1.1314
-1.15434 -1.13015
-1.15902 -1.13015
-1.15761 -1.12895
-1.15837 -1.12565
-1.15684 -1.13173
-1.15725 -1.1278
-1.15553 -1.13055
-1.1578 -1.12643
-1.15811 -1.12965
-1.15609 -1.12825
-1.15801 -1.12756
-1.15474 -1.12906
-1.15723 -1.12731
-1.15695 -1.12814
-1.15556 -1.12823
-1.15357 -1.12948
-1.1569 -1.12634
-1.15735 -1.12915
-1.15805 -1.12636
-1.15639 -1.12708
-1.15609 -1.12757
-1.15513 -1.12892
-1.15583 -1.12794
-1.15684 -1.12814
-1.15615 -1.12851
-1.15528 -1.12802
-1.1559 -1.12709
-1.15714 -1.12265
-1.15569 -1.12781
-1.15657 -1.12743
-1.15506 -1.1258
-1.15692 -1.12713
-1.15464 -1.13026
-1.15438 -1.12485
-1.15261 -1.12791
-1.1575 -1.12594
-1.15426 -1.13039
-1.15965 -1.12299
-1.15621 -1.12869
-1.15694 -1.1265
-1.1568 -1.12533
-1.1553 -1.12953
-1.15887 -1.126
-1.15761 -1.12724
-1.15592 -1.1273
-1.15763 -1.12931
-1.15818 -1.12753
-1.15701 -1.12861
-1.15614 -1.12528
-1.15639 -1.1293
-1.15812 -1.1261
-1.15471 -1.12837
-1.15777 -1.12607
-1.1562 -1.12996
-1.15395 -1.12914
-1.15745 -1.12794
-1.15475 -1.1295
-1.15393 -1.12652
-1.15652 -1.12841
-1.15809 -1.12579
-1.15545 -1.12823
-1.15673 -1.12594
-1.1563 -1.12824
-1.1566 -1.12473
-1.16045 -1.12709
-1.15754 -1.12522
-1.15574 -1.12735
-1.15929 -1.12484
-1.15792 -1.12626
-1.15927 -1.12643
-1.15381 -1.1278
-1.15849 -1.12555
-1.15597 -1.12429
-1.15935 -1.12828
-1.15814 -1.12309
-1.15813 -1.12581
-1.15668 -1.1276
-1.15497 -1.12667
-1.1553 -1.12792
-1.15558 -1.12923
-1.15544 -1.12844
-1.15714 -1.12711
-1.15489 -1.12754
-1.15607 -1.12956
-1.15769 -1.12967
-1.15491 -1.12808
-1.15423 -1.12752
-1.15545 -1.1302
-1.15341 -1.12945
-1.15574 -1.13079
-1.15388 -1.12756
-1.15252 -1.12633
-1.15384 -1.13016
-1.1551 -1.12716
-1.15582 -1.1274
-1.15407 -1.12467
-1.15554 -1.12865
-1.1524 -1.12577
-1.15291 -1.12622
-1.15406 -1.12787
-1.15098 -1.12465
-1.15318 -1.12848
-1.15124 -1.12927
-1.15171 -1.12814
-1.15255 -1.12773
-1.15347 -1.12798
-1.15482 -1.12753
-1.15185 -1.12376
-1.15415 -1.12802
-1.15278 -1.12851
-1.15309 -1.12518
-1.15177 -1.13068
-1.14942 -1.12618
-1.15436 -1.12644
-1.15174 -1.12658
-1.1528 -1.12561
-1.15277 -1.12647
-1.15165 -1.12496
-1.15199 -1.12723
-1.15029 -1.1246
-1.15104 -1.12965
-1.15222 -1.12582
-1.15155 -1.12795
-1.15293 -1.12573
-1.15352 -1.12751
-1.15156 -1.12679
-1.15258 -1.12662
-1.15234 -1.12536
-1.15061 -1.12648
-1.15088 -1.12462
-1.15142 -1.12674
-1.15318 -1.12265
-1.1531 -1.12731
-1.15125 -1.12535
-1.15024 -1.12891
-1.15161 -1.12922
-1.15242 -1.12856
-1.15184 -1.12678
-1.14986 -1.12679
-1.15309 -1.12429
-1.14846 -1.12718
-1.15299 -1.1236
-1.15018 -1.12683
-1.15365 -1.1257
-1.15052 -1.12401
-1.15052 -1.12495
-1.15109 -1.12675
-1.15028 -1.12702
-1.1493 -1.12537
-1.15113 -1.12572
-1.15079 -1.12541
-1.14966 -1.12717
-1.14893 -1.12549
-1.14787 -1.12685
-1.15122 -1.12751
-1.14998 -1.12555
-1.15171 -1.12673
-1.14544 -1.12566
-1.14985 -1.12568
-1.14897 -1.12514
-1.1507 -1.12631
-1.14948 -1.1246
-1.14986 -1.12511
-1.14896 -1.12608
-1.1485 -1.12549
-1.14766 -1.12758
-1.14969 -1.12651
-1.1501 -1.12522
-1.1471 -1.12539
-1.14714 -1.12582
-1.14844 -1.12608
-1.14714 -1.1261
-1.1472 -1.12685
-1.15021 -1.12411
-1.14717 -1.1248
-1.14931 -1.12368
-1.14751 -1.12581
-1.1503 -1.12323
-1.14663 -1.12586
-1.14848 -1.12376
-1.1466 -1.12422
-1.14615 -1.12649
-1.14785 -1.1254
-1.14737 -1.12305
-1.14852 -1.12541
-1.14713 -1.12281
-1.14947 -1.12636
-1.14903 -1.12373
-1.14923 -1.1221
-1.14791 -1.12212
-1.14863 -1.1234
-1.14762 -1.12489
-1.15045 -1.12226
-1.14696 -1.12279
-1.14866 -1.12409
-1.14895 -1.12508
-1.15105 -1.12207
-1.14907 -1.12066
-1.14619 -1.12519
-1.14743 -1.11983
-1.14702 -1.12376
-1.14648 -1.12091
-1.14625 -1.12298
-1.14612 -1.12406
-1.14898 -1.12168
-1.14382 -1.12512
-1.14626 -1.12255
-1.14522 -1.12358
-1.14533 -1.12424
-1.14774 -1.12082
-1.14511 -1.12482
-1.14684 -1.12069
-1.14608 -1.12329
-1.14609 -1.12072
-1.14658 -1.1219
-1.14571 -1.12232
-1.14681 -1.12279
-1.1462 -1.1217
-1.14686 -1.12137
-1.14974 -1.11951
-1.1467 -1.1198
-1.14887 -1.12235
-1.148 -1.11928
-1.14884 -1.12202
-1.14611 -1.11951
-1.14588 -1.12301
-1.14716 -1.12094
-1.14829 -1.12063
-1.14665 -1.12389
-1.14812 -1.11752
-1.14524 -1.12241
-1.15029 -1.11822
-1.14455 -1.12178
-1.14471 -1.1196
-1.14884 -1.12317
-1.1443 -1.12304
-1.14547 -1.12348
-1.14521 -1.12062
-1.14452 -1.12415
-1.14702 -1.11839
-1.14452 -1.12142
-1.14544 -1.12154
-1.14488 -1.11922
-1.14315 -1.12283
-1.14216 -1.12387
-1.14387 -1.12068
-1.14381 -1.12198
-1.14287 -1.12203
-1.14372 -1.12243
-1.14543 -1.11704
-1.1447 -1.12037
-1.14276 -1.11977
-1.14382 -1.118
-1.14281 -1.11916
-1.1425 -1.12022
-1.14398 -1.11962
-1.14279 -1.1202
-1.14412 -1.11866
-1.14306 -1.12119
-1.14634 -1.11726
-1.14613 -1.11743
-1.14424 -1.1207
-1.14452 -1.11776
-1.14308 -1.11932
-1.14359 -1.11815
-1.1437 -1.12358
-1.14169 -1.12067
-1.14152 -1.12148
-1.1416 -1.12164
-1.14483 -1.12063
-1.14754 -1.1181
-1.14271 -1.11672
-1.14277 -1.12107
-1.14341 -1.11816
-1.14287 -1.11964
-1.14221 -1.11939
-1.14343 -1.11983
-1.13928 -1.12234
-1.14313 -1.11862
-1.14458 -1.12292
-1.14113 -1.12006
-1.14853 -1.11667
-1.14318 -1.12108
-1.14369 -1.11925
-1.14396 -1.11804
-1.14144 -1.11886
-1.14398 -1.12119
-1.14054 -1.11765
-1.13955 -1.127
-1.14215 -1.11659
-1.14299 -1.12003
-1.14321 -1.12141
-1.14607 -1.11627
-1.14126 -1.12055
-1.14241 -1.11873
-1.14288 -1.11693
-1.14357 -1.11957
-1.14278 -1.11796
-1.14014 -1.11953
-1.1426 -1.12032
-1.14158 -1.116
-1.13951 -1.12003
-1.1403 -1.12059
-1.14234 -1.11805
-1.13946 -1.12167
-1.14061 -1.11783
-1.14472 -1.11799
-1.14052 -1.1198
-1.14437 -1.11638
-1.14308 -1.11989
-1.14045 -1.11803
-1.13993 -1.12021
-1.14097 -1.11511
-1.14018 -1.12068
-1.14304 -1.11619
-1.14188 -1.11955
-1.13991 -1.11728
-1.14229 -1.12055
-1.14284 -1.11758
-1.14072 -1.11703
-1.13977 -1.12144
-1.14204 -1.11717
-1.14159 -1.11839
-1.13925 -1.12124
-1.14324 -1.11404
-1.13973 -1.12139
-1.14443 -1.11475
-1.14341 -1.12035
-1.14252 -1.11658
-1.14395 -1.11322
-1.14055 -1.11724
-1.1427 -1.11634
-1.14221 -1.11559
-1.14059 -1.11749
-1.14174 -1.11691
-1.13954 -1.11556
-1.14061 -1.11797
-1.13913 -1.11552
-1.14273 -1.11764
-1.14088 -1.11776
-1.14392 -1.11497
-1.14136 -1.11718
-1.14334 -1.11458
-1.14424 -1.1132
-1.14084 -1.11774
-1.14428 -1.11483
-1.13867 -1.11779
-1.13894 -1.11611
-1.14256 -1.11791
-1.13879 -1.11734
-1.14277 -1.11496
-1.13993 -1.11716
-1.14277 -1.11206
-1.14139 -1.11513
-1.14238 -1.1148
-1.14239 -1.11593
-1.14051 -1.11479
-1.1402 -1.11824
-1.14111 -1.11258
-1.14085 -1.11843
-1.14277 -1.11259
-1.13932 -1.11736
-1.14123 -1.11515
-1.14319 -1.11274
-1.14287 -1.11591
-1.14294 -1.11305
-1.14064 -1.11797
-1.14128 -1.11505
-1.14068 -1.11642
-1.13809 -1.11609
-1.14066 -1.11707
-1.14037 -1.11695
-1.13981 -1.11407
-1.13809 -1.11721
-1.14137 -1.11485
-1.14249 -1.11385
-1.13884 -1.1157
-1.14261 -1.11503
-1.13993 -1.11425
-1.13966 -1.11766
-1.14122 -1.11413
-1.13867 -1.11706
-1.13925 -1.11605
-1.14292 -1.11568
-1.14062 -1.11315
-1.13888 -1.11691
-1.14064 -1.11558
-1.14304 -1.11445
-1.14027 -1.11538
-1.14197 -1.11616
-1.14073 -1.11216
-1.13821 -1.11698
-1.14214 -1.11266
-1.13765 -1.1174
-1.13976 -1.1119
-1.14259 -1.11512
-1.14363 -1.11249
-1.14343 -1.11225
-1.14184 -1.11505
-1.14179 -1.11112
-1.14032 -1.11197
-1.14129 -1.11101
-1.14049 -1.11423
-1.14026 -1.11158
-1.13982 -1.11373
-1.1393 -1.11232
-1.14283 -1.11083
-1.14147 -1.11299
-1.14194 -1.11342
-1.14262 -1.11147
-1.14229 -1.11411
-1.14019 -1.11538
-1.14181 -1.11151
-1.1395 -1.11522
-1.14044 -1.11234
-1.14205 -1.11519
-1.13904 -1.11391
-1.14239 -1.11349
-1.13979 -1.11313
-1.14186 -1.11451
-1.14205 -1.11211
-1.14094 -1.11245
-1.13974 -1.11468
-1.13869 -1.11574
-1.14106 -1.11172
-1.14161 -1.11495
-1.13814 -1.11487
-1.1385 -1.11551
-1.13873 -1.11322
-1.13983 -1.11403
-1.13882 -1.11461
-1.14027 -1.11478
-1.13834 -1.11398
-1.1382 -1.11415
-1.14004 -1.11498
-1.13607 -1.11439
-1.13819 -1.11345
-1.13862 -1.11324
-1.13716 -1.11279
-1.13911 -1.11456
-1.13969 -1.10903
-1.13933 -1.11354
-1.13725 -1.11085
-1.13846 -1.11398
-1.13574 -1.11153
-1.13584 -1.11635
-1.14023 -1.11028
-1.13646 -1.11145
-1.13999 -1.11225
-1.13582 -1.10925
-1.13601 -1.11354
-1.13893 -1.11134
-1.13761 -1.11332
-1.13571 -1.11165
-1.13533 -1.11117
-1.13754 -1.11303
-1.13352 -1.11154
-1.13573 -1.11361
-1.13778 -1.10883
-1.13415 -1.1125
-1.13927 -1.10777
-1.13501 -1.11082
-1.13767 -1.1085
-1.13818 -1.11015
-1.13557 -1.111
-1.13535 -1.10988
-1.13576 -1.11216
-1.13674 -1.1123
-1.1354 -1.10977
-1.13472 -1.11295
-1.13422 -1.11129
-1.13553 -1.11202
-1.13506 -1.11163
-1.13766 -1.10997
-1.13796 -1.11163
-1.13693 -1.11012
-1.13619 -1.11038
-1.13511 -1.11382
-1.13851 -1.10802
-1.13502 -1.11296
-1.13783 -1.11235
-1.13605 -1.11181
-1.13878 -1.11256
-1.13672 -1.11264
-1.13509 -1.1118
-1.13575 -1.11213
-1.13792 -1.11001
-1.13636 -1.11423
-1.13568 -1.1094
-1.13693 -1.1146
-1.13694 -1.11025
-1.13991 -1.11177
-1.13526 -1.1104
-1.13699 -1.11197
-1.13447 -1.11321
-1.13925 -1.10838
-1.13444 -1.11302
-1.13522 -1.11033
-1.13658 -1.11481
-1.13544 -1.11046
-1.13455 -1.11461
-1.13378 -1.11466
-1.13371 -1.11419
-1.13398 -1.11309
-1.13517 -1.11092
-1.13918 -1.10858
-1.13416 -1.11152
-1.13622 -1.10905
-1.13702 -1.11068
-1.13643 -1.10889
-1.13687 -1.10984
-1.13706 -1.10973
-1.13469 -1.10983
-1.13507 -1.11212
-1.13504 -1.10873
-1.13599 -1.1121
-1.13564 -1.10714
-1.13584 -1.10995
-1.13618 -1.10945
-1.1362 -1.11241
-1.13261 -1.11248
-1.13424 -1.10908
-1.13457 -1.11176
-1.13368 -1.11161
-1.13339 -1.11168
-1.13649 -1.10803
-1.13809 -1.11135
-1.13515 -1.10691
-1.13367 -1.11089
-1.13837 -1.1091
-1.13537 -1.10696
-1.13474 -1.11129
-1.13429 -1.11044
-1.13556 -1.11064
-1.13266 -1.11235
-1.13538 -1.10862
-1.13712 -1.10971
-1.13452 -1.11078
-1.13512 -1.11083
-1.13297 -1.11023
-1.1336 -1.11101
-1.13277 -1.11016
-1.13541 -1.10841
-1.13471 -1.10915
-1.13379 -1.10951
-1.13527 -1.10671
-1.13469 -1.10754
-1.13736 -1.10892
-1.13327 -1.11019
-1.13515 -1.10939
-1.13463 -1.10557
-1.13473 -1.10675
-1.13537 -1.10981
-1.1325 -1.10609
-1.13217 -1.10975
-1.13198 -1.10899
-1.13451 -1.10885
-1.13116 -1.10693
-1.13283 -1.1067
-1.1334 -1.10893
-1.13503 -1.10871
-1.13449 -1.10753
-1.13137 -1.10811
-1.13567 -1.10573
-1.13601 -1.10771
-1.13174 -1.1094
-1.1369 -1.10572
-1.12971 -1.10804
-1.13369 -1.1082
-1.13264 -1.10725
-1.13256 -1.10919
-1.13282 -1.10621
-1.13327 -1.10611
-1.13266 -1.1074
-1.13452 -1.10398
-1.13366 -1.10487
-1.13174 -1.10774
-1.13157 -1.10533
-1.13039 -1.1072
-1.12962 -1.10722
-1.13562 -1.10794
-1.12931 -1.10933
-1.1325 -1.10548
-1.13406 -1.10606
-1.13073 -1.10778
-1.13515 -1.10762
-1.13352 -1.10645
-1.13553 -1.10707
-1.13537 -1.10556
-1.13571 -1.10579
-1.13379 -1.10845
-1.13454 -1.10504
-1.13561 -1.10502
-1.13302 -1.10732
-1.13646 -1.10548
-1.13724 -1.10388
-1.13558 -1.10764
-1.13858 -1.10196
-1.1389 -1.10411
-1.13706 -1.10463
-1.13303 -1.10654
-1.13964 -1.10356
-1.1357 -1.10478
-1.13622 -1.10657
-1.13511 -1.10335
-1.13678 -1.10503
-1.1354 -1.10623
-1.13466 -1.10389
-1.1338 -1.10685
-1.13281 -1.10552
-1.13413 -1.10638
-1.13407 -1.10689
-1.13607 -1.1037
-1.13274 -1.1089
-1.13722 -1.10154
-1.13433 -1.10727
-1.13535 -1.10228
-1.13476 -1.10158
-1.13464 -1.10388
-1.13622 -1.1006
-1.1374 -1.10205
-1.13647 -1.10131
-1.1354 -1.10115
-1.13393 -1.10303
-1.13501 -1.1016
-1.1342 -1.10396
-1.13208 -1.101
-1.13362 -1.10617
-1.13349 -1.1015
-1.13086 -1.10573
-1.13383 -1.10179
-1.13235 -1.10345
-1.13357 -1.10335
-1.13074 -1.10212
-1.13171 -1.1058
-1.12816 -1.10278
-1.13359 -1.10076
-1.12751 -1.10604
-1.13232 -1.10143
-1.13111 -1.10093
-1.12858 -1.10614
-1.13033 -1.10223
-1.12784 -1.10253
-1.13107 -1.10317
-1.12953 -1.10318
-1.12973 -1.10173
-1.12856 -1.1048
-1.13117 -1.1028
-1.12906 -1.10136
-1.12899 -1.10178
-1.12892 -1.10493
-1.12921 -1.10155
-1.12987 -1.10339
-1.12962 -1.10226
-1.12723 -1.1039
-1.13114 -1.10396
-1.12842 -1.10362
-1.13075 -1.10444
-1.12881 -1.1007
-1.12763 -1.1056
-1.12965 -1.10381
-1.12881 -1.10426
-1.13007 -1.10297
-1.13075 -1.09957
-1.12955 -1.10187
-1.1298 -1.10226
-1.13018 -1.10018
-1.1281 -1.10439
-1.12946 -1.10019
-1.13021 -1.10506
-1.12827 -1.10486
-1.13013 -1.1026
-1.13028 -1.10672
-1.13009 -1.10049
-1.12858 -1.10334
-1.13134 -1.10152
-1.12955 -1.10019
-1.12936 -1.1045
-1.12773 -1.10206
-1.12831 -1.1005
-1.12824 -1.10242
-1.12779 -1.10383
-1.13046 -1.09973
-1.1283 -1.1033
-1.12767 -1.1014
-1.12667 -1.10122
-1.12903 -1.10247
-1.12555 -1.10484
-1.12781 -1.09817
-1.12478 -1.10495
-1.12621 -1.09974
-1.12365 -1.10403
-1.127 -1.10013
-1.12185 -1.1094
-1.12774 -1.09855
-1.12394 -1.10247
-1.12532 -1.1011
-1.1256 -1.10071
-1.12595 -1.10172
-1.12664 -1.09964
-1.12451 -1.10252
-1.12578 -1.10123
-1.12751 -1.10044
-1.12467 -1.10222
-1.12761 -1.09975
-1.1232 -1.1049
-1.12598 -1.09862
-1.12275 -1.10353
-1.12388 -1.10288
-1.12526 -1.10212
-1.12854 -1.09882
-1.12504 -1.10255
-1.12711 -1.0987
-1.12542 -1.10065
-1.1273 -1.09962
-1.12631 -1.10117
-1.12508 -1.09912
-1.12524 -1.10668
-1.12289 -1.10157
-1.12495 -1.10295
-1.1235 -1.10274
-1.12519 -1.10108
-1.12444 -1.10516
-1.12703 -1.09918
-1.12497 -1.10434
-1.12606 -1.10009
-1.12344 -1.10119
-1.12729 -1.09998
-1.12492 -1.10218
-1.12589 -1.10017
-1.12147 -1.10192
-1.12452 -1.10064
-1.12231 -1.10194
-1.12121 -1.10169
-1.12359 -1.10063
-1.12386 -1.09999
-1.12246 -1.10024
-1.12358 -1.10043
-1.12389 -1.09922
-1.12464 -1.09852
-1.12508 -1.10217
-1.12399 -1.09885
-1.12322 -1.10084
-1.1264 -1.09912
-1.12503 -1.09655
-1.12566 -1.09958
-1.1235 -1.10018
-1.12411 -1.10176
-1.12018 -1.10088
-1.12507 -1.10169
-1.11958 -1.10208
-1.12361 -1.10152
-1.12306 -1.097
-1.12305 -1.10183
-1.12268 -1.09905
-1.12464 -1.09963
-1.12063 -1.10237
-1.12176 -1.09817
-1.12187 -1.10197
-1.12498 -1.09652
-1.12014 -1.10416
-1.12292 -1.09712
-1.12105 -1.10148
-1.12172 -1.09947
-1.12682 -1.09837
-1.1205 -1.09968
-1.12382 -1.09732
-1.1255 -1.09802
-1.12156 -1.09992
-1.11953 -1.0987
-1.12197 -1.10098
-1.12231 -1.0965
-1.12289 -1.09998
-1.12354 -1.0979
-1.12204 -1.09903
-1.12087 -1.0985
-1.12229 -1.10157
-1.12188 -1.09755
-1.11976 -1.10184
-1.12227 -1.0977
-1.11844 -1.10083
-1.12024 -1.09798
-1.12066 -1.10147
-1.12227 -1.09817
-1.12022 -1.10032
-1.12126 -1.09691
-1.11947 -1.10118
-1.12 -1.09937
-1.11944 -1.09844
-1.12162 -1.09943
-1.12033 -1.0963
-1.12094 -1.09839
-1.12122 -1.09497
-1.11917 -1.09766
-1.12295 -1.09525
-1.12048 -1.09515
-1.12046 -1.09709
-1.12089 -1.09634
-1.12285 -1.09803
-1.11935 -1.09622
-1.12234 -1.09648
-1.12236 -1.0935
-1.12036 -1.09981
-1.12222 -1.09432
-1.12195 -1.09803
-1.12189 -1.09789
-1.12497 -1.09404
-1.12176 -1.09809
-1.12407 -1.09663
-1.12148 -1.09596
-1.12369 -1.0968
-1.12467 -1.09767
-1.12032 -1.09674
-1.12402 -1.0963
-1.12024 -1.10051
-1.11968 -1.0979
-1.12128 -1.0978
-1.11866 -1.10056
-1.12117 -1.09946
-1.11984 -1.09686
-1.1214 -1.09827
-1.12207 -1.09634
-1.1189 -1.09772
-1.12167 -1.09348
-1.12259 -1.09597
-1.1242 -1.09415
-1.11918 -1.09633
-1.1219 -1.09526
-1.12095 -1.09885
-1.11816 -1.09591
-1.11937 -1.09786
-1.12051 -1.09712
-1.11982 -1.10021
-1.12111 -1.09642
-1.11951 -1.09636
-1.11994 -1.1002
-1.12096 -1.09655
-1.12044 -1.09783
-1.11998 -1.09595
-1.11934 -1.09955
-1.11817 -1.09692
-1.12044 -1.0982
-1.11863 -1.10219
-1.12075 -1.09426
-1.11868 -1.10018
-1.12112 -1.096
-1.1196 -1.09811
-1.12133 -1.09662
-1.11988 -1.10019
-1.12066 -1.09526
-1.11989 -1.09469
-1.11945 -1.09855
-1.11929 -1.09482
-1.11672 -1.09843
-1.11952 -1.0954
-1.12218 -1.09595
-1.11996 -1.09669
-1.12311 -1.09243
-1.11728 -1.09792
-1.12118 -1.09446
-1.12036 -1.09805
-1.12226 -1.09598
-1.11721 -1.09563
-1.12189 -1.09545
-1.12077 -1.09414
-1.12031 -1.09646
-1.11986 -1.09444
-1.12089 -1.09592
-1.11971 -1.09585
-1.12004 -1.09669
-1.11792 -1.09342
-1.1196 -1.09764
-1.11987 -1.09428
-1.12164 -1.09342
-1.11911 -1.09882
-1.11888 -1.09216
-1.12031 -1.09745
-1.11918 -1.09379
-1.11932 -1.09438
-1.11776 -1.09464
-1.11936 -1.09626
-1.11832 -1.09279
-1.1172 -1.09873
-1.11895 -1.09164
-1.11883 -1.09681
-1.11708 -1.0935
-1.11695 -1.09771
-1.11761 -1.09541
-1.1171 -1.09536
-1.11975 -1.09046
-1.11817 -1.09644
-1.11733 -1.09532
-1.11878 -1.09551
-1.11713 -1.09392
-1.11926 -1.09582
-1.11725 -1.09229
-1.11809 -1.0992
-1.11428 -1.0934
-1.11725 -1.09743
-1.11608 -1.09449
-1.11992 -1.09624
-1.11977 -1.09138
-1.11686 -1.0944
-1.11903 -1.09261
-1.11811 -1.09365
-1.12122 -1.09095
-1.11907 -1.09211
-1.11879 -1.09257
-1.12094 -1.09282
-1.11766 -1.094
-1.11818 -1.09304
-1.11938 -1.09063
-1.11704 -1.09637
-1.11862 -1.09
-1.12002 -1.09118
-1.11963 -1.091
-1.12214 -1.09045
-1.11929 -1.09194
-1.1179 -1.09502
-1.12063 -1.09185
-1.12026 -1.09185
-1.11904 -1.0951
-1.12086 -1.09034
-1.12012 -1.09412
-1.12055 -1.09353
-1.12054 -1.09128
-1.11881 -1.09501
-1.12057 -1.08985
-1.12218 -1.09343
-1.11825 -1.09033
-1.11937 -1.09632
-1.12018 -1.08923
-1.11892 -1.09371
-1.11858 -1.0904
-1.11647 -1.09183
-1.11921 -1.09017
-1.11633 -1.09011
-1.11731 -1.09396
-1.11851 -1.08953
-1.1163 -1.09402
-1.11975 -1.09049
-1.11389 -1.09447
-1.11748 -1.09144
-1.11707 -1.094
-1.11719 -1.09162
-1.11703 -1.0924
-1.11662 -1.0934
-1.11532 -1.09412
-1.12124 -1.09057
-1.11603 -1.09523
-1.11472 -1.08997
-1.11685 -1.09675
-1.11567 -1.08983
-1.11699 -1.0909
-1.11528 -1.09239
-1.11981 -1.09116
-1.11759 -1.09073
-1.11732 -1.09139
-1.12038 -1.0899
-1.11822 -1.0905
-1.12003 -1.08941
-1.1159 -1.09425
-1.12009 -1.08937
-1.11916 -1.09105
-1.11881 -1.08929
-1.11863 -1.09261
-1.1181 -1.09134
-1.11705 -1.09001
-1.11648 -1.09323
-1.11605 -1.09205
-1.11679 -1.093
-1.11391 -1.09069
-1.11776 -1.09045
-1.11617 -1.09005
-1.11862 -1.08884
-1.11847 -1.09068
-1.11798 -1.08854
-1.1185 -1.08783
-1.11875 -1.08961
-1.117 -1.09164
-1.11935 -1.08869
-1.11654 -1.08936
-1.11947 -1.09106
-1.11601 -1.08835
-1.11849 -1.0929
-1.11671 -1.08787
-1.11732 -1.08887
-1.11813 -1.0915
-1.11895 -1.08687
-1.11829 -1.08861
-1.11832 -1.08887
-1.11546 -1.08893
-1.11845 -1.08895
-1.11676 -1.0889
-1.1153 -1.09063
-1.1192 -1.08776
-1.11602 -1.08924
-1.1153 -1.09097
-1.11776 -1.0866
-1.11693 -1.09154
-1.11441 -1.08698
-1.11459 -1.09482
-1.11646 -1.08789
-1.11417 -1.0932
-1.11407 -1.09066
-1.1175 -1.09267
-1.11662 -1.089
-1.11906 -1.09139
-1.11827 -1.08712
-1.11717 -1.0889
-1.11498 -1.0885
-1.1184 -1.08859
-1.11835 -1.09126
-1.11808 -1.08883
-1.11364 -1.09097
-1.11746 -1.09005
-1.11572 -1.08946
-1.11709 -1.08906
-1.11599 -1.08854
-1.11692 -1.08981
-1.11825 -1.08636
-1.11443 -1.08968
-1.11784 -1.08579
-1.11506 -1.08811
-1.11627 -1.09033
-1.11818 -1.08544
-1.11637 -1.0922
-1.11786 -1.08533
-1.11485 -1.09025
-1.11898 -1.08492
-1.11782 -1.08851
-1.11622 -1.08676
-1.11791 -1.08995
-1.11835 -1.08568
-1.11597 -1.08684
-1.11362 -1.08943
-1.11365 -1.08822
-1.11667 -1.08934
-1.11185 -1.08872
-1.116 -1.08702
-1.11314 -1.08877
-1.11456 -1.08746
-1.11853 -1.08594
-1.11496 -1.08406
-1.11462 -1.08875
-1.11571 -1.08303
-1.11422 -1.0864
-1.11721 -1.08611
-1.11341 -1.08766
-1.11319 -1.08854
-1.11712 -1.08568
-1.11656 -1.08654
-1.11477 -1.08524
-1.11662 -1.08827
-1.11197 -1.08729
-1.11711 -1.0848
-1.11676 -1.08682
-1.11281 -1.08672
-1.11268 -1.08736
-1.11567 -1.08662
-1.11343 -1.08835
-1.11387 -1.08573
-1.11363 -1.09014
-1.11523 -1.08453
-1.11118 -1.09337
-1.11613 -1.08465
-1.11232 -1.09
-1.11492 -1.08568
-1.1166 -1.08742
-1.11444 -1.08719
-1.11519 -1.0866
-1.11724 -1.08647
-1.11607 -1.08744
-1.11488 -1.08753
-1.11423 -1.08778
-1.11645 -1.08731
-1.11513 -1.08896
-1.11491 -1.08513
-1.1149 -1.08619
-1.11239 -1.08931
-1.11659 -1.08431
-1.11151 -1.087
-1.11487 -1.08652
-1.11437 -1.08506
-1.11347 -1.0848
-1.11295 -1.0887
-1.11134 -1.08685
-1.11489 -1.08695
-1.11283 -1.08369
-1.11371 -1.0884
-1.11183 -1.08571
-1.1145 -1.08388
-1.11308 -1.08461
-1.11408 -1.08659
-1.11467 -1.0833
-1.11498 -1.08461
-1.11215 -1.08444
-1.11171 -1.08648
-1.11091 -1.08647
-1.11239 -1.08521
-1.11148 -1.08681
-1.11346 -1.08637
