0 0
-0.171448 -0.161516
-0.331294 -0.313306
-0.478769 -0.454362
-0.615198 -0.584976
-0.739401 -0.705262
-0.848384 -0.814065
-0.946589 -0.91261
-1.03289 -0.999209
-1.10166 -1.07896
-1.16113 -1.14445
-1.2037 -1.20235
-1.2373 -1.24871
-1.26039 -1.29032
-1.27504 -1.32642
-1.28388 -1.35579
-1.28654 -1.38319
-1.29014 -1.40181
-1.28685 -1.42115
-1.28264 -1.43547
-1.27818 -1.45182
-1.27297 -1.46339
-1.26904 -1.47363
-1.25562 -1.47288
-1.25626 -1.48607
-1.23348 -1.46713
-1.24617 -1.49127
-1.24328 -1.49794
-1.2231 -1.47454
-1.23376 -1.50224
-1.23036 -1.51029
-1.23014 -1.50593
-1.23331 -1.50792
-1.23131 -1.50929
-1.2309 -1.50757
-1.23232 -1.50835
-1.23199 -1.5076
-1.23154 -1.50469
-1.23282 -1.50902
-1.23351 -1.50591
-1.23137 -1.50554
-1.23493 -1.50465
-1.23337 -1.50489
-1.23287 -1.50237
-1.23182 -1.50825
-1.2346 -1.5052
-1.2316 -1.50418
-1.23487 -1.50295
-1.23473 -1.50382
-1.2335 -1.49971
-1.23558 -1.50343
-1.23458 -1.50175
-1.23437 -1.50078
-1.23493 -1.49949
-1.23434 -1.49919
-1.23452 -1.50024
-1.23442 -1.50291
-1.23504 -1.49614
-1.23514 -1.50168
-1.23652 -1.49854
-1.2354 -1.49771
-1.23716 -1.49681
-1.23872 -1.49648
-1.2351 -1.49514
-1.2356 -1.49966
-1.23917 -1.4951
-1.23741 -1.49242
-1.23918 -1.49651
-1.23543 -1.49763
-1.2391 -1.49289
-1.23627 -1.49634
-1.23854 -1.49301
-1.23811 -1.49558
-1.23729 -1.49586
-1.24096 -1.49341
-1.23728 -1.49662
-1.238 -1.49378
-1.24116 -1.4925
-1.24003 -1.49351
-1.23709 -1.49429
-1.24122 -1.48783
-1.24098 -1.49063
-1.24364 -1.48804
-1.23978 -1.49283
-1.23987 -1.49023
-1.24187 -1.48896
-1.24049 -1.48931
-1.24293 -1.48788
-1.24114 -1.49077
-1.24116 -1.4896
-1.24334 -1.49185
-1.24141 -1.49093
-1.24317 -1.48903
-1.24271 -1.48789
-1.24075 -1.49073
-1.24373 -1.48852
-1.24222 -1.49014
-1.24584 -1.48928
-1.24361 -1.48524
-1.24168 -1.49015
-1.245 -1.48557
-1.24304 -1.48726
-1.24243 -1.48793
-1.24484 -1.48689
-1.24473 -1.4846
-1.24366 -1.48537
-1.24663 -1.4846
-1.24484 -1.48539
-1.24511 -1.48552
-1.24679 -1.48433
-1.2473 -1.4855
-1.24529 -1.48451
-1.24578 -1.48265
-1.24713 -1.48176
-1.24771 -1.48247
-1.24638 -1.4835
-1.24735 -1.48292
-1.24896 -1.48211
-1.2454 -1.48236
-1.24635 -1.48279
-1.24768 -1.48031
-1.24717 -1.48363
-1.24537 -1.48269
-1.24824 -1.48065
-1.24625 -1.4815
-1.24937 -1.47772
-1.24792 -1.48273
-1.2488 -1.48075
-1.24891 -1.47624
-1.25044 -1.48108
-1.25016 -1.47864
-1.25031 -1.47846
-1.24874 -1.4752
-1.25 -1.48259
-1.25045 -1.47671
-1.2486 -1.48165
-1.24854 -1.47629
-1.24889 -1.48049
-1.25039 -1.47743
-1.24969 -1.47881
-1.25007 -1.47951
-1.24942 -1.48067
-1.24836 -1.48055
-1.25196 -1.47476
-1.25063 -1.48005
-1.24966 -1.47801
-1.25054 -1.47638
-1.25027 -1.47963
-1.24995 -1.47671
-1.25053 -1.47781
-1.25088 -1.47958
-1.25232 -1.47316
-1.25033 -1.47787
-1.2529 -1.47958
-1.25087 -1.47335
-1.25259 -1.47974
-1.2529 -1.47817
-1.25254 -1.47435
-1.2513 -1.4782
-1.25338 -1.47462
-1.25205 -1.47744
-1.25402 -1.47566
-1.25142 -1.47609
-1.25408 -1.4785
-1.25228 -1.47935
-1.25379 -1.4783
-1.25409 -1.47563
-1.25269 -1.47839
-1.25434 -1.47566
-1.25199 -1.47883
-1.25263 -1.47677
-1.25302 -1.4747
-1.25151 -1.47638
-1.25766 -1.47357
-1.25235 -1.47742
-1.25402 -1.47356
-1.25371 -1.47869
-1.25237 -1.47605
-1.25707 -1.47442
-1.25375 -1.47423
-1.25307 -1.47804
-1.25577 -1.4756
-1.25438 -1.47465
-1.25366 -1.47542
-1.25547 -1.47388
-1.25379 -1.47763
-1.25429 -1.47167
-1.25694 -1.47359
-1.25517 -1.47509
-1.25324 -1.47187
-1.25661 -1.47411
-1.2593 -1.4729
-1.25681 -1.47301
-1.25731 -1.47179
-1.25519 -1.47084
-1.25728 -1.47291
-1.25823 -1.47248
-1.25566 -1.47144
-1.25708 -1.47376
-1.25626 -1.47438
-1.256 -1.47004
-1.25601 -1.4735
-1.25768 -1.46793
-1.25814 -1.47388
-1.25587 -1.46981
-1.25917 -1.46917
-1.25814 -1.46779
-1.25836 -1.47314
-1.25615 -1.47167
-1.25717 -1.4704
-1.25807 -1.47405
-1.25694 -1.47244
-1.25848 -1.4714
-1.2574 -1.47294
-1.25691 -1.47012
-1.25921 -1.47199
-1.25973 -1.47099
-1.25779 -1.46995
-1.25851 -1.47022
-1.25626 -1.47147
-1.25969 -1.46849
-1.25826 -1.47148
-1.25637 -1.47474
-1.26022 -1.4702
-1.25706 -1.47035
-1.26006 -1.46808
-1.26116 -1.46875
-1.25846 -1.4736
-1.25825 -1.47058
-1.2612 -1.4663
-1.25947 -1.46959
-1.26091 -1.46792
-1.26178 -1.46537
-1.26127 -1.46724
-1.26315 -1.46414
-1.26051 -1.46422
-1.26273 -1.46504
-1.26172 -1.46789
-1.26174 -1.46295
-1.26232 -1.46307
-1.25963 -1.46458
-1.26512 -1.46467
-1.26015 -1.4683
-1.26076 -1.46656
-1.26298 -1.46518
-1.26033 -1.46603
-1.26343 -1.46413
-1.26432 -1.46654
-1.26176 -1.46347
-1.26078 -1.46731
-1.26339 -1.46359
-1.26043 -1.46568
-1.26274 -1.46818
-1.26074 -1.46603
-1.26405 -1.46304
-1.26085 -1.4657
-1.26446 -1.46467
-1.26237 -1.46437
-1.26199 -1.46603
-1.26056 -1.46543
-1.26378 -1.46602
-1.26102 -1.46756
-1.26319 -1.46143
-1.26137 -1.46525
-1.26445 -1.46569
-1.26492 -1.46008
-1.26383 -1.46247
-1.26271 -1.46269
-1.26649 -1.4593
-1.26394 -1.46338
-1.26653 -1.45773
-1.26276 -1.46215
-1.26778 -1.45752
-1.26714 -1.46059
-1.26391 -1.45891
-1.26678 -1.46042
-1.26325 -1.4638
-1.26672 -1.45867
-1.2685 -1.46069
-1.26518 -1.45865
-1.26855 -1.45946
-1.26548 -1.4634
-1.26611 -1.45568
-1.26581 -1.46393
-1.26678 -1.45812
-1.26652 -1.4605
-1.2674 -1.45949
-1.26783 -1.45915
-1.26568 -1.45976
-1.26826 -1.45849
-1.26582 -1.46043
-1.26836 -1.45838
-1.26757 -1.46055
-1.26909 -1.45757
-1.26474 -1.46153
-1.26664 -1.46003
-1.2644 -1.46484
-1.26611 -1.45835
-1.26782 -1.461
-1.26739 -1.46042
-1.26807 -1.45819
-1.26631 -1.46032
-1.26769 -1.46081
-1.2688 -1.45887
-1.266 -1.46041
-1.26792 -1.4587
-1.26843 -1.45948
-1.26814 -1.45908
-1.26892 -1.45575
-1.26559 -1.46073
-1.27001 -1.45713
-1.26846 -1.45763
-1.2672 -1.45936
-1.26831 -1.45891
-1.26946 -1.45728
-1.26938 -1.45588
-1.26695 -1.46027
-1.26944 -1.45556
-1.27018 -1.45909
-1.26623 -1.45914
-1.27161 -1.45015
-1.26777 -1.4581
-1.27095 -1.46103
-1.26869 -1.45489
-1.26971 -1.45838
-1.27317 -1.45411
-1.26889 -1.45665
-1.26828 -1.45877
-1.27013 -1.45677
-1.27208 -1.45511
-1.26791 -1.45841
-1.27003 -1.45822
-1.26826 -1.45461
-1.26869 -1.45802
-1.27096 -1.45662
-1.27004 -1.45742
-1.27098 -1.45662
-1.27136 -1.45425
-1.27022 -1.45797
-1.27028 -1.45618
-1.27008 -1.4542
-1.27153 -1.45705
-1.26978 -1.4551
-1.27159 -1.45453
-1.26963 -1.45404
-1.27241 -1.45467
-1.27145 -1.45284
-1.272 -1.45487
-1.27121 -1.45346
-1.27309 -1.4525
-1.27186 -1.45493
-1.26957 -1.45242
-1.27572 -1.45299
-1.27386 -1.45112
-1.27323 -1.45444
-1.27423 -1.45052
-1.27335 -1.45391
-1.27094 -1.45412
-1.2759 -1.44991
-1.2741 -1.45301
-1.27163 -1.45495
-1.26976 -1.45222
-1.27558 -1.45039
-1.27274 -1.45312
-1.27393 -1.45288
-1.27528 -1.45105
-1.2729 -1.45373
-1.27507 -1.45165
-1.27319 -1.45095
-1.2728 -1.4543
-1.27599 -1.44896
-1.27233 -1.45355
-1.27556 -1.44791
-1.27495 -1.4486
-1.27477 -1.45137
-1.27408 -1.44969
-1.27492 -1.44812
-1.27474 -1.44784
-1.27377 -1.44996
-1.27683 -1.44492
-1.2756 -1.44996
-1.2732 -1.44604
-1.27348 -1.45413
-1.27687 -1.44781
-1.27422 -1.44722
-1.27721 -1.4485
-1.27722 -1.44754
-1.27237 -1.44679
-1.27621 -1.44847
-1.27645 -1.44699
-1.27461 -1.44775
-1.27704 -1.44584
-1.27685 -1.44583
-1.27513 -1.44512
-1.27501 -1.44599
-1.27734 -1.44548
-1.27703 -1.44564
-1.27833 -1.44424
-1.27457 -1.44503
-1.27593 -1.4462
-1.27708 -1.44777
-1.27657 -1.44538
-1.27709 -1.44378
-1.27639 -1.44341
-1.27671 -1.44848
-1.2766 -1.44618
-1.27666 -1.44271
-1.27677 -1.44433
-1.27555 -1.44602
-1.27784 -1.4428
-1.27513 -1.4465
-1.27848 -1.44002
-1.27462 -1.4464
-1.27735 -1.44351
-1.27716 -1.44333
-1.28031 -1.44313
-1.27519 -1.44321
-1.27767 -1.44314
-1.27627 -1.44404
-1.27784 -1.44107
-1.27664 -1.44214
-1.27653 -1.44307
-1.27562 -1.44401
-1.27861 -1.44276
-1.27621 -1.44583
-1.27695 -1.44181
-1.27599 -1.4438
-1.27493 -1.44497
-1.27825 -1.44273
-1.27786 -1.44226
-1.27638 -1.44382
-1.2749 -1.44181
-1.27934 -1.44511
-1.27557 -1.44432
-1.27743 -1.44136
-1.27744 -1.44212
-1.27648 -1.44334
-1.27916 -1.44355
-1.27526 -1.44106
-1.27869 -1.44287
-1.27534 -1.44337
-1.27855 -1.44407
-1.2749 -1.44376
-1.27576 -1.44542
-1.28035 -1.44218
-1.277 -1.44517
-1.27536 -1.44625
-1.27589 -1.4449
-1.2807 -1.44251
-1.27938 -1.44044
-1.27684 -1.4454
-1.27699 -1.44374
-1.27719 -1.4443
-1.27618 -1.44386
-1.28001 -1.44199
-1.27892 -1.44445
-1.27876 -1.44337
-1.2776 -1.44418
-1.27545 -1.4451
-1.27873 -1.44134
-1.27918 -1.4395
-1.27962 -1.44185
-1.27706 -1.44246
-1.27694 -1.4398
-1.27676 -1.44335
-1.27742 -1.44058
-1.27793 -1.44343
-1.27791 -1.4428
-1.27753 -1.44398
-1.27716 -1.44187
-1.27839 -1.44298
-1.27541 -1.44395
-1.27809 -1.44373
-1.27738 -1.44093
-1.27861 -1.44316
-1.28028 -1.44043
-1.27702 -1.44067
-1.27632 -1.44508
-1.27855 -1.44282
-1.27652 -1.44349
-1.27853 -1.44279
-1.27783 -1.44356
-1.27614 -1.44282
-1.2796 -1.44009
-1.28041 -1.44319
-1.27698 -1.43954
-1.28066 -1.44281
-1.27523 -1.4423
-1.28183 -1.44367
-1.27996 -1.43884
-1.27982 -1.44178
-1.28052 -1.44253
-1.28043 -1.44091
-1.27733 -1.44353
-1.27923 -1.44447
-1.27925 -1.44372
-1.27834 -1.44468
-1.27982 -1.44319
-1.28044 -1.44339
-1.27976 -1.44566
-1.28091 -1.44528
-1.27882 -1.44379
-1.28336 -1.44617
-1.27997 -1.44244
-1.27903 -1.44482
-1.28117 -1.44054
-1.28109 -1.44305
-1.28057 -1.44345
-1.28293 -1.43945
-1.28116 -1.44302
-1.2815 -1.44155
-1.28055 -1.44308
-1.2824 -1.4396
-1.28183 -1.44236
-1.28227 -1.43613
-1.28126 -1.44007
-1.2799 -1.43892
-1.28331 -1.43873
-1.28235 -1.44208
-1.28301 -1.44006
-1.28059 -1.43998
-1.28337 -1.43946
-1.28234 -1.43853
-1.28202 -1.4376
-1.28113 -1.43845
-1.28185 -1.44118
-1.28371 -1.43672
-1.28119 -1.43728
-1.28048 -1.43937
-1.28162 -1.43978
-1.28346 -1.43796
-1.2776 -1.43961
-1.28117 -1.44094
-1.28099 -1.43798
-1.28112 -1.44252
-1.2828 -1.43652
-1.2815 -1.43753
-1.28152 -1.44235
-1.28146 -1.43907
-1.28138 -1.44096
-1.28187 -1.43961
-1.28046 -1.43925
-1.28316 -1.43837
-1.2812 -1.43678
-1.28249 -1.43932
-1.28315 -1.43718
-1.28131 -1.43845
-1.28203 -1.43583
-1.28057 -1.43939
-1.28106 -1.43813
-1.2838 -1.43687
-1.28471 -1.43623
-1.28067 -1.43768
-1.28294 -1.43804
-1.28299 -1.438
-1.28239 -1.43792
-1.28488 -1.43623
-1.28147 -1.43692
-1.28266 -1.43551
-1.28389 -1.43575
-1.27998 -1.437
-1.28323 -1.43963
-1.28351 -1.43733
-1.28405 -1.43856
-1.28123 -1.43944
-1.2841 -1.43514
-1.28207 -1.43512
-1.28172 -1.43931
-1.28166 -1.43747
-1.28219 -1.43834
-1.2841 -1.43368
-1.2814 -1.43772
-1.28063 -1.43817
-1.28377 -1.43657
-1.28215 -1.43928
-1.28439 -1.43549
-1.28371 -1.43543
-1.28468 -1.43865
-1.28268 -1.43551
-1.28405 -1.43529
-1.28392 -1.43555
-1.28563 -1.43046
-1.28502 -1.43224
-1.28636 -1.43346
-1.28395 -1.4385
-1.28575 -1.43277
-1.28366 -1.43625
-1.28505 -1.43713
-1.28561 -1.43424
-1.28401 -1.43467
-1.28584 -1.43444
-1.28521 -1.43744
-1.28464 -1.43455
-1.28567 -1.43819
-1.28767 -1.43508
-1.28602 -1.43198
-1.28549 -1.43417
-1.28511 -1.4365
-1.28852 -1.43496
-1.28592 -1.43199
-1.28359 -1.43444
-1.28893 -1.43168
-1.28468 -1.43352
-1.28873 -1.4327
-1.28834 -1.43325
-1.28747 -1.4302
-1.28755 -1.43091
-1.28689 -1.4341
-1.28621 -1.43291
-1.28701 -1.433
-1.28662 -1.43644
-1.28715 -1.43134
-1.28511 -1.43466
-1.28651 -1.43463
-1.28603 -1.43266
-1.28566 -1.43045
-1.28792 -1.43512
-1.28657 -1.43118
-1.28938 -1.43001
-1.28468 -1.43301
-1.29007 -1.42789
-1.28689 -1.43158
-1.28989 -1.42782
-1.287 -1.4298
-1.28779 -1.43022
-1.28657 -1.42898
-1.28801 -1.43109
-1.28901 -1.42852
-1.28813 -1.43139
-1.28726 -1.42959
-1.28943 -1.43065
-1.28635 -1.43238
-1.28834 -1.43344
-1.28891 -1.42963
-1.28665 -1.4325
-1.28723 -1.43065
-1.2869 -1.4318
-1.28692 -1.43185
-1.28994 -1.43139
-1.28474 -1.43333
-1.28748 -1.43076
-1.28866 -1.43322
-1.28875 -1.42902
-1.28462 -1.43189
-1.28758 -1.43081
-1.28794 -1.42996
-1.28442 -1.43925
-1.28784 -1.43058
-1.28619 -1.43248
-1.28586 -1.43107
-1.28799 -1.43336
-1.28556 -1.43317
-1.28734 -1.4339
-1.2865 -1.43274
-1.28629 -1.43258
-1.28595 -1.43427
-1.28678 -1.43476
-1.28861 -1.43095
-1.28661 -1.43473
-1.28588 -1.43084
-1.28855 -1.42846
-1.2888 -1.43234
-1.28676 -1.43025
-1.28929 -1.42967
-1.28878 -1.43362
-1.28683 -1.42981
-1.28913 -1.43324
-1.28698 -1.43083
-1.28591 -1.43185
-1.28773 -1.43002
-1.28884 -1.4302
-1.28926 -1.43214
-1.28811 -1.42758
-1.28658 -1.43414
-1.28892 -1.42929
-1.28956 -1.43295
-1.28547 -1.4328
-1.28865 -1.43136
-1.28755 -1.43304
-1.28916 -1.43185
-1.2876 -1.43071
-1.28974 -1.43342
-1.28973 -1.43117
-1.2884 -1.43457
-1.29044 -1.42912
-1.28747 -1.4303
-1.28917 -1.43162
-1.28926 -1.43212
-1.28909 -1.43147
-1.28822 -1.43146
-1.28856 -1.43363
-1.28796 -1.42948
-1.29251 -1.42942
-1.28717 -1.42968
-1.28859 -1.42921
-1.28824 -1.42886
-1.29177 -1.42965
-1.28559 -1.43091
-1.28992 -1.43041
-1.28736 -1.43131
-1.2874 -1.43106
-1.29162 -1.42804
-1.28882 -1.42923
-1.28656 -1.43178
-1.28731 -1.43092
-1.29014 -1.42928
-1.28623 -1.43244
-1.29082 -1.43164
-1.29189 -1.42587
-1.28872 -1.43001
-1.28946 -1.42688
-1.2898 -1.42843
-1.28903 -1.42862
-1.28979 -1.42825
-1.29047 -1.42991
-1.28791 -1.4288
-1.2913 -1.42307
-1.28747 -1.4305
-1.28971 -1.42935
-1.28899 -1.4286
-1.28974 -1.4319
-1.28945 -1.42367
-1.29153 -1.43046
-1.28602 -1.42947
-1.28915 -1.42875
-1.28872 -1.43007
-1.2894 -1.42934
-1.28854 -1.43002
-1.28962 -1.43025
-1.28675 -1.42775
-1.28949 -1.42933
-1.29014 -1.42637
-1.28913 -1.42484
-1.28848 -1.42815
-1.28981 -1.4297
-1.28926 -1.42521
-1.28894 -1.42732
-1.29116 -1.42551
-1.28971 -1.42795
-1.29163 -1.425
-1.29261 -1.42263
-1.28903 -1.42812
-1.29061 -1.42473
-1.29114 -1.42571
-1.29204 -1.42598
-1.29369 -1.42552
-1.29094 -1.42601
-1.29189 -1.42392
-1.29365 -1.42763
-1.29107 -1.42351
-1.29127 -1.42313
-1.29078 -1.4243
-1.29101 -1.42468
-1.29261 -1.42541
-1.29135 -1.42645
-1.29272 -1.42215
-1.28922 -1.42401
-1.29374 -1.42372
-1.2911 -1.42492
-1.28928 -1.42689
-1.29145 -1.42538
-1.29023 -1.42709
-1.29172 -1.4236
-1.29154 -1.42623
-1.29027 -1.42408
-1.29162 -1.42737
-1.29378 -1.42683
-1.29391 -1.42423
-1.2924 -1.42487
-1.28958 -1.42518
-1.29347 -1.42615
-1.29559 -1.42246
-1.29103 -1.42548
-1.2935 -1.4253
-1.29383 -1.42184
-1.29383 -1.4227
-1.29378 -1.42602
-1.29248 -1.42206
-1.29594 -1.42382
-1.29406 -1.4222
-1.29405 -1.42608
-1.29047 -1.42492
-1.29633 -1.42343
-1.29384 -1.42237
-1.29424 -1.42254
-1.29266 -1.42578
-1.29564 -1.41993
-1.29537 -1.4211
-1.29495 -1.42334
-1.29452 -1.4217
-1.29238 -1.42228
-1.29692 -1.42236
-1.29157 -1.42391
-1.29465 -1.4224
-1.29406 -1.42097
-1.29286 -1.42504
-1.29546 -1.41723
-1.29524 -1.42255
-1.29493 -1.42217
-1.29336 -1.41948
-1.29426 -1.42298
-1.29311 -1.42175
-1.29684 -1.42126
-1.2949 -1.4245
-1.29366 -1.42434
-1.29447 -1.42391
-1.29207 -1.42359
-1.29151 -1.42534
-1.29632 -1.42102
-1.29217 -1.42383
-1.29457 -1.42475
-1.29306 -1.42526
-1.29301 -1.4255
-1.29489 -1.42417
-1.2924 -1.42396
-1.29346 -1.4252
-1.29184 -1.42586
-1.29172 -1.42573
-1.29259 -1.42602
-1.29479 -1.42276
-1.2923 -1.42793
-1.29383 -1.42262
-1.29038 -1.42523
-1.29403 -1.42368
-1.29239 -1.42628
-1.29314 -1.42387
-1.29236 -1.42538
-1.29149 -1.42561
-1.29542 -1.42385
-1.29404 -1.42434
-1.2916 -1.42448
-1.29277 -1.42514
-1.29581 -1.4233
-1.29282 -1.42368
-1.29483 -1.42361
-1.29009 -1.42344
-1.29597 -1.42306
-1.29314 -1.42292
-1.29414 -1.42408
-1.2932 -1.42468
-1.29459 -1.42182
-1.29378 -1.421
-1.29683 -1.42112
-1.29072 -1.42351
-1.29695 -1.42309
-1.29414 -1.42153
-1.29207 -1.42349
-1.29511 -1.4214
-1.29489 -1.42584
-1.29366 -1.42098
-1.29601 -1.42104
-1.29574 -1.41897
-1.29279 -1.42233
-1.29642 -1.4218
-1.29287 -1.41752
-1.2952 -1.42339
-1.29246 -1.42105
-1.29663 -1.42115
-1.29527 -1.42089
-1.29403 -1.41933
-1.29506 -1.42066
-1.2933 -1.42147
-1.29579 -1.41962
-1.2941 -1.42015
-1.29455 -1.41999
-1.29481 -1.42174
-1.29236 -1.41951
-1.2947 -1.42075
-1.29395 -1.42133
-1.2981 -1.41805
-1.29142 -1.42016
-1.29522 -1.4198
-1.2937 -1.41946
-1.29699 -1.41989
-1.29191 -1.42345
-1.29584 -1.41913
-1.29451 -1.42142
-1.29352 -1.42272
-1.29321 -1.42191
-1.29347 -1.42192
-1.29184 -1.42329
-1.2942 -1.42352
-1.29201 -1.42402
-1.29065 -1.42109
-1.2936 -1.42566
-1.29289 -1.42052
-1.28946 -1.42383
-1.29305 -1.4262
-1.29277 -1.42163
-1.29152 -1.42326
-1.29267 -1.42264
-1.2935 -1.42136
-1.29103 -1.4245
-1.29308 -1.41887
-1.29067 -1.42629
-1.29161 -1.42134
-1.29215 -1.42224
-1.29267 -1.42171
-1.2908 -1.42282
-1.2934 -1.42371
-1.29148 -1.42064
-1.29426 -1.42114
-1.29208 -1.4238
-1.29307 -1.41898
-1.29367 -1.42073
-1.29364 -1.41874
-1.29144 -1.42112
-1.29447 -1.41905
-1.29052 -1.42217
-1.2926 -1.42194
-1.29353 -1.41919
-1.29119 -1.41998
-1.29258 -1.41958
-1.29275 -1.42246
-1.29311 -1.42111
-1.29333 -1.42077
-1.293 -1.41898
-1.2914 -1.42295
-1.29384 -1.41738
-1.29413 -1.42065
-1.29298 -1.41934
-1.29256 -1.41922
-1.29503 -1.41968
-1.29169 -1.42176
-1.2907 -1.42039
-1.29323 -1.41984
-1.29364 -1.41769
-1.29277 -1.42335
-1.29319 -1.41521
-1.29561 -1.42215
-1.29148 -1.41805
-1.29355 -1.41633
-1.29206 -1.42023
-1.29487 -1.4167
-1.29159 -1.41815
-1.29524 -1.41659
-1.29057 -1.41979
-1.29426 -1.41933
-1.29401 -1.41925
-1.29099 -1.4191
-1.29385 -1.42045
-1.29146 -1.41972
-1.29238 -1.42187
-1.29584 -1.41811
-1.29235 -1.42048
-1.295 -1.41701
-1.29403 -1.41515
-1.29525 -1.41681
-1.29273 -1.41667
-1.29362 -1.42012
-1.29341 -1.41879
-1.29612 -1.41444
-1.29265 -1.41896
-1.29334 -1.41858
-1.2937 -1.41538
-1.29347 -1.416
-1.29403 -1.41892
-1.29439 -1.41747
-1.29288 -1.41803
-1.29178 -1.4181
-1.29535 -1.41977
-1.29068 -1.4197
-1.29531 -1.41731
-1.29277 -1.42007
-1.29262 -1.41724
-1.29691 -1.41731
-1.29317 -1.41537
-1.29563 -1.4164
-1.29507 -1.41529
-1.29545 -1.4167
-1.2918 -1.41904
-1.29464 -1.41854
-1.29268 -1.41772
-1.29361 -1.41993
-1.29408 -1.41664
-1.29516 -1.4157
-1.29304 -1.41655
-1.29222 -1.41899
-1.29549 -1.41755
-1.2937 -1.41756
-1.29129 -1.41751
-1.29358 -1.42011
-1.29233 -1.41895
-1.2953 -1.41582
-1.29413 -1.41884
-1.29337 -1.41748
-1.297 -1.41815
-1.29195 -1.41742
-1.29502 -1.41791
-1.29582 -1.41499
-1.29556 -1.41429
-1.29163 -1.42055
-1.29626 -1.41454
-1.2948 -1.41641
-1.29516 -1.41703
-1.29432 -1.41891
-1.29736 -1.41711
-1.29423 -1.4159
-1.29598 -1.41596
-1.29436 -1.41752
-1.29556 -1.41386
-1.29535 -1.41409
-1.29674 -1.41359
-1.2961 -1.41364
-1.29458 -1.41428
-1.29667 -1.417
-1.29183 -1.41629
-1.29173 -1.41867
-1.29616 -1.41448
-1.29416 -1.41473
-1.2926 -1.41781
-1.29574 -1.41494
-1.29236 -1.41459
-1.29102 -1.41533
-1.29703 -1.41304
-1.29347 -1.41487
-1.29467 -1.41485
-1.2923 -1.41498
-1.29483 -1.41634
-1.29421 -1.41418
-1.29598 -1.41601
-1.295 -1.41316
-1.29325 -1.4165
-1.29734 -1.41292
-1.29353 -1.41555
-1.29504 -1.41305
-1.29824 -1.41115
-1.29627 -1.416
-1.29571 -1.41308
-1.29667 -1.41151
-1.2961 -1.41245
-1.29508 -1.41466
-1.29615 -1.4128
-1.29538 -1.41545
-1.29543 -1.41112
-1.29777 -1.41421
-1.29548 -1.41353
-1.29857 -1.40942
-1.29407 -1.41247
-1.2976 -1.41396
-1.29669 -1.40992
-1.30043 -1.41113
-1.29773 -1.40786
-1.2952 -1.41357
-1.29952 -1.41001
-1.29643 -1.41341
-1.29733 -1.41171
-1.29645 -1.41013
-1.29999 -1.40771
-1.29706 -1.41211
-1.29829 -1.40926
-1.29533 -1.4107
-1.2983 -1.40793
-1.29593 -1.41334
-1.29878 -1.4099
-1.2941 -1.40956
-1.29594 -1.41304
-1.29603 -1.41221
-1.2981 -1.40675
-1.29523 -1.41332
-1.29743 -1.40823
-1.29666 -1.41173
-1.29742 -1.41084
-1.29555 -1.41035
-1.29768 -1.40959
-1.29585 -1.41115
-1.29702 -1.41099
-1.29966 -1.40943
-1.29493 -1.41188
-1.29797 -1.41022
-1.29554 -1.41223
-1.29797 -1.41056
-1.29313 -1.41344
-1.29532 -1.41491
-1.29522 -1.41419
-1.29664 -1.41007
-1.29523 -1.41515
-1.29624 -1.41272
-1.29702 -1.41236
-1.2938 -1.40972
-1.29679 -1.41326
-1.29713 -1.4116
-1.29358 -1.41192
-1.294 -1.4128
-1.29624 -1.41432
-1.29592 -1.4123
-1.29342 -1.41551
-1.29531 -1.408
-1.29502 -1.41149
-1.29639 -1.41173
-1.29545 -1.40731
-1.29488 -1.41212
-1.298 -1.40942
-1.29218 -1.41241
-1.29645 -1.4086
-1.29378 -1.41399
-1.29642 -1.41289
-1.29462 -1.41233
-1.29704 -1.41276
-1.2945 -1.41177
-1.29853 -1.40719
-1.2938 -1.4134
-1.29492 -1.41068
-1.29812 -1.41161
-1.29535 -1.41247
-1.29716 -1.41222
-1.29472 -1.41244
-1.29608 -1.41222
-1.29712 -1.41357
-1.29552 -1.41206
-1.29774 -1.4108
-1.29823 -1.41153
-1.29353 -1.41514
-1.29698 -1.41229
-1.29569 -1.41351
-1.29368 -1.41134
-1.29362 -1.41065
-1.29421 -1.41288
-1.29565 -1.41126
-1.29994 -1.40879
-1.29229 -1.411
-1.29502 -1.4115
-1.29797 -1.40854
-1.29458 -1.40935
-1.29658 -1.40811
-1.29484 -1.41161
-1.2962 -1.40795
-1.2957 -1.40888
-1.29647 -1.41198
-1.29663 -1.4103
-1.29458 -1.40976
-1.29735 -1.40833
-1.29597 -1.41065
-1.29431 -1.41045
-1.29698 -1.40666
-1.29777 -1.40781
-1.29623 -1.40913
-1.29875 -1.40786
-1.29867 -1.4078
-1.29615 -1.40735
-1.29841 -1.40897
-1.2949 -1.40918
-1.301 -1.40816
-1.29646 -1.40842
-1.30088 -1.4102
-1.29869 -1.40587
-1.29702 -1.41055
-1.30083 -1.41004
-1.29667 -1.40897
-1.30188 -1.40699
-1.29946 -1.40786
-1.29889 -1.40714
-1.29784 -1.40909
-1.29652 -1.40665
-1.30144 -1.40845
-1.29745 -1.40517
-1.29939 -1.40682
-1.29877 -1.4072
-1.29732 -1.4084
-1.2962 -1.40856
-1.30191 -1.40479
-1.29807 -1.40596
-1.29906 -1.41011
-1.29797 -1.40641
-1.29874 -1.40772
-1.29677 -1.40622
-1.29989 -1.40732
-1.29671 -1.40618
-1.30149 -1.40608
-1.29665 -1.40604
-1.29838 -1.4101
-1.30073 -1.40404
-1.30008 -1.40535
-1.29578 -1.40814
-1.30349 -1.40242
-1.30013 -1.40516
-1.29982 -1.40493
-1.2977 -1.40398
-1.2969 -1.40701
-1.29787 -1.40556
-1.29832 -1.40545
-1.29891 -1.40535
-1.29682 -1.40502
-1.29724 -1.4053
-1.30259 -1.40662
-1.29769 -1.406
-1.29653 -1.40229
-1.29818 -1.40585
-1.29931 -1.40538
-1.29815 -1.4073
-1.29654 -1.40634
-1.29817 -1.40686
-1.29671 -1.40593
-1.29713 -1.40368
-1.29742 -1.40247
-1.29779 -1.40378
-1.30067 -1.40716
-1.29575 -1.40365
-1.29755 -1.40656
-1.29705 -1.40699
-1.29844 -1.40616
-1.2982 -1.40314
-1.29605 -1.40904
-1.29592 -1.40568
-1.29687 -1.40589
-1.29855 -1.40684
-1.29679 -1.40433
-1.29679 -1.40573
-1.29557 -1.40684
-1.29495 -1.40814
-1.29584 -1.4094
-1.29819 -1.40548
-1.29806 -1.40233
-1.29846 -1.40344
-1.29793 -1.40218
-1.29567 -1.40471
-1.29877 -1.4053
-1.29606 -1.40153
-1.29735 -1.40357
-1.29944 -1.40283
-1.29347 -1.40516
-1.29764 -1.40441
-1.29834 -1.40345
-1.29689 -1.40595
-1.29451 -1.40316
-1.29804 -1.40213
-1.29487 -1.40611
-1.29856 -1.40234
-1.29883 -1.40242
-1.29823 -1.40635
-1.29725 -1.40203
-1.29847 -1.40171
-1.2956 -1.40269
-1.29753 -1.39953
-1.29904 -1.40265
-1.29642 -1.4042
-1.2962 -1.40268
-1.29837 -1.40336
-1.29698 -1.40112
-1.29793 -1.40333
-1.2994 -1.40074
-1.2964 -1.40352
-1.29964 -1.40106
-1.29777 -1.40215
-1.29738 -1.40145
-1.29967 -1.39988
-1.29732 -1.4039
-1.29734 -1.40313
-1.29763 -1.40081
-1.29671 -1.40085
-1.29591 -1.40347
-1.29438 -1.40379
-1.29826 -1.40247
-1.2983 -1.40259
-1.29735 -1.40491
-1.29728 -1.40161
-1.29834 -1.4004
-1.29688 -1.40007
-1.29826 -1.40293
-1.2994 -1.40142
-1.29962 -1.3988
-1.2986 -1.40322
-1.30029 -1.39962
-1.29897 -1.39927
-1.30077 -1.39852
-1.29918 -1.40195
-1.2985 -1.40201
-1.30042 -1.39816
-1.29965 -1.40338
-1.29744 -1.40275
-1.29674 -1.40141
-1.2979 -1.40104
-1.29704 -1.40219
-1.29579 -1.4015
-1.29961 -1.40123
-1.29866 -1.40157
-1.2984 -1.39902
-1.29656 -1.40008
-1.2983 -1.40062
-1.29855 -1.39934
-1.2982 -1.39987
-1.30141 -1.3973
-1.29867 -1.39745
-1.301 -1.40109
-1.29851 -1.39799
-1.29743 -1.39979
-1.29897 -1.39534
-1.29741 -1.39916
-1.29733 -1.40077
-1.29852 -1.39878
-1.29922 -1.39596
-1.29605 -1.39815
-1.29933 -1.39903
-1.29771 -1.39719
-1.30074 -1.39751
-1.29738 -1.40025
-1.30144 -1.39576
-1.29967 -1.39905
-1.29957 -1.39854
-1.2975 -1.39741
-1.29718 -1.4006
-1.29895 -1.39792
-1.29878 -1.40022
-1.29871 -1.40062
-1.30016 -1.39928
-1.29585 -1.39954
-1.29723 -1.39797
-1.30062 -1.39819
-1.29632 -1.39988
-1.29982 -1.39987
-1.29874 -1.39681
-1.29945 -1.39807
-1.29881 -1.40008
-1.2982 -1.39835
-1.30066 -1.3953
-1.2985 -1.39903
-1.29759 -1.39764
-1.29758 -1.39833
-1.29846 -1.39875
-1.29751 -1.39837
-1.29933 -1.3977
-1.29671 -1.39937
-1.29529 -1.3984
-1.30263 -1.39601
-1.296 -1.39879
-1.29939 -1.3971
-1.2989 -1.39568
-1.29682 -1.39839
-1.30023 -1.39761
-1.29614 -1.39813
-1.30027 -1.39948
-1.29737 -1.3968
-1.29656 -1.39742
-1.29397 -1.40085
-1.2979 -1.40059
-1.29645 -1.39765
-1.29503 -1.40209
-1.2974 -1.39841
-1.2953 -1.40251
-1.29531 -1.3984
-1.29447 -1.40143
-1.29757 -1.40042
-1.29184 -1.40192
-1.29411 -1.40187
-1.29929 -1.39774
-1.29583 -1.40356
-1.29555 -1.40068
-1.2953 -1.39978
-1.29784 -1.39791
-1.29473 -1.40106
-1.29691 -1.39828
-1.2935 -1.39771
-1.29516 -1.39634
-1.29509 -1.39729
-1.29565 -1.39948
-1.29434 -1.39968
-1.29693 -1.3991
-1.30032 -1.39594
-1.29514 -1.39875
-1.2965 -1.39771
-1.29769 -1.39693
-1.29519 -1.39961
-1.29581 -1.39738
-1.29726 -1.39862
-1.29719 -1.3985
-1.29562 -1.39755
-1.29782 -1.39658
-1.29863 -1.39794
-1.29389 -1.39735
-1.29795 -1.39633
-1.29559 -1.39582
-1.29911 -1.39457
-1.29922 -1.39518
-1.29634 -1.39488
-1.29959 -1.3935
-1.30008 -1.39355
-1.29662 -1.39662
-1.29839 -1.39475
-1.29523 -1.3945
-1.29839 -1.39415
-1.29836 -1.39258
-1.29885 -1.39588
-1.29687 -1.39502
-1.2952 -1.39368
-1.29785 -1.39526
-1.29823 -1.39301
-1.29809 -1.39386
-1.29755 -1.39084
-1.29758 -1.39281
-1.29737 -1.39717
-1.29755 -1.39428
-1.29916 -1.39612
-1.29732 -1.3945
-1.29459 -1.39385
-1.29955 -1.39165
-1.29844 -1.39667
-1.2933 -1.39445
-1.29974 -1.39245
-1.29669 -1.39331
-1.29959 -1.39209
-1.29668 -1.39358
-1.29558 -1.39602
-1.29674 -1.39553
-1.29731 -1.39138
-1.29767 -1.39532
-1.2969 -1.39384
-1.29632 -1.39606
-1.29857 -1.39593
-1.29874 -1.39333
-1.29665 -1.39464
-1.29848 -1.39245
-1.29718 -1.39511
-1.29789 -1.39385
-1.30166 -1.39304
-1.29515 -1.39436
-1.3005 -1.39453
-1.29634 -1.39501
-1.29907 -1.39605
-1.29916 -1.39307
-1.2979 -1.39445
-1.29743 -1.3948
-1.29901 -1.39179
-1.29965 -1.39221
-1.29682 -1.39386
-1.29932 -1.39276
-1.29803 -1.38951
-1.29898 -1.3928
-1.29741 -1.39168
-1.29872 -1.39393
-1.29884 -1.39157
-1.29715 -1.3914
-1.29527 -1.39347
-1.30162 -1.3908
-1.29646 -1.39101
-1.29798 -1.39564
-1.2983 -1.39187
-1.29797 -1.39198
-1.29826 -1.39318
-1.29905 -1.39213
-1.29674 -1.39021
-1.30172 -1.39348
-1.29202 -1.395
-1.30027 -1.39246
-1.29424 -1.39238
-1.29998 -1.39018
-1.29678 -1.39191
-1.2963 -1.39319
-1.29741 -1.39226
-1.29903 -1.39134
-1.29592 -1.3909
-1.29892 -1.39212
-1.29772 -1.3899
-1.29573 -1.3922
-1.29858 -1.38945
-1.29624 -1.3913
-1.29568 -1.39432
-1.29995 -1.3909
-1.29523 -1.39239
-1.3 -1.39109
-1.2962 -1.39061
-1.29756 -1.39537
-1.29869 -1.39083
-1.29716 -1.39225
-1.29948 -1.38926
-1.29754 -1.39217
-1.29524 -1.39218
-1.30044 -1.38845
-1.29768 -1.39153
-1.30032 -1.38957
-1.2979 -1.39139
-1.2987 -1.39045
-1.30137 -1.39135
-1.29746 -1.38863
-1.29791 -1.39081
-1.29861 -1.39082
-1.29821 -1.38946
-1.29914 -1.38929
-1.29757 -1.38991
-1.2997 -1.38523
-1.30109 -1.38854
-1.29674 -1.38696
-1.29983 -1.38821
-1.29737 -1.38944
-1.30009 -1.3843
-1.29844 -1.38843
-1.30137 -1.38497
-1.30135 -1.38415
-1.29513 -1.38524
-1.30056 -1.38542
-1.30122 -1.38435
-1.29824 -1.38431
-1.29972 -1.38331
-1.30049 -1.38393
-1.29903 -1.38832
-1.29632 -1.38686
-1.29939 -1.38779
-1.29843 -1.38894
-1.29787 -1.38632
-1.29736 -1.38687
-1.29762 -1.3858
-1.30092 -1.38831
-1.29788 -1.38502
-1.30004 -1.38803
-1.29718 -1.38697
-1.30076 -1.38517
-1.30054 -1.38548
-1.29832 -1.38827
-1.29786 -1.38782
-1.29933 -1.38693
-1.29644 -1.38929
-1.29917 -1.38774
-1.29764 -1.38777
-1.29622 -1.39015
-1.29676 -1.38801
-1.2975 -1.38626
-1.29522 -1.39205
-1.29906 -1.39026
-1.29573 -1.3883
-1.29606 -1.38909
-1.29856 -1.38728
-1.2959 -1.39116
-1.29618 -1.38744
-1.29731 -1.38833
-1.29969 -1.38845
-1.29613 -1.38795
-1.29928 -1.38762
-1.29449 -1.38717
-1.29666 -1.38964
-1.29633 -1.38637
-1.29678 -1.38856
-1.2964 -1.38762
-1.2972 -1.38887
-1.29738 -1.38745
-1.29863 -1.38782
-1.29747 -1.38742
-1.29684 -1.38699
-1.29577 -1.38731
-1.29485 -1.3897
-1.29789 -1.38631
-1.29444 -1.38744
-1.29923 -1.38811
-1.2969 -1.38688
-1.29829 -1.38965
-1.2966 -1.38478
-1.30082 -1.38502
-1.29527 -1.38825
-1.29688 -1.3872
-1.29672 -1.38357
-1.30004 -1.3878
-1.29613 -1.38663
-1.29729 -1.38466
-1.29765 -1.39045
-1.29769 -1.38409
-1.29414 -1.38861
-1.30097 -1.38383
-1.29637 -1.38891
-1.30021 -1.38455
-1.29577 -1.38631
-1.2986 -1.38714
-1.29747 -1.38999
-1.29983 -1.38299
-1.29911 -1.38592
-1.29519 -1.3891
-1.29809 -1.38694
-1.29637 -1.38726
-1.29904 -1.38621
-1.29833 -1.38755
-1.29907 -1.38902
-1.29712 -1.38956
-1.29761 -1.38558
-1.29722 -1.38587
-1.29771 -1.38644
-1.29734 -1.38621
-1.29668 -1.38872
-1.29761 -1.38384
-1.29841 -1.38495
-1.29811 -1.38632
-1.29569 -1.38512
-1.29534 -1.38866
-1.29918 -1.38471
-1.29607 -1.38714
-1.29755 -1.38443
-1.29587 -1.38542
-1.29917 -1.38728
-1.29707 -1.38421
-1.29673 -1.38616
-1.29637 -1.38448
-1.29675 -1.3893
-1.29571 -1.38529
-1.29875 -1.38621
-1.29827 -1.38418
-1.29703 -1.38564
-1.2972 -1.38418
-1.29587 -1.3859
-1.29993 -1.38311
-1.29302 -1.38715
-1.29774 -1.38332
-1.29866 -1.38128
-1.29578 -1.3863
-1.29718 -1.38285
-1.29583 -1.38456
-1.29836 -1.38385
-1.29724 -1.38432
-1.29854 -1.37928
-1.29269 -1.38503
-1.29729 -1.38232
-1.2939 -1.38227
-1.29475 -1.38648
-1.2972 -1.38209
-1.29385 -1.38347
-1.29688 -1.38279
-1.29505 -1.38571
-1.29616 -1.38233
-1.29519 -1.38091
-1.29628 -1.38268
-1.2948 -1.38299
-1.29726 -1.3856
-1.29498 -1.38422
-1.29357 -1.38643
-1.29528 -1.38221
-1.29484 -1.38312
-1.29533 -1.38431
-1.29868 -1.37993
-1.29901 -1.38158
-1.29336 -1.38385
-1.29591 -1.38253
-1.29625 -1.37931
-1.29472 -1.38109
-1.29628 -1.38345
-1.29594 -1.38002
-1.29762 -1.38219
-1.29501 -1.38375
-1.29529 -1.37992
-1.29625 -1.38423
-1.29299 -1.38211
-1.2975 -1.38281
-1.29354 -1.38447
-1.29617 -1.38139
-1.29298 -1.38592
-1.29581 -1.38134
-1.29623 -1.38089
-1.29337 -1.3825
-1.29476 -1.38231
-1.29234 -1.38547
-1.29457 -1.38485
-1.294 -1.38328
-1.29356 -1.37993
-1.29675 -1.38634
-1.29278 -1.38373
-1.2949 -1.38254
-1.29662 -1.38155
-1.2962 -1.38086
-1.29275 -1.38683
-1.29693 -1.3805
-1.29504 -1.38092
-1.29725 -1.38146
-1.29422 -1.38543
-1.29615 -1.38364
-1.29558 -1.38327
-1.29483 -1.38112
-1.29755 -1.38228
-1.29633 -1.38069
-1.29492 -1.37997
-1.29608 -1.38113
-1.29531 -1.38242
-1.29604 -1.37928
-1.29784 -1.37921
-1.29633 -1.38228
-1.29401 -1.38017
-1.29696 -1.38215
-1.29399 -1.38059
-1.2976 -1.38039
-1.29484 -1.38191
-1.2931 -1.38267
-1.29709 -1.38285
-1.29429 -1.38122
-1.29524 -1.38256
-1.29518 -1.38247
-1.29501 -1.38108
-1.29392 -1.38175
-1.29683 -1.37901
-1.29306 -1.38301
-1.29452 -1.37937
-1.29404 -1.38048
-1.29489 -1.38069
-1.29277 -1.38056
-1.29503 -1.38093
-1.29421 -1.38024
-1.29556 -1.37889
-1.29387 -1.38114
-1.29382 -1.38314
-1.29593 -1.38226
-1.29339 -1.38058
-1.29574 -1.38296
-1.29793 -1.3813
-1.29398 -1.38001
-1.29358 -1.37987
-1.29378 -1.38331
-1.29493 -1.38092
-1.29375 -1.38251
-1.29272 -1.38093
-1.29393 -1.38031
-1.29333 -1.38233
-1.29396 -1.38344
-1.29589 -1.37908
-1.29333 -1.38018
-1.29179 -1.38327
-1.29571 -1.38014
-1.29208 -1.37952
-1.29364 -1.37939
-1.29348 -1.37877
-1.29604 -1.37828
-1.29473 -1.38041
-1.29415 -1.37609
-1.2936 -1.38261
-1.29307 -1.38184
-1.29287 -1.37683
-1.29322 -1.37927
-1.2937 -1.37938
-1.29228 -1.38213
-1.29327 -1.38253
-1.29312 -1.38074
-1.29148 -1.38139
-1.29346 -1.37876
-1.29014 -1.38175
-1.29166 -1.38272
-1.29337 -1.37993
-1.29049 -1.37897
-1.29439 -1.38017
-1.29482 -1.3797
-1.2938 -1.37831
-1.29128 -1.38023
-1.29324 -1.37732
-1.29179 -1.38454
-1.29364 -1.37729
-1.2897 -1.3771
-1.29176 -1.38149
-1.29108 -1.38019
-1.29333 -1.3787
-1.29203 -1.37917
-1.29178 -1.38236
-1.29383 -1.37754
-1.29279 -1.37605
-1.29132 -1.3794
-1.29101 -1.37669
-1.2961 -1.37831
-1.29298 -1.37946
-1.29242 -1.37866
-1.29304 -1.37809
-1.29276 -1.38049
-1.29462 -1.37656
-1.29178 -1.37876
-1.29317 -1.37865
-1.29266 -1.37911
-1.29325 -1.37544
-1.29364 -1.38179
-1.2942 -1.37834
-1.29345 -1.37506
-1.29149 -1.3818
-1.29473 -1.37814
-1.29516 -1.37869
-1.29019 -1.3811
-1.29015 -1.38122
-1.29342 -1.37869
-1.29204 -1.37762
-1.29364 -1.37967
-1.29231 -1.37928
-1.29355 -1.37946
-1.29139 -1.37769
-1.29558 -1.37682
-1.29391 -1.37808
-1.29333 -1.37792
-1.29442 -1.37719
-1.29304 -1.37822
-1.29318 -1.3802
-1.29597 -1.37382
-1.29387 -1.37842
-1.29324 -1.3786
-1.29252 -1.37945
-1.29524 -1.37488
-1.29287 -1.37685
-1.29305 -1.37765
-1.29535 -1.37993
-1.29259 -1.37944
-1.29542 -1.37748
-1.293 -1.37768
-1.29655 -1.3763
-1.29285 -1.38239
-1.29474 -1.37649
-1.29355 -1.37921
-1.29455 -1.37421
-1.29515 -1.37777
-1.29459 -1.37716
-1.29502 -1.37358
-1.29409 -1.3781
-1.293 -1.37428
-1.2932 -1.37762
-1.29601 -1.37766
-1.29599 -1.3745
-1.29648 -1.37752
-1.29465 -1.37754
-1.29594 -1.376
-1.29707 -1.37649
-1.29358 -1.37639
-1.29435 -1.37787
-1.29472 -1.37532
-1.29519 -1.37765
-1.29406 -1.375
-1.29649 -1.37528
-1.29364 -1.37681
-1.29476 -1.3751
-1.2933 -1.37624
-1.29338 -1.37666
-1.2986 -1.37496
-1.29428 -1.37575
-1.29276 -1.3757
-1.29591 -1.37456
-1.29528 -1.37377
-1.29578 -1.37757
-1.29679 -1.37315
-1.29642 -1.37384
-1.29611 -1.37305
-1.29346 -1.37312
-1.29733 -1.37549
-1.29344 -1.37633
-1.29765 -1.37118
-1.29667 -1.37388
-1.29646 -1.37408
-1.29316 -1.3716
-1.2957 -1.3766
-1.29426 -1.37284
-1.29554 -1.37413
-1.29341 -1.37319
-1.29428 -1.37368
-1.29352 -1.37344
-1.29314 -1.37467
-1.2931 -1.37515
-1.29493 -1.3738
-1.29406 -1.37341
-1.29477 -1.37366
-1.29098 -1.37437
-1.29492 -1.37274
-1.29328 -1.3751
-1.2952 -1.37447
-1.29055 -1.37406
-1.29744 -1.37448
-1.29295 -1.37203
-1.2932 -1.37095
-1.29306 -1.37533
-1.29387 -1.37246
-1.29144 -1.37515
-1.29309 -1.37472
-1.29616 -1.37299
-1.29286 -1.37395
-1.2936 -1.37491
-1.29395 -1.37242
-1.28964 -1.37788
-1.29377 -1.37398
-1.29099 -1.37433
-1.29366 -1.37666
-1.29144 -1.37537
-1.2934 -1.37204
-1.29391 -1.37447
-1.29448 -1.37384
-1.29301 -1.37441
-1.29178 -1.37307
-1.29532 -1.3723
-1.29285 -1.37436
-1.29479 -1.37195
-1.29112 -1.37325
-1.29301 -1.37596
-1.2949 -1.37413
-1.2946 -1.37313
-1.29309 -1.37275
-1.29364 -1.3728
-1.29512 -1.37251
-1.29349 -1.37545
-1.2951 -1.37168
-1.29347 -1.37308
-1.29451 -1.37261
-1.2911 -1.37251
-1.2928 -1.37338
-1.29135 -1.37375
-1.29159 -1.37179
-1.2933 -1.37142
-1.28993 -1.37251
-1.29538 -1.37402
-1.29291 -1.37409
-1.29274 -1.37085
-1.2927 -1.37604
-1.2935 -1.37102
-1.29134 -1.37307
-1.29547 -1.37263
-1.29322 -1.36967
-1.29326 -1.37508
-1.29295 -1.37184
-1.29314 -1.36978
-1.29713 -1.37018
-1.2943 -1.37152
-1.29201 -1.37263
-1.29134 -1.37302
-1.29441 -1.36872
-1.29251 -1.37229
-1.29271 -1.37242
-1.29172 -1.37029
-1.29426 -1.36865
-1.29221 -1.37195
-1.29437 -1.37086
-1.29546 -1.37081
-1.2921 -1.37074
-1.29404 -1.37214
-1.29272 -1.36993
-1.29258 -1.37277
-1.29408 -1.37173
-1.29506 -1.37418
-1.29048 -1.37043
-1.29529 -1.37191
-1.29541 -1.3709
-1.29329 -1.37096
-1.29462 -1.36717
-1.2944 -1.36914
-1.29389 -1.37295
-1.29202 -1.36735
-1.29639 -1.36861
-1.29366 -1.36859
-1.29283 -1.36793
-1.29774 -1.36919
-1.29253 -1.36843
-1.29569 -1.368
-1.29233 -1.36923
-1.29406 -1.36878
-1.2935 -1.36999
-1.29524 -1.36889
-1.29405 -1.36971
-1.29301 -1.36981
-1.29621 -1.36583
-1.29449 -1.37001
-1.29291 -1.37103
-1.29335 -1.37396
-1.29495 -1.36938
-1.29259 -1.37119
-1.29474 -1.36791
-1.2926 -1.37234
-1.29476 -1.36968
-1.29186 -1.36866
-1.29547 -1.36832
-1.29186 -1.36631
-1.29116 -1.37197
-1.29423 -1.36934
-1.29416 -1.36945
-1.29344 -1.37022
-1.29017 -1.36996
-1.29385 -1.36987
-1.29348 -1.36934
-1.29236 -1.3686
-1.29201 -1.36944
-1.29366 -1.37027
-1.29225 -1.36967
-1.29159 -1.36864
-1.29387 -1.36823
-1.29148 -1.37019
-1.29186 -1.36824
-1.29349 -1.37018
-1.29122 -1.36456
-1.29428 -1.36677
-1.29058 -1.36902
-1.28984 -1.36958
-1.29106 -1.36787
-1.29234 -1.36763
-1.28996 -1.36594
-1.29203 -1.3678
-1.29302 -1.36818
-1.29069 -1.36835
-1.29033 -1.36632
-1.28901 -1.36796
-1.28907 -1.36673
-1.28857 -1.36759
-1.28937 -1.36689
-1.289 -1.36655
-1.28997 -1.36697
-1.29082 -1.36879
-1.28848 -1.36853
-1.28916 -1.36974
-1.29124 -1.36649
-1.29259 -1.36602
-1.28841 -1.36784
-1.2908 -1.36761
-1.28806 -1.36672
-1.28917 -1.36749
-1.29095 -1.36806
-1.28963 -1.36652
-1.28838 -1.36814
-1.29007 -1.37036
-1.288 -1.36846
-1.28992 -1.36696
-1.28639 -1.3723
-1.28807 -1.36743
-1.28916 -1.37093
-1.29049 -1.36467
-1.28839 -1.36909
-1.28792 -1.3678
