0 0
-0.0526304 -0.0495223
-0.104272 -0.0982147
-0.154837 -0.145886
-0.204441 -0.192767
-0.252966 -0.238759
-0.300306 -0.283828
-0.34658 -0.327605
-0.392002 -0.371246
-0.43632 -0.413293
-0.479393 -0.454936
-0.521394 -0.49506
-0.562516 -0.534778
-0.602369 -0.57338
-0.640788 -0.610775
-0.679188 -0.64841
-0.715688 -0.683183
-0.750707 -0.71779
-0.785021 -0.752298
-0.818942 -0.784175
-0.849478 -0.817451
-0.882108 -0.84711
-0.91076 -0.877593
-0.939637 -0.907595
-0.967425 -0.934766
-0.993394 -0.962621
-1.01955 -0.987255
-1.04107 -1.01305
-1.06533 -1.03822
-1.08654 -1.06018
-1.10516 -1.08354
-1.10687 -1.08163
-1.10649 -1.0846
-1.10582 -1.08393
-1.10735 -1.08088
-1.10474 -1.08536
-1.1075 -1.08193
-1.10235 -1.08414
-1.10786 -1.07973
-1.1039 -1.08604
-1.1058 -1.0835
-1.10622 -1.08198
-1.10679 -1.08268
-1.10403 -1.0837
-1.10673 -1.08165
-1.10513 -1.08391
-1.10497 -1.0833
-1.10648 -1.08112
-1.10498 -1.08392
-1.10601 -1.08278
-1.10511 -1.08473
-1.10488 -1.08219
-1.10448 -1.08358
-1.10557 -1.08379
-1.1067 -1.0809
-1.1025 -1.08573
-1.10449 -1.08151
-1.10305 -1.08312
-1.10508 -1.08299
-1.10356 -1.08449
-1.10438 -1.08122
-1.10536 -1.08378
-1.10386 -1.0817
-1.10213 -1.08479
-1.10438 -1.0801
-1.10492 -1.0829
-1.10327 -1.08301
-1.10305 -1.08235
-1.1029 -1.08233
-1.10421 -1.08041
-1.10016 -1.08516
-1.10574 -1.08103
-1.1058 -1.08131
-1.10064 -1.08501
-1.10578 -1.08023
-1.10435 -1.08188
-1.10155 -1.08408
-1.10453 -1.08144
-1.10331 -1.08311
-1.10403 -1.08056
-1.10337 -1.08254
-1.10413 -1.0825
-1.10275 -1.08299
-1.10519 -1.07899
-1.10289 -1.08465
-1.10485 -1.07908
-1.10336 -1.08388
-1.10414 -1.08076
-1.10305 -1.08037
-1.10408 -1.08174
-1.1033 -1.0807
-1.10435 -1.08035
-1.10267 -1.08163
-1.10345 -1.08135
-1.1031 -1.08077
-1.10433 -1.082
-1.10277 -1.08053
-1.10278 -1.08033
-1.10385 -1.07976
-1.10308 -1.08084
-1.10376 -1.08163
-1.10329 -1.0804
-1.10215 -1.0817
-1.10428 -1.07764
-1.09991 -1.08336
-1.10536 -1.07916
-1.10234 -1.08102
-1.10433 -1.07928
-1.10297 -1.08219
-1.10348 -1.07891
-1.10064 -1.08022
-1.10557 -1.07892
-1.10182 -1.08153
-1.10364 -1.0787
-1.10346 -1.0829
-1.10224 -1.08074
-1.10269 -1.08038
-1.1027 -1.08128
-1.10332 -1.07827
-1.10103 -1.08258
-1.10341 -1.07967
-1.1029 -1.07846
-1.1006 -1.08196
-1.10257 -1.07936
-1.10554 -1.08085
-1.10101 -1.08105
-1.10469 -1.08071
-1.10268 -1.08037
-1.10275 -1.07881
-1.10283 -1.08117
-1.1032 -1.08115
-1.10412 -1.07887
-1.10234 -1.08146
-1.10347 -1.079
-1.1037 -1.0801
-1.10358 -1.08164
-1.10281 -1.07869
-1.10111 -1.08259
-1.10548 -1.07804
-1.10161 -1.07937
-1.10095 -1.0808
-1.1027 -1.07885
-1.10246 -1.08005
-1.10164 -1.08119
-1.10174 -1.08062
-1.10298 -1.07887
-1.10139 -1.08068
-1.10302 -1.07868
-1.10326 -1.08032
-1.09992 -1.08126
-1.10277 -1.07925
-1.10293 -1.07794
-1.10014 -1.08209
-1.10272 -1.07845
-1.10185 -1.08114
-1.10328 -1.07918
-1.10078 -1.07959
-1.10426 -1.07826
-1.10247 -1.07876
-1.10085 -1.08026
-1.10127 -1.08035
-1.10151 -1.07857
-1.10211 -1.07791
-1.09985 -1.08137
-1.10171 -1.07689
-1.1003 -1.08079
-1.10308 -1.07776
-1.09848 -1.08107
-1.10289 -1.07857
-1.09877 -1.07968
-1.10262 -1.07745
-1.09989 -1.07981
-1.09932 -1.07951
-1.10141 -1.07644
-1.09992 -1.08126
-1.10122 -1.07644
-1.09938 -1.0798
-1.10064 -1.07775
-1.09915 -1.07842
-1.10035 -1.0806
-1.10007 -1.07925
-1.10065 -1.07755
-1.09866 -1.0798
-1.10225 -1.07734
-1.0993 -1.08002
-1.09989 -1.07823
-1.10114 -1.0785
-1.0998 -1.07782
-1.09965 -1.08014
-1.10087 -1.07842
-1.09982 -1.07822
-1.10031 -1.07981
-1.09889 -1.07954
-1.10098 -1.07831
-1.0996 -1.07906
-1.09916 -1.07797
-1.09995 -1.08053
-1.09828 -1.07731
-1.10198 -1.07837
-1.0969 -1.08105
-1.10097 -1.07689
-1.09824 -1.08048
-1.10086 -1.07844
-1.09846 -1.07949
-1.10052 -1.07687
-1.09886 -1.07876
-1.10065 -1.07861
-1.0976 -1.07868
-1.0978 -1.08089
-1.10095 -1.07515
-1.09787 -1.07915
-1.1003 -1.07893
-1.09811 -1.08033
-1.09948 -1.07572
-1.09745 -1.08076
-1.09965 -1.07954
-1.09977 -1.07642
-1.09769 -1.08105
-1.09995 -1.07913
-1.09979 -1.0783
-1.09793 -1.08022
-1.09909 -1.07676
-1.09919 -1.07974
-1.09633 -1.07989
-1.1005 -1.07738
-1.09626 -1.08011
-1.09918 -1.07742
-1.09753 -1.07855
-1.09762 -1.07905
-1.09723 -1.07789
-1.09933 -1.07846
-1.09766 -1.07941
-1.09784 -1.07758
-1.09815 -1.07771
-1.09817 -1.07945
-1.09854 -1.07664
-1.09915 -1.0786
-1.09652 -1.08117
-1.0995 -1.0757
-1.0989 -1.07839
-1.09754 -1.07926
-1.09747 -1.07788
-1.09894 -1.07862
-1.09931 -1.07736
-1.09792 -1.07787
-1.0968 -1.07919
-1.1009 -1.07677
-1.09699 -1.0795
-1.09984 -1.07605
-1.09506 -1.07941
-1.10169 -1.07342
-1.09826 -1.08146
-1.0987 -1.07574
-1.0994 -1.07653
-1.09792 -1.07963
-1.09868 -1.07441
-1.0979 -1.07839
-1.09763 -1.07748
-1.09863 -1.07492
-1.09787 -1.07883
-1.10068 -1.07591
-1.09569 -1.07832
-1.10003 -1.07663
-1.09753 -1.07644
-1.09893 -1.079
-1.09963 -1.07704
-1.09578 -1.07514
-1.09928 -1.07871
-1.09788 -1.07701
-1.09979 -1.07552
-1.09693 -1.07774
-1.09892 -1.07443
-1.09737 -1.07863
-1.09875 -1.07493
-1.09877 -1.07542
-1.09908 -1.07743
-1.09704 -1.07757
-1.1 -1.07464
-1.09723 -1.07659
-1.09838 -1.07486
-1.09784 -1.07737
-1.09707 -1.07344
-1.10058 -1.07682
-1.09683 -1.0768
-1.09911 -1.0758
-1.09869 -1.07475
-1.09706 -1.07702
-1.10105 -1.07388
-1.09835 -1.0757
-1.09754 -1.0765
-1.09972 -1.07557
-1.09877 -1.07594
-1.09757 -1.07512
-1.0998 -1.0758
-1.09816 -1.07619
-1.09813 -1.07726
-1.09802 -1.07725
-1.10025 -1.07255
-1.097 -1.07778
-1.09736 -1.07389
-1.09923 -1.07711
-1.09887 -1.07481
-1.09655 -1.07819
-1.10029 -1.07427
-1.09564 -1.0777
-1.09934 -1.07333
-1.0981 -1.07735
-1.09922 -1.07413
-1.09667 -1.07646
-1.09815 -1.07525
-1.0967 -1.07563
-1.09758 -1.07628
-1.09988 -1.07407
-1.095 -1.077
-1.09953 -1.07338
-1.09513 -1.07617
-1.09752 -1.07632
-1.09575 -1.07511
-1.09775 -1.07489
-1.09667 -1.07537
-1.09663 -1.07575
-1.09807 -1.07366
-1.09707 -1.0768
-1.09582 -1.07499
-1.10017 -1.07358
-1.09605 -1.0778
-1.09767 -1.07337
-1.09624 -1.07688
-1.09816 -1.0752
-1.098 -1.07401
-1.09613 -1.07659
-1.09806 -1.07474
-1.09678 -1.076
-1.09749 -1.07504
-1.09735 -1.07788
-1.09725 -1.07302
-1.09741 -1.07678
-1.09814 -1.07511
-1.09832 -1.07633
-1.09673 -1.07352
-1.09759 -1.07672
-1.09598 -1.07554
-1.09864 -1.07334
-1.09687 -1.07775
-1.09788 -1.07522
-1.09769 -1.0742
-1.09592 -1.0764
-1.09599 -1.07513
-1.09893 -1.07309
-1.0955 -1.07754
-1.09671 -1.07452
-1.09775 -1.07559
-1.0965 -1.07397
-1.09729 -1.07472
-1.09847 -1.07469
-1.09659 -1.07488
-1.09796 -1.07633
-1.09778 -1.07449
-1.09596 -1.07474
-1.09791 -1.07473
-1.09618 -1.07399
-1.0948 -1.07595
-1.09865 -1.07259
-1.09595 -1.07409
-1.0953 -1.07523
-1.09848 -1.07221
-1.09491 -1.07689
-1.09667 -1.07363
-1.09682 -1.07475
-1.09587 -1.0754
-1.09656 -1.07535
-1.09715 -1.07297
-1.09522 -1.07576
-1.09709 -1.07442
-1.09564 -1.07382
-1.09539 -1.07463
-1.09721 -1.07356
-1.09703 -1.07258
-1.09462 -1.0765
-1.09591 -1.07344
-1.0959 -1.07443
-1.09772 -1.07288
-1.09569 -1.07484
-1.09642 -1.07238
-1.09675 -1.07403
-1.09642 -1.07443
-1.0968 -1.07431
-1.09504 -1.07393
-1.0959 -1.07433
-1.09596 -1.07281
-1.09613 -1.07467
-1.09531 -1.07452
-1.09643 -1.07269
-1.09578 -1.07533
-1.09684 -1.07374
-1.09657 -1.07472
-1.0963 -1.07364
-1.09632 -1.07452
-1.09727 -1.07531
-1.09565 -1.07521
-1.09636 -1.07235
-1.09681 -1.07483
-1.0948 -1.0749
-1.09694 -1.0724
-1.09825 -1.07483
-1.0951 -1.07419
-1.09612 -1.07291
-1.09661 -1.07479
-1.09578 -1.07322
-1.09485 -1.07402
-1.09657 -1.07357
-1.09528 -1.07298
-1.09626 -1.07489
-1.0958 -1.0734
-1.09559 -1.07314
-1.09694 -1.07357
-1.09421 -1.07557
-1.09514 -1.07522
-1.09864 -1.07119
-1.09362 -1.07574
-1.09703 -1.0731
-1.09702 -1.07286
-1.09467 -1.07358
-1.09535 -1.07274
-1.09673 -1.07246
-1.09426 -1.07306
-1.09356 -1.07319
-1.09609 -1.07167
-1.09435 -1.07471
-1.09585 -1.07247
-1.09551 -1.07331
-1.09317 -1.07397
-1.09628 -1.07079
-1.0946 -1.07365
-1.09611 -1.07252
-1.09279 -1.07329
-1.0977 -1.07062
-1.09411 -1.07323
-1.09513 -1.07259
-1.09581 -1.07309
-1.09546 -1.07277
-1.09615 -1.07179
-1.09373 -1.07483
-1.09673 -1.07054
-1.09248 -1.07327
-1.09718 -1.07179
-1.09384 -1.07199
-1.09435 -1.07368
-1.09338 -1.07411
-1.09513 -1.07048
-1.09562 -1.07136
-1.09465 -1.07333
-1.09496 -1.07148
-1.09457 -1.07278
-1.09489 -1.07267
-1.09685 -1.07027
-1.09481 -1.07357
-1.09453 -1.07182
-1.09605 -1.07174
-1.0932 -1.07172
-1.09633 -1.07106
-1.09545 -1.07374
-1.09489 -1.07344
-1.09686 -1.0707
-1.09483 -1.07148
-1.09563 -1.07402
-1.09537 -1.07235
-1.09589 -1.07216
-1.09494 -1.07131
-1.0954 -1.07144
-1.09539 -1.07274
-1.09529 -1.07099
-1.09557 -1.07227
-1.0939 -1.07295
-1.09457 -1.07171
-1.09649 -1.07079
-1.09474 -1.073
-1.09392 -1.07279
-1.09506 -1.07153
-1.09611 -1.07158
-1.093 -1.07129
-1.09687 -1.07267
-1.09403 -1.07142
-1.09566 -1.07141
-1.09567 -1.07348
-1.0941 -1.06999
-1.09296 -1.07184
-1.09272 -1.07348
-1.09536 -1.07122
-1.09473 -1.07039
-1.0922 -1.07322
-1.09529 -1.06861
-1.09311 -1.07192
-1.09356 -1.07247
-1.09439 -1.06937
-1.09265 -1.0725
-1.09487 -1.06953
-1.09362 -1.07097
-1.09283 -1.07165
-1.09568 -1.06916
-1.09325 -1.07242
-1.09426 -1.07016
-1.09273 -1.07057
-1.09376 -1.07261
-1.09424 -1.07172
-1.09436 -1.06765
-1.09315 -1.0719
-1.09468 -1.07243
-1.09404 -1.0685
-1.09134 -1.07333
-1.09534 -1.0675
-1.09156 -1.07174
-1.0927 -1.07071
-1.09385 -1.07033
-1.09249 -1.071
-1.09239 -1.07008
-1.09311 -1.07064
-1.09484 -1.07045
-1.09311 -1.06907
-1.09257 -1.07027
-1.09356 -1.07025
-1.09308 -1.07154
-1.09318 -1.06846
-1.09254 -1.07164
-1.09432 -1.06895
-1.09313 -1.07035
-1.09358 -1.07059
-1.09196 -1.07186
-1.0958 -1.06874
-1.09162 -1.06989
-1.09347 -1.07111
-1.0924 -1.06918
-1.0934 -1.07078
-1.09324 -1.0698
-1.09264 -1.06865
-1.09381 -1.07062
-1.09324 -1.07168
-1.09507 -1.06878
-1.09345 -1.06967
-1.09122 -1.07145
-1.09514 -1.06801
-1.09328 -1.07146
-1.09386 -1.0684
-1.09349 -1.07007
-1.09464 -1.06929
-1.0906 -1.07084
-1.09341 -1.0692
-1.09229 -1.0717
-1.09521 -1.06798
-1.09118 -1.07225
-1.0927 -1.06799
-1.09313 -1.07261
-1.09349 -1.06798
-1.09361 -1.07203
-1.09353 -1.06906
-1.09209 -1.07214
-1.09561 -1.0681
-1.09122 -1.07231
-1.09468 -1.06726
-1.09348 -1.071
-1.09274 -1.07067
-1.09431 -1.06881
-1.09237 -1.07109
-1.09393 -1.06936
-1.0936 -1.07098
-1.09212 -1.06931
-1.09317 -1.07095
-1.09258 -1.0712
-1.09326 -1.0682
-1.09229 -1.06969
-1.09211 -1.0709
-1.09249 -1.0707
-1.09288 -1.06995
-1.09325 -1.06997
-1.09298 -1.07026
-1.09287 -1.07166
-1.09386 -1.06912
-1.09247 -1.07028
-1.09357 -1.07023
-1.09152 -1.07115
-1.09286 -1.07036
-1.09217 -1.06965
-1.09187 -1.07062
-1.09308 -1.07216
-1.09316 -1.06899
-1.09088 -1.06984
-1.09295 -1.06957
-1.09105 -1.07045
-1.09371 -1.06874
-1.09163 -1.07015
-1.09423 -1.06823
-1.09167 -1.07088
-1.09348 -1.06667
-1.09299 -1.07012
-1.09299 -1.06896
-1.09336 -1.0687
-1.09288 -1.06826
-1.09226 -1.06929
-1.09353 -1.06848
-1.09109 -1.06852
-1.09523 -1.06855
-1.09221 -1.06842
-1.09235 -1.07079
-1.0917 -1.06633
-1.09289 -1.06988
-1.0914 -1.06851
-1.09375 -1.06911
-1.09189 -1.0694
-1.09224 -1.06893
-1.09378 -1.06668
-1.09139 -1.07213
-1.09673 -1.06533
-1.08936 -1.07355
-1.09404 -1.06581
-1.09167 -1.06948
-1.09278 -1.0675
-1.09292 -1.06979
-1.09244 -1.06779
-1.09234 -1.06862
-1.09199 -1.06799
-1.09253 -1.06943
-1.09105 -1.06896
-1.09207 -1.06818
-1.09171 -1.06869
-1.0939 -1.06902
-1.09157 -1.06852
-1.09255 -1.06743
-1.09066 -1.06886
-1.09246 -1.06825
-1.09195 -1.06749
-1.0908 -1.06967
-1.09264 -1.06869
-1.09283 -1.06589
-1.09081 -1.07172
-1.09372 -1.06705
-1.09083 -1.06834
-1.09185 -1.06826
-1.09159 -1.06786
-1.09081 -1.06739
-1.09224 -1.07003
-1.09333 -1.0674
-1.09132 -1.06884
-1.09105 -1.06706
-1.09176 -1.06865
-1.0908 -1.0677
-1.09308 -1.06729
-1.09154 -1.06931
-1.09111 -1.06758
-1.09071 -1.06729
-1.0921 -1.06679
-1.0918 -1.06976
-1.0909 -1.06763
-1.09294 -1.06614
-1.09131 -1.06843
-1.09173 -1.06839
-1.09195 -1.06543
-1.09019 -1.07071
-1.09221 -1.06573
-1.09142 -1.06831
-1.0914 -1.06776
-1.09335 -1.06783
-1.09141 -1.06715
-1.09204 -1.0675
-1.0916 -1.06767
-1.09243 -1.06738
-1.09056 -1.06775
-1.09167 -1.06757
-1.09257 -1.06614
-1.09134 -1.06806
-1.09257 -1.06742
-1.08907 -1.06831
-1.09281 -1.06387
-1.08943 -1.06965
-1.09197 -1.06675
-1.09236 -1.06529
-1.09108 -1.06964
-1.09107 -1.06483
-1.09229 -1.06938
-1.09052 -1.06608
-1.09067 -1.06818
-1.09131 -1.06604
-1.09109 -1.06841
-1.09014 -1.06793
-1.09243 -1.06852
-1.0903 -1.06585
-1.08997 -1.06907
-1.09112 -1.06654
-1.09073 -1.06915
-1.09297 -1.06559
-1.09183 -1.06888
-1.08888 -1.06924
-1.09437 -1.06459
-1.09243 -1.06687
-1.09051 -1.06899
-1.09163 -1.06601
-1.09091 -1.06789
-1.09118 -1.06595
-1.09056 -1.06794
-1.09108 -1.06708
-1.09074 -1.06543
-1.09073 -1.06705
-1.08947 -1.06829
-1.09166 -1.06461
-1.08923 -1.06719
-1.0893 -1.06715
-1.08998 -1.0655
-1.08933 -1.0675
-1.08951 -1.06642
-1.09191 -1.0651
-1.08861 -1.06577
-1.08971 -1.06631
-1.09075 -1.06688
-1.08904 -1.06625
-1.0914 -1.06664
-1.08884 -1.06661
-1.09007 -1.06515
-1.09068 -1.0654
-1.08773 -1.06818
-1.09258 -1.06284
-1.08801 -1.06722
-1.08864 -1.06629
-1.09171 -1.06608
-1.08982 -1.06533
-1.09031 -1.06557
-1.09021 -1.06602
-1.0907 -1.06469
-1.08837 -1.06766
-1.09173 -1.06257
-1.09068 -1.06625
-1.09016 -1.06651
-1.09082 -1.06602
-1.08833 -1.06623
-1.09057 -1.06524
-1.0888 -1.06586
-1.08837 -1.06508
-1.09052 -1.0662
-1.08889 -1.06534
-1.09039 -1.06474
-1.09 -1.06687
-1.08959 -1.06677
-1.09015 -1.06396
-1.08947 -1.06602
-1.08896 -1.06496
-1.09026 -1.06513
-1.08835 -1.06681
-1.09024 -1.06578
-1.08911 -1.06603
-1.08988 -1.06486
-1.08983 -1.06543
-1.08809 -1.06614
-1.08984 -1.06445
-1.08802 -1.06693
-1.0892 -1.06427
-1.08739 -1.06649
-1.08991 -1.06636
-1.08866 -1.06269
-1.08928 -1.06621
-1.08798 -1.06548
-1.08958 -1.06597
-1.08818 -1.06428
-1.08887 -1.06441
-1.08859 -1.06722
-1.08878 -1.06471
-1.08742 -1.06567
-1.09044 -1.0627
-1.08678 -1.06584
-1.08918 -1.06377
-1.08824 -1.06608
-1.08848 -1.06482
-1.08838 -1.06497
-1.08754 -1.0643
-1.0885 -1.06546
-1.0877 -1.06495
-1.08824 -1.06428
-1.08809 -1.06617
-1.08876 -1.06426
-1.0863 -1.06604
-1.08872 -1.06347
-1.08623 -1.06582
-1.08871 -1.06588
-1.08772 -1.06477
-1.08747 -1.06629
-1.08624 -1.06617
-1.08901 -1.06383
-1.08895 -1.06642
-1.08605 -1.06666
-1.08991 -1.06363
-1.08562 -1.0651
-1.08803 -1.06558
-1.08684 -1.0635
-1.08821 -1.06587
-1.08728 -1.06509
-1.08491 -1.06513
-1.0887 -1.06481
-1.08596 -1.06536
-1.08827 -1.0648
-1.08563 -1.06432
-1.08807 -1.06456
-1.08575 -1.06607
-1.08765 -1.06511
-1.0879 -1.063
-1.08634 -1.06687
-1.08724 -1.06299
-1.08791 -1.06382
-1.08635 -1.06464
-1.08721 -1.06484
-1.08647 -1.06403
-1.08478 -1.06548
-1.08836 -1.06418
-1.08904 -1.06374
-1.0852 -1.06492
-1.0886 -1.06334
-1.08785 -1.06417
-1.08744 -1.06493
-1.08639 -1.06179
-1.08738 -1.0647
-1.08822 -1.06378
-1.08552 -1.06478
-1.08883 -1.06224
-1.08577 -1.06409
-1.08854 -1.06182
-1.08768 -1.06399
-1.08737 -1.06334
-1.08851 -1.06441
-1.08735 -1.06256
-1.08662 -1.06294
-1.08932 -1.06317
-1.08604 -1.06452
-1.08817 -1.06101
-1.08607 -1.06365
-1.08723 -1.06262
-1.08778 -1.06275
-1.08703 -1.06382
-1.08715 -1.06289
-1.08776 -1.06145
-1.08548 -1.06324
-1.08695 -1.06336
-1.08925 -1.0614
-1.0848 -1.06453
-1.08759 -1.06157
-1.08658 -1.06265
-1.08913 -1.0624
-1.08522 -1.06306
-1.08689 -1.06223
-1.08685 -1.06341
-1.08662 -1.06342
-1.08831 -1.0616
-1.08524 -1.06435
-1.0863 -1.06166
-1.08519 -1.06418
-1.08792 -1.06133
-1.08815 -1.06324
-1.08501 -1.06471
-1.08681 -1.0605
-1.08633 -1.06389
-1.08601 -1.06277
-1.08566 -1.06358
-1.08637 -1.06122
-1.08482 -1.0642
-1.08817 -1.06159
-1.08523 -1.06253
-1.08729 -1.06287
-1.0872 -1.06147
-1.08737 -1.06207
-1.08577 -1.06359
-1.08752 -1.05976
-1.0872 -1.06425
-1.08474 -1.06258
-1.08889 -1.0609
-1.0855 -1.06516
-1.08642 -1.06124
-1.086 -1.0623
-1.08602 -1.06353
-1.08724 -1.06149
-1.08601 -1.06357
-1.08569 -1.06246
-1.08515 -1.0633
-1.0854 -1.06106
-1.08587 -1.0619
-1.08525 -1.06187
-1.0846 -1.06523
-1.08646 -1.0595
-1.08522 -1.06308
-1.08419 -1.06206
-1.08745 -1.06077
-1.0856 -1.06068
-1.08449 -1.06412
-1.08571 -1.05995
-1.08594 -1.06168
-1.08415 -1.06147
-1.08636 -1.06177
-1.08517 -1.06083
-1.08387 -1.06347
-1.08651 -1.05893
-1.08516 -1.06238
-1.08344 -1.0636
-1.08709 -1.05945
-1.08394 -1.06157
-1.08484 -1.06203
-1.0822 -1.06285
-1.08614 -1.05813
-1.08317 -1.06259
-1.08417 -1.06058
-1.08401 -1.0604
-1.08401 -1.06195
-1.08342 -1.061
-1.08434 -1.05994
-1.08369 -1.06273
-1.08346 -1.0606
-1.08516 -1.06228
-1.08351 -1.06053
-1.08356 -1.06266
-1.08421 -1.06135
-1.08451 -1.05984
-1.08397 -1.06114
-1.08342 -1.06211
-1.08474 -1.05966
-1.08351 -1.06175
-1.08286 -1.06094
-1.0836 -1.06178
-1.08335 -1.06049
-1.08302 -1.06081
-1.08454 -1.05942
-1.08231 -1.06146
-1.08288 -1.06223
-1.08377 -1.06118
-1.08337 -1.06083
-1.08363 -1.06117
-1.08341 -1.0615
-1.0823 -1.0597
-1.08418 -1.06266
-1.08395 -1.06092
-1.08398 -1.06098
-1.08297 -1.06092
-1.08357 -1.06334
-1.08231 -1.06115
-1.08611 -1.06201
-1.08224 -1.06156
-1.08412 -1.06056
-1.08249 -1.06173
-1.08473 -1.06127
-1.08278 -1.06077
-1.08253 -1.0622
-1.08268 -1.06182
-1.08241 -1.05885
-1.08385 -1.06148
-1.08188 -1.06137
-1.0843 -1.06246
-1.08143 -1.06023
-1.08388 -1.06113
-1.08463 -1.05973
-1.08209 -1.06204
-1.08286 -1.06123
-1.08395 -1.05964
-1.08225 -1.06046
-1.08073 -1.06244
-1.0853 -1.0583
-1.08285 -1.06153
-1.08177 -1.0639
-1.08417 -1.05717
-1.08261 -1.06265
-1.08403 -1.05984
-1.08411 -1.06028
-1.08207 -1.06054
-1.08185 -1.06156
-1.08652 -1.05819
-1.08235 -1.06182
-1.08547 -1.05952
-1.08353 -1.05973
-1.08245 -1.06279
-1.08445 -1.05803
-1.08292 -1.0605
-1.08425 -1.05964
-1.08275 -1.06065
-1.08468 -1.0587
-1.08408 -1.06021
-1.08207 -1.06232
-1.0853 -1.05871
-1.08289 -1.0596
-1.08486 -1.06128
-1.0813 -1.05905
-1.08567 -1.05687
-1.08052 -1.06102
-1.08499 -1.05863
-1.08432 -1.05989
-1.08251 -1.05916
-1.08383 -1.05915
-1.08196 -1.06058
-1.08376 -1.05797
-1.08336 -1.05967
-1.08374 -1.06034
-1.0816 -1.0599
-1.08338 -1.05958
-1.08373 -1.05807
-1.08204 -1.05903
-1.08248 -1.05997
-1.08506 -1.05869
-1.08361 -1.06071
-1.08448 -1.05984
-1.08287 -1.05967
-1.08521 -1.05704
-1.0801 -1.06088
-1.08409 -1.0576
-1.08164 -1.06072
-1.08389 -1.05975
-1.08344 -1.05877
-1.08199 -1.05925
-1.08357 -1.05825
-1.08274 -1.05999
-1.08187 -1.05985
-1.08393 -1.05881
-1.08244 -1.05888
-1.08404 -1.06001
-1.08423 -1.0578
-1.08286 -1.05976
-1.08213 -1.06074
-1.08604 -1.05779
-1.08158 -1.06107
-1.08259 -1.05843
-1.08442 -1.06021
-1.08256 -1.05852
-1.08239 -1.05961
-1.08402 -1.05843
-1.08183 -1.0615
-1.08351 -1.05828
-1.08234 -1.05989
-1.08417 -1.05817
-1.08132 -1.06034
-1.08367 -1.05834
-1.08233 -1.05918
-1.08212 -1.0597
-1.08435 -1.06011
-1.08164 -1.05778
-1.08258 -1.06027
-1.08334 -1.05761
-1.08314 -1.05854
-1.08362 -1.0595
-1.0834 -1.05902
-1.08318 -1.05954
-1.08495 -1.05789
-1.08164 -1.06006
-1.08479 -1.05824
-1.08319 -1.05892
-1.08247 -1.05931
-1.08506 -1.05811
-1.08396 -1.05925
-1.08369 -1.05939
-1.08412 -1.05914
-1.08333 -1.05822
-1.08405 -1.05795
-1.0828 -1.06134
-1.0838 -1.05646
-1.08461 -1.05823
-1.08269 -1.06038
-1.08397 -1.05765
-1.08378 -1.05608
-1.08248 -1.06147
-1.08492 -1.05741
-1.08241 -1.05803
-1.08398 -1.05811
-1.08324 -1.05825
-1.08367 -1.05858
-1.08234 -1.05832
-1.0837 -1.05583
-1.08137 -1.05955
-1.08385 -1.05834
-1.0842 -1.05647
-1.08263 -1.05999
-1.08594 -1.05706
-1.08328 -1.0579
-1.08386 -1.05683
-1.08551 -1.05733
-1.08186 -1.06033
-1.0845 -1.05639
-1.08441 -1.05747
-1.08235 -1.05892
-1.08422 -1.05724
-1.08586 -1.05818
-1.08272 -1.05676
-1.08487 -1.05804
-1.0831 -1.05763
-1.08431 -1.05771
-1.08201 -1.05788
-1.08501 -1.05756
-1.08278 -1.05834
-1.08455 -1.0576
-1.08597 -1.05663
-1.08275 -1.05882
-1.08431 -1.05633
-1.0835 -1.05711
-1.08252 -1.058
-1.08489 -1.05706
-1.08396 -1.05805
-1.08358 -1.05671
-1.08435 -1.0566
-1.0823 -1.05732
-1.08312 -1.05842
-1.0846 -1.05807
-1.08294 -1.05596
-1.08305 -1.05899
-1.08457 -1.05675
-1.08258 -1.0577
-1.08486 -1.05686
-1.08505 -1.05686
-1.08049 -1.05852
-1.08693 -1.05603
-1.0838 -1.05752
-1.08109 -1.05717
-1.0844 -1.05668
-1.08267 -1.05749
-1.0833 -1.05579
-1.08274 -1.05728
-1.08438 -1.05656
-1.08159 -1.05885
-1.08343 -1.05472
-1.08317 -1.05634
-1.08295 -1.0569
-1.08268 -1.05532
-1.08417 -1.05629
-1.08244 -1.05782
-1.08357 -1.05542
-1.08246 -1.0551
-1.08278 -1.05653
-1.0825 -1.05623
-1.08208 -1.05653
-1.08336 -1.0551
-1.0815 -1.05738
-1.08348 -1.05481
-1.08323 -1.05706
-1.08236 -1.05635
-1.07937 -1.05665
-1.08206 -1.05419
-1.0817 -1.05759
-1.08139 -1.05489
-1.08114 -1.05598
-1.08317 -1.0577
-1.08285 -1.0564
-1.08148 -1.05642
-1.0825 -1.05505
-1.081 -1.05611
-1.08099 -1.05636
-1.08273 -1.05548
-1.08253 -1.05497
-1.08075 -1.05626
-1.08202 -1.05728
-1.08069 -1.05456
-1.083 -1.05593
-1.08015 -1.05861
-1.08278 -1.05363
-1.08114 -1.05697
-1.08133 -1.05606
-1.08063 -1.05706
-1.08306 -1.05456
-1.0825 -1.05614
-1.08063 -1.05643
-1.08391 -1.05416
-1.08041 -1.05714
-1.08444 -1.05446
-1.08066 -1.05653
-1.08151 -1.05537
-1.08357 -1.05554
-1.08247 -1.05619
-1.08043 -1.05532
-1.08318 -1.05512
-1.08197 -1.05652
-1.08174 -1.05551
-1.08244 -1.05814
-1.08344 -1.05336
-1.08026 -1.05782
-1.08276 -1.0562
-1.08287 -1.05417
-1.0801 -1.05919
-1.0845 -1.05288
-1.07913 -1.05799
-1.0828 -1.05713
-1.08244 -1.05677
-1.08188 -1.05632
-1.08059 -1.05565
-1.08151 -1.05686
-1.08137 -1.05632
-1.08161 -1.0547
-1.08205 -1.05774
-1.07974 -1.05479
-1.08404 -1.05593
-1.08131 -1.05547
-1.08155 -1.05609
-1.08116 -1.05675
-1.08087 -1.05621
-1.08169 -1.05432
-1.08015 -1.05776
-1.08074 -1.05516
-1.08145 -1.05558
-1.08123 -1.05639
-1.08038 -1.0574
-1.0832 -1.05477
-1.07995 -1.05862
-1.08201 -1.05494
-1.08139 -1.05589
-1.08069 -1.05756
-1.08237 -1.05586
-1.08068 -1.05682
-1.07984 -1.05761
-1.0821 -1.05458
-1.07992 -1.05707
-1.08019 -1.05554
-1.08027 -1.05763
-1.08286 -1.05409
-1.07942 -1.05918
-1.0796 -1.05515
-1.08106 -1.05555
-1.08176 -1.05668
-1.07951 -1.05724
-1.08135 -1.05629
-1.07946 -1.05672
-1.08171 -1.05515
-1.0796 -1.05686
-1.07986 -1.059
-1.07987 -1.05408
-1.07989 -1.05787
-1.07983 -1.0569
-1.07849 -1.05556
-1.07917 -1.05885
-1.08078 -1.05508
-1.07721 -1.05763
-1.08006 -1.05661
-1.07909 -1.05675
-1.07977 -1.05733
-1.07917 -1.05648
-1.07856 -1.05483
-1.07857 -1.05874
-1.08078 -1.05631
-1.07699 -1.05474
-1.07824 -1.05832
-1.08028 -1.05376
-1.0789 -1.05764
-1.07912 -1.05613
-1.07951 -1.05534
-1.07908 -1.05791
-1.08006 -1.05745
-1.07883 -1.05573
-1.07987 -1.058
-1.07802 -1.05623
-1.08181 -1.05422
-1.07868 -1.05644
-1.07862 -1.05825
-1.08001 -1.055
-1.0796 -1.05622
-1.07989 -1.05691
-1.07884 -1.05548
-1.07854 -1.05683
-1.08123 -1.05484
-1.07765 -1.05646
-1.08068 -1.05594
-1.07912 -1.05503
-1.07951 -1.05533
-1.07937 -1.05799
-1.07903 -1.05477
-1.08024 -1.05484
-1.08007 -1.05517
-1.07959 -1.05572
-1.07986 -1.05578
-1.07913 -1.05565
-1.08024 -1.05367
-1.07837 -1.05677
-1.08077 -1.05448
-1.0783 -1.05528
-1.07978 -1.05435
-1.0776 -1.05721
-1.08066 -1.05234
-1.07817 -1.05576
-1.07908 -1.05464
-1.07816 -1.05527
-1.0793 -1.05319
-1.0783 -1.05628
-1.08032 -1.05507
-1.07912 -1.05394
-1.07965 -1.05674
-1.0802 -1.05331
-1.07929 -1.0545
-1.07808 -1.05609
-1.08131 -1.05362
-1.08075 -1.05417
-1.07874 -1.05567
-1.08098 -1.05468
-1.07901 -1.05457
-1.07889 -1.05403
-1.08007 -1.05409
-1.08069 -1.05474
-1.08005 -1.05378
-1.07924 -1.05596
-1.07998 -1.05253
-1.08081 -1.05757
-1.07779 -1.05498
-1.08165 -1.05273
-1.07708 -1.05645
-1.08112 -1.05434
-1.08025 -1.05386
-1.0785 -1.05294
-1.07938 -1.05477
-1.08008 -1.05483
-1.07969 -1.05481
-1.08024 -1.05216
-1.07814 -1.05495
-1.07979 -1.05308
-1.07977 -1.05266
-1.07832 -1.05542
-1.07906 -1.05212
-1.08001 -1.05367
-1.07801 -1.05376
-1.07945 -1.05375
-1.07893 -1.05446
-1.07887 -1.05444
-1.07922 -1.05318
-1.07909 -1.05278
-1.0792 -1.0554
-1.07909 -1.05317
-1.07815 -1.05337
-1.07744 -1.0554
-1.08048 -1.05301
-1.07878 -1.05346
-1.07567 -1.05481
-1.0803 -1.05283
-1.07768 -1.05434
-1.07831 -1.05274
-1.07918 -1.05208
-1.07511 -1.05596
-1.08059 -1.05179
-1.07718 -1.0552
-1.0792 -1.05198
-1.07842 -1.05402
-1.07818 -1.05431
-1.07767 -1.05211
-1.07983 -1.05287
-1.07563 -1.05533
-1.0801 -1.05263
-1.07964 -1.05352
-1.07687 -1.05357
-1.07841 -1.05344
-1.0794 -1.05164
-1.07793 -1.05447
-1.07841 -1.05314
-1.07751 -1.05291
-1.07976 -1.05281
-1.07804 -1.0543
-1.07881 -1.05232
-1.07854 -1.05158
-1.07766 -1.05499
-1.07961 -1.05368
-1.07776 -1.05224
-1.07755 -1.05441
-1.08015 -1.05187
-1.07695 -1.05295
-1.0779 -1.05091
-1.07735 -1.05357
-1.07753 -1.05261
-1.07733 -1.05438
-1.07966 -1.04945
-1.0771 -1.05537
-1.07885 -1.05009
-1.07657 -1.0545
-1.07764 -1.05117
-1.08044 -1.05305
-1.07777 -1.05251
-1.07684 -1.05291
-1.07987 -1.05152
-1.07691 -1.05403
-1.07813 -1.05254
-1.07817 -1.05111
-1.07778 -1.05241
-1.07617 -1.0536
-1.07919 -1.05201
-1.07793 -1.0514
-1.07774 -1.05368
-1.07841 -1.05172
-1.07899 -1.05144
-1.07629 -1.05256
-1.07985 -1.05142
-1.0776 -1.05053
-1.07709 -1.05271
-1.07749 -1.05282
-1.07753 -1.05182
-1.07859 -1.05244
-1.07803 -1.05137
-1.07818 -1.05237
-1.07824 -1.05156
-1.07739 -1.05162
-1.07877 -1.05014
-1.07593 -1.05384
-1.07821 -1.05115
-1.07893 -1.04956
-1.07643 -1.05541
-1.08001 -1.04848
-1.07712 -1.05166
-1.07927 -1.05427
-1.07894 -1.04962
-1.07905 -1.05127
-1.0766 -1.0535
-1.08013 -1.05024
-1.07806 -1.05215
-1.07722 -1.05162
-1.08028 -1.05124
-1.07762 -1.05162
-1.07862 -1.05044
-1.07775 -1.05153
-1.07809 -1.04934
-1.07696 -1.05275
-1.07896 -1.05154
-1.07916 -1.05012
-1.07926 -1.05152
-1.07673 -1.05356
-1.08029 -1.0488
-1.07889 -1.05081
-1.07883 -1.05275
-1.07851 -1.05069
-1.07822 -1.04959
-1.07902 -1.05084
-1.07783 -1.05166
-1.07884 -1.05041
-1.08019 -1.05023
-1.07922 -1.05159
-1.07661 -1.05095
-1.07969 -1.04795
-1.07596 -1.05242
-1.07952 -1.04934
-1.07726 -1.04916
-1.07742 -1.051
-1.0772 -1.04912
-1.07742 -1.05012
-1.07695 -1.05178
-1.07928 -1.04843
-1.07694 -1.05026
-1.07765 -1.04956
-1.07751 -1.05116
-1.07834 -1.04773
-1.07478 -1.05203
-1.0789 -1.0483
-1.0763 -1.0501
-1.07698 -1.04888
-1.07899 -1.05047
-1.0772 -1.04872
-1.07754 -1.05099
-1.07797 -1.04948
-1.07551 -1.04886
-1.07769 -1.04844
-1.07689 -1.05002
-1.07764 -1.04836
-1.07788 -1.04915
-1.07743 -1.05012
-1.07898 -1.0485
-1.07679 -1.04931
-1.07974 -1.04916
-1.07708 -1.04951
-1.0758 -1.05013
-1.07829 -1.04928
-1.07642 -1.04853
-1.07807 -1.04976
-1.07685 -1.0487
-1.07426 -1.05036
-1.07794 -1.04795
-1.0773 -1.04987
-1.07593 -1.0504
-1.07736 -1.04719
-1.07383 -1.05076
-1.07734 -1.04807
-1.07648 -1.05022
-1.07623 -1.04857
-1.07657 -1.05009
-1.07575 -1.04847
-1.07647 -1.04929
-1.07679 -1.0493
-1.07607 -1.04789
-1.07643 -1.04869
-1.07636 -1.0477
-1.07576 -1.04989
-1.0766 -1.0464
-1.07627 -1.04886
-1.0778 -1.04891
-1.07554 -1.04921
-1.07724 -1.04706
-1.0777 -1.04937
-1.07577 -1.04692
-1.0768 -1.04931
-1.07535 -1.04839
-1.07897 -1.04579
-1.07622 -1.0493
-1.07475 -1.04877
-1.07728 -1.04673
-1.07652 -1.04731
-1.07482 -1.05035
-1.07838 -1.04549
-1.07685 -1.0497
-1.07642 -1.04815
-1.07632 -1.04525
-1.07752 -1.05048
-1.07769 -1.04633
-1.0767 -1.04894
-1.07456 -1.04813
-1.07709 -1.04628
-1.07557 -1.05057
-1.0772 -1.04669
-1.0751 -1.04875
-1.07763 -1.04817
-1.07693 -1.048
-1.07794 -1.04821
-1.07634 -1.04948
-1.07632 -1.04885
-1.07815 -1.046
-1.07691 -1.04964
-1.07603 -1.04839
-1.07667 -1.04759
-1.07754 -1.04653
-1.07602 -1.04806
-1.07708 -1.04764
-1.07727 -1.0477
-1.07586 -1.04871
-1.07676 -1.04643
-1.07533 -1.04901
-1.07591 -1.0469
-1.07655 -1.0491
-1.07656 -1.04699
-1.07526 -1.04856
-1.07489 -1.04851
-1.07641 -1.04822
-1.07464 -1.04824
-1.07607 -1.04718
-1.07585 -1.04735
-1.07371 -1.0496
-1.07425 -1.04734
-1.07501 -1.04953
-1.07599 -1.04694
-1.07461 -1.04816
-1.07585 -1.04836
-1.07484 -1.04668
-1.07435 -1.04976
-1.07538 -1.04717
-1.07585 -1.04576
-1.07277 -1.05089
-1.07644 -1.04659
-1.07527 -1.04877
-1.07498 -1.04983
-1.07601 -1.0461
-1.07368 -1.05194
-1.07642 -1.04525
-1.07502 -1.0495
-1.07437 -1.04877
-1.07687 -1.0468
-1.07587 -1.04839
-1.07628 -1.04923
-1.07652 -1.0471
-1.07572 -1.05066
-1.07735 -1.04496
-1.07729 -1.04783
-1.07474 -1.04791
-1.07565 -1.04883
-1.07615 -1.04554
-1.07491 -1.04916
-1.07578 -1.04754
-1.0746 -1.04776
-1.07578 -1.04801
-1.07392 -1.0471
-1.07553 -1.04717
-1.07443 -1.04656
-1.07344 -1.04932
-1.07527 -1.04704
-1.0751 -1.04747
-1.07422 -1.0479
-1.07657 -1.0472
-1.07513 -1.04722
-1.07505 -1.04694
-1.0749 -1.04818
-1.07608 -1.04722
-1.07465 -1.04725
-1.07485 -1.04696
-1.07661 -1.04762
-1.07443 -1.04669
-1.0765 -1.04645
-1.07609 -1.04575
-1.07592 -1.04542
-1.07638 -1.047
-1.07488 -1.04778
-1.07743 -1.04497
-1.07505 -1.04744
-1.07575 -1.04492
-1.07496 -1.04629
-1.07651 -1.04492
-1.07578 -1.04596
-1.07488 -1.04732
-1.07596 -1.04501
-1.07592 -1.04761
-1.07519 -1.04545
-1.07864 -1.04414
-1.07325 -1.04663
-1.07513 -1.04787
-1.07668 -1.04413
-1.07616 -1.04745
-1.07588 -1.04628
-1.07535 -1.04565
-1.07531 -1.04711
-1.07681 -1.04534
-1.07487 -1.04456
-1.07385 -1.04849
-1.07696 -1.04568
-1.07528 -1.04591
-1.07503 -1.04712
-1.07465 -1.04401
-1.07499 -1.04648
-1.07462 -1.04671
-1.07585 -1.0451
-1.07409 -1.04781
-1.07482 -1.04497
-1.07645 -1.0454
-1.07431 -1.04604
-1.07336 -1.04581
-1.07543 -1.0456
-1.07471 -1.04519
-1.07448 -1.0469
-1.07489 -1.04354
-1.07706 -1.04439
-1.07084 -1.04894
-1.078 -1.04306
-1.07388 -1.04714
-1.07545 -1.04599
-1.07563 -1.04475
-1.07466 -1.04728
-1.07623 -1.04318
-1.07384 -1.04586
-1.07501 -1.0464
-1.07331 -1.04597
-1.07449 -1.04465
-1.07326 -1.04693
-1.07612 -1.04508
-1.07214 -1.04511
-1.07385 -1.04774
-1.07559 -1.04488
-1.07272 -1.04574
-1.07388 -1.0454
-1.07375 -1.04548
-1.07398 -1.04707
-1.07508 -1.04499
-1.07227 -1.04599
-1.07446 -1.04492
-1.07381 -1.04538
-1.07333 -1.04622
-1.07321 -1.04517
-1.07362 -1.0447
-1.0745 -1.04544
-1.0732 -1.04664
-1.0751 -1.04375
-1.07264 -1.04517
-1.07405 -1.04508
-1.07362 -1.0464
-1.07498 -1.04367
-1.0737 -1.04597
-1.07423 -1.04577
-1.07432 -1.04582
-1.07414 -1.04316
-1.07218 -1.04614
-1.07324 -1.04464
-1.07303 -1.04475
-1.07404 -1.04385
-1.07264 -1.04574
-1.072 -1.04471
-1.07368 -1.04467
-1.07203 -1.0453
-1.07368 -1.04578
-1.07159 -1.04354
-1.07322 -1.04537
-1.07253 -1.0455
-1.07146 -1.044
-1.07393 -1.04468
-1.07185 -1.04465
-1.072 -1.04656
-1.07513 -1.04336
-1.0727 -1.04618
-1.07278 -1.04368
-1.07279 -1.04378
-1.0734 -1.04606
-1.07518 -1.04332
-1.07104 -1.0462
-1.07234 -1.04396
-1.07239 -1.04442
-1.07302 -1.04569
-1.0719 -1.04495
-1.07242 -1.04433
-1.07259 -1.04278
-1.07047 -1.04685
-1.07458 -1.043
-1.06961 -1.04648
-1.07245 -1.04224
-1.07222 -1.04465
-1.07074 -1.04575
-1.07269 -1.04399
-1.07294 -1.04413
-1.07119 -1.04472
-1.07098 -1.04643
-1.07174 -1.04434
-1.07329 -1.04293
-1.0715 -1.04613
-1.07288 -1.0437
-1.07085 -1.04567
-1.0714 -1.04462
-1.07279 -1.04381
-1.07229 -1.04414
-1.07042 -1.04435
-1.07397 -1.04602
-1.07178 -1.04346
-1.07278 -1.04445
-1.07106 -1.04488
-1.07074 -1.04479
-1.07438 -1.0422
-1.07097 -1.04674
-1.07148 -1.04237
-1.07129 -1.04339
-1.07078 -1.0435
-1.07134 -1.04493
-1.07102 -1.04381
-1.072 -1.04235
-1.07165 -1.04565
-1.07116 -1.04412
-1.07218 -1.04297
-1.07199 -1.04398
-1.07142 -1.04467
-1.07257 -1.04238
-1.07001 -1.04401
-1.07375 -1.04377
-1.07018 -1.04499
-1.07437 -1.04181
-1.07026 -1.04577
-1.07314 -1.04325
-1.0704 -1.04539
-1.07233 -1.04134
-1.07273 -1.04339
-1.07023 -1.04414
-1.07346 -1.04164
-1.07094 -1.0457
-1.07302 -1.04292
-1.0728 -1.04345
-1.07206 -1.0445
-1.07155 -1.0432
-1.07276 -1.04397
-1.07269 -1.04286
-1.06979 -1.04427
-1.07259 -1.0427
-1.0712 -1.04355
-1.07263 -1.04257
-1.07063 -1.04547
-1.07408 -1.04215
-1.07161 -1.04366
-1.07176 -1.04399
-1.07231 -1.04387
-1.07305 -1.04177
-1.07161 -1.04433
-1.07124 -1.04368
-1.07435 -1.04263
-1.07146 -1.04328
-1.07175 -1.04312
-1.07398 -1.04312
-1.07213 -1.04263
-1.07294 -1.0427
-1.07061 -1.04645
-1.07297 -1.04044
-1.07357 -1.0426
-1.07133 -1.04508
-1.07266 -1.0427
-1.07292 -1.04336
-1.07188 -1.04271
-1.07405 -1.04236
-1.07026 -1.04568
-1.07356 -1.04353
-1.07524 -1.04219
-1.07115 -1.04459
-1.07294 -1.04292
-1.07333 -1.0416
-1.07086 -1.04497
-1.07533 -1.04115
-1.06986 -1.04496
-1.0737 -1.04193
-1.07419 -1.04273
-1.07029 -1.04263
-1.07355 -1.04376
-1.07317 -1.04261
-1.07234 -1.04227
-1.07211 -1.04192
-1.07287 -1.04315
-1.07332 -1.04075
-1.07245 -1.04336
-1.0745 -1.04215
-1.07175 -1.04337
-1.07317 -1.04034
-1.07292 -1.0433
-1.07328 -1.04137
-1.07265 -1.04314
-1.07314 -1.04069
-1.07382 -1.04218
-1.07262 -1.04176
-1.07447 -1.04282
-1.0724 -1.04304
-1.07512 -1.04009
-1.0709 -1.04191
-1.07227 -1.04369
-1.07448 -1.04018
-1.07222 -1.04331
-1.07371 -1.04209
-1.07267 -1.04051
-1.07366 -1.0428
-1.07334 -1.04232
-1.07176 -1.04161
-1.07352 -1.04242
-1.07367 -1.04092
-1.07295 -1.04112
-1.07325 -1.04487
-1.07273 -1.04187
-1.07353 -1.04114
-1.07112 -1.04264
-1.07355 -1.04133
-1.07284 -1.04136
-1.0717 -1.04339
-1.07337 -1.04131
-1.07237 -1.04252
-1.07191 -1.04283
-1.07246 -1.04381
-1.07244 -1.03967
-1.072 -1.04353
-1.071 -1.04371
-1.07406 -1.04089
-1.07186 -1.04311
-1.07107 -1.04291
-1.07363 -1.04113
-1.07246 -1.04172
-1.07176 -1.0429
-1.07065 -1.04224
-1.07193 -1.04073
-1.0731 -1.04271
-1.07184 -1.04287
-1.0727 -1.04054
-1.07149 -1.04234
-1.07345 -1.04352
-1.07234 -1.04068
-1.07145 -1.04157
-1.07216 -1.04033
-1.07192 -1.0426
-1.07341 -1.04008
-1.07121 -1.04106
-1.07123 -1.0409
-1.07256 -1.04182
-1.07311 -1.04049
-1.07165 -1.03935
-1.07181 -1.04193
-1.07104 -1.04265
-1.07439 -1.03895
-1.07108 -1.04243
-1.07253 -1.04103
-1.07255 -1.04094
-1.07372 -1.04069
-1.07077 -1.04075
-1.0748 -1.03998
-1.07088 -1.04173
-1.07297 -1.04244
-1.07316 -1.03854
-1.07115 -1.04402
-1.07443 -1.03825
-1.07282 -1.04188
-1.07259 -1.04091
-1.07259 -1.0425
-1.07465 -1.04013
-1.0729 -1.04121
-1.0719 -1.04319
-1.07484 -1.039
-1.07203 -1.04191
-1.07475 -1.03999
-1.07172 -1.04283
-1.07441 -1.03977
-1.07364 -1.04064
-1.07421 -1.04108
-1.0731 -1.04242
-1.07323 -1.04109
-1.0752 -1.03892
-1.07155 -1.04239
-1.0744 -1.04009
-1.07397 -1.04059
-1.07155 -1.04286
-1.07315 -1.03993
-1.07519 -1.03999
-1.07145 -1.04295
-1.07258 -1.03908
-1.07501 -1.04182
-1.0691 -1.04202
-1.07509 -1.03999
-1.0712 -1.0406
-1.07267 -1.0425
-1.07227 -1.03938
-1.07172 -1.04122
-1.0717 -1.0401
-1.07368 -1.04157
-1.0717 -1.03993
-1.07013 -1.04278
-1.07355 -1.03821
-1.07069 -1.04268
-1.07397 -1.04004
-1.07106 -1.04129
-1.07138 -1.04053
-1.07222 -1.04152
-1.07285 -1.0411
-1.07085 -1.04022
-1.07207 -1.04089
-1.07197 -1.04195
-1.07215 -1.04049
-1.07045 -1.04163
-1.07519 -1.04018
-1.0703 -1.04159
-1.07309 -1.0408
-1.07019 -1.04163
-1.0715 -1.03985
-1.07364 -1.04083
-1.07092 -1.04056
-1.07127 -1.04072
-1.07379 -1.04171
-1.07153 -1.04082
-1.0713 -1.04066
-1.07437 -1.0386
-1.06984 -1.04276
-1.07339 -1.04096
-1.07102 -1.04128
-1.07054 -1.04005
-1.07085 -1.04136
-1.07184 -1.04011
-1.06973 -1.04265
-1.07176 -1.03979
-1.07099 -1.04184
-1.07219 -1.03915
-1.07101 -1.04214
-1.06926 -1.03848
-1.07048 -1.04321
-1.07086 -1.03959
-1.07224 -1.04122
-1.06873 -1.03922
-1.07118 -1.04171
-1.07052 -1.04013
-1.07041 -1.03978
-1.07102 -1.04038
-1.07037 -1.04011
-1.07149 -1.04137
-1.06884 -1.03998
-1.07076 -1.043
-1.06974 -1.04105
-1.07183 -1.03958
-1.06891 -1.04291
-1.07248 -1.03978
-1.06859 -1.04285
-1.07077 -1.04078
-1.06947 -1.04069
-1.06982 -1.04112
-1.07012 -1.04139
-1.07132 -1.04034
-1.07052 -1.04033
-1.0695 -1.04316
-1.07094 -1.04
-1.0703 -1.04087
-1.07213 -1.04147
-1.07044 -1.04058
-1.07016 -1.04158
-1.0689 -1.03974
-1.06972 -1.04171
-1.07037 -1.04055
-1.07014 -1.04128
-1.06864 -1.04192
-1.07149 -1.04066
-1.06929 -1.04071
-1.07128 -1.0424
-1.06911 -1.04068
-1.06899 -1.0406
-1.07215 -1.04022
-1.0689 -1.04309
-1.06877 -1.04152
-1.06991 -1.03924
-1.06971 -1.04118
-1.06847 -1.0427
-1.071 -1.04023
-1.0706 -1.0419
-1.06842 -1.04022
-1.07081 -1.04193
-1.0702 -1.04065
-1.06829 -1.04236
-1.07086 -1.03992
-1.06844 -1.04085
-1.06882 -1.04239
-1.07063 -1.04068
-1.06833 -1.04095
-1.06997 -1.04073
-1.06914 -1.04167
-1.06903 -1.04028
-1.07067 -1.03943
-1.06885 -1.04198
-1.06735 -1.04037
-1.0698 -1.03966
-1.06914 -1.04235
-1.07068 -1.04033
-1.06928 -1.04061
-1.06778 -1.04107
-1.07154 -1.03888
-1.0671 -1.04135
