0 0
-0.0525651 -0.0495
-0.104217 -0.0982732
-0.154702 -0.146185
-0.204285 -0.192988
-0.252777 -0.238867
-0.299866 -0.283705
-0.346192 -0.327676
-0.391509 -0.371185
-0.435696 -0.413399
-0.478752 -0.454972
-0.520768 -0.49525
-0.561972 -0.53508
-0.601701 -0.573754
-0.640186 -0.611211
-0.678236 -0.648605
-0.715364 -0.68387
-0.749847 -0.718264
-0.784166 -0.752649
-0.818586 -0.785434
-0.848469 -0.818211
-0.881083 -0.848469
-0.911391 -0.877717
-0.936959 -0.908707
-0.966877 -0.935805
-0.992137 -0.96364
-1.01745 -0.990121
-1.04115 -1.01545
-1.06393 -1.0396
-1.08332 -1.06295
-1.10367 -1.08387
-1.101 -1.08577
-1.10196 -1.08388
-1.10148 -1.08356
-1.10173 -1.0835
-1.1016 -1.0854
-1.10356 -1.08303
-1.10115 -1.08478
-1.10173 -1.08232
-1.10099 -1.08276
-1.09947 -1.08375
-1.10078 -1.08074
-1.1007 -1.08342
-1.09916 -1.08348
-1.1013 -1.08068
-1.09937 -1.08357
-1.10163 -1.08047
-1.10035 -1.08314
-1.10329 -1.08047
-1.09788 -1.08396
-1.09939 -1.08054
-1.09775 -1.08196
-1.10123 -1.08055
-1.09805 -1.08323
-1.10193 -1.08054
-1.0956 -1.08275
-1.10037 -1.07964
-1.09878 -1.08051
-1.09885 -1.08159
-1.09942 -1.08132
-1.09804 -1.08094
-1.10122 -1.08072
-1.09674 -1.0811
-1.10073 -1.08037
-1.09889 -1.08161
-1.09853 -1.08043
-1.09917 -1.07935
-1.09893 -1.08222
-1.09768 -1.07991
-1.09583 -1.08243
-1.09748 -1.08185
-1.09619 -1.08363
-1.09842 -1.0801
-1.09427 -1.08319
-1.09695 -1.08097
-1.09531 -1.082
-1.09568 -1.08053
-1.09566 -1.08196
-1.09601 -1.08066
-1.09652 -1.07963
-1.09471 -1.08356
-1.09526 -1.07998
-1.0952 -1.07927
-1.095 -1.08014
-1.0951 -1.08383
-1.09574 -1.07896
-1.09613 -1.07919
-1.09263 -1.08198
-1.09615 -1.07753
-1.09371 -1.08114
-1.09552 -1.0795
-1.09452 -1.08002
-1.0982 -1.07933
-1.09394 -1.08251
-1.09669 -1.07738
-1.09511 -1.07911
-1.09354 -1.07919
-1.09471 -1.07671
-1.09258 -1.08097
-1.0973 -1.07754
-1.09656 -1.08072
-1.09314 -1.08004
-1.09523 -1.0783
-1.09299 -1.08072
-1.09536 -1.078
-1.09182 -1.08094
-1.0953 -1.07804
-1.09249 -1.08062
-1.09466 -1.07861
-1.09482 -1.07938
-1.0924 -1.07904
-1.09414 -1.07634
-1.09265 -1.07719
-1.09287 -1.07771
-1.09252 -1.07848
-1.09312 -1.07666
-1.09316 -1.07802
-1.09363 -1.07706
-1.09016 -1.07703
-1.09541 -1.07656
-1.09022 -1.07979
-1.09272 -1.07561
-1.09023 -1.07618
-1.09253 -1.07676
-1.09148 -1.07611
-1.09152 -1.07486
-1.09045 -1.07878
-1.09391 -1.07324
-1.09079 -1.07806
-1.09185 -1.07341
-1.0915 -1.07718
-1.08825 -1.07645
-1.09139 -1.07374
-1.08921 -1.07722
-1.09087 -1.07523
-1.09018 -1.07704
-1.09211 -1.07492
-1.09146 -1.07576
-1.0914 -1.07426
-1.09237 -1.07251
-1.08912 -1.07741
-1.09335 -1.07115
-1.08884 -1.07477
-1.09062 -1.0758
-1.09189 -1.07324
-1.09031 -1.07762
-1.0885 -1.07524
-1.09141 -1.07319
-1.0885 -1.07627
-1.0879 -1.07416
-1.08987 -1.07375
-1.08903 -1.07713
-1.0897 -1.0737
-1.08938 -1.07467
-1.08924 -1.07563
-1.09016 -1.07507
-1.09072 -1.0738
-1.08926 -1.07513
-1.08828 -1.07523
-1.08958 -1.07492
-1.08801 -1.0747
-1.08917 -1.07555
-1.08823 -1.07469
-1.0877 -1.07526
-1.08794 -1.07596
-1.08859 -1.07312
-1.08727 -1.07431
-1.08826 -1.07475
-1.08822 -1.07399
-1.08671 -1.07478
-1.0897 -1.0734
-1.0889 -1.07535
-1.09113 -1.07395
-1.08734 -1.07593
-1.08855 -1.07334
-1.08965 -1.07521
-1.0885 -1.07424
-1.08769 -1.07529
-1.08905 -1.07333
-1.08833 -1.07283
-1.08598 -1.07526
-1.0899 -1.07263
-1.08696 -1.07386
-1.08907 -1.07377
-1.08818 -1.07491
-1.08919 -1.07247
-1.0888 -1.07341
-1.08609 -1.07191
-1.08788 -1.07485
-1.08828 -1.07263
-1.08655 -1.07252
-1.08696 -1.07425
-1.08444 -1.0753
-1.08821 -1.07348
-1.08501 -1.07264
-1.08589 -1.07402
-1.08518 -1.07445
-1.08619 -1.07329
-1.08538 -1.07376
-1.08465 -1.07492
-1.08713 -1.07077
-1.08511 -1.07362
-1.08467 -1.07296
-1.08635 -1.07047
-1.08366 -1.07384
-1.08789 -1.07116
-1.08405 -1.0717
-1.08733 -1.07388
-1.08587 -1.07158
-1.08607 -1.07228
-1.08538 -1.07197
-1.08535 -1.0717
-1.08442 -1.07404
-1.08769 -1.06932
-1.08353 -1.07413
-1.08486 -1.0695
-1.08331 -1.07185
-1.08323 -1.07361
-1.08359 -1.06916
-1.0828 -1.07222
-1.08185 -1.0722
-1.08298 -1.06882
-1.08352 -1.07285
-1.08267 -1.07127
-1.08131 -1.0701
-1.08274 -1.07163
-1.08452 -1.06919
-1.07994 -1.07263
-1.08304 -1.0672
-1.08055 -1.07376
-1.08507 -1.0697
-1.08138 -1.07195
-1.08113 -1.07054
-1.08282 -1.06908
-1.08172 -1.07228
-1.08188 -1.0707
-1.08253 -1.07074
-1.08308 -1.07141
-1.08357 -1.07003
-1.08039 -1.07133
-1.0824 -1.06809
-1.07989 -1.07251
-1.07984 -1.07043
-1.08201 -1.07009
-1.08002 -1.07077
-1.0804 -1.07171
-1.08339 -1.06892
-1.07945 -1.07019
-1.08284 -1.06921
-1.08185 -1.06915
-1.08011 -1.06954
-1.0793 -1.07125
-1.08116 -1.06848
-1.078 -1.07106
-1.08125 -1.06853
-1.081 -1.06914
-1.08059 -1.07087
-1.08359 -1.06832
-1.08094 -1.07095
-1.07987 -1.06804
-1.08244 -1.06881
-1.07992 -1.06907
-1.08083 -1.07066
-1.07969 -1.06791
-1.08164 -1.06743
-1.08085 -1.07028
-1.08156 -1.06653
-1.08121 -1.06796
-1.08017 -1.06939
-1.08086 -1.06693
-1.08027 -1.06866
-1.08017 -1.06759
-1.08278 -1.06615
-1.0794 -1.06881
-1.08194 -1.06746
-1.08085 -1.06718
-1.08102 -1.06829
-1.07992 -1.06638
-1.08119 -1.06806
-1.07825 -1.0668
-1.08058 -1.06558
-1.0797 -1.06716
-1.07831 -1.06757
-1.07911 -1.06589
-1.08033 -1.06589
-1.07855 -1.06716
-1.07905 -1.06581
-1.0777 -1.06589
-1.0775 -1.06652
-1.07814 -1.06528
-1.07802 -1.06654
-1.07791 -1.06632
-1.07897 -1.06545
-1.07798 -1.06714
-1.07909 -1.0661
-1.0772 -1.06494
-1.07739 -1.06763
-1.07756 -1.0692
-1.07869 -1.06358
-1.0761 -1.06881
-1.0787 -1.06488
-1.07717 -1.06703
-1.07795 -1.06646
-1.07854 -1.06403
-1.07595 -1.06554
-1.0777 -1.06609
-1.0775 -1.06352
-1.07832 -1.06753
-1.07833 -1.06306
-1.07875 -1.0672
-1.0784 -1.06408
-1.07868 -1.06459
-1.07822 -1.06395
-1.07686 -1.06318
-1.07798 -1.06531
-1.078 -1.06372
-1.07568 -1.06412
-1.0797 -1.06119
-1.07711 -1.06708
-1.0771 -1.0623
-1.07779 -1.06334
-1.07552 -1.06552
-1.07765 -1.06333
-1.07475 -1.06305
-1.07675 -1.06367
-1.0773 -1.06397
-1.0747 -1.06586
-1.07671 -1.06212
-1.07435 -1.06639
-1.07484 -1.06418
-1.07669 -1.06344
-1.07229 -1.06412
-1.07621 -1.06516
-1.07562 -1.06457
-1.076 -1.06293
-1.07552 -1.06411
-1.07542 -1.06347
-1.07484 -1.06376
-1.07456 -1.06333
-1.07547 -1.06255
-1.07485 -1.06441
-1.07429 -1.06404
-1.07504 -1.06149
-1.07569 -1.06427
-1.0754 -1.06339
-1.07686 -1.06256
-1.07487 -1.06512
-1.07884 -1.06063
-1.07479 -1.06347
-1.07542 -1.06219
-1.07397 -1.06055
-1.07524 -1.06318
-1.07351 -1.06184
-1.07462 -1.06269
-1.07628 -1.05999
-1.07466 -1.06417
-1.07378 -1.06224
-1.07671 -1.06038
-1.07142 -1.06399
-1.0773 -1.0618
-1.07354 -1.06287
-1.07423 -1.06434
-1.07687 -1.06185
-1.07432 -1.0621
-1.07352 -1.06543
-1.07648 -1.05935
-1.07207 -1.06471
-1.0757 -1.06117
-1.07224 -1.06221
-1.07645 -1.06099
-1.0747 -1.0632
-1.07527 -1.06013
-1.07628 -1.06078
-1.07408 -1.06419
-1.07505 -1.05878
-1.07441 -1.06237
-1.07263 -1.06182
-1.07385 -1.06032
-1.07268 -1.06145
-1.07382 -1.06038
-1.07052 -1.06226
-1.07378 -1.06082
-1.07419 -1.0603
-1.07354 -1.06052
-1.07148 -1.06197
-1.07135 -1.06013
-1.07285 -1.06011
-1.07218 -1.0606
-1.07338 -1.05837
-1.07241 -1.05945
-1.0732 -1.05955
-1.07214 -1.05955
-1.07269 -1.05873
-1.07208 -1.05896
-1.07299 -1.05753
-1.07003 -1.06168
-1.07379 -1.05735
-1.06996 -1.06166
-1.07345 -1.0559
-1.07093 -1.06084
-1.06989 -1.06016
-1.07171 -1.05885
-1.07229 -1.06008
-1.06957 -1.0604
-1.07045 -1.05955
-1.07263 -1.06054
-1.07242 -1.05775
-1.0695 -1.06071
-1.07222 -1.05799
-1.07218 -1.06013
-1.06973 -1.06019
-1.07228 -1.05755
-1.069 -1.05902
-1.07234 -1.05959
-1.07115 -1.05677
-1.07133 -1.06113
-1.07262 -1.0552
-1.06899 -1.05904
-1.07137 -1.05835
-1.06862 -1.05759
-1.07014 -1.05813
-1.06992 -1.05609
-1.06952 -1.06022
-1.07007 -1.05609
-1.07036 -1.05699
-1.06977 -1.05636
-1.07182 -1.05774
-1.06868 -1.05668
-1.06916 -1.05739
-1.06945 -1.05606
-1.06921 -1.05704
-1.06805 -1.05732
-1.06948 -1.05567
-1.06951 -1.05634
-1.06944 -1.05672
-1.06921 -1.056
-1.0692 -1.05706
-1.0695 -1.05639
-1.06905 -1.05747
-1.06871 -1.05755
-1.07083 -1.05483
-1.06655 -1.05836
-1.06807 -1.05562
-1.06742 -1.05743
-1.06777 -1.05525
-1.07032 -1.05569
-1.06752 -1.0575
-1.06889 -1.0549
-1.06823 -1.05531
-1.06876 -1.05704
-1.07083 -1.05641
-1.06687 -1.05521
-1.07123 -1.05351
-1.06414 -1.05854
-1.07145 -1.05184
-1.06702 -1.05645
-1.0673 -1.05586
-1.06925 -1.0543
-1.06737 -1.0558
-1.06636 -1.0564
-1.06795 -1.05354
-1.06687 -1.05623
-1.065 -1.0535
-1.0648 -1.05635
-1.06825 -1.05189
-1.06656 -1.0571
-1.06507 -1.05518
-1.06817 -1.05322
-1.06534 -1.05497
-1.06716 -1.05551
-1.06599 -1.05541
-1.06601 -1.05445
-1.06833 -1.05434
-1.06647 -1.05453
-1.06726 -1.05512
-1.06458 -1.05634
-1.06635 -1.0517
-1.06352 -1.05682
-1.06702 -1.0532
-1.06317 -1.05468
-1.06445 -1.05393
-1.0628 -1.05552
-1.06544 -1.05216
-1.06365 -1.05528
-1.0662 -1.05491
-1.06583 -1.05334
-1.06597 -1.05296
-1.06678 -1.05466
-1.06506 -1.05367
-1.06589 -1.05382
-1.06592 -1.05156
-1.06453 -1.05556
-1.0657 -1.05411
-1.065 -1.05352
-1.06628 -1.05331
-1.06407 -1.05335
-1.06439 -1.05397
-1.06353 -1.0514
-1.06495 -1.05392
-1.06385 -1.05263
-1.06558 -1.05296
-1.0667 -1.05206
-1.06513 -1.05246
-1.06396 -1.05227
-1.0664 -1.05195
-1.06366 -1.05376
-1.06349 -1.05206
-1.0631 -1.05325
-1.06517 -1.05266
-1.06181 -1.05397
-1.06286 -1.05268
-1.0621 -1.05335
-1.06165 -1.0552
-1.06302 -1.05175
-1.06083 -1.05585
-1.06161 -1.053
-1.06247 -1.05267
-1.06209 -1.05471
-1.06264 -1.05217
-1.0623 -1.05525
-1.0618 -1.05095
-1.06028 -1.05421
-1.0606 -1.05247
-1.06161 -1.05186
-1.05971 -1.055
-1.06186 -1.05303
-1.06151 -1.05101
-1.05974 -1.05451
-1.06144 -1.05289
-1.06169 -1.05367
-1.06238 -1.05224
-1.05961 -1.05376
-1.06196 -1.0513
-1.06085 -1.05325
-1.06078 -1.05331
-1.05982 -1.05368
-1.06048 -1.05255
-1.06121 -1.05121
-1.06099 -1.0543
-1.05926 -1.05292
-1.05973 -1.05097
-1.05691 -1.05428
-1.06225 -1.05075
-1.05705 -1.05453
-1.06067 -1.05346
-1.05993 -1.0517
-1.05998 -1.05324
-1.05961 -1.054
-1.06187 -1.05123
-1.05905 -1.0555
-1.06188 -1.05091
-1.05942 -1.05244
-1.06191 -1.05369
-1.05877 -1.05433
-1.06285 -1.05092
-1.05876 -1.05403
-1.05957 -1.05391
-1.06059 -1.05281
-1.05887 -1.05281
-1.0601 -1.05384
-1.06037 -1.05038
-1.0595 -1.05404
-1.0614 -1.05025
-1.05927 -1.05376
-1.0618 -1.05018
-1.0586 -1.05501
-1.06237 -1.0493
-1.05936 -1.05356
-1.06261 -1.05016
-1.05962 -1.05374
-1.06167 -1.05145
-1.05875 -1.05152
-1.05953 -1.05158
-1.06108 -1.05051
-1.05797 -1.05078
-1.06018 -1.05191
-1.05802 -1.05197
-1.05948 -1.05267
-1.06027 -1.04949
-1.05836 -1.05463
-1.06101 -1.05034
-1.05943 -1.05326
-1.05974 -1.05051
-1.05867 -1.05238
-1.06021 -1.05211
-1.05881 -1.05063
-1.05821 -1.05292
-1.05901 -1.05049
-1.059 -1.05154
-1.05561 -1.05261
-1.0603 -1.04803
-1.05579 -1.0522
-1.05779 -1.05101
-1.05901 -1.05104
-1.05793 -1.04976
-1.05619 -1.05238
-1.05956 -1.0485
-1.05626 -1.05269
-1.05622 -1.04924
-1.05845 -1.05296
-1.0574 -1.04953
-1.05641 -1.05298
-1.05716 -1.05111
-1.0565 -1.05288
-1.05829 -1.05031
-1.05427 -1.05165
-1.05687 -1.05226
-1.05595 -1.05167
-1.0555 -1.05168
-1.05764 -1.05283
-1.05434 -1.053
-1.05629 -1.05121
-1.05506 -1.05091
-1.0556 -1.05194
-1.05593 -1.05171
-1.05453 -1.05098
-1.0545 -1.05217
-1.05619 -1.05207
-1.05448 -1.05159
-1.05663 -1.05102
-1.05279 -1.05313
-1.0549 -1.05004
-1.05424 -1.05191
-1.05256 -1.05233
-1.05563 -1.05067
-1.05265 -1.05103
-1.05234 -1.05188
-1.05474 -1.05025
-1.05333 -1.05121
-1.05391 -1.0499
-1.0536 -1.04993
-1.05313 -1.05064
-1.0557 -1.04922
-1.05357 -1.04959
-1.05409 -1.04997
-1.05513 -1.05146
-1.05662 -1.05018
-1.0548 -1.04886
-1.05279 -1.05286
-1.05605 -1.04962
-1.05472 -1.04942
-1.0546 -1.05042
-1.05425 -1.04939
-1.05583 -1.05039
-1.05529 -1.04851
-1.05453 -1.05078
-1.05503 -1.04799
-1.05421 -1.0485
-1.05497 -1.04917
-1.05495 -1.04846
-1.05461 -1.04848
-1.05369 -1.0486
-1.05644 -1.04868
-1.05461 -1.04832
-1.05474 -1.04752
-1.05484 -1.04765
-1.05482 -1.04832
-1.05528 -1.04785
-1.05427 -1.049
-1.05542 -1.04676
-1.05388 -1.04859
-1.0527 -1.04815
-1.05653 -1.04761
-1.05477 -1.04857
-1.05317 -1.04927
-1.05391 -1.04749
-1.05456 -1.0479
-1.05455 -1.04834
-1.05211 -1.04992
-1.05678 -1.04586
-1.05434 -1.04954
-1.05299 -1.04696
-1.05368 -1.04757
-1.05285 -1.04719
-1.05285 -1.04738
-1.05099 -1.04708
-1.05465 -1.04503
-1.05095 -1.04742
-1.05398 -1.04375
-1.05316 -1.04863
-1.05446 -1.04591
-1.05582 -1.0453
-1.05236 -1.04686
-1.05449 -1.04767
-1.05373 -1.04429
-1.05342 -1.04788
-1.0538 -1.04541
-1.0522 -1.04814
-1.05523 -1.04678
-1.05295 -1.04488
-1.05331 -1.04695
-1.05321 -1.0457
-1.05402 -1.04751
-1.05342 -1.04446
-1.05534 -1.04566
-1.05288 -1.04748
-1.05421 -1.0436
-1.0514 -1.04511
-1.05295 -1.04532
-1.05227 -1.04529
-1.05305 -1.04592
-1.05287 -1.0472
-1.05626 -1.04347
-1.05118 -1.04776
-1.05401 -1.04345
-1.05263 -1.04631
-1.05238 -1.04608
-1.05225 -1.04439
-1.0517 -1.04438
-1.05281 -1.04682
-1.05307 -1.04629
-1.05384 -1.04732
-1.05226 -1.04574
-1.05338 -1.04459
-1.05076 -1.04796
-1.05169 -1.044
-1.05167 -1.04566
-1.05055 -1.04538
-1.05293 -1.04395
-1.0504 -1.04671
-1.05349 -1.04383
-1.05126 -1.04439
-1.05138 -1.04426
-1.05103 -1.04462
-1.05201 -1.04317
-1.05017 -1.04512
-1.05088 -1.04298
-1.0507 -1.04473
-1.05005 -1.04327
-1.05112 -1.04341
-1.05246 -1.04347
-1.0507 -1.04523
-1.05139 -1.04371
-1.05282 -1.04359
-1.05032 -1.04509
-1.05124 -1.04535
-1.05125 -1.04327
-1.04884 -1.045
-1.05106 -1.04361
-1.05206 -1.0438
-1.05022 -1.04411
-1.05207 -1.0425
-1.05256 -1.04398
-1.05312 -1.04593
-1.05074 -1.0415
-1.05009 -1.04353
-1.05043 -1.0457
-1.05191 -1.04138
-1.05005 -1.04491
-1.05241 -1.04334
-1.05004 -1.04329
-1.04999 -1.04427
-1.05098 -1.04273
-1.05186 -1.04433
-1.05301 -1.04287
-1.04938 -1.04574
-1.05078 -1.04375
-1.05213 -1.04291
-1.05136 -1.04241
-1.04933 -1.04387
-1.04906 -1.04326
-1.04902 -1.04192
-1.05045 -1.0418
-1.04901 -1.04311
-1.05113 -1.04392
-1.05063 -1.04283
-1.04926 -1.04341
-1.05038 -1.04225
-1.0484 -1.0433
-1.04816 -1.04375
-1.04897 -1.04369
-1.0486 -1.04204
-1.04825 -1.04478
-1.05065 -1.04222
-1.05167 -1.04322
-1.05052 -1.04269
-1.0505 -1.04242
-1.05 -1.04292
-1.05212 -1.04031
-1.04779 -1.04523
-1.05119 -1.04165
-1.04882 -1.04315
-1.04966 -1.04369
-1.04914 -1.04229
-1.04811 -1.04371
-1.04997 -1.04405
-1.04798 -1.04271
-1.04624 -1.0424
-1.04815 -1.04209
-1.04623 -1.04388
-1.04878 -1.04245
-1.04844 -1.044
-1.0471 -1.04269
-1.04902 -1.04253
-1.0486 -1.04261
-1.04815 -1.04236
-1.04842 -1.04225
-1.04701 -1.04314
-1.04858 -1.04035
-1.04692 -1.04165
-1.04702 -1.0448
-1.04704 -1.04129
-1.04864 -1.03957
-1.04581 -1.04414
-1.04737 -1.0423
-1.04831 -1.03918
-1.04691 -1.0408
-1.04584 -1.04219
-1.0478 -1.04134
-1.04695 -1.04274
-1.04638 -1.04253
-1.04663 -1.04238
-1.04616 -1.04251
-1.04563 -1.04293
-1.04599 -1.04195
-1.04724 -1.04197
-1.04652 -1.04121
-1.04631 -1.04425
-1.04654 -1.04081
-1.04682 -1.04129
-1.04763 -1.04121
-1.04739 -1.04196
-1.04631 -1.04194
-1.0449 -1.04105
-1.04606 -1.03997
-1.04565 -1.04257
-1.04731 -1.04179
-1.04618 -1.04095
-1.04466 -1.04217
-1.04693 -1.04262
-1.04548 -1.04141
-1.04627 -1.04102
-1.04504 -1.04338
-1.00127 -0.964103
-0.995304 -0.950098
-0.996152 -0.948097
-0.993036 -0.95017
-0.994563 -0.947123
-0.996436 -0.947775
-0.992274 -0.948909
-0.998227 -0.948006
-0.995603 -0.950258
-0.9964 -0.951013
-0.996854 -0.951837
-0.997487 -0.950701
-0.995531 -0.950524
-0.994584 -0.951634
-0.996796 -0.949783
-0.993613 -0.950857
-0.994381 -0.95042
-0.996401 -0.949881
-0.994413 -0.951105
-0.995281 -0.949576
-0.994673 -0.951146
-0.993729 -0.950511
-0.99546 -0.950417
-0.993635 -0.950173
-0.995248 -0.949902
-0.994584 -0.951172
-0.995101 -0.950475
-0.99536 -0.949023
-0.994529 -0.95211
-0.995607 -0.950468
-0.993843 -0.950316
-0.993537 -0.952115
-0.995383 -0.950261
-0.994747 -0.950695
-0.996058 -0.951279
-0.994107 -0.950797
-0.995681 -0.949382
-0.994697 -0.950974
-0.994068 -0.951663
-0.99548 -0.949312
-0.995002 -0.951081
-0.99676 -0.949856
-0.995247 -0.950952
-0.994284 -0.952529
-0.995239 -0.95036
-0.995642 -0.950313
-0.993419 -0.952155
-0.995621 -0.950703
-0.992743 -0.951267
-0.99487 -0.950377
-0.993547 -0.951161
-0.994479 -0.951085
-0.99244 -0.951404
-0.994898 -0.94812
-0.99287 -0.953169
-0.99287 -0.948183
-0.994102 -0.950486
-0.99245 -0.950616
-0.99395 -0.949989
-0.993447 -0.948419
-0.993848 -0.950472
-0.992764 -0.949424
-0.992728 -0.950099
-0.993866 -0.948178
-0.991988 -0.949663
-0.992173 -0.950726
-0.992836 -0.949086
-0.9932 -0.949288
-0.993296 -0.94871
-0.991859 -0.950328
-0.992986 -0.949814
-0.993239 -0.948538
-0.992119 -0.95025
-0.99234 -0.949343
-0.99173 -0.949483
-0.991855 -0.948472
-0.992283 -0.950538
-0.991329 -0.948515
-0.992139 -0.949649
-0.990868 -0.948483
-0.991405 -0.949707
-0.9914 -0.947366
-0.991474 -0.949261
-0.990084 -0.949804
-0.991211 -0.947521
-0.990984 -0.948125
-0.990884 -0.949701
-0.991455 -0.948121
-0.99232 -0.946167
-0.992193 -0.949903
-0.990403 -0.948805
-0.993709 -0.946245
-0.991921 -0.94974
-0.993174 -0.9463
-0.991587 -0.950867
-0.991204 -0.947776
-0.991749 -0.94622
-0.991366 -0.947529
-0.991497 -0.948239
-0.991039 -0.948614
-0.992985 -0.945771
-0.991416 -0.948469
-0.993066 -0.946643
-0.99148 -0.948353
-0.992391 -0.947115
-0.993398 -0.947202
-0.989904 -0.949237
-0.989713 -0.947615
-0.992879 -0.946686
-0.988998 -0.947987
-0.990298 -0.948554
-0.992914 -0.945576
-0.989592 -0.948363
-0.990002 -0.94889
-0.99334 -0.944628
-0.989896 -0.950289
-0.993449 -0.94531
-0.989629 -0.94749
-0.990151 -0.947504
-0.992836 -0.946174
-0.990628 -0.947438
-0.991694 -0.94736
-0.990843 -0.946018
-0.991288 -0.947787
-0.993308 -0.94639
-0.98846 -0.947748
-0.993305 -0.94649
-0.990441 -0.947412
-0.991883 -0.945212
-0.990604 -0.948934
-0.991498 -0.946899
-0.991293 -0.946411
-0.990918 -0.946109
-0.991328 -0.947414
-0.990369 -0.947192
-0.991181 -0.946677
-0.990509 -0.94649
-0.990567 -0.947456
-0.991182 -0.946422
-0.989795 -0.948598
-0.992609 -0.946037
-0.988573 -0.947668
-0.991631 -0.946128
-0.988811 -0.948278
-0.992553 -0.946408
-0.991065 -0.947109
-0.990884 -0.946622
-0.990308 -0.947771
-0.991267 -0.94565
-0.990087 -0.947074
-0.990705 -0.945803
-0.990311 -0.946859
-0.992085 -0.94457
-0.988898 -0.946585
-0.990959 -0.945868
-0.990845 -0.9464
-0.991381 -0.945657
-0.990201 -0.94768
-0.990861 -0.949654
-0.99108 -0.946735
-0.991132 -0.950383
-0.988876 -0.950719
-0.992252 -0.947841
-0.99124 -0.950029
-0.990005 -0.947982
-0.990564 -0.949179
-0.99035 -0.948424
-0.990805 -0.947709
-0.991306 -0.948336
-0.990165 -0.949659
-0.989633 -0.948502
-0.993036 -0.948164
-0.99102 -0.948109
-0.989545 -0.951628
-0.99208 -0.948017
-0.991886 -0.948733
-0.990638 -0.950743
-0.989403 -0.950052
-0.990072 -0.948265
-0.989382 -0.94862
-0.988382 -0.949159
-0.989919 -0.949168
-0.987193 -0.949922
-0.991639 -0.945807
-0.988306 -0.951255
-0.989725 -0.949398
-0.989856 -0.949341
-0.990051 -0.948714
-0.987582 -0.950787
-0.990188 -0.94811
-0.989241 -0.949546
-0.988785 -0.950263
-0.989581 -0.949004
-0.989984 -0.948979
-0.988873 -0.9497
-0.989448 -0.947225
-0.988774 -0.95045
-0.988068 -0.948805
-0.989294 -0.947949
-0.988009 -0.949314
-0.987716 -0.94979
-0.989065 -0.948886
-0.986643 -0.948511
-0.988799 -0.949836
-0.987778 -0.949028
-0.988128 -0.950673
-0.986988 -0.949735
-0.989381 -0.94933
-0.987512 -0.94946
-0.987686 -0.950267
-0.988101 -0.949171
-0.987786 -0.94999
-0.988764 -0.949722
-0.988172 -0.949451
-0.989069 -0.949189
-0.986109 -0.949894
-0.987364 -0.949758
-0.986031 -0.949491
-0.988209 -0.94819
-0.98817 -0.950415
-0.987193 -0.948924
-0.987549 -0.950068
-0.987687 -0.949648
-0.987465 -0.948875
-0.988111 -0.948166
-0.987659 -0.950026
-0.986796 -0.949795
-0.989165 -0.946896
-0.985362 -0.950199
-0.988695 -0.948836
-0.989247 -0.946312
-0.985867 -0.948576
-0.988415 -0.947276
-0.988334 -0.947588
-0.988534 -0.947292
-0.987948 -0.948025
-0.988011 -0.947304
-0.987881 -0.947669
-0.986582 -0.947081
-0.988404 -0.947194
-0.986565 -0.948812
-0.986779 -0.947006
-0.98698 -0.948468
-0.987435 -0.946932
-0.988112 -0.948414
-0.988417 -0.948107
-0.986986 -0.947433
-0.987889 -0.94664
-0.987158 -0.949574
-0.986728 -0.946623
-0.988221 -0.948186
-0.986966 -0.947691
-0.987408 -0.948013
-0.986939 -0.948373
-0.987905 -0.947071
-0.987823 -0.946834
-0.986832 -0.948494
-0.988474 -0.946025
-0.987592 -0.947685
-0.986748 -0.94621
-0.988889 -0.947568
-0.985251 -0.946896
-0.98821 -0.945647
-0.98795 -0.947209
-0.987342 -0.947921
-0.98647 -0.947374
-0.987748 -0.94707
-0.988292 -0.945467
-0.985503 -0.947564
-0.987227 -0.947529
-0.987338 -0.946252
-0.985072 -0.947859
-0.989209 -0.946802
-0.987082 -0.947614
-0.988478 -0.947539
-0.986269 -0.945991
-0.987918 -0.946318
-0.985215 -0.947909
-0.987081 -0.946553
-0.987409 -0.947631
-0.986555 -0.945795
-0.984499 -0.947896
-0.988712 -0.947559
-0.985159 -0.946755
-0.985994 -0.948167
-0.98721 -0.94617
-0.986211 -0.94808
-0.983874 -0.947791
-0.986741 -0.945996
-0.985377 -0.948842
-0.985501 -0.946862
-0.985323 -0.945824
-0.985132 -0.948767
-0.986514 -0.9472
-0.986536 -0.946442
-0.985771 -0.9468
-0.987116 -0.947252
-0.986047 -0.945721
-0.987316 -0.947571
-0.984219 -0.947413
-0.986974 -0.947607
-0.986365 -0.944843
-0.983092 -0.947294
-0.987272 -0.946643
-0.985296 -0.94627
-0.987151 -0.946065
-0.985852 -0.946683
-0.98705 -0.947299
-0.984789 -0.946653
-0.985848 -0.947748
-0.98642 -0.94588
-0.983833 -0.948807
-0.987164 -0.94507
-0.98348 -0.948983
-0.985224 -0.946216
-0.984409 -0.94628
-0.985369 -0.946448
-0.983959 -0.948255
-0.985465 -0.944955
-0.983332 -0.94576
-0.985259 -0.945587
-0.98441 -0.945923
-0.986677 -0.945331
-0.984058 -0.94667
-0.987029 -0.943591
-0.983425 -0.946794
-0.987109 -0.945287
-0.983945 -0.945978
-0.98711 -0.945792
-0.983748 -0.947264
-0.985846 -0.945171
-0.983793 -0.947138
-0.986772 -0.945312
-0.983548 -0.946898
-0.985146 -0.946213
-0.983668 -0.946994
-0.986779 -0.944361
-0.98272 -0.947612
-0.9845 -0.946863
-0.985333 -0.945544
-0.985417 -0.945675
-0.98408 -0.947846
-0.984934 -0.945558
-0.985599 -0.946057
-0.984919 -0.94628
-0.984392 -0.945331
-0.985272 -0.946851
-0.984312 -0.946371
-0.985012 -0.945559
-0.982916 -0.947205
-0.984526 -0.944953
-0.984296 -0.946571
-0.984064 -0.946448
-0.98359 -0.947178
-0.983464 -0.946415
-0.984636 -0.946603
-0.983815 -0.945841
-0.984313 -0.948145
-0.983099 -0.945832
-0.985722 -0.945139
-0.981612 -0.946648
-0.984233 -0.945614
-0.983348 -0.945987
-0.984495 -0.945514
-0.982911 -0.946378
-0.985632 -0.946133
-0.984147 -0.944899
-0.984582 -0.94528
-0.982657 -0.946263
-0.983944 -0.944719
-0.983128 -0.944757
-0.983218 -0.946202
-0.983717 -0.943316
-0.983242 -0.944547
-0.982186 -0.945331
-0.983456 -0.94544
-0.982695 -0.943941
-0.983814 -0.947119
-0.98252 -0.943895
-0.981954 -0.945851
-0.984615 -0.943895
-0.982474 -0.947521
-0.982257 -0.944676
-0.983505 -0.944117
-0.981663 -0.946744
-0.982963 -0.944135
-0.980077 -0.946445
-0.981667 -0.945413
-0.98347 -0.944158
-0.981348 -0.946738
-0.982119 -0.945906
-0.983679 -0.943214
-0.981904 -0.94578
-0.981694 -0.947248
-0.983253 -0.943164
-0.981937 -0.946569
-0.981975 -0.944512
-0.98215 -0.94489
-0.983249 -0.943674
-0.980116 -0.946953
-0.984334 -0.941866
-0.981525 -0.945084
-0.981589 -0.945467
-0.982684 -0.945028
-0.982997 -0.945551
-0.982988 -0.947864
-0.983887 -0.948199
-0.981954 -0.948195
-0.983787 -0.947387
-0.983347 -0.948485
-0.982727 -0.946636
-0.982969 -0.947524
-0.982057 -0.947482
-0.982954 -0.947305
-0.982082 -0.947081
-0.983308 -0.947065
-0.982709 -0.947932
-0.982641 -0.946861
-0.983079 -0.948227
-0.98195 -0.948175
-0.982782 -0.946231
-0.980655 -0.947815
-0.981945 -0.94756
-0.982192 -0.945792
-0.98129 -0.947529
-0.982177 -0.945629
-0.982937 -0.947524
-0.983058 -0.946751
-0.981039 -0.947753
-0.985196 -0.944963
-0.982036 -0.946963
-0.983871 -0.946716
-0.982686 -0.946503
-0.983264 -0.945741
-0.982033 -0.946832
-0.983735 -0.946124
-0.982625 -0.947588
-0.982664 -0.944156
-0.981369 -0.946936
-0.983369 -0.946729
-0.983225 -0.946227
-0.982192 -0.947011
-0.982167 -0.945701
-0.983066 -0.945937
-0.982698 -0.945197
-0.981939 -0.94787
-0.983823 -0.945754
-0.982099 -0.944659
-0.982114 -0.946991
-0.981708 -0.947028
-0.983121 -0.944473
-0.9812 -0.946683
-0.980084 -0.946683
-0.982259 -0.944188
-0.97954 -0.946626
-0.980529 -0.945397
-0.980254 -0.946759
-0.978511 -0.946166
-0.980326 -0.945676
-0.979557 -0.946983
-0.980804 -0.946034
-0.978998 -0.945924
-0.979179 -0.945196
-0.980536 -0.946504
-0.980126 -0.94639
-0.979861 -0.944982
-0.978631 -0.947036
-0.981348 -0.945047
-0.979345 -0.946066
-0.980385 -0.945934
-0.979593 -0.946313
-0.979578 -0.94622
-0.98248 -0.944838
-0.978508 -0.947071
-0.979574 -0.946409
-0.981121 -0.942428
-0.977965 -0.949518
-0.980476 -0.942187
-0.979058 -0.946762
-0.979121 -0.945763
-0.979768 -0.94551
-0.981176 -0.944958
-0.978915 -0.948122
-0.97903 -0.946269
-0.980257 -0.943729
-0.978095 -0.945895
-0.978397 -0.947256
-0.978355 -0.947534
-0.978814 -0.945586
-0.978875 -0.946309
-0.976764 -0.946829
-0.979144 -0.945743
-0.977976 -0.947068
-0.979146 -0.943234
-0.976931 -0.947678
-0.977637 -0.944693
-0.979064 -0.945228
-0.976867 -0.946114
-0.978821 -0.944868
-0.978496 -0.946484
-0.978253 -0.945656
-0.978222 -0.944403
-0.976989 -0.945603
-0.977367 -0.944164
-0.976256 -0.946967
-0.97775 -0.94288
-0.977421 -0.944864
-0.974319 -0.945926
-0.977538 -0.943739
-0.976788 -0.943115
-0.974464 -0.946628
-0.97764 -0.941845
-0.975281 -0.94558
-0.976139 -0.944946
-0.975636 -0.94441
-0.975511 -0.944457
-0.976213 -0.942999
-0.974925 -0.944097
-0.974869 -0.943857
-0.975394 -0.943332
-0.976724 -0.943968
-0.97501 -0.943079
-0.977468 -0.943103
-0.97584 -0.944629
-0.977786 -0.942472
-0.975801 -0.943911
-0.975727 -0.943936
-0.976298 -0.943453
-0.973265 -0.943801
-0.975937 -0.942659
-0.975616 -0.945571
-0.97561 -0.942589
-0.976029 -0.944421
-0.974545 -0.944566
-0.977653 -0.943606
-0.974424 -0.943823
-0.973836 -0.944117
-0.975968 -0.943097
-0.97619 -0.943073
-0.97384 -0.94464
-0.974836 -0.943617
-0.977116 -0.942611
-0.973589 -0.944122
-0.975335 -0.943196
-0.976692 -0.942344
-0.977031 -0.944368
-0.976613 -0.942056
-0.974995 -0.945008
-0.977155 -0.942372
-0.976099 -0.943089
-0.975845 -0.942192
-0.976456 -0.943683
-0.976438 -0.942896
-0.975635 -0.941903
-0.975202 -0.943758
-0.97705 -0.941936
-0.973842 -0.943422
-0.97622 -0.942524
-0.97581 -0.94326
-0.974465 -0.943092
-0.974553 -0.944758
-0.976367 -0.941099
-0.974618 -0.943257
-0.97594 -0.944297
-0.974748 -0.943067
-0.97596 -0.94209
-0.973874 -0.944124
-0.97601 -0.942556
-0.974473 -0.942992
-0.974919 -0.943363
-0.976202 -0.941878
-0.97476 -0.943912
-0.97663 -0.942667
-0.976282 -0.942355
-0.974646 -0.944503
-0.976268 -0.941012
-0.974442 -0.94458
-0.975943 -0.941509
-0.974347 -0.943762
-0.975519 -0.943059
-0.975403 -0.941194
-0.974941 -0.943159
-0.974264 -0.943007
-0.975214 -0.94147
-0.974958 -0.944026
-0.974982 -0.942239
-0.974388 -0.942982
-0.977124 -0.94131
-0.973664 -0.943392
-0.976463 -0.943004
-0.97601 -0.942359
-0.974877 -0.943171
-0.97608 -0.943163
-0.976395 -0.941918
-0.974731 -0.943951
-0.975688 -0.941691
-0.976374 -0.943638
-0.974258 -0.943487
-0.976002 -0.942573
-0.976201 -0.941633
-0.975052 -0.943659
-0.975649 -0.942517
-0.975517 -0.943398
-0.975807 -0.941909
-0.975887 -0.944137
-0.976131 -0.943867
-0.97738 -0.941661
-0.974833 -0.944413
-0.975844 -0.942459
-0.976986 -0.941078
-0.974424 -0.944389
-0.975948 -0.941587
-0.97557 -0.941816
-0.975879 -0.942703
-0.973917 -0.941711
-0.975017 -0.94224
-0.975308 -0.941285
-0.973902 -0.941714
-0.975214 -0.941972
-0.974669 -0.940788
-0.973959 -0.942513
-0.975475 -0.939783
-0.972052 -0.943464
-0.976263 -0.942345
-0.973448 -0.940902
-0.975339 -0.942359
-0.974302 -0.941264
-0.974753 -0.941856
-0.975552 -0.941966
-0.974001 -0.942681
-0.975017 -0.940689
-0.975175 -0.941916
-0.975081 -0.94187
-0.975341 -0.941541
-0.974511 -0.94127
-0.974727 -0.942025
-0.97593 -0.94033
-0.972313 -0.942729
-0.975694 -0.941259
-0.975504 -0.942062
-0.97491 -0.941157
-0.972695 -0.943488
-0.976732 -0.939123
-0.972392 -0.943759
-0.974916 -0.940276
-0.971235 -0.942577
-0.977036 -0.941376
-0.972386 -0.942251
-0.974843 -0.941345
-0.972512 -0.943281
-0.976779 -0.941283
-0.972524 -0.941587
-0.974717 -0.942193
-0.973861 -0.941584
-0.972812 -0.942344
-0.971613 -0.941985
-0.975372 -0.941139
-0.972903 -0.941386
-0.973407 -0.944808
-0.975915 -0.93878
-0.974001 -0.943484
-0.972339 -0.942661
-0.976412 -0.940824
-0.974382 -0.942397
-0.972924 -0.942934
-0.974813 -0.940268
-0.974548 -0.941103
-0.973535 -0.943108
-0.973946 -0.942158
-0.97472 -0.942532
-0.974217 -0.941177
-0.973693 -0.941266
-0.975706 -0.943095
-0.973726 -0.941
-0.972975 -0.943015
-0.974351 -0.940163
-0.972487 -0.943631
-0.975804 -0.94208
-0.974215 -0.940262
-0.974109 -0.94274
-0.974095 -0.940379
-0.972398 -0.941514
-0.973459 -0.941309
-0.974971 -0.9407
-0.97303 -0.940477
-0.973782 -0.941456
-0.973849 -0.941379
-0.975535 -0.940137
-0.974751 -0.941044
-0.973667 -0.942193
-0.974985 -0.940456
-0.973216 -0.941438
-0.973541 -0.940411
-0.973245 -0.941887
-0.973797 -0.941065
-0.974169 -0.94146
-0.973499 -0.940159
-0.975223 -0.941625
-0.973861 -0.942023
-0.974417 -0.941978
-0.974695 -0.940549
-0.973732 -0.942523
-0.973937 -0.94091
-0.973925 -0.942254
-0.9738 -0.940844
-0.972308 -0.942401
-0.972576 -0.942223
-0.97209 -0.941634
-0.973394 -0.941402
-0.972881 -0.94235
-0.973203 -0.941551
-0.972002 -0.942642
-0.973951 -0.940198
-0.973946 -0.941425
-0.97164 -0.942303
-0.974176 -0.941505
-0.973351 -0.94136
-0.971248 -0.941953
-0.972725 -0.941446
-0.973814 -0.940508
-0.973141 -0.942524
-0.972717 -0.939923
-0.973205 -0.941768
-0.973432 -0.941161
-0.971114 -0.942138
-0.974006 -0.9413
-0.97329 -0.94117
-0.973063 -0.941338
-0.97377 -0.941657
-0.972321 -0.943862
-0.974448 -0.940342
-0.972302 -0.942628
-0.974563 -0.939971
-0.972921 -0.942422
-0.973739 -0.939841
-0.973098 -0.941691
-0.975269 -0.939903
-0.972969 -0.941243
-0.975993 -0.940738
-0.972927 -0.940251
-0.975285 -0.942463
-0.974294 -0.939422
-0.974907 -0.939348
-0.972581 -0.941352
-0.973957 -0.93955
-0.974788 -0.939666
-0.974535 -0.942285
-0.973441 -0.939762
-0.975285 -0.938983
-0.970895 -0.94307
-0.976212 -0.939077
-0.975141 -0.939856
-0.971329 -0.942015
-0.973634 -0.940732
-0.973504 -0.939759
-0.972927 -0.941482
-0.972643 -0.939796
-0.973625 -0.941275
-0.972033 -0.939423
-0.974101 -0.942292
-0.973115 -0.940438
-0.973193 -0.940614
-0.973338 -0.940685
-0.972457 -0.940996
-0.973636 -0.94075
-0.972018 -0.94095
-0.973911 -0.941108
-0.971842 -0.942417
-0.97361 -0.940021
-0.972371 -0.940139
-0.972555 -0.942356
-0.972469 -0.940366
-0.973154 -0.940562
-0.972661 -0.941686
-0.972933 -0.939604
-0.972681 -0.940515
-0.971065 -0.940103
-0.973621 -0.939461
-0.970815 -0.941272
-0.973254 -0.939395
-0.971933 -0.939655
-0.972775 -0.940021
-0.971704 -0.940524
-0.973989 -0.939618
-0.973098 -0.938221
-0.972125 -0.939569
-0.973096 -0.941556
-0.973045 -0.938949
-0.973387 -0.937817
-0.972981 -0.938906
-0.97356 -0.939959
-0.974698 -0.938893
-0.973709 -0.938504
-0.973163 -0.939566
-0.974217 -0.938348
-0.973447 -0.938125
-0.974898 -0.937625
-0.973844 -0.939755
-0.972333 -0.937548
-0.974219 -0.937669
-0.971633 -0.938636
-0.972552 -0.939218
-0.972833 -0.938619
-0.972754 -0.938605
-0.972654 -0.939338
-0.971559 -0.939112
-0.971962 -0.938077
-0.970972 -0.941114
-0.971849 -0.939149
-0.97063 -0.939904
-0.970666 -0.938971
-0.971359 -0.938652
-0.970469 -0.939191
-0.970506 -0.940863
-0.971496 -0.939361
-0.969545 -0.940174
-0.971418 -0.939049
-0.969353 -0.940023
-0.970149 -0.939434
-0.972002 -0.940209
-0.970362 -0.938678
-0.97017 -0.940505
-0.972143 -0.938552
-0.969999 -0.939745
-0.970806 -0.938545
-0.971077 -0.93917
-0.969512 -0.939133
-0.969614 -0.93834
-0.971535 -0.938309
-0.970132 -0.940447
-0.972078 -0.938093
-0.970138 -0.939086
-0.969864 -0.938161
-0.970035 -0.940149
-0.971004 -0.938562
-0.969252 -0.938304
-0.972405 -0.938867
-0.971561 -0.939703
-0.971395 -0.938132
-0.970824 -0.939319
-0.969361 -0.93799
-0.972473 -0.938049
-0.96946 -0.938422
-0.971165 -0.938456
-0.970643 -0.937132
-0.969796 -0.937253
-0.970904 -0.938198
-0.96968 -0.938733
-0.97218 -0.935347
-0.970037 -0.938891
-0.968706 -0.937676
-0.972449 -0.937504
-0.971035 -0.936284
-0.96804 -0.939957
-0.971437 -0.937402
-0.969558 -0.93784
-0.970641 -0.937739
-0.969433 -0.937962
-0.970118 -0.93798
-0.969249 -0.937255
-0.969624 -0.937386
-0.968262 -0.938966
-0.969247 -0.937199
-0.968724 -0.937508
-0.969257 -0.937453
-0.969642 -0.937793
-0.967912 -0.939328
-0.971159 -0.935821
-0.968756 -0.937751
-0.969706 -0.938051
-0.970192 -0.938156
-0.969147 -0.937341
-0.970655 -0.936731
-0.968352 -0.938748
-0.970097 -0.936943
-0.969436 -0.936904
-0.968299 -0.938193
-0.968831 -0.937044
-0.969374 -0.93739
-0.967937 -0.93664
-0.970039 -0.937217
-0.968606 -0.938661
-0.968765 -0.936676
-0.968128 -0.937337
-0.96791 -0.938007
-0.970441 -0.936581
-0.967513 -0.938366
-0.968788 -0.937184
-0.967619 -0.937998
-0.968239 -0.937031
-0.968637 -0.937498
-0.967515 -0.938176
-0.968612 -0.936755
-0.968625 -0.937869
-0.968161 -0.937782
-0.970565 -0.93791
-0.967505 -0.937954
-0.968521 -0.938125
-0.969045 -0.935769
-0.968631 -0.93871
-0.968284 -0.937438
-0.968813 -0.937552
-0.967066 -0.937123
-0.96927 -0.936502
-0.96786 -0.93886
-0.967876 -0.937683
-0.966667 -0.936263
-0.969158 -0.93804
-0.96768 -0.937729
-0.967501 -0.938149
-0.966675 -0.936499
-0.967054 -0.937999
-0.968031 -0.938453
-0.968471 -0.937588
-0.965874 -0.938463
-0.969226 -0.938144
-0.967666 -0.937083
-0.967677 -0.938762
-0.967992 -0.936898
-0.968642 -0.939089
-0.967455 -0.937604
-0.968501 -0.937907
-0.969128 -0.937353
-0.968997 -0.938271
-0.967435 -0.938047
-0.970438 -0.937423
-0.968067 -0.93679
-0.96885 -0.935694
-0.966691 -0.937076
-0.970512 -0.935953
-0.970197 -0.937579
-0.968372 -0.936642
-0.969956 -0.936346
-0.968933 -0.937288
-0.968954 -0.935831
-0.969475 -0.936533
-0.968957 -0.938111
-0.967869 -0.935334
-0.967651 -0.936317
-0.966766 -0.937363
-0.968383 -0.934896
-0.966302 -0.935719
-0.968228 -0.937024
-0.968045 -0.935605
-0.966592 -0.936916
-0.968884 -0.9355
-0.966074 -0.937101
-0.968376 -0.937151
-0.967532 -0.935165
-0.96782 -0.936418
-0.966485 -0.936239
-0.96729 -0.935518
-0.968393 -0.936236
-0.968643 -0.934692
-0.967777 -0.936754
-0.968101 -0.934438
-0.966719 -0.937665
-0.969879 -0.933693
-0.966435 -0.936187
-0.965951 -0.936615
-0.968216 -0.933793
-0.966706 -0.936011
-0.964679 -0.934865
-0.965893 -0.935533
-0.965925 -0.935429
-0.966981 -0.935383
-0.96622 -0.935886
-0.966353 -0.935707
-0.965649 -0.936228
-0.964882 -0.935326
-0.966083 -0.934063
-0.964771 -0.935989
-0.964206 -0.934591
-0.965303 -0.935428
-0.965059 -0.934279
-0.963812 -0.935409
-0.964007 -0.934818
-0.963653 -0.934835
-0.964243 -0.934137
-0.963818 -0.934371
-0.964579 -0.935093
-0.964031 -0.936335
-0.96515 -0.93306
-0.964668 -0.935659
-0.965349 -0.934511
-0.962726 -0.936075
-0.966683 -0.93391
-0.963529 -0.934653
-0.964829 -0.935292
-0.964443 -0.933683
-0.965149 -0.934633
-0.965618 -0.933804
-0.965134 -0.934203
-0.96465 -0.936617
-0.965189 -0.932889
-0.965348 -0.933212
-0.963975 -0.935795
-0.964429 -0.93509
-0.964533 -0.934783
-0.964968 -0.933997
-0.963503 -0.935308
-0.963942 -0.934935
-0.963844 -0.934692
-0.963468 -0.933801
-0.964239 -0.936589
-0.964695 -0.933945
-0.962662 -0.934848
-0.964771 -0.934721
-0.964154 -0.934373
-0.964549 -0.935713
-0.965078 -0.934625
-0.963698 -0.935313
-0.963872 -0.934565
-0.964436 -0.935969
-0.963902 -0.933756
-0.964263 -0.934834
-0.962879 -0.936308
-0.963557 -0.933083
-0.965155 -0.93483
-0.962622 -0.935758
-0.962309 -0.934663
-0.964532 -0.933208
-0.963321 -0.933724
-0.961616 -0.935467
-0.964238 -0.934174
-0.962326 -0.93545
-0.964645 -0.933241
-0.96321 -0.936022
-0.964525 -0.933562
-0.963267 -0.933769
-0.962153 -0.936386
-0.963012 -0.932618
-0.963461 -0.933812
-0.962594 -0.933404
-0.961411 -0.936625
-0.963242 -0.932761
-0.963332 -0.934511
-0.962366 -0.933883
-0.963774 -0.933881
-0.961095 -0.934646
-0.964648 -0.931739
-0.962138 -0.935172
-0.964281 -0.933865
-0.961414 -0.934841
-0.965461 -0.933247
-0.963232 -0.934375
-0.964106 -0.93367
-0.963854 -0.935029
-0.964428 -0.932637
-0.963636 -0.935236
-0.963809 -0.93533
-0.963772 -0.933155
-0.964648 -0.933618
-0.962488 -0.934582
-0.962784 -0.93405
-0.962939 -0.934927
-0.962868 -0.933457
-0.96296 -0.933809
-0.961139 -0.93581
-0.963502 -0.934899
-0.962427 -0.933776
-0.963436 -0.935929
-0.961984 -0.93489
-0.963028 -0.934919
-0.960421 -0.935454
-0.962772 -0.934954
-0.962088 -0.932959
-0.960835 -0.937197
-0.96321 -0.933465
-0.961075 -0.935767
-0.962933 -0.935045
-0.963097 -0.932151
-0.961022 -0.936186
-0.962969 -0.934062
-0.963084 -0.933601
-0.963172 -0.933238
-0.963394 -0.935714
-0.963789 -0.934168
-0.963418 -0.932944
-0.963668 -0.933857
-0.961215 -0.934787
-0.964441 -0.932949
-0.960525 -0.934633
-0.963351 -0.932322
-0.961366 -0.934182
-0.962664 -0.934906
-0.961504 -0.932953
-0.963281 -0.93477
-0.962217 -0.934343
-0.964698 -0.93328
-0.961385 -0.936038
-0.962669 -0.934562
-0.963285 -0.933261
-0.962771 -0.934386
-0.962726 -0.935499
-0.963869 -0.933623
-0.961972 -0.933849
-0.960683 -0.934926
-0.961357 -0.933111
-0.962616 -0.931809
-0.96074 -0.934955
-0.962388 -0.932883
-0.961561 -0.933768
-0.962326 -0.932651
-0.963617 -0.93309
-0.962268 -0.935099
-0.962669 -0.932207
-0.962527 -0.933006
-0.961609 -0.934236
-0.961907 -0.933567
-0.961705 -0.932414
-0.962255 -0.933573
-0.962398 -0.934313
-0.962143 -0.933036
-0.963933 -0.933908
-0.959772 -0.93607
-0.964126 -0.931845
-0.959988 -0.935311
-0.963807 -0.932637
-0.961481 -0.935147
-0.96083 -0.93385
-0.963133 -0.931965
-0.962361 -0.935313
-0.960509 -0.933857
-0.962749 -0.932334
-0.962679 -0.935111
-0.962004 -0.932141
-0.962403 -0.934639
-0.961586 -0.932921
-0.962912 -0.933317
-0.961781 -0.932721
-0.962506 -0.933601
-0.9621 -0.93216
-0.963047 -0.934748
-0.961027 -0.932713
-0.963759 -0.932864
-0.96148 -0.932981
-0.961894 -0.93372
-0.962626 -0.932613
-0.961367 -0.933991
-0.962216 -0.932106
-0.962576 -0.933458
-0.9615 -0.934545
-0.96242 -0.933442
-0.961621 -0.933295
-0.960058 -0.933865
-0.963006 -0.932688
-0.960975 -0.933137
-0.960042 -0.933517
-0.961725 -0.933623
-0.96284 -0.931965
-0.961385 -0.932306
-0.961301 -0.934296
-0.96158 -0.931846
-0.961685 -0.932596
-0.961677 -0.931593
-0.962285 -0.93369
-0.962388 -0.933182
-0.961415 -0.931928
-0.962896 -0.931416
-0.961402 -0.933095
-0.960573 -0.934634
-0.961798 -0.930685
-0.961194 -0.933389
-0.961675 -0.931201
-0.959302 -0.93293
-0.9621 -0.932048
-0.960583 -0.931268
