0 0
-0.171464 -0.161514
-0.331171 -0.313244
-0.478228 -0.454131
-0.614469 -0.584848
-0.738714 -0.705404
-0.847487 -0.814434
-0.946054 -0.913327
-1.03281 -1.00004
-1.1008 -1.08032
-1.15987 -1.14532
-1.20453 -1.2048
-1.23584 -1.25124
-1.2607 -1.29348
-1.27115 -1.32879
-1.28614 -1.35869
-1.28833 -1.3827
-1.28548 -1.40476
-1.28287 -1.4236
-1.28257 -1.43953
-1.2799 -1.44816
-1.27381 -1.46113
-1.26698 -1.47259
-1.25453 -1.46655
-1.26064 -1.49015
-1.24524 -1.48517
-1.24329 -1.48555
-1.23282 -1.49707
-1.23417 -1.4887
-1.23352 -1.50896
-1.22727 -1.51137
-1.21836 -1.48092
-1.23586 -1.50143
-1.23468 -1.49455
-1.23522 -1.49786
-1.23606 -1.49433
-1.2367 -1.495
-1.23406 -1.49753
-1.23519 -1.49722
-1.2345 -1.49798
-1.23596 -1.49433
-1.2355 -1.49452
-1.23464 -1.4958
-1.23722 -1.49583
-1.23518 -1.4954
-1.23542 -1.4949
-1.23709 -1.49413
-1.23408 -1.49487
-1.2358 -1.4941
-1.23847 -1.49214
-1.23632 -1.49349
-1.23649 -1.49606
-1.23602 -1.49345
-1.23465 -1.49444
-1.23643 -1.49491
-1.23851 -1.49524
-1.23414 -1.49753
-1.23697 -1.49285
-1.23832 -1.49088
-1.23804 -1.49471
-1.23658 -1.49084
-1.23898 -1.49215
-1.23483 -1.49532
-1.24041 -1.49069
-1.23775 -1.49332
-1.2357 -1.49521
-1.23746 -1.49003
-1.23963 -1.49288
-1.23729 -1.48968
-1.2376 -1.49042
-1.24144 -1.48803
-1.23777 -1.49058
-1.23693 -1.49023
-1.23699 -1.49198
-1.23979 -1.49073
-1.23874 -1.48938
-1.23849 -1.48894
-1.24014 -1.49196
-1.23928 -1.48797
-1.24007 -1.49155
-1.23885 -1.48611
-1.24276 -1.48842
-1.24112 -1.48622
-1.24046 -1.4876
-1.24162 -1.48916
-1.24451 -1.48159
-1.24045 -1.48631
-1.24233 -1.48496
-1.24205 -1.48347
-1.24319 -1.48363
-1.24257 -1.48394
-1.24358 -1.48096
-1.24322 -1.48198
-1.24138 -1.4852
-1.24272 -1.48257
-1.2432 -1.48106
-1.24166 -1.48249
-1.24281 -1.48522
-1.24249 -1.47901
-1.2427 -1.48283
-1.2423 -1.4804
-1.2424 -1.48188
-1.24133 -1.48723
-1.24315 -1.48336
-1.24142 -1.48248
-1.24398 -1.48217
-1.24148 -1.48151
-1.24392 -1.4835
-1.24389 -1.48561
-1.2433 -1.47989
-1.24282 -1.48479
-1.24209 -1.48115
-1.24476 -1.48402
-1.2428 -1.47907
-1.24628 -1.47807
-1.24573 -1.48374
-1.24505 -1.47989
-1.24448 -1.48008
-1.24459 -1.47966
-1.2446 -1.47855
-1.24561 -1.47653
-1.24491 -1.47952
-1.24558 -1.4777
-1.24589 -1.47787
-1.24688 -1.47961
-1.24426 -1.4809
-1.24642 -1.47613
-1.24532 -1.47931
-1.24588 -1.47898
-1.24581 -1.47944
-1.24619 -1.47595
-1.24661 -1.47665
-1.24505 -1.47875
-1.24603 -1.47816
-1.24395 -1.47885
-1.24641 -1.47477
-1.24683 -1.47803
-1.24762 -1.47273
-1.2456 -1.47812
-1.24604 -1.47684
-1.24726 -1.47752
-1.2458 -1.47737
-1.24972 -1.47617
-1.24361 -1.47834
-1.24661 -1.47805
-1.24971 -1.4777
-1.24566 -1.47591
-1.24557 -1.47935
-1.24662 -1.48127
-1.24613 -1.47687
-1.24771 -1.47674
-1.24747 -1.47703
-1.2458 -1.48235
-1.2482 -1.47841
-1.24674 -1.47665
-1.24742 -1.47858
-1.24536 -1.48065
-1.24606 -1.4777
-1.25003 -1.47657
-1.24803 -1.47624
-1.24778 -1.47383
-1.24862 -1.47831
-1.24613 -1.47698
-1.2476 -1.47595
-1.24702 -1.47602
-1.24762 -1.47927
-1.24736 -1.47605
-1.24605 -1.47899
-1.24802 -1.48063
-1.24799 -1.47578
-1.24733 -1.47615
-1.24722 -1.47873
-1.25228 -1.47179
-1.24677 -1.47923
-1.25037 -1.47728
-1.24765 -1.47558
-1.25151 -1.47762
-1.24704 -1.47789
-1.24782 -1.47785
-1.25093 -1.47647
-1.24896 -1.47725
-1.24719 -1.47596
-1.25058 -1.47328
-1.24876 -1.47532
-1.24983 -1.47486
-1.24881 -1.47265
-1.24846 -1.47418
-1.25044 -1.47343
-1.24938 -1.4748
-1.25096 -1.47248
-1.25082 -1.47323
-1.2499 -1.47293
-1.25153 -1.47466
-1.25176 -1.47004
-1.24974 -1.47502
-1.25252 -1.47125
-1.25267 -1.47356
-1.25011 -1.47283
-1.25196 -1.47166
-1.25306 -1.4711
-1.25139 -1.47052
-1.25221 -1.47329
-1.2515 -1.47136
-1.25135 -1.46994
-1.25354 -1.47422
-1.25187 -1.47251
-1.25182 -1.47161
-1.2514 -1.47462
-1.25583 -1.4687
-1.25172 -1.47071
-1.25412 -1.46922
-1.25058 -1.47325
-1.2518 -1.46856
-1.25456 -1.46958
-1.25158 -1.47086
-1.25432 -1.46689
-1.25138 -1.47083
-1.25287 -1.47015
-1.25125 -1.47037
-1.25471 -1.46882
-1.25356 -1.46827
-1.25197 -1.47
-1.25234 -1.46916
-1.25448 -1.46615
-1.25215 -1.47146
-1.25405 -1.46809
-1.25543 -1.46659
-1.25316 -1.47001
-1.2534 -1.46997
-1.2533 -1.46761
-1.25596 -1.46557
-1.25114 -1.46917
-1.25516 -1.46697
-1.25512 -1.46557
-1.25437 -1.46587
-1.25408 -1.46737
-1.2559 -1.46381
-1.25435 -1.4657
-1.25397 -1.46801
-1.25549 -1.46595
-1.25461 -1.4667
-1.2558 -1.46516
-1.25583 -1.46277
-1.25504 -1.46703
-1.25533 -1.46747
-1.25628 -1.46495
-1.25389 -1.46645
-1.25593 -1.46667
-1.2551 -1.46283
-1.25454 -1.46577
-1.25571 -1.46938
-1.25448 -1.46479
-1.25589 -1.4637
-1.25565 -1.46737
-1.25616 -1.46307
-1.25351 -1.46784
-1.25559 -1.46289
-1.25614 -1.46427
-1.25554 -1.46563
-1.25621 -1.46231
-1.25624 -1.46085
-1.25696 -1.46264
-1.25601 -1.46401
-1.25755 -1.46256
-1.25843 -1.46095
-1.25592 -1.46329
-1.26014 -1.46179
-1.25536 -1.46451
-1.25694 -1.46299
-1.25698 -1.46051
-1.25776 -1.46417
-1.2586 -1.46222
-1.25606 -1.46249
-1.2569 -1.46151
-1.25873 -1.46256
-1.25966 -1.46031
-1.25526 -1.4625
-1.25902 -1.46132
-1.25734 -1.45958
-1.25735 -1.46124
-1.2571 -1.46171
-1.25865 -1.46349
-1.25913 -1.46042
-1.25882 -1.4603
-1.2574 -1.46121
-1.25922 -1.45717
-1.25734 -1.46382
-1.2584 -1.46314
-1.25771 -1.46239
-1.25647 -1.46348
-1.25964 -1.46318
-1.25931 -1.46179
-1.25491 -1.46274
-1.25753 -1.46328
-1.25641 -1.46417
-1.25684 -1.46175
-1.25678 -1.46464
-1.25564 -1.46501
-1.25805 -1.46391
-1.25845 -1.46452
-1.25726 -1.46082
-1.25817 -1.46529
-1.25673 -1.46336
-1.25813 -1.46184
-1.256 -1.46422
-1.25615 -1.46644
-1.2595 -1.46307
-1.25625 -1.46534
-1.25809 -1.46234
-1.26011 -1.46218
-1.25855 -1.46147
-1.25785 -1.46224
-1.26005 -1.4618
-1.25957 -1.4604
-1.26146 -1.46036
-1.25969 -1.4635
-1.25741 -1.45831
-1.26422 -1.45779
-1.25902 -1.46076
-1.25938 -1.45946
-1.25989 -1.46278
-1.25862 -1.45934
-1.25817 -1.46311
-1.25894 -1.45926
-1.26082 -1.4606
-1.2586 -1.46234
-1.26067 -1.45796
-1.26012 -1.45782
-1.25828 -1.46277
-1.25928 -1.46228
-1.26016 -1.46114
-1.26029 -1.4566
-1.26209 -1.45998
-1.25881 -1.46101
-1.2608 -1.457
-1.26011 -1.46176
-1.26119 -1.45488
-1.26085 -1.45885
-1.26055 -1.45887
-1.26177 -1.45423
-1.26188 -1.45626
-1.26102 -1.45998
-1.26467 -1.45116
-1.26115 -1.45849
-1.2653 -1.4558
-1.26362 -1.45517
-1.26268 -1.45869
-1.26283 -1.45589
-1.26472 -1.45443
-1.26312 -1.45712
-1.26465 -1.4554
-1.26206 -1.45484
-1.2645 -1.45399
-1.26571 -1.45297
-1.26287 -1.45679
-1.26364 -1.45594
-1.26512 -1.45349
-1.26342 -1.45528
-1.26404 -1.45487
-1.26525 -1.45235
-1.26297 -1.45838
-1.26425 -1.4534
-1.26499 -1.45552
-1.26581 -1.45309
-1.26552 -1.45726
-1.26455 -1.45343
-1.26444 -1.45429
-1.26371 -1.45685
-1.2641 -1.45448
-1.26414 -1.45808
-1.26229 -1.45392
-1.26372 -1.45544
-1.26282 -1.45762
-1.26457 -1.45648
-1.26383 -1.45642
-1.26243 -1.45564
-1.26103 -1.45775
-1.26544 -1.45844
-1.26284 -1.45828
-1.26387 -1.45562
-1.26323 -1.46195
-1.26358 -1.45562
-1.26501 -1.45453
-1.26187 -1.46046
-1.26496 -1.45437
-1.26364 -1.45662
-1.26565 -1.4565
-1.26176 -1.45794
-1.26481 -1.45457
-1.26348 -1.45591
-1.26133 -1.45622
-1.26554 -1.45428
-1.26292 -1.45712
-1.26343 -1.45655
-1.2654 -1.45444
-1.26246 -1.45505
-1.26972 -1.45075
-1.26465 -1.45383
-1.26431 -1.45465
-1.2681 -1.4542
-1.26527 -1.45402
-1.26526 -1.45257
-1.2653 -1.45491
-1.26837 -1.45165
-1.26575 -1.45219
-1.26595 -1.45645
-1.26381 -1.45599
-1.2652 -1.44957
-1.26815 -1.4529
-1.26331 -1.45531
-1.26527 -1.45245
-1.26583 -1.4554
-1.26776 -1.44963
-1.26769 -1.45177
-1.26464 -1.45491
-1.26586 -1.45321
-1.26855 -1.45258
-1.26591 -1.45293
-1.26699 -1.45299
-1.26385 -1.45454
-1.26792 -1.45105
-1.26615 -1.45382
-1.26487 -1.45776
-1.26842 -1.45247
-1.26435 -1.45463
-1.26882 -1.45176
-1.26389 -1.45172
-1.26917 -1.45158
-1.26505 -1.45329
-1.264 -1.45417
-1.26677 -1.45218
-1.26869 -1.45113
-1.26688 -1.45261
-1.2687 -1.44916
-1.2669 -1.45163
-1.26533 -1.45042
-1.26999 -1.44606
-1.26778 -1.45198
-1.26745 -1.4507
-1.26778 -1.44634
-1.26884 -1.45286
-1.26791 -1.44848
-1.26942 -1.44906
-1.27034 -1.44967
-1.26763 -1.44954
-1.27082 -1.44813
-1.26636 -1.45109
-1.27258 -1.44627
-1.27053 -1.44984
-1.26935 -1.44777
-1.26966 -1.44798
-1.26889 -1.45123
-1.26939 -1.45072
-1.2721 -1.44833
-1.26984 -1.44792
-1.2703 -1.44861
-1.2703 -1.44826
-1.27018 -1.44745
-1.27029 -1.44908
-1.27036 -1.44928
-1.27155 -1.44739
-1.27012 -1.45019
-1.27255 -1.44731
-1.27029 -1.44893
-1.27381 -1.44591
-1.27125 -1.44965
-1.26982 -1.44828
-1.27116 -1.4462
-1.27241 -1.44693
-1.27117 -1.44639
-1.27136 -1.44942
-1.27036 -1.44823
-1.27054 -1.4487
-1.27296 -1.44633
-1.27024 -1.45026
-1.26931 -1.44818
-1.27348 -1.44628
-1.27381 -1.44546
-1.27309 -1.44468
-1.27325 -1.44557
-1.27102 -1.4472
-1.27347 -1.44415
-1.27233 -1.44488
-1.27358 -1.44469
-1.27261 -1.4453
-1.2681 -1.44867
-1.27511 -1.44171
-1.27229 -1.4447
-1.27391 -1.445
-1.27134 -1.44526
-1.27102 -1.44707
-1.27181 -1.4469
-1.2741 -1.44363
-1.27347 -1.44262
-1.27188 -1.44228
-1.27299 -1.44129
-1.27216 -1.44303
-1.27131 -1.44784
-1.27028 -1.44475
-1.27293 -1.44388
-1.27243 -1.44271
-1.27202 -1.44371
-1.27095 -1.44434
-1.27422 -1.44449
-1.27191 -1.4415
-1.27388 -1.44298
-1.2718 -1.44256
-1.27295 -1.44341
-1.27469 -1.44326
-1.27063 -1.44475
-1.27416 -1.44363
-1.27083 -1.4451
-1.27239 -1.44703
-1.27358 -1.44321
-1.27431 -1.44257
-1.27228 -1.44469
-1.27446 -1.44527
-1.27089 -1.44625
-1.27452 -1.44594
-1.27525 -1.44325
-1.27326 -1.44423
-1.27054 -1.4482
-1.27529 -1.44702
-1.27136 -1.44576
-1.27645 -1.44427
-1.27208 -1.44729
-1.27392 -1.4459
-1.2754 -1.44388
-1.27452 -1.44567
-1.27333 -1.44332
-1.27289 -1.44337
-1.27464 -1.44523
-1.27525 -1.44449
-1.27446 -1.44353
-1.27084 -1.4457
-1.2741 -1.44668
-1.27375 -1.44325
-1.27357 -1.44513
-1.2736 -1.4433
-1.27226 -1.44641
-1.2731 -1.4446
-1.27234 -1.44643
-1.27593 -1.44064
-1.27216 -1.446
-1.27314 -1.44322
-1.27448 -1.4468
-1.27397 -1.44188
-1.27673 -1.44569
-1.27377 -1.44397
-1.27364 -1.44611
-1.27753 -1.44351
-1.27332 -1.44709
-1.27571 -1.44288
-1.27268 -1.44462
-1.276 -1.44372
-1.27352 -1.44752
-1.27228 -1.44472
-1.27645 -1.44475
-1.27265 -1.44806
-1.2738 -1.44461
-1.27489 -1.44533
-1.27445 -1.44558
-1.27464 -1.44551
-1.27252 -1.44519
-1.27331 -1.44679
-1.27291 -1.44919
-1.27188 -1.44776
-1.27449 -1.44759
-1.27361 -1.44583
-1.27229 -1.4458
-1.27478 -1.44739
-1.27443 -1.44377
-1.27428 -1.44338
-1.27434 -1.44662
-1.27504 -1.44604
-1.27315 -1.44948
-1.27302 -1.44589
-1.27173 -1.45073
-1.27421 -1.44529
-1.27417 -1.44586
-1.27628 -1.44692
-1.27096 -1.44672
-1.27561 -1.44551
-1.27407 -1.44853
-1.27408 -1.44523
-1.27476 -1.44738
-1.27228 -1.44602
-1.27345 -1.44517
-1.27682 -1.44056
-1.27255 -1.44735
-1.27405 -1.44564
-1.27493 -1.44425
-1.27316 -1.44409
-1.27236 -1.44533
-1.27429 -1.44234
-1.27755 -1.44
-1.27545 -1.44201
-1.27409 -1.44401
-1.27338 -1.4444
-1.27452 -1.44352
-1.27408 -1.44305
-1.27514 -1.4437
-1.27638 -1.44183
-1.27447 -1.44619
-1.2757 -1.44282
-1.27324 -1.44161
-1.27658 -1.4434
-1.27476 -1.4458
-1.27665 -1.43709
-1.27672 -1.44168
-1.27571 -1.44176
-1.28077 -1.44002
-1.27024 -1.44583
-1.27727 -1.44085
-1.27461 -1.44285
-1.27694 -1.4454
-1.27556 -1.44366
-1.27659 -1.44163
-1.27485 -1.44642
-1.27156 -1.44132
-1.27709 -1.44343
-1.27517 -1.44541
-1.27575 -1.44646
-1.27418 -1.44499
-1.27502 -1.44343
-1.27518 -1.44497
-1.27556 -1.44448
-1.27217 -1.44528
-1.27565 -1.4458
-1.27578 -1.44521
-1.27376 -1.44586
-1.27596 -1.44434
-1.27454 -1.44497
-1.27458 -1.44442
-1.27547 -1.44538
-1.27582 -1.44566
-1.27606 -1.44108
-1.2744 -1.44477
-1.27718 -1.44195
-1.27643 -1.44471
-1.27607 -1.44433
-1.27653 -1.44116
-1.27508 -1.44414
-1.27594 -1.44445
-1.27544 -1.44228
-1.27642 -1.44422
-1.27655 -1.44487
-1.2743 -1.44545
-1.27679 -1.44323
-1.27588 -1.44406
-1.2761 -1.44243
-1.27576 -1.44529
-1.27575 -1.4428
-1.27731 -1.44352
-1.27646 -1.44198
-1.27584 -1.44717
-1.27797 -1.44201
-1.27457 -1.44504
-1.27683 -1.44407
-1.27537 -1.44244
-1.27772 -1.44467
-1.27584 -1.44396
-1.27732 -1.44334
-1.27496 -1.44216
-1.27487 -1.44543
-1.27573 -1.44227
-1.27599 -1.4452
-1.27666 -1.44346
-1.27636 -1.44369
-1.2794 -1.44021
-1.27793 -1.44267
-1.27689 -1.44363
-1.275 -1.44373
-1.27824 -1.44035
-1.27709 -1.44424
-1.279 -1.44438
-1.27541 -1.4439
-1.27932 -1.4443
-1.27973 -1.44232
-1.27891 -1.44337
-1.27754 -1.44266
-1.27947 -1.44185
-1.28056 -1.44029
-1.27615 -1.44304
-1.27987 -1.44033
-1.2802 -1.44026
-1.27881 -1.44239
-1.27802 -1.44252
-1.27879 -1.44429
-1.27798 -1.44367
-1.27804 -1.44072
-1.27973 -1.44366
-1.27854 -1.44242
-1.27622 -1.44434
-1.28034 -1.44106
-1.27952 -1.44436
-1.27505 -1.44005
-1.27981 -1.44203
-1.27958 -1.44095
-1.2767 -1.44436
-1.27923 -1.43982
-1.27885 -1.44308
-1.27792 -1.44188
-1.27682 -1.44295
-1.2799 -1.44445
-1.28058 -1.44145
-1.27735 -1.44163
-1.2793 -1.44432
-1.27792 -1.44027
-1.27754 -1.44664
-1.27821 -1.44197
-1.28075 -1.44234
-1.27591 -1.44286
-1.27738 -1.44253
-1.28073 -1.444
-1.27989 -1.44255
-1.27652 -1.44375
-1.27904 -1.44171
-1.27907 -1.44501
-1.28035 -1.43898
-1.28152 -1.44242
-1.28169 -1.43982
-1.27952 -1.44061
-1.28048 -1.43989
-1.27805 -1.44326
-1.28153 -1.43887
-1.28018 -1.44124
-1.28062 -1.44213
-1.27824 -1.44201
-1.28242 -1.44099
-1.2804 -1.44176
-1.28296 -1.43967
-1.27892 -1.4434
-1.2812 -1.43869
-1.27837 -1.4442
-1.28049 -1.44162
-1.2792 -1.44057
-1.27991 -1.44259
-1.28146 -1.4388
-1.27963 -1.43858
-1.28088 -1.44012
-1.2795 -1.43891
-1.28264 -1.439
-1.28068 -1.43785
-1.28192 -1.43728
-1.28209 -1.43697
-1.28291 -1.43592
-1.28172 -1.44031
-1.27964 -1.439
-1.28281 -1.43637
-1.28242 -1.43773
-1.27962 -1.44008
-1.28103 -1.43597
-1.28073 -1.43808
-1.27872 -1.43737
-1.2828 -1.43589
-1.27941 -1.43646
-1.28378 -1.43814
-1.28005 -1.43634
-1.28014 -1.43686
-1.27999 -1.437
-1.28451 -1.43413
-1.28123 -1.43707
-1.28189 -1.43801
-1.28086 -1.43833
-1.28043 -1.43854
-1.28387 -1.43472
-1.27933 -1.43931
-1.28169 -1.43677
-1.28218 -1.43772
-1.28018 -1.43829
-1.28169 -1.43751
-1.28174 -1.43667
-1.28065 -1.43804
-1.2831 -1.43856
-1.28124 -1.43853
-1.28317 -1.43608
-1.28178 -1.43701
-1.28069 -1.43881
-1.28259 -1.43564
-1.2803 -1.4395
-1.28472 -1.43676
-1.28089 -1.43712
-1.28258 -1.43888
-1.28176 -1.43608
-1.28249 -1.43852
-1.28156 -1.43877
-1.28195 -1.43616
-1.28075 -1.43845
-1.2854 -1.43568
-1.28143 -1.43624
-1.28332 -1.43471
-1.28342 -1.43671
-1.28391 -1.43775
-1.28063 -1.43598
-1.28595 -1.43567
-1.28239 -1.43522
-1.28218 -1.43991
-1.28443 -1.43353
-1.28192 -1.43909
-1.28351 -1.43909
-1.28277 -1.44046
-1.28353 -1.43511
-1.28375 -1.43672
-1.28444 -1.43456
-1.28353 -1.43829
-1.2825 -1.43803
-1.28586 -1.43374
-1.28397 -1.43813
-1.28382 -1.43389
-1.2826 -1.43461
-1.28429 -1.43701
-1.28194 -1.43582
-1.2833 -1.4379
-1.28192 -1.43917
-1.28271 -1.43521
-1.28551 -1.43782
-1.28338 -1.43613
-1.2818 -1.43504
-1.28127 -1.43636
-1.28196 -1.44005
-1.2819 -1.43877
-1.28147 -1.43854
-1.28183 -1.43705
-1.28145 -1.43877
-1.2807 -1.44057
-1.28376 -1.43535
-1.2785 -1.44159
-1.2814 -1.44026
-1.28162 -1.43759
-1.28083 -1.4405
-1.28139 -1.44065
-1.2817 -1.43753
-1.28284 -1.43704
-1.28171 -1.43805
-1.28154 -1.43905
-1.28239 -1.43739
-1.28122 -1.43941
-1.28288 -1.43656
-1.28506 -1.43599
-1.28013 -1.44043
-1.28183 -1.43506
-1.28102 -1.44106
-1.28266 -1.43794
-1.281 -1.43932
-1.28319 -1.43928
-1.28303 -1.43904
-1.2834 -1.43718
-1.28163 -1.43614
-1.28392 -1.43767
-1.2821 -1.43874
-1.28472 -1.43637
-1.28333 -1.43584
-1.28215 -1.43899
-1.28272 -1.43805
-1.28311 -1.43903
-1.28397 -1.43553
-1.28243 -1.44058
-1.2835 -1.43653
-1.28041 -1.43998
-1.28375 -1.43962
-1.28265 -1.43605
-1.28169 -1.43853
-1.2828 -1.43718
-1.28265 -1.43664
-1.28089 -1.4382
-1.28485 -1.43663
-1.28276 -1.43575
-1.28437 -1.43663
-1.28435 -1.43637
-1.28486 -1.43798
-1.28456 -1.43572
-1.28289 -1.43518
-1.28597 -1.43763
-1.28254 -1.43698
-1.28416 -1.4331
-1.28497 -1.43782
-1.28352 -1.43885
-1.28323 -1.43589
-1.28611 -1.43627
-1.28209 -1.43542
-1.28456 -1.43782
-1.28435 -1.43681
-1.28402 -1.43973
-1.2845 -1.43527
-1.28419 -1.43642
-1.28488 -1.43741
-1.28535 -1.43644
-1.28818 -1.43551
-1.28222 -1.43617
-1.28281 -1.43753
-1.28483 -1.43799
-1.28529 -1.4366
-1.28312 -1.43803
-1.28776 -1.43645
-1.28244 -1.43737
-1.28678 -1.43653
-1.28561 -1.43969
-1.28378 -1.43578
-1.28707 -1.43886
-1.28741 -1.43415
-1.28554 -1.43974
-1.28308 -1.43828
-1.28649 -1.43621
-1.28396 -1.43847
-1.28579 -1.43859
-1.28562 -1.43411
-1.28497 -1.4375
-1.28375 -1.43732
-1.28641 -1.43636
-1.28643 -1.43628
-1.28478 -1.43645
-1.28701 -1.43405
-1.28559 -1.43547
-1.28519 -1.43518
-1.28659 -1.43448
-1.28504 -1.43455
-1.28424 -1.43854
-1.28569 -1.43449
-1.28705 -1.43606
-1.28492 -1.43879
-1.28466 -1.43329
-1.28646 -1.43769
-1.28465 -1.43416
-1.28588 -1.43893
-1.2858 -1.4356
-1.28705 -1.43701
-1.28537 -1.4343
-1.2881 -1.43816
-1.28505 -1.43607
-1.2858 -1.43632
-1.28611 -1.43922
-1.28321 -1.43699
-1.28611 -1.43811
-1.28647 -1.43683
-1.28551 -1.43733
-1.28366 -1.43909
-1.28453 -1.43798
-1.28771 -1.43538
-1.28552 -1.43863
-1.28552 -1.43862
-1.28451 -1.43521
-1.28605 -1.43658
-1.28287 -1.43767
-1.28575 -1.43576
-1.28641 -1.43744
-1.28548 -1.43513
-1.28778 -1.43502
-1.28443 -1.43461
-1.2876 -1.43565
-1.28699 -1.43694
-1.28683 -1.4334
-1.28536 -1.43715
-1.28616 -1.43406
-1.28604 -1.43313
-1.28624 -1.43552
-1.28638 -1.43655
-1.28481 -1.43475
-1.28761 -1.43402
-1.28819 -1.43488
-1.28358 -1.43604
-1.2907 -1.43047
-1.28546 -1.43277
-1.28686 -1.43611
-1.28419 -1.43347
-1.28847 -1.43484
-1.28467 -1.43347
-1.2858 -1.43266
-1.28536 -1.43175
-1.28699 -1.43428
-1.28571 -1.43308
-1.2882 -1.43009
-1.28854 -1.43071
-1.28717 -1.43044
-1.28827 -1.43183
-1.28495 -1.43353
-1.28759 -1.43339
-1.28471 -1.43148
-1.28751 -1.4307
-1.2902 -1.42971
-1.28489 -1.43326
-1.28924 -1.42977
-1.28726 -1.43489
-1.28937 -1.42988
-1.28625 -1.42939
-1.29016 -1.42817
-1.28885 -1.43017
-1.28765 -1.42972
-1.28936 -1.43056
-1.28809 -1.43111
-1.28973 -1.42848
-1.28886 -1.43053
-1.28683 -1.43014
-1.28859 -1.43006
-1.28758 -1.42826
-1.29048 -1.42679
-1.28717 -1.42911
-1.29102 -1.42682
-1.28685 -1.43055
-1.2894 -1.42707
-1.28686 -1.4273
-1.28821 -1.42845
-1.28853 -1.42682
-1.28882 -1.42734
-1.2878 -1.42658
-1.28839 -1.4278
-1.28855 -1.42854
-1.28912 -1.42402
-1.29123 -1.42544
-1.28785 -1.42941
-1.29041 -1.42478
-1.28976 -1.42546
-1.28798 -1.42842
-1.28682 -1.42636
-1.28934 -1.42582
-1.28817 -1.4283
-1.28713 -1.42827
-1.29019 -1.42582
-1.28544 -1.43144
-1.28853 -1.42755
-1.28612 -1.42861
-1.28821 -1.42793
-1.28795 -1.42704
-1.28888 -1.43024
-1.28642 -1.42604
-1.28962 -1.42633
-1.28916 -1.42619
-1.28631 -1.42836
-1.28721 -1.42953
-1.28678 -1.42808
-1.2879 -1.4294
-1.28632 -1.43209
-1.28603 -1.42845
-1.28804 -1.42976
-1.28558 -1.43096
-1.28586 -1.42951
-1.28503 -1.43022
-1.28826 -1.42749
-1.28664 -1.42746
-1.28939 -1.42649
-1.28783 -1.42864
-1.28722 -1.42906
-1.28888 -1.42745
-1.28867 -1.42672
-1.28583 -1.43012
-1.28985 -1.42664
-1.28549 -1.42883
-1.28949 -1.42747
-1.28862 -1.42652
-1.28743 -1.42899
-1.28627 -1.42559
-1.28977 -1.42868
-1.28871 -1.42856
-1.28761 -1.42726
-1.28861 -1.42876
-1.2877 -1.4257
-1.28978 -1.42573
-1.28924 -1.42372
-1.28769 -1.42746
-1.2867 -1.42635
-1.29046 -1.42327
-1.28792 -1.43038
-1.29114 -1.42401
-1.28831 -1.42559
-1.29006 -1.42591
-1.29118 -1.42524
-1.28757 -1.42585
-1.28993 -1.42751
-1.28801 -1.42591
-1.29025 -1.42713
-1.28801 -1.42588
-1.28898 -1.42919
-1.28813 -1.42569
-1.28881 -1.42478
-1.28766 -1.42676
-1.28954 -1.42659
-1.28732 -1.42567
-1.28946 -1.42622
-1.28737 -1.42425
-1.28855 -1.42568
-1.28745 -1.4242
-1.28943 -1.42656
-1.28877 -1.42409
-1.28572 -1.42524
-1.28821 -1.42535
-1.28859 -1.42571
-1.28872 -1.42308
-1.28769 -1.42531
-1.28801 -1.42635
-1.28906 -1.42639
-1.28443 -1.42718
-1.28853 -1.42461
-1.29335 -1.42302
-1.28426 -1.42562
-1.29054 -1.425
-1.28795 -1.42488
-1.28416 -1.42855
-1.29035 -1.42584
-1.28767 -1.4212
-1.29056 -1.42218
-1.28749 -1.42611
-1.28853 -1.42355
-1.28681 -1.42586
-1.28777 -1.42547
-1.29046 -1.42156
-1.28693 -1.4251
-1.2857 -1.42448
-1.28787 -1.42517
-1.28616 -1.42382
-1.28898 -1.42423
-1.2868 -1.42608
-1.29358 -1.42065
-1.28454 -1.42357
-1.28761 -1.42365
-1.28765 -1.42401
-1.28762 -1.42262
-1.28942 -1.42115
-1.28593 -1.42348
-1.28933 -1.42312
-1.29049 -1.4212
-1.2867 -1.42218
-1.28975 -1.42359
-1.28854 -1.4233
-1.28794 -1.42214
-1.28819 -1.42245
-1.28692 -1.42286
-1.28854 -1.42372
-1.28911 -1.4213
-1.28744 -1.42367
-1.28772 -1.42547
-1.28725 -1.42059
-1.28952 -1.42531
-1.28603 -1.424
-1.29008 -1.42316
-1.28592 -1.42483
-1.2904 -1.42157
-1.28756 -1.42163
-1.28839 -1.42184
-1.28968 -1.42054
-1.28939 -1.42398
-1.28756 -1.4197
-1.29019 -1.42105
-1.28626 -1.42272
-1.29028 -1.4217
-1.28965 -1.41824
-1.28862 -1.42279
-1.29011 -1.42203
-1.29028 -1.42094
-1.28876 -1.42221
-1.28926 -1.4273
-1.29081 -1.41782
-1.28927 -1.42084
-1.2885 -1.42331
-1.28769 -1.42152
-1.28948 -1.41905
-1.28981 -1.42647
-1.29008 -1.42019
-1.29053 -1.42283
-1.29189 -1.42139
-1.29204 -1.42125
-1.28871 -1.42272
-1.28961 -1.42287
-1.29218 -1.41966
-1.29233 -1.42017
-1.28989 -1.4201
-1.28941 -1.42242
-1.29225 -1.4222
-1.29131 -1.422
-1.28986 -1.42101
-1.29333 -1.42359
-1.2908 -1.42133
-1.29105 -1.42292
-1.29175 -1.42261
-1.29109 -1.42477
-1.29074 -1.42139
-1.29013 -1.42196
-1.28926 -1.42479
-1.2884 -1.42452
-1.29052 -1.42304
-1.28904 -1.42454
-1.28962 -1.42457
-1.28893 -1.42366
-1.29171 -1.42124
-1.29196 -1.42246
-1.28513 -1.42658
-1.29008 -1.42228
-1.29131 -1.42056
-1.28939 -1.42568
-1.28791 -1.42353
-1.29193 -1.4207
-1.28891 -1.42165
-1.28982 -1.4221
-1.28814 -1.42485
-1.29034 -1.42015
-1.2887 -1.42449
-1.29085 -1.42076
-1.28988 -1.4229
-1.28803 -1.42055
-1.29309 -1.42334
-1.287 -1.42277
-1.29049 -1.41983
-1.29031 -1.42384
-1.28836 -1.42615
-1.28823 -1.42254
-1.28747 -1.42541
-1.28781 -1.42872
-1.2855 -1.42824
-1.28904 -1.42311
-1.2892 -1.42392
-1.28922 -1.42635
-1.28755 -1.42631
-1.28975 -1.42582
-1.28786 -1.42442
-1.28877 -1.42538
-1.28851 -1.42594
-1.28943 -1.42598
-1.28841 -1.42305
-1.28826 -1.42636
-1.2887 -1.42444
-1.2909 -1.42623
-1.28833 -1.42322
-1.28863 -1.42531
-1.28743 -1.42462
-1.28971 -1.42654
-1.28919 -1.42486
-1.28544 -1.42603
-1.28747 -1.42574
-1.28889 -1.42607
-1.28684 -1.42936
-1.28621 -1.42681
-1.28956 -1.42248
-1.2886 -1.4258
-1.28751 -1.42275
-1.28975 -1.42554
-1.28915 -1.4213
-1.28791 -1.42324
-1.28971 -1.42627
-1.28964 -1.42412
-1.28758 -1.42453
-1.28967 -1.42421
-1.28858 -1.42283
-1.2865 -1.42604
-1.28919 -1.4253
-1.2902 -1.42463
-1.28604 -1.42374
-1.28893 -1.4263
-1.28768 -1.42478
-1.28745 -1.42366
-1.28843 -1.42365
-1.2887 -1.42337
-1.29001 -1.42231
-1.29088 -1.42247
-1.28905 -1.42277
-1.28884 -1.42177
-1.29312 -1.41923
-1.29 -1.42379
-1.28923 -1.42585
-1.29107 -1.42345
-1.29168 -1.42247
-1.28459 -1.42701
-1.29259 -1.42103
-1.28862 -1.42311
-1.2875 -1.42365
-1.2899 -1.42519
-1.29154 -1.42246
-1.28801 -1.42604
-1.28796 -1.42149
-1.291 -1.42475
-1.28756 -1.42411
-1.29336 -1.42108
-1.2862 -1.42535
-1.28939 -1.4251
-1.28753 -1.42718
-1.28935 -1.42456
-1.29077 -1.42133
-1.28811 -1.42713
-1.28634 -1.42688
-1.28871 -1.42279
-1.2902 -1.42581
-1.28642 -1.42564
-1.29162 -1.42496
-1.28682 -1.42879
-1.28958 -1.42318
-1.28824 -1.42355
-1.28869 -1.42791
-1.28845 -1.42443
-1.28843 -1.42845
-1.28822 -1.4253
-1.29141 -1.42174
-1.28937 -1.42352
-1.28972 -1.42515
-1.29087 -1.42489
-1.28793 -1.42563
-1.28814 -1.42571
-1.28957 -1.4239
-1.28802 -1.42537
-1.28867 -1.42868
-1.28805 -1.42512
-1.28599 -1.42646
-1.28987 -1.42629
-1.28517 -1.42532
-1.28881 -1.42693
-1.28672 -1.42638
-1.28942 -1.42505
-1.28863 -1.42259
-1.28797 -1.42544
-1.28971 -1.42546
-1.28976 -1.42466
-1.28748 -1.42651
-1.29179 -1.42313
-1.29038 -1.42204
-1.28903 -1.42567
-1.29166 -1.41964
-1.28886 -1.42671
-1.29037 -1.4233
-1.28837 -1.42373
-1.29281 -1.42243
-1.28911 -1.42435
-1.28976 -1.42349
-1.28856 -1.42544
-1.29113 -1.42082
-1.28939 -1.42081
-1.28905 -1.42399
-1.29194 -1.42066
-1.29322 -1.42248
-1.28927 -1.42121
-1.29182 -1.42258
-1.29102 -1.42208
-1.29022 -1.42144
-1.29261 -1.4225
-1.2914 -1.42009
-1.28976 -1.42154
-1.29355 -1.42045
-1.2914 -1.42287
-1.2904 -1.42082
-1.29062 -1.42308
-1.29366 -1.42329
-1.28726 -1.42322
-1.2928 -1.42234
-1.28844 -1.42263
-1.29183 -1.42361
-1.29292 -1.41924
-1.2903 -1.42127
-1.2931 -1.41986
-1.29073 -1.42225
-1.29336 -1.42135
-1.29006 -1.41891
-1.2924 -1.4216
-1.29515 -1.41677
-1.29003 -1.41972
-1.29115 -1.42106
-1.29077 -1.42112
-1.29182 -1.42554
-1.29032 -1.42
-1.29128 -1.42077
-1.29089 -1.42403
-1.28977 -1.4232
-1.29071 -1.42311
-1.2929 -1.42477
-1.29066 -1.42271
-1.2945 -1.41948
-1.29082 -1.4256
-1.29077 -1.42352
-1.29381 -1.41766
-1.29017 -1.42655
-1.29242 -1.42119
-1.28915 -1.4238
-1.29615 -1.42086
-1.2902 -1.42259
-1.29187 -1.42282
-1.29104 -1.42113
-1.29181 -1.42285
-1.29107 -1.42186
-1.29352 -1.42285
-1.29015 -1.42496
-1.29313 -1.42428
-1.29108 -1.42375
-1.2916 -1.42088
-1.29285 -1.41939
-1.29232 -1.42166
-1.29201 -1.42123
-1.29004 -1.42218
-1.29152 -1.42255
-1.28856 -1.4225
-1.29148 -1.42108
-1.29273 -1.42018
-1.29205 -1.42132
-1.28972 -1.42236
-1.29265 -1.41931
-1.29041 -1.4206
-1.29091 -1.42228
-1.2923 -1.41839
-1.29087 -1.42423
-1.29074 -1.42156
-1.29337 -1.41987
-1.28996 -1.42189
-1.29404 -1.41975
-1.29274 -1.42034
-1.29314 -1.42005
-1.29144 -1.42096
-1.29083 -1.42156
-1.29229 -1.41779
-1.29189 -1.42075
-1.29283 -1.41991
-1.2898 -1.42101
-1.29227 -1.41933
-1.29197 -1.41981
-1.28674 -1.42351
-1.29294 -1.42217
-1.29197 -1.42052
-1.28969 -1.42025
-1.29048 -1.4228
-1.29135 -1.41867
-1.29106 -1.42287
-1.29017 -1.42111
-1.29025 -1.42169
-1.29067 -1.42045
-1.29064 -1.42273
-1.2893 -1.41959
-1.28935 -1.42405
-1.29106 -1.42042
-1.28922 -1.42378
-1.289 -1.42193
-1.29235 -1.4168
-1.28882 -1.41943
-1.28915 -1.4216
-1.29166 -1.42255
-1.29133 -1.41936
-1.2897 -1.41914
-1.28968 -1.42266
-1.28872 -1.42241
-1.28887 -1.41932
-1.29413 -1.41791
-1.29153 -1.4204
-1.289 -1.42
-1.29235 -1.42345
-1.28988 -1.42132
-1.29187 -1.42051
-1.29025 -1.42073
-1.2904 -1.4224
-1.29236 -1.41914
-1.29002 -1.42158
-1.29062 -1.41766
-1.29015 -1.42221
-1.29273 -1.4188
-1.28903 -1.42405
-1.29083 -1.41912
-1.29314 -1.42005
-1.29039 -1.4212
-1.29153 -1.41756
-1.28958 -1.42142
-1.28987 -1.41819
-1.29246 -1.41687
-1.29062 -1.41985
-1.28934 -1.41883
-1.29159 -1.41981
-1.29222 -1.42129
-1.29151 -1.41793
-1.28791 -1.42297
-1.29312 -1.41685
-1.2921 -1.41993
-1.28965 -1.42296
-1.29213 -1.4206
-1.28873 -1.41815
-1.29116 -1.42027
-1.29366 -1.41711
-1.29129 -1.42075
-1.28808 -1.42246
-1.29361 -1.41654
-1.29109 -1.41605
-1.29226 -1.41837
-1.29022 -1.41858
-1.29113 -1.41747
-1.29007 -1.4167
-1.29246 -1.41741
-1.29288 -1.41559
-1.29313 -1.41765
-1.29108 -1.41627
-1.29308 -1.41662
-1.2919 -1.41832
-1.29168 -1.41931
-1.29092 -1.42008
-1.29179 -1.41774
-1.29178 -1.41866
-1.29114 -1.41772
-1.28859 -1.42194
-1.29256 -1.41772
-1.28961 -1.42064
-1.29312 -1.41884
-1.28898 -1.42027
-1.29135 -1.41907
-1.29015 -1.41821
-1.2902 -1.42028
-1.29226 -1.41924
-1.29089 -1.42097
-1.29154 -1.41686
-1.29192 -1.41939
-1.29249 -1.41995
-1.29029 -1.41845
-1.29108 -1.41784
-1.29282 -1.41658
-1.29033 -1.41874
-1.28991 -1.41884
-1.28947 -1.42018
-1.28882 -1.41999
-1.29125 -1.41886
-1.28965 -1.41767
-1.29212 -1.4212
-1.28847 -1.41791
-1.29212 -1.41831
-1.29022 -1.41732
-1.28844 -1.41804
-1.29021 -1.41694
-1.29274 -1.41865
-1.29074 -1.41457
-1.29215 -1.41612
-1.29237 -1.41416
-1.29148 -1.41331
-1.29267 -1.41443
-1.29369 -1.41669
-1.29148 -1.41696
-1.29076 -1.41682
-1.29306 -1.41644
-1.29104 -1.41754
-1.29322 -1.4179
-1.2911 -1.41718
-1.29152 -1.41588
-1.29215 -1.41892
-1.29108 -1.41717
-1.29381 -1.41493
-1.29133 -1.41783
-1.29204 -1.41851
-1.29152 -1.41551
-1.2929 -1.41469
-1.2928 -1.41476
-1.29536 -1.41475
-1.29394 -1.41689
-1.28868 -1.41771
-1.29302 -1.41624
-1.29468 -1.41353
-1.29052 -1.41801
-1.29293 -1.41565
-1.293 -1.41695
-1.29334 -1.41299
-1.29416 -1.41806
-1.29277 -1.41372
-1.29135 -1.41799
-1.29618 -1.41508
-1.29151 -1.41633
-1.29495 -1.41325
-1.2935 -1.41377
-1.29392 -1.41356
-1.29539 -1.41324
-1.29514 -1.41482
-1.29173 -1.41663
-1.29639 -1.41308
-1.29284 -1.41884
-1.29445 -1.41768
-1.29325 -1.41594
-1.29235 -1.41709
-1.2948 -1.41481
-1.29309 -1.41928
-1.2929 -1.41622
-1.29374 -1.41928
-1.29594 -1.41531
-1.29219 -1.41958
-1.29445 -1.41538
-1.29297 -1.4156
-1.2929 -1.41412
-1.29592 -1.4156
-1.29176 -1.41813
-1.29406 -1.41896
-1.29228 -1.41791
-1.29356 -1.41537
-1.29568 -1.41592
-1.28946 -1.41919
-1.29623 -1.41295
-1.29246 -1.4192
-1.29418 -1.41734
-1.29318 -1.41509
-1.29411 -1.41608
-1.29397 -1.41548
-1.29267 -1.4191
-1.29284 -1.41628
-1.29531 -1.41556
-1.29398 -1.41909
-1.29404 -1.41309
-1.29606 -1.41704
-1.29208 -1.41693
-1.29473 -1.41383
-1.29271 -1.41839
-1.29442 -1.41579
-1.29082 -1.41713
-1.29421 -1.41332
-1.29098 -1.41695
-1.29294 -1.41786
-1.2918 -1.41616
-1.2923 -1.41272
-1.29137 -1.41853
-1.28997 -1.41558
-1.29291 -1.41588
-1.29006 -1.41814
-1.29288 -1.41448
-1.29105 -1.41802
-1.29152 -1.41784
-1.29228 -1.41645
-1.29121 -1.41714
-1.28933 -1.42008
-1.29333 -1.41638
-1.29293 -1.41544
-1.28855 -1.4185
-1.29322 -1.41482
-1.28871 -1.41662
-1.29032 -1.41636
-1.2931 -1.41625
-1.28934 -1.4158
-1.29382 -1.4147
-1.28844 -1.41735
-1.29305 -1.41558
-1.2923 -1.4182
-1.29315 -1.4144
-1.29288 -1.41594
-1.29152 -1.41555
-1.29254 -1.41307
-1.29201 -1.41677
-1.29381 -1.41458
-1.2923 -1.41548
-1.29335 -1.4106
-1.29281 -1.41403
-1.29731 -1.40785
-1.29366 -1.41374
-1.29412 -1.41307
-1.29582 -1.41363
-1.29214 -1.41324
-1.29289 -1.41598
-1.29303 -1.41381
-1.29424 -1.41035
-1.29363 -1.41489
-1.29375 -1.41497
-1.29382 -1.41444
-1.29485 -1.41231
-1.29259 -1.41423
-1.29627 -1.41267
-1.2954 -1.41156
-1.29016 -1.41171
-1.29489 -1.41468
-1.29092 -1.41481
-1.29376 -1.41479
-1.29403 -1.41274
-1.2937 -1.41418
-1.29338 -1.41464
-1.294 -1.41306
-1.29618 -1.41188
-1.29199 -1.41298
-1.29641 -1.41356
-1.29378 -1.41261
-1.29687 -1.41192
-1.29418 -1.41575
-1.29408 -1.41257
-1.29462 -1.41518
-1.29206 -1.41416
-1.29303 -1.41406
-1.29468 -1.4139
-1.28925 -1.41512
-1.29456 -1.41196
-1.29168 -1.41537
-1.29445 -1.41379
-1.29216 -1.41518
-1.2922 -1.41549
-1.29351 -1.416
-1.29267 -1.41786
-1.29271 -1.41425
-1.29229 -1.42023
-1.29328 -1.41667
-1.29352 -1.41387
-1.29113 -1.41737
-1.29243 -1.41828
-1.29618 -1.41597
-1.29316 -1.4152
-1.29539 -1.41514
-1.29415 -1.41562
-1.2956 -1.41259
-1.29397 -1.41451
-1.29502 -1.41377
-1.29476 -1.41465
-1.29582 -1.41223
-1.29079 -1.41604
-1.29585 -1.40987
-1.2946 -1.41267
-1.29726 -1.41278
-1.29242 -1.41337
-1.29507 -1.41493
-1.29613 -1.41358
-1.29487 -1.41203
-1.29494 -1.41247
-1.29576 -1.41071
-1.29537 -1.41295
-1.29412 -1.41288
-1.29455 -1.41323
-1.29529 -1.41653
-1.29662 -1.41021
-1.29396 -1.41151
-1.29534 -1.41263
-1.29454 -1.4128
-1.29547 -1.41135
-1.29496 -1.41469
-1.2941 -1.4154
-1.29491 -1.41214
-1.29367 -1.41385
-1.29317 -1.41715
-1.29342 -1.41521
-1.29845 -1.41266
-1.29329 -1.41457
-1.29556 -1.41273
-1.2935 -1.41624
-1.2971 -1.4126
-1.29574 -1.4135
-1.29423 -1.41359
-1.29521 -1.41177
-1.29468 -1.413
-1.2952 -1.41201
-1.29735 -1.41418
-1.29403 -1.41174
-1.29554 -1.41219
-1.29721 -1.41157
-1.29702 -1.40904
-1.29802 -1.40938
-1.29321 -1.41066
-1.2975 -1.40872
-1.29719 -1.41068
-1.29586 -1.41127
-1.2969 -1.40946
-1.29787 -1.41187
-1.29761 -1.40643
-1.29774 -1.40742
-1.29689 -1.40966
-1.29647 -1.41005
-1.29597 -1.40691
-1.29608 -1.40628
-1.29453 -1.41248
-1.29648 -1.40898
-1.29358 -1.41138
-1.29749 -1.40977
-1.29661 -1.40658
-1.2968 -1.40754
-1.29373 -1.40964
-1.29566 -1.40919
-1.29598 -1.41234
-1.29305 -1.40847
-1.2963 -1.41185
-1.29398 -1.40831
-1.29585 -1.40858
-1.29298 -1.41221
-1.29196 -1.41061
-1.29036 -1.41114
-1.29556 -1.41134
-1.29372 -1.409
-1.29345 -1.40985
-1.29444 -1.4126
-1.29379 -1.40804
-1.29382 -1.40985
-1.29259 -1.41052
-1.29185 -1.41076
-1.29425 -1.4078
-1.29318 -1.41328
-1.29421 -1.41028
-1.29311 -1.4108
-1.29093 -1.41108
-1.29221 -1.41134
-1.29122 -1.4114
-1.29431 -1.41182
-1.29204 -1.41271
-1.29304 -1.41037
-1.29622 -1.41092
-1.29114 -1.41133
-1.29607 -1.40931
-1.29442 -1.41155
-1.29146 -1.41055
-1.2945 -1.40981
-1.29375 -1.41067
-1.29464 -1.41075
-1.29591 -1.40639
-1.29249 -1.41004
-1.29864 -1.40887
-1.29511 -1.40781
-1.29579 -1.4104
-1.29557 -1.41082
-1.29365 -1.40799
-1.29504 -1.41151
-1.29544 -1.40648
-1.29505 -1.41109
-1.29553 -1.41033
-1.29467 -1.40557
-1.29496 -1.41102
-1.29203 -1.41096
-1.29686 -1.40875
-1.29316 -1.41201
-1.29426 -1.40922
-1.29476 -1.40968
-1.296 -1.40543
-1.29262 -1.40994
-1.29696 -1.40801
-1.29412 -1.40963
-1.29605 -1.40781
-1.29189 -1.40899
-1.29453 -1.41044
-1.29416 -1.40988
-1.296 -1.40813
-1.29634 -1.40759
-1.29606 -1.40818
-1.29473 -1.40829
-1.29381 -1.41162
-1.2958 -1.41334
-1.29383 -1.41016
-1.29434 -1.41081
-1.29314 -1.41007
-1.29548 -1.41131
-1.29188 -1.41057
-1.29682 -1.4074
-1.29506 -1.4103
-1.29462 -1.4109
-1.29406 -1.41187
-1.29458 -1.40791
-1.2952 -1.41003
-1.29422 -1.4089
-1.29124 -1.41013
-1.29422 -1.40981
-1.29492 -1.40902
-1.29158 -1.40857
-1.29171 -1.41358
-1.29471 -1.40822
-1.29259 -1.41022
-1.29227 -1.41053
-1.29216 -1.40875
-1.29481 -1.41115
-1.29068 -1.41097
-1.29601 -1.40934
-1.29249 -1.41011
-1.29196 -1.41024
-1.2938 -1.4087
-1.29316 -1.41193
-1.29238 -1.41121
-1.29299 -1.41335
-1.28977 -1.40983
-1.295 -1.40979
-1.29065 -1.41227
-1.29119 -1.40888
-1.29114 -1.41163
-1.29335 -1.41069
-1.29196 -1.40911
-1.29103 -1.4093
-1.29424 -1.4102
-1.29237 -1.40988
-1.29131 -1.41015
-1.29213 -1.40925
-1.29193 -1.4124
-1.29276 -1.41315
-1.29243 -1.40837
-1.29333 -1.40906
-1.29001 -1.41048
-1.29473 -1.40843
-1.29185 -1.40869
-1.29354 -1.40788
-1.29321 -1.40902
-1.29352 -1.41058
-1.29179 -1.40995
-1.29385 -1.40677
-1.29137 -1.40945
-1.29518 -1.40719
-1.292 -1.40791
-1.29219 -1.41045
-1.2931 -1.41052
-1.2951 -1.40687
-1.29356 -1.40735
-1.2909 -1.4129
-1.29364 -1.4072
-1.29366 -1.41056
-1.29212 -1.41
-1.29532 -1.40914
-1.29403 -1.40744
-1.29378 -1.41038
-1.29405 -1.40828
-1.29383 -1.40958
-1.29236 -1.40791
-1.29312 -1.40891
-1.29522 -1.40492
-1.29328 -1.41016
-1.29781 -1.40503
-1.29289 -1.40795
-1.29191 -1.4079
-1.29494 -1.40509
-1.2918 -1.40756
-1.29823 -1.40262
-1.29244 -1.40811
-1.29482 -1.40762
-1.29502 -1.40541
-1.29568 -1.40493
-1.29454 -1.40582
-1.29505 -1.40337
-1.29488 -1.40475
-1.29389 -1.40444
-1.29568 -1.40325
-1.29166 -1.40619
-1.29623 -1.40349
-1.29382 -1.40295
-1.2931 -1.40488
-1.29703 -1.40437
-1.2937 -1.40412
-1.29579 -1.40404
-1.29383 -1.40177
-1.29603 -1.40609
-1.29487 -1.40259
-1.29368 -1.40286
-1.29651 -1.40258
-1.29409 -1.40665
-1.29312 -1.40382
-1.29737 -1.40391
-1.29963 -1.40633
-1.29248 -1.40335
-1.29571 -1.40419
-1.2949 -1.40484
-1.29493 -1.40239
-1.29572 -1.40419
-1.29542 -1.40618
-1.29867 -1.40242
-1.29479 -1.40319
-1.29374 -1.40581
-1.2959 -1.40426
-1.29738 -1.40379
-1.29422 -1.4037
-1.29527 -1.40431
-1.29525 -1.40362
-1.29524 -1.40614
-1.29712 -1.40502
-1.29534 -1.40183
-1.29814 -1.40218
-1.29541 -1.40269
-1.29942 -1.40421
-1.2944 -1.40571
-1.29422 -1.40528
-1.29869 -1.39975
-1.29557 -1.40606
-1.29317 -1.40389
-1.29491 -1.40298
-1.29695 -1.40251
-1.29583 -1.40245
-1.29527 -1.40319
-1.29284 -1.40578
-1.29336 -1.40536
-1.29566 -1.40317
-1.29486 -1.4037
-1.29441 -1.40352
-1.29367 -1.40428
-1.29648 -1.40404
-1.29492 -1.40527
-1.29345 -1.40772
-1.29303 -1.40758
-1.29337 -1.40748
-1.29419 -1.40487
-1.29556 -1.40503
-1.29176 -1.40692
-1.29303 -1.40877
-1.29354 -1.40676
-1.29344 -1.40636
-1.29363 -1.40966
-1.29211 -1.4069
-1.29492 -1.40442
-1.29163 -1.40898
-1.29295 -1.40771
-1.29533 -1.40471
-1.292 -1.40735
-1.29298 -1.40645
-1.29755 -1.40362
-1.29317 -1.40732
-1.29428 -1.40709
-1.29443 -1.40712
-1.29607 -1.40377
-1.2962 -1.40405
-1.29781 -1.40235
-1.29635 -1.40366
-1.29434 -1.40706
-1.29968 -1.40025
-1.29413 -1.40586
-1.29396 -1.40238
-1.29721 -1.40494
-1.29744 -1.40124
-1.29008 -1.40627
-1.29452 -1.40256
-1.29692 -1.40408
-1.29495 -1.40311
-1.29272 -1.40214
-1.29605 -1.40234
-1.29268 -1.40483
-1.29684 -1.40252
-1.29404 -1.40384
-1.29221 -1.40164
-1.2945 -1.4055
-1.29552 -1.40193
-1.2932 -1.40655
-1.29108 -1.4052
-1.29905 -1.40361
