0 0
-0.0870135 -0.0817124
-0.171472 -0.16192
-0.252594 -0.238803
-0.330653 -0.312225
-0.406169 -0.384856
-0.478228 -0.453605
-0.547917 -0.520478
-0.6145 -0.58495
-0.677778 -0.645461
-0.736575 -0.705706
-0.794608 -0.760803
-0.848121 -0.814652
-0.899647 -0.865265
-0.947266 -0.914369
-0.991065 -0.959079
-1.03147 -1.00295
-1.07069 -1.04193
-1.10426 -1.08096
-1.13297 -1.11549
-1.16066 -1.14872
-1.18355 -1.17879
-1.20341 -1.20714
-1.22234 -1.2333
-1.237 -1.25663
-1.24784 -1.27755
-1.25857 -1.29815
-1.26796 -1.31321
-1.2718 -1.3283
-1.27805 -1.34413
-1.27987 -1.35892
-1.27992 -1.36062
-1.28203 -1.35754
-1.28174 -1.35654
-1.28245 -1.3565
-1.281 -1.35688
-1.27916 -1.35481
-1.28344 -1.35266
-1.28108 -1.35434
-1.28212 -1.3534
-1.27986 -1.35358
-1.27991 -1.3516
-1.28216 -1.35085
-1.28072 -1.34842
-1.28081 -1.35171
-1.28291 -1.35222
-1.28241 -1.34803
-1.28244 -1.34884
-1.27918 -1.35007
-1.2806 -1.35301
-1.28065 -1.34953
-1.28025 -1.35042
-1.28152 -1.35036
-1.28138 -1.35149
-1.28125 -1.3488
-1.28047 -1.35089
-1.27964 -1.35026
-1.28059 -1.34697
-1.28116 -1.34847
-1.28006 -1.35082
-1.28194 -1.3488
-1.28238 -1.34552
-1.28141 -1.34793
-1.28247 -1.34706
-1.28267 -1.34498
-1.28277 -1.34369
-1.28491 -1.34359
-1.28288 -1.34312
-1.28034 -1.34689
-1.28349 -1.34628
-1.28367 -1.34484
-1.284 -1.34408
-1.27943 -1.34736
-1.28474 -1.34243
-1.28192 -1.34759
-1.27934 -1.3455
-1.28138 -1.34288
-1.28188 -1.34439
-1.28391 -1.34495
-1.28033 -1.34608
-1.28212 -1.34226
-1.27969 -1.34615
-1.28018 -1.34455
-1.281 -1.34255
-1.28317 -1.34139
-1.28038 -1.34494
-1.28106 -1.34116
-1.28015 -1.34372
-1.283 -1.34119
-1.28217 -1.34379
-1.28108 -1.34409
-1.28149 -1.34195
-1.2812 -1.34263
-1.28034 -1.34615
-1.28224 -1.34023
-1.27921 -1.34424
-1.28135 -1.34274
-1.28146 -1.33882
-1.27997 -1.34493
-1.28245 -1.33945
-1.28142 -1.34008
-1.28185 -1.33617
-1.28331 -1.33929
-1.28155 -1.34332
-1.28277 -1.34273
-1.28165 -1.3385
-1.2818 -1.33907
-1.27862 -1.33876
-1.28539 -1.33781
-1.28397 -1.33857
-1.28231 -1.33867
-1.2829 -1.33923
-1.28439 -1.34035
-1.27985 -1.33861
-1.28397 -1.3384
-1.28635 -1.33378
-1.28151 -1.33685
-1.28468 -1.33803
-1.28386 -1.3368
-1.28186 -1.33583
-1.28562 -1.33382
-1.28376 -1.33528
-1.28498 -1.3349
-1.28304 -1.33834
-1.2822 -1.33444
-1.28276 -1.33746
-1.28533 -1.33402
-1.28561 -1.33394
-1.28366 -1.33451
-1.28219 -1.33174
-1.28235 -1.33444
-1.27953 -1.33691
-1.28697 -1.33342
-1.28454 -1.3373
-1.28098 -1.33695
-1.28223 -1.33711
-1.28043 -1.33662
-1.28351 -1.33681
-1.28092 -1.33751
-1.28136 -1.33147
-1.28103 -1.33496
-1.28242 -1.33351
-1.28212 -1.33437
-1.2799 -1.33786
-1.2824 -1.33256
-1.28106 -1.33334
-1.27943 -1.33694
-1.28145 -1.33225
-1.28175 -1.3338
-1.28064 -1.33284
-1.28145 -1.33349
-1.28229 -1.33378
-1.28366 -1.33693
-1.28255 -1.33228
-1.28359 -1.3328
-1.2812 -1.33572
-1.27991 -1.33472
-1.28171 -1.33189
-1.28074 -1.33449
-1.28027 -1.33338
-1.27933 -1.33527
-1.2795 -1.33152
-1.28173 -1.33305
-1.27909 -1.33268
-1.27598 -1.33448
-1.27944 -1.33087
-1.28189 -1.33467
-1.27985 -1.32944
-1.27988 -1.3309
-1.2807 -1.33167
-1.27881 -1.32947
-1.28274 -1.32781
-1.28054 -1.33179
-1.28167 -1.33115
-1.28112 -1.33173
-1.28054 -1.33049
-1.28121 -1.3297
-1.27886 -1.32885
-1.28105 -1.334
-1.2787 -1.32849
-1.27911 -1.33104
-1.28078 -1.32777
-1.2804 -1.32899
-1.27915 -1.32811
-1.27962 -1.32723
-1.27836 -1.32995
-1.27803 -1.32963
-1.27556 -1.33036
-1.27819 -1.332
-1.27928 -1.32524
-1.27932 -1.32866
-1.27768 -1.33027
-1.27749 -1.32853
-1.28042 -1.3257
-1.27673 -1.33158
-1.2799 -1.32935
-1.28085 -1.32379
-1.27903 -1.3301
-1.27857 -1.32828
-1.27739 -1.32812
-1.27935 -1.32662
-1.27665 -1.32594
-1.28181 -1.32647
-1.27661 -1.32577
-1.27946 -1.32801
-1.27793 -1.3268
-1.27785 -1.32756
-1.27813 -1.32979
-1.27653 -1.32858
-1.2773 -1.32616
-1.27735 -1.32903
-1.27727 -1.32617
-1.27621 -1.32985
-1.27753 -1.32524
-1.27719 -1.32595
-1.27724 -1.32785
-1.27426 -1.33158
-1.27787 -1.32559
-1.27645 -1.32738
-1.27707 -1.32567
-1.27787 -1.32729
-1.27819 -1.327
-1.27786 -1.32487
-1.27609 -1.32957
-1.27363 -1.32558
-1.2747 -1.32762
-1.27777 -1.32456
-1.27721 -1.32578
-1.27688 -1.32523
-1.27769 -1.32043
-1.27742 -1.32619
-1.27879 -1.32557
-1.27648 -1.32395
-1.27708 -1.32327
-1.27485 -1.32563
-1.27155 -1.32876
-1.2749 -1.32526
-1.27293 -1.32805
-1.27501 -1.32374
-1.27602 -1.32602
-1.27265 -1.32398
-1.27482 -1.32784
-1.27805 -1.32038
-1.27467 -1.32567
-1.2775 -1.32315
-1.2762 -1.32386
-1.27579 -1.32393
-1.2724 -1.3215
-1.27613 -1.32163
-1.27612 -1.32304
-1.27543 -1.32396
-1.27622 -1.322
-1.27402 -1.32319
-1.27724 -1.32067
-1.27563 -1.32409
-1.27502 -1.32384
-1.27464 -1.3186
-1.27465 -1.3242
-1.27469 -1.3228
-1.27607 -1.32151
-1.27791 -1.31993
-1.2732 -1.32284
-1.27507 -1.3197
-1.27597 -1.32221
-1.27473 -1.31947
-1.27799 -1.31903
-1.27518 -1.32036
-1.27299 -1.32148
-1.27171 -1.32083
-1.26995 -1.32287
-1.27323 -1.31944
-1.27609 -1.32227
-1.27489 -1.32032
-1.27529 -1.32194
-1.27603 -1.32248
-1.27316 -1.3244
-1.27717 -1.31783
-1.27278 -1.32455
-1.27623 -1.31909
-1.2756 -1.3204
-1.27518 -1.32393
-1.27356 -1.32124
-1.27582 -1.32074
-1.27293 -1.3232
-1.27301 -1.3197
-1.27234 -1.32083
-1.27397 -1.32239
-1.27321 -1.31908
-1.27364 -1.32028
-1.27565 -1.31837
-1.27453 -1.32274
-1.27205 -1.32201
-1.27567 -1.31618
-1.27566 -1.32317
-1.27361 -1.31757
-1.27255 -1.32041
-1.27542 -1.31769
-1.27387 -1.31883
-1.27548 -1.32218
-1.27633 -1.31669
-1.27749 -1.31882
-1.2746 -1.31865
-1.27534 -1.31985
-1.27262 -1.31741
-1.27606 -1.31791
-1.27444 -1.31937
-1.27405 -1.31669
-1.27572 -1.31795
-1.27251 -1.3185
-1.27453 -1.31503
-1.27359 -1.319
-1.27255 -1.3203
-1.27623 -1.31547
-1.27357 -1.31905
-1.27621 -1.31684
-1.2763 -1.31528
-1.27405 -1.31709
-1.27376 -1.31867
-1.27649 -1.31385
-1.27456 -1.31796
-1.2759 -1.31568
-1.27206 -1.31743
-1.27614 -1.31442
-1.27119 -1.3221
-1.27321 -1.31807
-1.27465 -1.31552
-1.2734 -1.3173
-1.27639 -1.31561
-1.27652 -1.31489
-1.27164 -1.31726
-1.27548 -1.31378
-1.27038 -1.3187
-1.27526 -1.31395
-1.27557 -1.31822
-1.27247 -1.31493
-1.27316 -1.31488
-1.27169 -1.31462
-1.27201 -1.31692
-1.2721 -1.31515
-1.27189 -1.31293
-1.27148 -1.31613
-1.27361 -1.31202
-1.27478 -1.31547
-1.27106 -1.31415
-1.2735 -1.31289
-1.27169 -1.3149
-1.27145 -1.31429
-1.2715 -1.31604
-1.27567 -1.31477
-1.27392 -1.31547
-1.27217 -1.31358
-1.26987 -1.31976
-1.27066 -1.3151
-1.27255 -1.31444
-1.27065 -1.31705
-1.27161 -1.31417
-1.27092 -1.31449
-1.2751 -1.31512
-1.27107 -1.31689
-1.27043 -1.31459
-1.27401 -1.31501
-1.26951 -1.31251
-1.27074 -1.31385
-1.27155 -1.312
-1.27219 -1.31322
-1.27226 -1.31042
-1.27313 -1.31278
-1.26776 -1.31508
-1.27184 -1.31523
-1.26982 -1.31233
-1.27012 -1.31499
-1.26801 -1.31513
-1.26841 -1.31437
-1.2696 -1.31252
-1.26869 -1.31645
-1.26908 -1.31333
-1.26707 -1.31551
-1.27135 -1.31065
-1.26808 -1.31558
-1.26888 -1.31214
-1.26834 -1.3137
-1.26609 -1.31518
-1.26922 -1.31154
-1.26665 -1.31439
-1.26793 -1.31497
-1.26897 -1.31294
-1.26393 -1.31326
-1.26893 -1.3143
-1.26872 -1.31152
-1.26565 -1.31663
-1.2659 -1.31014
-1.26874 -1.31283
-1.26751 -1.31216
-1.26501 -1.31313
-1.26835 -1.31204
-1.26684 -1.31443
-1.26663 -1.31294
-1.26195 -1.31369
-1.26698 -1.31377
-1.26479 -1.31405
-1.26874 -1.31358
-1.26842 -1.31111
-1.26767 -1.31013
-1.26747 -1.31321
-1.26809 -1.30968
-1.26599 -1.31453
-1.27056 -1.31016
-1.26529 -1.30988
-1.26928 -1.31184
-1.26787 -1.31135
-1.27036 -1.30856
-1.26613 -1.31244
-1.26892 -1.31273
-1.2684 -1.31102
-1.2685 -1.31206
-1.2667 -1.30982
-1.27147 -1.31018
-1.26479 -1.31127
-1.27019 -1.30993
-1.26793 -1.31046
-1.26818 -1.31045
-1.26713 -1.31192
-1.26749 -1.3113
-1.26611 -1.31304
-1.26599 -1.31168
-1.26554 -1.3109
-1.26638 -1.31309
-1.26557 -1.31149
-1.26406 -1.3093
-1.26381 -1.31074
-1.26482 -1.31205
-1.26495 -1.31156
-1.26563 -1.31038
-1.26522 -1.3104
-1.26637 -1.31198
-1.26506 -1.3124
-1.2666 -1.31056
-1.26651 -1.31007
-1.26513 -1.31025
-1.26715 -1.31168
-1.26429 -1.31045
-1.26428 -1.31129
-1.26731 -1.30961
-1.26772 -1.3076
-1.2634 -1.30801
-1.26358 -1.31082
-1.26599 -1.30884
-1.26336 -1.31161
-1.26384 -1.30981
-1.2632 -1.30785
-1.26487 -1.31167
-1.26501 -1.30722
-1.26505 -1.30712
-1.26672 -1.31191
-1.26588 -1.30387
-1.26485 -1.30641
-1.26557 -1.30602
-1.2655 -1.30661
-1.26448 -1.30863
-1.26275 -1.30666
-1.26369 -1.3068
-1.26489 -1.30741
-1.2649 -1.30495
-1.26537 -1.30757
-1.26289 -1.30656
-1.26262 -1.30844
-1.26253 -1.30577
-1.26588 -1.3079
-1.26454 -1.30451
-1.26436 -1.30792
-1.2632 -1.30597
-1.2649 -1.30614
-1.26508 -1.30333
-1.26378 -1.30747
-1.264 -1.3079
-1.27095 -1.30247
-1.26522 -1.30419
-1.26444 -1.30943
-1.26682 -1.30339
-1.26166 -1.30533
-1.26484 -1.306
-1.26105 -1.31064
-1.26328 -1.30473
-1.26276 -1.31004
-1.26224 -1.30679
-1.26129 -1.30904
-1.26246 -1.30689
-1.26171 -1.30663
-1.26509 -1.30343
-1.26163 -1.30698
-1.2631 -1.30439
-1.26218 -1.30221
-1.26108 -1.311
-1.26704 -1.30353
-1.26198 -1.30697
-1.26445 -1.30699
-1.26298 -1.30568
-1.26328 -1.30744
-1.2632 -1.30806
-1.26135 -1.30915
-1.26567 -1.30619
-1.26212 -1.30862
-1.26184 -1.3071
-1.26465 -1.30441
-1.25947 -1.30847
-1.26297 -1.30919
-1.26166 -1.3044
-1.26146 -1.30957
-1.26563 -1.30727
-1.26208 -1.30671
-1.25964 -1.30755
-1.26383 -1.30715
-1.25931 -1.30563
-1.26149 -1.30768
-1.26135 -1.3064
-1.26076 -1.30817
-1.258 -1.30656
-1.26147 -1.30605
-1.25915 -1.30478
-1.25977 -1.30405
-1.26098 -1.30725
-1.25959 -1.30592
-1.26075 -1.30532
-1.26083 -1.30475
-1.26086 -1.30737
-1.26117 -1.30173
-1.26187 -1.30575
-1.25935 -1.30388
-1.2626 -1.3061
-1.25922 -1.30495
-1.26075 -1.30532
-1.2593 -1.30663
-1.25916 -1.30445
-1.25725 -1.30661
-1.26128 -1.30674
-1.25705 -1.30847
-1.25958 -1.30922
-1.26158 -1.30439
-1.25913 -1.30612
-1.26193 -1.30782
-1.26218 -1.30663
-1.26195 -1.30803
-1.26085 -1.30675
-1.26355 -1.30829
-1.26187 -1.3031
-1.2594 -1.30778
-1.26062 -1.30515
-1.26252 -1.30735
-1.2605 -1.3043
-1.25861 -1.30438
-1.26118 -1.30559
-1.26128 -1.30639
-1.25713 -1.30657
-1.25889 -1.30426
-1.25969 -1.30813
-1.25982 -1.30396
-1.25839 -1.30458
-1.26065 -1.3068
-1.25957 -1.30781
-1.25953 -1.30497
-1.25757 -1.3082
-1.25974 -1.30442
-1.2581 -1.3048
-1.25949 -1.30359
-1.25727 -1.30545
-1.25831 -1.30392
-1.25587 -1.29985
-1.25983 -1.3032
-1.25968 -1.30429
-1.26087 -1.30087
-1.25794 -1.3045
-1.25905 -1.30357
-1.25558 -1.30284
-1.25875 -1.30246
-1.25658 -1.30451
-1.25938 -1.30497
-1.25877 -1.30232
-1.26014 -1.3054
-1.25515 -1.30743
-1.25737 -1.30385
-1.25899 -1.3064
-1.2598 -1.30272
-1.25746 -1.30574
-1.2577 -1.30575
-1.25831 -1.30199
-1.2587 -1.30668
-1.25648 -1.30446
-1.25768 -1.30516
-1.26068 -1.3022
-1.25838 -1.30515
-1.25876 -1.30051
-1.25631 -1.30722
-1.25557 -1.30104
-1.25859 -1.30419
-1.26006 -1.30021
-1.25995 -1.30119
-1.25742 -1.30094
-1.25792 -1.30127
-1.25779 -1.30125
-1.25711 -1.30122
-1.25613 -1.30422
-1.25565 -1.30269
-1.2571 -1.30361
-1.25793 -1.30039
-1.25826 -1.30329
-1.2598 -1.30189
-1.25602 -1.30236
-1.26142 -1.30329
-1.25867 -1.30198
-1.25767 -1.304
-1.2609 -1.30152
-1.26149 -1.3016
-1.26089 -1.30185
-1.25895 -1.30285
-1.26108 -1.30407
-1.25942 -1.30097
-1.25716 -1.30378
-1.25903 -1.30311
-1.25901 -1.30207
-1.25694 -1.30306
-1.2607 -1.30199
-1.25788 -1.30034
-1.25781 -1.30144
-1.25822 -1.30425
-1.26177 -1.29964
-1.2563 -1.30269
-1.26007 -1.30245
-1.25731 -1.30428
-1.25932 -1.30101
-1.2552 -1.30307
-1.26081 -1.29737
-1.25339 -1.30649
-1.25733 -1.29899
-1.25701 -1.30311
-1.25314 -1.30364
-1.25643 -1.29816
-1.25477 -1.30196
-1.25687 -1.30189
-1.2554 -1.30237
-1.25741 -1.30027
-1.25596 -1.30383
-1.25909 -1.29675
-1.25535 -1.30226
-1.25713 -1.2979
-1.25522 -1.30412
-1.25656 -1.30086
-1.25507 -1.29839
-1.25574 -1.30292
-1.25425 -1.3014
-1.25406 -1.30304
-1.25225 -1.3044
-1.25738 -1.29956
-1.25542 -1.30241
-1.25416 -1.30292
-1.25622 -1.30196
-1.25445 -1.30074
-1.25324 -1.30381
-1.25649 -1.29999
-1.25677 -1.30025
-1.25395 -1.30286
-1.25422 -1.30055
-1.25465 -1.30192
-1.25383 -1.30095
-1.2528 -1.30394
-1.25559 -1.29984
-1.25221 -1.302
-1.25235 -1.30485
-1.25414 -1.29929
-1.25703 -1.30129
-1.25385 -1.30302
-1.25446 -1.29988
-1.25554 -1.30283
-1.25679 -1.29914
-1.25557 -1.3019
-1.25364 -1.30222
-1.25632 -1.3008
-1.25462 -1.30018
-1.25513 -1.30229
-1.25349 -1.30139
-1.25524 -1.3023
-1.25499 -1.30017
-1.25333 -1.30302
-1.25535 -1.29829
-1.25399 -1.30405
-1.25401 -1.30217
-1.25025 -1.30362
-1.25321 -1.29929
-1.25125 -1.30166
-1.25104 -1.30351
-1.25194 -1.30257
-1.25095 -1.30085
-1.22999 -1.26027
-1.23225 -1.25126
-1.23004 -1.25064
-1.23075 -1.24667
-1.23208 -1.25049
-1.22958 -1.2481
-1.2312 -1.24838
-1.23098 -1.24819
-1.2306 -1.24696
-1.23246 -1.24874
-1.2324 -1.2482
-1.2331 -1.24495
-1.23178 -1.24733
-1.23113 -1.24984
-1.23382 -1.24357
-1.23023 -1.2493
-1.23041 -1.24556
-1.23147 -1.24865
-1.2301 -1.24525
-1.23388 -1.24578
-1.23077 -1.2462
-1.2316 -1.24729
-1.22991 -1.24914
-1.23045 -1.24488
-1.23096 -1.24907
-1.23012 -1.24806
-1.23205 -1.2452
-1.22932 -1.24697
-1.23266 -1.24703
-1.2311 -1.24532
-1.23028 -1.24613
-1.22991 -1.24712
-1.23242 -1.24658
-1.23046 -1.24405
-1.23258 -1.24783
-1.22874 -1.24807
-1.23233 -1.24868
-1.23214 -1.24476
-1.2316 -1.25103
-1.23148 -1.24573
-1.22861 -1.24806
-1.23241 -1.24687
-1.23016 -1.24766
-1.23105 -1.24639
-1.23146 -1.24485
-1.23018 -1.24548
-1.23193 -1.2433
-1.22682 -1.2488
-1.23142 -1.24557
-1.22836 -1.24673
-1.23058 -1.24521
-1.22936 -1.24482
-1.22763 -1.24698
-1.22954 -1.24616
-1.22768 -1.245
-1.22694 -1.24853
-1.23087 -1.24121
-1.23107 -1.24632
-1.23175 -1.24641
-1.23249 -1.24785
-1.22996 -1.24169
-1.23079 -1.24448
-1.22939 -1.24285
-1.22974 -1.24413
-1.22781 -1.24438
-1.2293 -1.24347
-1.22714 -1.24275
-1.22708 -1.24585
-1.22686 -1.24328
-1.22637 -1.24459
-1.22879 -1.24504
-1.2268 -1.24111
-1.22796 -1.24506
-1.22806 -1.24304
-1.22698 -1.24139
-1.22819 -1.24386
-1.22912 -1.24216
-1.22691 -1.24502
-1.23077 -1.24197
-1.22551 -1.24477
-1.22851 -1.24463
-1.22554 -1.24519
-1.22594 -1.24392
-1.22818 -1.24108
-1.2267 -1.24567
-1.22643 -1.24641
-1.22762 -1.24467
-1.22728 -1.2487
-1.22807 -1.24685
-1.22665 -1.24615
-1.22443 -1.24907
-1.22882 -1.24508
-1.22708 -1.24799
-1.22733 -1.24684
-1.22914 -1.24572
-1.22795 -1.24602
-1.22834 -1.24566
-1.22572 -1.24689
-1.23048 -1.24825
-1.22816 -1.24683
-1.22634 -1.24615
-1.22597 -1.24916
-1.22838 -1.24455
-1.22846 -1.24713
-1.22685 -1.24683
-1.2291 -1.24589
-1.22536 -1.24669
-1.22814 -1.24328
-1.22641 -1.24725
-1.22684 -1.24487
-1.22673 -1.24728
-1.22755 -1.24441
-1.22664 -1.24409
-1.22744 -1.24717
-1.22541 -1.24675
-1.22943 -1.24476
-1.22676 -1.24494
-1.22458 -1.24877
-1.22698 -1.24586
-1.22749 -1.24852
-1.22424 -1.24684
-1.22586 -1.24703
-1.22645 -1.24771
-1.22438 -1.24876
-1.22749 -1.24648
-1.22488 -1.24797
-1.2262 -1.24619
-1.22546 -1.24727
-1.22507 -1.24693
-1.22661 -1.24599
-1.22403 -1.24666
-1.22344 -1.24635
-1.22517 -1.24672
-1.22476 -1.24501
-1.22235 -1.25118
-1.22534 -1.24229
-1.22369 -1.24837
-1.22444 -1.24715
-1.22292 -1.24407
-1.22449 -1.24742
-1.2208 -1.24825
-1.22485 -1.24515
-1.22052 -1.24878
-1.2249 -1.24589
-1.22296 -1.24698
-1.22169 -1.24943
-1.2246 -1.24772
-1.22105 -1.2485
-1.22553 -1.24448
-1.22074 -1.24776
-1.22383 -1.24642
-1.22157 -1.24689
-1.22133 -1.24418
-1.22392 -1.24779
-1.22417 -1.24616
-1.2238 -1.24712
-1.22346 -1.24879
-1.22455 -1.2425
-1.2206 -1.24747
-1.22372 -1.24511
-1.2203 -1.25022
-1.22224 -1.24523
-1.21951 -1.24922
-1.22391 -1.24487
-1.22479 -1.24646
-1.22231 -1.24733
-1.22344 -1.24735
-1.22222 -1.24677
-1.22605 -1.24543
-1.22237 -1.24775
-1.22185 -1.24712
-1.2218 -1.24603
-1.22286 -1.24538
-1.2256 -1.24361
-1.22206 -1.24404
-1.22449 -1.24634
-1.22492 -1.2425
-1.22552 -1.24469
-1.22589 -1.24273
-1.22237 -1.24317
-1.22331 -1.24719
-1.22208 -1.24217
-1.22541 -1.2401
-1.22343 -1.24599
-1.22563 -1.24145
-1.22428 -1.24206
-1.22205 -1.24172
-1.22571 -1.24201
-1.22372 -1.24016
-1.22425 -1.2423
-1.22311 -1.24191
-1.22478 -1.24116
-1.22493 -1.24177
-1.22356 -1.23841
-1.22475 -1.24431
-1.22505 -1.23974
-1.22227 -1.24374
-1.22465 -1.23892
-1.22488 -1.2404
-1.22276 -1.24287
-1.22244 -1.238
-1.22253 -1.24425
-1.22423 -1.23887
-1.22387 -1.23953
-1.22163 -1.24383
-1.2249 -1.2371
-1.21841 -1.24318
-1.22227 -1.24169
-1.22323 -1.23973
-1.22102 -1.24317
-1.2234 -1.23854
-1.22207 -1.24159
-1.22073 -1.24118
-1.2252 -1.24256
-1.22306 -1.24001
-1.22307 -1.24275
-1.22148 -1.23824
-1.22309 -1.24496
-1.22231 -1.24141
-1.22151 -1.24151
-1.22332 -1.24175
-1.22193 -1.2395
-1.22228 -1.24135
-1.22035 -1.24084
-1.22078 -1.2425
-1.21997 -1.244
-1.22058 -1.23973
-1.22247 -1.24159
-1.22125 -1.24062
-1.22095 -1.24036
-1.22141 -1.24043
-1.21991 -1.24144
-1.22111 -1.23883
-1.22211 -1.24265
-1.2232 -1.23767
-1.22178 -1.24135
-1.22173 -1.24029
-1.22198 -1.23859
-1.22023 -1.24039
-1.22258 -1.2411
-1.2209 -1.23857
-1.22359 -1.2401
-1.22013 -1.24106
-1.22469 -1.23739
-1.22197 -1.23989
-1.22263 -1.23729
-1.22307 -1.24024
-1.22413 -1.23925
-1.22122 -1.2413
-1.22493 -1.2363
-1.22263 -1.2428
-1.22241 -1.23784
-1.22167 -1.23996
-1.22263 -1.24009
-1.2233 -1.23942
-1.22159 -1.23895
-1.22258 -1.23853
-1.22288 -1.24327
-1.22324 -1.23581
-1.22445 -1.23785
-1.22369 -1.2378
-1.22407 -1.23871
-1.22434 -1.2376
-1.22413 -1.23826
-1.22334 -1.23605
-1.22445 -1.23858
-1.22277 -1.23791
-1.22335 -1.23972
-1.22113 -1.23888
-1.22323 -1.23468
-1.22216 -1.24028
-1.22142 -1.23718
-1.2221 -1.23879
-1.22323 -1.23603
-1.2213 -1.24012
-1.22174 -1.23574
-1.22244 -1.23687
-1.2212 -1.23822
-1.22084 -1.23512
-1.21891 -1.24076
-1.22213 -1.23462
-1.22073 -1.23629
-1.22146 -1.23733
-1.22136 -1.23445
-1.2194 -1.23876
-1.22213 -1.23659
-1.21965 -1.23687
-1.22054 -1.23317
-1.22128 -1.24042
-1.22086 -1.23343
-1.2195 -1.23937
-1.22137 -1.23504
-1.22042 -1.23402
-1.21962 -1.23674
-1.22141 -1.2334
-1.21888 -1.23707
-1.2228 -1.23243
-1.21971 -1.23514
-1.22202 -1.23349
-1.21992 -1.23237
-1.21886 -1.23819
-1.22237 -1.23095
-1.21925 -1.23802
-1.22074 -1.23644
-1.22138 -1.23252
-1.21744 -1.23597
-1.2211 -1.23471
-1.21931 -1.23428
-1.22022 -1.23577
-1.21974 -1.23393
-1.22221 -1.23214
-1.21917 -1.2371
-1.22024 -1.23561
-1.22218 -1.23057
-1.219 -1.23698
-1.22045 -1.2334
-1.2182 -1.2357
-1.22054 -1.23099
-1.21833 -1.23548
-1.22452 -1.23072
-1.21463 -1.23746
-1.2203 -1.23074
-1.21905 -1.23425
-1.21752 -1.2351
-1.22063 -1.2356
-1.2175 -1.23295
-1.21572 -1.23685
-1.21989 -1.23321
-1.21877 -1.23278
-1.21687 -1.23504
-1.21783 -1.23508
-1.21752 -1.23556
-1.21928 -1.23276
-1.2167 -1.23615
-1.21855 -1.23307
-1.2212 -1.2337
-1.21691 -1.23317
-1.2203 -1.23487
-1.21925 -1.23364
-1.21994 -1.23424
-1.21757 -1.23182
-1.2213 -1.23128
-1.2199 -1.23455
-1.21639 -1.23291
-1.21652 -1.23329
-1.21679 -1.23229
-1.21848 -1.23096
-1.21784 -1.236
-1.21589 -1.23332
-1.21639 -1.23385
-1.21598 -1.23493
-1.21684 -1.2358
-1.21572 -1.23315
-1.21499 -1.23378
-1.21388 -1.23445
-1.21751 -1.23277
-1.21357 -1.23657
-1.21641 -1.23368
-1.21276 -1.23612
-1.2187 -1.23313
-1.21591 -1.23801
-1.21673 -1.2328
-1.21557 -1.23736
-1.213 -1.23738
-1.2181 -1.23383
-1.21392 -1.23727
-1.21434 -1.23915
-1.21812 -1.23384
-1.21593 -1.23632
-1.21785 -1.23595
-1.21622 -1.23497
-1.21597 -1.23666
-1.21656 -1.23543
-1.21711 -1.23376
-1.2183 -1.24043
-1.21753 -1.23026
-1.21894 -1.23652
-1.21454 -1.2355
-1.21738 -1.23533
-1.21729 -1.23253
-1.21589 -1.23563
-1.21683 -1.23785
-1.21676 -1.23311
-1.21807 -1.23547
-1.21438 -1.23366
-1.21786 -1.23341
-1.21531 -1.23669
-1.21588 -1.23221
-1.21667 -1.23529
-1.21615 -1.23183
-1.21568 -1.23416
-1.21637 -1.23378
-1.21926 -1.23257
-1.21806 -1.23121
-1.21623 -1.23436
-1.21915 -1.23284
-1.21578 -1.23206
-1.21984 -1.23276
-1.21743 -1.23052
-1.2185 -1.23199
-1.21887 -1.23389
-1.21572 -1.23349
-1.21736 -1.22995
-1.21777 -1.23495
-1.21505 -1.23218
-1.21687 -1.23681
-1.21735 -1.23146
-1.21363 -1.23614
-1.21882 -1.23096
-1.21399 -1.23792
-1.21838 -1.23075
-1.21444 -1.23836
-1.21578 -1.23389
-1.22069 -1.23357
-1.2142 -1.23664
-1.21669 -1.23342
-1.21719 -1.23631
-1.21707 -1.23265
-1.21762 -1.23261
-1.21733 -1.23197
-1.21817 -1.2336
-1.21507 -1.23327
-1.21628 -1.23186
-1.21687 -1.23308
-1.21835 -1.22964
-1.2158 -1.23075
-1.21507 -1.2354
-1.21543 -1.23473
-1.21773 -1.22784
-1.21568 -1.23226
-1.21547 -1.23317
-1.21734 -1.22836
-1.21584 -1.23193
-1.21461 -1.23118
-1.21698 -1.22883
-1.21628 -1.23364
-1.21467 -1.23154
-1.21805 -1.23141
-1.21596 -1.23055
-1.2179 -1.23183
-1.21574 -1.22975
-1.21564 -1.22928
-1.21603 -1.23105
-1.21624 -1.23074
-1.21684 -1.23156
-1.21645 -1.23088
-1.21337 -1.22988
-1.21794 -1.23177
-1.21567 -1.23167
-1.21653 -1.22867
-1.2152 -1.23205
-1.21701 -1.2289
-1.21427 -1.23235
-1.21796 -1.22909
-1.21794 -1.2281
-1.21566 -1.22956
-1.21886 -1.22858
-1.21887 -1.23061
-1.2176 -1.22872
-1.21916 -1.22835
-1.21975 -1.22774
-1.21438 -1.22914
-1.21988 -1.22902
-1.21675 -1.22904
-1.21644 -1.23409
-1.21928 -1.22618
-1.21523 -1.22979
-1.21661 -1.22852
-1.22018 -1.22989
-1.21622 -1.22847
-1.21745 -1.22673
-1.213 -1.22927
-1.21762 -1.22852
-1.21809 -1.22688
-1.21544 -1.23042
-1.21876 -1.22886
-1.21429 -1.22864
-1.21888 -1.22631
-1.2187 -1.22959
-1.2175 -1.22813
-1.21381 -1.23064
-1.22028 -1.22528
-1.21778 -1.22927
-1.21667 -1.22804
-1.21736 -1.22907
-1.21603 -1.22792
-1.21908 -1.22717
-1.21867 -1.22708
-1.21452 -1.22876
-1.21878 -1.22794
-1.2175 -1.22922
-1.21765 -1.23083
-1.21865 -1.22793
-1.21489 -1.23029
-1.21717 -1.22963
-1.21711 -1.22963
-1.21379 -1.22874
-1.21645 -1.22817
-1.21578 -1.23301
-1.21697 -1.2282
-1.21765 -1.22905
-1.21333 -1.23359
-1.21626 -1.22768
-1.21664 -1.23007
-1.21382 -1.23117
-1.21531 -1.23095
-1.21302 -1.23098
-1.21479 -1.22905
-1.21411 -1.23033
-1.21511 -1.23276
-1.21656 -1.22732
-1.21484 -1.22873
-1.21572 -1.23015
-1.21767 -1.22565
-1.21664 -1.23026
-1.2136 -1.22904
-1.21307 -1.22714
-1.21482 -1.2313
-1.21432 -1.22603
-1.21429 -1.22929
-1.21377 -1.22895
-1.21591 -1.22755
-1.21366 -1.22923
-1.21347 -1.22589
-1.21536 -1.22884
-1.21356 -1.22798
-1.21494 -1.22828
-1.21502 -1.22936
-1.21404 -1.2284
-1.21269 -1.22819
-1.21376 -1.22888
-1.21366 -1.22873
-1.215 -1.22643
-1.21312 -1.22808
-1.21366 -1.22909
-1.21633 -1.22649
-1.2151 -1.22774
-1.21453 -1.22661
-1.21516 -1.2287
-1.21498 -1.22699
-1.21552 -1.2288
-1.21594 -1.22706
-1.21568 -1.22554
-1.21478 -1.22685
-1.21701 -1.22482
-1.21768 -1.2282
-1.21586 -1.22429
-1.21262 -1.22999
-1.21513 -1.22626
-1.21144 -1.22898
-1.21493 -1.22618
-1.21541 -1.22722
-1.21452 -1.22817
-1.2182 -1.22391
-1.21415 -1.22854
-1.21617 -1.22439
-1.2155 -1.22784
-1.2169 -1.22599
-1.21623 -1.22845
-1.2168 -1.22338
-1.21376 -1.22942
-1.21788 -1.22319
-1.21364 -1.22756
-1.21449 -1.22728
-1.21462 -1.22549
-1.21427 -1.2265
-1.21545 -1.22516
-1.21445 -1.22647
-1.21308 -1.22639
-1.21623 -1.22937
-1.21361 -1.2261
-1.21392 -1.22765
-1.21614 -1.22791
-1.21412 -1.22599
-1.21847 -1.22644
-1.21195 -1.22859
-1.21676 -1.22355
-1.21495 -1.22734
-1.21522 -1.227
-1.21377 -1.22633
-1.21446 -1.22492
-1.21165 -1.22864
-1.21741 -1.22322
-1.21348 -1.22805
-1.21296 -1.22437
-1.21506 -1.22852
-1.21335 -1.22528
-1.21579 -1.22901
-1.21656 -1.2236
-1.21445 -1.2273
-1.2149 -1.22911
-1.21513 -1.22436
-1.21175 -1.22639
-1.21291 -1.22808
-1.21432 -1.22564
-1.21328 -1.22753
-1.21393 -1.22806
-1.21504 -1.22569
-1.21339 -1.22657
-1.21387 -1.22467
-1.2132 -1.22628
-1.21264 -1.22837
-1.21351 -1.22448
-1.21474 -1.22617
-1.21474 -1.22643
-1.21297 -1.22412
-1.2115 -1.22572
-1.21581 -1.22562
-1.21105 -1.2275
-1.21506 -1.22397
-1.21322 -1.22814
-1.2134 -1.222
-1.21097 -1.22728
-1.21274 -1.22827
-1.21228 -1.2237
-1.21186 -1.22968
-1.21103 -1.22424
-1.21068 -1.22979
-1.2134 -1.22428
-1.21118 -1.22663
-1.21168 -1.22269
-1.21117 -1.22672
-1.21007 -1.22876
-1.21005 -1.22495
-1.21272 -1.22742
-1.21058 -1.227
-1.21055 -1.22764
-1.21093 -1.22627
-1.21197 -1.22865
-1.20944 -1.22808
-1.21033 -1.2263
-1.2081 -1.22654
-1.21269 -1.22532
-1.21282 -1.22615
-1.21218 -1.22678
-1.21252 -1.22539
-1.21479 -1.22531
-1.21109 -1.2266
-1.21383 -1.22535
-1.21157 -1.22492
-1.2144 -1.22626
-1.21329 -1.22603
-1.21288 -1.22647
-1.21309 -1.22912
-1.21292 -1.22288
-1.21322 -1.22982
-1.21136 -1.22457
-1.21343 -1.22666
-1.21455 -1.22528
-1.21403 -1.22892
-1.21476 -1.22429
-1.21628 -1.22622
-1.21337 -1.22529
-1.21521 -1.22358
-1.2131 -1.22766
-1.21512 -1.2234
-1.21188 -1.22671
-1.21262 -1.22503
-1.21161 -1.22402
-1.21228 -1.22555
-1.21065 -1.22662
-1.21262 -1.22535
-1.21372 -1.22502
-1.21157 -1.22663
-1.21266 -1.2232
-1.20955 -1.22619
-1.2123 -1.22364
-1.21359 -1.22462
-1.21086 -1.22366
-1.2127 -1.2236
-1.21161 -1.22312
-1.20932 -1.22521
-1.21238 -1.22421
-1.21064 -1.2239
-1.21297 -1.2265
-1.21372 -1.22298
-1.21134 -1.22621
-1.21254 -1.22477
-1.21025 -1.22408
-1.21367 -1.22395
-1.21101 -1.22379
-1.21257 -1.2267
-1.21088 -1.223
-1.20921 -1.2255
-1.20885 -1.22457
-1.21074 -1.22715
-1.21106 -1.22537
-1.21204 -1.22131
-1.20901 -1.22831
-1.21347 -1.22333
-1.2097 -1.22394
-1.20727 -1.22512
-1.21191 -1.22152
-1.20736 -1.22655
-1.21269 -1.22221
-1.20919 -1.22534
-1.21077 -1.22455
-1.21194 -1.22249
-1.21137 -1.22515
-1.21093 -1.22142
-1.21345 -1.2222
-1.21109 -1.22446
-1.21138 -1.22294
-1.21122 -1.22111
-1.20941 -1.22513
-1.21055 -1.22242
-1.2097 -1.22436
-1.2099 -1.22214
-1.21222 -1.22337
-1.21108 -1.22329
-1.20975 -1.22234
-1.21012 -1.22225
-1.21194 -1.2226
-1.21064 -1.22071
-1.20885 -1.22373
-1.21149 -1.21953
-1.20874 -1.22245
-1.20985 -1.22301
-1.2103 -1.22203
-1.21198 -1.22213
-1.21088 -1.22242
-1.20963 -1.22417
-1.21211 -1.22071
-1.20873 -1.22357
-1.21128 -1.21972
-1.2105 -1.22556
-1.20837 -1.22195
-1.20913 -1.22371
-1.20979 -1.22328
-1.21133 -1.22193
-1.20811 -1.22153
-1.21176 -1.22278
-1.20998 -1.22057
-1.21014 -1.22503
-1.21029 -1.22083
-1.21248 -1.22099
-1.21049 -1.22119
-1.21067 -1.22271
-1.21328 -1.21861
-1.21028 -1.22274
-1.21217 -1.22205
-1.20926 -1.22477
-1.21491 -1.21939
-1.20976 -1.22359
-1.21284 -1.22156
-1.21066 -1.22039
-1.21139 -1.22213
-1.21069 -1.2219
-1.21189 -1.22154
-1.20866 -1.22574
-1.2115 -1.22014
-1.20855 -1.22173
-1.21172 -1.22093
-1.20922 -1.22128
-1.2091 -1.22207
-1.21103 -1.2213
-1.20868 -1.22399
-1.2112 -1.21762
-1.21042 -1.22375
-1.2114 -1.21956
-1.20934 -1.22067
-1.21322 -1.21875
-1.21068 -1.22159
-1.21113 -1.22268
-1.21012 -1.21881
-1.21025 -1.22107
-1.21044 -1.22072
-1.21184 -1.22054
-1.2071 -1.22223
-1.21335 -1.21955
-1.20607 -1.22381
-1.212 -1.22001
-1.20706 -1.22068
-1.20902 -1.22324
-1.20719 -1.22027
-1.21001 -1.22007
-1.20883 -1.22077
-1.21003 -1.22124
-1.20984 -1.21793
-1.207 -1.22191
-1.20888 -1.21774
-1.21069 -1.21962
-1.20838 -1.22004
-1.21178 -1.21741
-1.20784 -1.22385
-1.21213 -1.21649
-1.21052 -1.22101
-1.21252 -1.21989
-1.21297 -1.21889
-1.21055 -1.22048
-1.212 -1.21908
-1.21152 -1.22021
-1.21005 -1.21777
-1.21159 -1.22123
-1.21312 -1.21891
-1.20939 -1.22131
-1.2129 -1.21655
-1.20903 -1.21922
-1.20934 -1.22091
-1.20879 -1.21936
-1.21003 -1.21766
-1.21163 -1.21984
-1.21001 -1.21929
-1.21184 -1.21877
-1.21033 -1.21832
-1.21219 -1.21767
-1.20652 -1.21915
-1.20907 -1.21681
-1.20833 -1.21941
-1.20713 -1.22039
-1.20872 -1.21809
-1.20953 -1.21816
-1.20986 -1.2197
-1.20893 -1.21905
-1.20815 -1.21837
-1.20869 -1.21811
-1.20876 -1.21942
-1.20759 -1.21979
-1.20978 -1.21919
-1.20782 -1.21557
-1.21046 -1.2193
-1.21015 -1.21871
-1.21044 -1.2172
-1.2073 -1.21693
-1.20901 -1.21828
-1.21095 -1.21677
-1.20968 -1.21817
-1.20904 -1.21789
-1.21044 -1.21767
-1.21 -1.21921
-1.20955 -1.21625
-1.21175 -1.21663
-1.20845 -1.2168
-1.2103 -1.21855
-1.21057 -1.21521
-1.21146 -1.2168
-1.21007 -1.21727
-1.20944 -1.21586
-1.21041 -1.2201
-1.21078 -1.21659
-1.21007 -1.21558
-1.21082 -1.21947
-1.21457 -1.21592
-1.20981 -1.21814
-1.21029 -1.218
-1.21205 -1.21392
-1.21036 -1.2201
-1.20927 -1.21776
-1.21302 -1.2184
-1.21173 -1.21603
-1.2099 -1.21782
-1.21053 -1.21583
-1.21119 -1.21926
-1.21131 -1.2141
-1.21043 -1.21819
-1.21165 -1.21541
-1.21078 -1.21814
-1.21213 -1.21496
-1.21095 -1.21763
-1.20954 -1.21403
-1.21086 -1.21831
-1.21333 -1.218
-1.21322 -1.21754
-1.21013 -1.21508
-1.2102 -1.21757
-1.21204 -1.21453
-1.20813 -1.22037
-1.212 -1.21329
-1.21132 -1.2179
-1.21208 -1.21487
-1.21063 -1.2141
-1.21385 -1.21436
-1.21112 -1.21521
-1.21049 -1.21725
-1.21035 -1.21291
-1.208 -1.2176
-1.21006 -1.21524
-1.20813 -1.2167
-1.21139 -1.21589
-1.20911 -1.21651
-1.20811 -1.21344
-1.21187 -1.21514
-1.20749 -1.21673
-1.20938 -1.21585
-1.20983 -1.21415
-1.20856 -1.21291
-1.20823 -1.21723
-1.21104 -1.21463
-1.20965 -1.21673
-1.20924 -1.21422
-1.20849 -1.21393
-1.20729 -1.21712
-1.20916 -1.21618
-1.209 -1.21286
-1.21037 -1.21423
-1.20721 -1.21247
-1.20756 -1.21574
-1.20877 -1.21346
-1.20804 -1.2147
-1.20833 -1.21335
-1.21005 -1.21565
-1.20932 -1.21652
-1.21011 -1.21234
-1.21078 -1.21439
-1.20714 -1.21422
-1.20842 -1.21449
-1.20847 -1.21674
-1.20738 -1.21221
-1.20928 -1.21679
-1.20901 -1.2111
-1.20839 -1.2178
-1.21153 -1.21194
-1.20928 -1.21425
-1.21086 -1.21301
-1.20746 -1.21412
-1.20803 -1.21493
-1.20627 -1.21329
-1.2082 -1.21494
-1.2069 -1.21506
-1.20772 -1.21242
-1.21053 -1.21378
-1.20988 -1.21401
-1.20757 -1.21305
-1.209 -1.21458
-1.2075 -1.21434
-1.21065 -1.21382
-1.2085 -1.21377
-1.2095 -1.21687
-1.21113 -1.21187
-1.21006 -1.21392
-1.20988 -1.21644
-1.21196 -1.21193
-1.21074 -1.21389
-1.21048 -1.21324
-1.20869 -1.2155
-1.21286 -1.21367
-1.2097 -1.21472
-1.21231 -1.21466
-1.21085 -1.21218
-1.2104 -1.2179
-1.21057 -1.21405
-1.21182 -1.21637
-1.20996 -1.21462
-1.21112 -1.2172
-1.20992 -1.2128
-1.21247 -1.21535
-1.20876 -1.21705
-1.20874 -1.21586
-1.21266 -1.21676
-1.21137 -1.21265
-1.20815 -1.21736
-1.21274 -1.21461
-1.20787 -1.21678
-1.21148 -1.21441
-1.21113 -1.21704
-1.20861 -1.21397
-1.21006 -1.21325
-1.20971 -1.21318
-1.21131 -1.21526
-1.20971 -1.21657
-1.20986 -1.21399
-1.21263 -1.21395
-1.20852 -1.21435
-1.2095 -1.21537
-1.20879 -1.21358
-1.20913 -1.21444
-1.20988 -1.21212
-1.20965 -1.21628
-1.21236 -1.21214
-1.20947 -1.21416
-1.21021 -1.21427
-1.21003 -1.21436
-1.21136 -1.21236
-1.20874 -1.21473
-1.21277 -1.211
-1.20987 -1.2119
-1.20921 -1.21901
-1.21068 -1.21104
-1.21022 -1.21453
-1.20999 -1.21595
-1.2126 -1.21316
-1.21434 -1.2109
-1.20984 -1.21564
-1.21343 -1.21365
-1.21325 -1.21103
-1.21107 -1.21595
-1.21325 -1.21235
-1.21059 -1.21294
-1.21191 -1.21489
-1.21228 -1.2133
-1.21327 -1.21036
-1.21368 -1.2129
-1.20846 -1.21414
-1.21472 -1.21072
-1.21078 -1.21304
-1.21065 -1.21348
-1.21098 -1.20992
-1.21169 -1.21457
-1.20917 -1.21279
-1.20835 -1.21152
-1.21063 -1.21289
-1.21101 -1.21169
-1.20985 -1.21191
-1.21136 -1.21296
-1.20706 -1.21413
-1.2101 -1.21085
-1.20961 -1.21098
-1.21036 -1.21103
-1.2091 -1.2104
-1.2095 -1.214
-1.20776 -1.20851
-1.20767 -1.2136
-1.21014 -1.21
-1.20659 -1.2152
-1.21093 -1.21095
-1.20853 -1.21083
-1.20814 -1.21214
-1.20955 -1.20983
-1.20632 -1.21346
-1.21187 -1.21026
-1.20828 -1.21294
-1.20785 -1.21072
-1.20932 -1.21144
-1.21083 -1.2102
-1.20718 -1.21332
-1.21124 -1.21286
-1.20821 -1.21319
-1.21065 -1.21028
-1.20865 -1.21367
-1.21072 -1.21338
-1.20892 -1.2129
-1.20986 -1.21225
-1.20945 -1.21221
-1.20752 -1.21251
-1.20942 -1.2124
-1.21037 -1.21025
-1.20938 -1.21283
-1.20946 -1.21289
-1.2105 -1.20948
-1.20985 -1.2134
-1.20954 -1.21043
-1.21105 -1.20944
-1.20829 -1.21224
-1.20972 -1.21107
-1.21059 -1.21099
-1.2093 -1.21112
-1.20736 -1.21094
-1.21107 -1.21053
-1.20805 -1.21264
-1.21126 -1.20979
-1.20777 -1.21343
-1.2103 -1.21038
-1.21034 -1.21155
-1.20773 -1.21101
-1.20962 -1.21061
-1.21195 -1.20957
-1.20739 -1.21216
-1.21279 -1.20862
-1.20746 -1.21273
-1.21097 -1.21019
-1.2099 -1.20939
-1.20795 -1.20926
-1.20619 -1.21234
-1.21082 -1.21161
-1.20781 -1.20816
-1.20853 -1.21153
-1.20753 -1.20811
-1.21034 -1.21266
-1.20938 -1.21112
-1.20769 -1.20838
-1.20983 -1.21154
-1.20741 -1.21086
-1.20649 -1.21279
-1.21168 -1.2072
-1.20493 -1.21418
-1.21056 -1.20886
-1.20804 -1.20876
-1.20887 -1.21129
-1.20712 -1.21124
-1.20823 -1.20933
-1.20631 -1.21287
-1.20856 -1.2097
-1.20594 -1.21082
-1.20795 -1.21015
-1.20573 -1.21293
-1.20796 -1.20944
-1.20836 -1.2112
-1.20789 -1.20917
-1.20593 -1.21173
-1.20933 -1.21063
-1.20738 -1.21261
-1.21026 -1.21153
-1.2066 -1.20943
-1.20944 -1.2102
-1.20634 -1.21046
-1.21012 -1.20567
-1.20481 -1.21264
-1.20996 -1.20765
-1.20664 -1.20947
-1.20633 -1.20837
-1.20926 -1.20853
-1.20526 -1.20955
-1.2077 -1.20943
-1.20952 -1.20579
-1.20378 -1.21272
-1.20813 -1.20759
-1.2073 -1.20926
-1.20618 -1.20642
-1.20634 -1.21106
-1.2068 -1.20838
-1.20814 -1.20567
-1.20482 -1.21017
-1.20773 -1.20818
-1.20616 -1.20858
-1.20511 -1.21048
-1.20533 -1.209
-1.20419 -1.21099
-1.20716 -1.20835
-1.20462 -1.20837
-1.20495 -1.21078
-1.20834 -1.20722
-1.20493 -1.21049
-1.20348 -1.20878
-1.20472 -1.20777
-1.20505 -1.20991
-1.20369 -1.208
-1.20652 -1.20966
-1.20379 -1.20792
-1.20415 -1.21118
-1.20395 -1.20761
-1.20456 -1.20818
-1.2062 -1.20773
-1.20294 -1.21103
-1.20473 -1.20682
-1.20351 -1.20912
-1.20466 -1.20652
-1.20625 -1.20811
-1.2043 -1.20895
-1.20474 -1.2076
-1.20484 -1.20848
-1.20641 -1.21046
-1.20622 -1.20583
-1.20441 -1.20804
-1.20727 -1.20621
-1.20377 -1.21228
-1.20402 -1.20707
-1.20605 -1.20835
-1.20549 -1.20855
-1.20682 -1.20787
-1.20533 -1.20832
-1.20454 -1.20784
-1.207 -1.2077
-1.20567 -1.20917
-1.20605 -1.20723
-1.2074 -1.20753
-1.20668 -1.20793
-1.20682 -1.20844
-1.20513 -1.20756
-1.20493 -1.20991
-1.20635 -1.20809
-1.20483 -1.2104
-1.20473 -1.20549
-1.20668 -1.21153
-1.2053 -1.20676
-1.20444 -1.21054
-1.20762 -1.20598
-1.20516 -1.20869
-1.20419 -1.20679
-1.20656 -1.20882
-1.20525 -1.20913
-1.20508 -1.20546
-1.20291 -1.20853
-1.20421 -1.20804
-1.20556 -1.20743
-1.2022 -1.21025
-1.20471 -1.20805
-1.20339 -1.21093
-1.20635 -1.20655
-1.20426 -1.20845
-1.20454 -1.2063
-1.20371 -1.21225
-1.20843 -1.20344
-1.20388 -1.21104
-1.20634 -1.20772
-1.20733 -1.20673
-1.20393 -1.20728
-1.20432 -1.20921
-1.20851 -1.20576
-1.20403 -1.21046
-1.20328 -1.20611
-1.20616 -1.20741
-1.20313 -1.20939
-1.20408 -1.20838
-1.2036 -1.20591
-1.20348 -1.2093
-1.20333 -1.20796
-1.20284 -1.20674
-1.2051 -1.20764
-1.20239 -1.20773
-1.20297 -1.20589
-1.20479 -1.20826
-1.20322 -1.20858
-1.20514 -1.20416
-1.20602 -1.20631
-1.20254 -1.21001
-1.20662 -1.20405
-1.20117 -1.20842
-1.20381 -1.20646
-1.20415 -1.20655
-1.2022 -1.20967
-1.20385 -1.20627
-1.20223 -1.2076
-1.20291 -1.20644
-1.20129 -1.21009
-1.2029 -1.20485
-1.20226 -1.20884
-1.20363 -1.20574
-1.20019 -1.20939
-1.20309 -1.20728
-1.202 -1.20592
-1.20297 -1.20751
-1.20183 -1.20895
-1.20519 -1.20521
-1.19895 -1.20953
-1.20427 -1.20542
-1.20258 -1.20747
-1.20037 -1.20704
-1.20493 -1.20738
-1.20212 -1.20697
-1.20075 -1.20837
-1.2023 -1.20942
-1.20232 -1.20453
-1.20136 -1.20596
-1.20481 -1.21078
-1.20517 -1.20203
-1.20266 -1.20989
-1.20353 -1.20532
-1.20421 -1.2074
-1.20305 -1.2045
-1.20771 -1.20456
-1.20157 -1.20649
-1.20138 -1.2049
-1.20237 -1.20408
-1.19989 -1.21116
-1.20616 -1.20154
-1.20049 -1.20939
-1.20519 -1.20624
-1.20208 -1.20488
-1.20595 -1.2083
-1.2018 -1.20542
-1.20105 -1.2108
-1.20359 -1.20171
-1.20185 -1.20755
-1.20293 -1.20645
-1.20356 -1.20303
-1.20295 -1.20586
-1.20255 -1.20474
-1.20259 -1.20646
-1.20215 -1.20581
-1.20166 -1.20568
-1.20389 -1.20549
-1.20466 -1.20282
-1.20095 -1.20899
-1.20434 -1.20689
-1.20206 -1.20265
-1.2032 -1.20695
-1.20391 -1.20448
-1.20157 -1.20775
-1.20586 -1.20372
-1.201 -1.21008
-1.20181 -1.20239
-1.20362 -1.2048
-1.20002 -1.20719
-1.2022 -1.20463
-1.20468 -1.20802
-1.20209 -1.20367
-1.20315 -1.20576
-1.19993 -1.20537
-1.20399 -1.20628
-1.20219 -1.20519
-1.20193 -1.20625
-1.20345 -1.20593
-1.20443 -1.20482
-1.20506 -1.20593
-1.20163 -1.20366
-1.20264 -1.20543
-1.2027 -1.20467
-1.20361 -1.20402
-1.20131 -1.20555
-1.20151 -1.2033
-1.20392 -1.20524
-1.20081 -1.20454
-1.20127 -1.2058
-1.20256 -1.20561
-1.20247 -1.20757
-1.20138 -1.20444
-1.20246 -1.20618
-1.20206 -1.20545
-1.201 -1.20567
-1.20387 -1.20389
-1.20235 -1.20415
-1.20156 -1.20566
-1.20023 -1.20652
-1.20449 -1.20371
-1.20209 -1.2069
-1.20119 -1.20458
-1.20316 -1.20777
-1.20272 -1.20708
-1.19865 -1.20544
-1.20256 -1.20579
