0 0
-0.0525514 -0.0494881
-0.1042 -0.0982782
-0.154688 -0.146259
-0.204261 -0.193009
-0.252751 -0.238881
-0.299825 -0.283734
-0.346145 -0.327686
-0.391459 -0.371199
-0.435637 -0.413437
-0.478692 -0.455002
-0.520691 -0.495306
-0.561909 -0.535142
-0.601643 -0.573823
-0.640108 -0.611299
-0.678145 -0.648686
-0.71528 -0.683976
-0.749777 -0.718385
-0.784147 -0.752773
-0.818464 -0.785571
-0.848407 -0.818396
-0.881132 -0.848661
-0.911367 -0.877887
-0.936852 -0.908958
-0.966723 -0.936057
-0.992109 -0.96404
-1.01705 -0.990738
-1.0405 -1.01628
-1.0633 -1.03967
-1.08358 -1.06316
-1.10331 -1.08424
-1.10107 -1.08543
-1.10288 -1.08489
-1.10186 -1.08482
-1.10306 -1.08254
-1.10193 -1.08518
-1.101 -1.08518
-1.10395 -1.08243
-1.09983 -1.08604
-1.10154 -1.08296
-1.10043 -1.08497
-1.10117 -1.08477
-1.10111 -1.08402
-1.0997 -1.08584
-1.09944 -1.0824
-1.10208 -1.08426
-1.10177 -1.08141
-1.09951 -1.08585
-1.10194 -1.08082
-1.09948 -1.08304
-1.10031 -1.08302
-1.10158 -1.08191
-1.09866 -1.08302
-1.10017 -1.08227
-1.09694 -1.08301
-1.10004 -1.08181
-1.09748 -1.08278
-1.09976 -1.08258
-1.09706 -1.08069
-1.09709 -1.08416
-1.09768 -1.08123
-1.09595 -1.08286
-1.09797 -1.08045
-1.09601 -1.08274
-1.09689 -1.0818
-1.09657 -1.08384
-1.09773 -1.08145
-1.09575 -1.08397
-1.09783 -1.08326
-1.09613 -1.08343
-1.09677 -1.08261
-1.09507 -1.08295
-1.09664 -1.08235
-1.09602 -1.08364
-1.09533 -1.08279
-1.09662 -1.08235
-1.09497 -1.08205
-1.09521 -1.08234
-1.09592 -1.08249
-1.09568 -1.08074
-1.09347 -1.0823
-1.09541 -1.07971
-1.09633 -1.07911
-1.09472 -1.08093
-1.09611 -1.08015
-1.09491 -1.07788
-1.09209 -1.0813
-1.0949 -1.07851
-1.09764 -1.08077
-1.09417 -1.0804
-1.09492 -1.07951
-1.09487 -1.07699
-1.09529 -1.0799
-1.09468 -1.07882
-1.09504 -1.07766
-1.09487 -1.07792
-1.09481 -1.07912
-1.09117 -1.07895
-1.09349 -1.07868
-1.09494 -1.07783
-1.09184 -1.07974
-1.09336 -1.07901
-1.0948 -1.07606
-1.09219 -1.08019
-1.09579 -1.07544
-1.09277 -1.07881
-1.09636 -1.07491
-1.09399 -1.07776
-1.09479 -1.07665
-1.09375 -1.07679
-1.09306 -1.07741
-1.09223 -1.07629
-1.09262 -1.0778
-1.0923 -1.07918
-1.09304 -1.07476
-1.09028 -1.07954
-1.09109 -1.0754
-1.09039 -1.07614
-1.09269 -1.07602
-1.09003 -1.07867
-1.09257 -1.07455
-1.09042 -1.07637
-1.09216 -1.07451
-1.09093 -1.07669
-1.09182 -1.07453
-1.09179 -1.07547
-1.09241 -1.07347
-1.09144 -1.07756
-1.09252 -1.07401
-1.09033 -1.0756
-1.09195 -1.07443
-1.08911 -1.07598
-1.09188 -1.07379
-1.089 -1.07477
-1.0906 -1.07471
-1.08908 -1.07585
-1.08975 -1.0748
-1.08963 -1.07517
-1.08753 -1.07511
-1.08984 -1.07476
-1.08901 -1.07396
-1.08891 -1.07446
-1.0891 -1.07536
-1.08994 -1.07589
-1.08984 -1.07374
-1.08771 -1.07299
-1.0889 -1.07486
-1.08723 -1.07381
-1.08671 -1.07596
-1.08783 -1.07426
-1.08708 -1.07554
-1.08504 -1.07527
-1.08662 -1.0746
-1.08373 -1.07599
-1.08652 -1.07267
-1.08558 -1.07542
-1.0883 -1.07265
-1.08508 -1.07578
-1.08583 -1.07227
-1.08828 -1.07347
-1.08462 -1.07481
-1.08704 -1.07365
-1.08444 -1.07244
-1.08594 -1.07416
-1.0834 -1.07528
-1.08597 -1.07012
-1.08365 -1.07599
-1.08348 -1.07417
-1.08616 -1.07072
-1.08422 -1.07555
-1.08585 -1.07092
-1.08308 -1.07318
-1.08326 -1.07551
-1.0852 -1.07064
-1.0836 -1.07331
-1.08491 -1.07554
-1.08556 -1.07027
-1.08418 -1.07547
-1.08303 -1.07152
-1.08421 -1.07443
-1.0824 -1.07299
-1.08294 -1.07119
-1.08118 -1.07397
-1.08475 -1.07389
-1.08287 -1.07299
-1.08337 -1.07377
-1.08561 -1.07341
-1.0841 -1.07329
-1.08575 -1.07222
-1.08083 -1.07294
-1.08527 -1.07072
-1.08268 -1.07415
-1.08551 -1.07165
-1.08449 -1.073
-1.08291 -1.07296
-1.08577 -1.0698
-1.08289 -1.07171
-1.08324 -1.07212
-1.08385 -1.07094
-1.08413 -1.07133
-1.08433 -1.07146
-1.08263 -1.07106
-1.08298 -1.07195
-1.08373 -1.07207
-1.08435 -1.06867
-1.08208 -1.07259
-1.08224 -1.07161
-1.0844 -1.07003
-1.08266 -1.07153
-1.08389 -1.07185
-1.08508 -1.06952
-1.08306 -1.06947
-1.08156 -1.0721
-1.08497 -1.06721
-1.08151 -1.07206
-1.08422 -1.06909
-1.08179 -1.06909
-1.08137 -1.0712
-1.08084 -1.06842
-1.07954 -1.06929
-1.07999 -1.06998
-1.08012 -1.06951
-1.08079 -1.06976
-1.08095 -1.06938
-1.08086 -1.06892
-1.08112 -1.06918
-1.08197 -1.06635
-1.07966 -1.07097
-1.08172 -1.06623
-1.08152 -1.06986
-1.07867 -1.06799
-1.08134 -1.06915
-1.08056 -1.06842
-1.07907 -1.06816
-1.07888 -1.06809
-1.08109 -1.06699
-1.07791 -1.06895
-1.07926 -1.06798
-1.07827 -1.0679
-1.07871 -1.06851
-1.0785 -1.06732
-1.07882 -1.07185
-1.07776 -1.06651
-1.07733 -1.06845
-1.07768 -1.06795
-1.07697 -1.06965
-1.07692 -1.06866
-1.07902 -1.06731
-1.07813 -1.06975
-1.0779 -1.06617
-1.07766 -1.06987
-1.07825 -1.06809
-1.07579 -1.0674
-1.07687 -1.06788
-1.07586 -1.06708
-1.0786 -1.06803
-1.07555 -1.06736
-1.07745 -1.06797
-1.07633 -1.06676
-1.07583 -1.06726
-1.07637 -1.06833
-1.07577 -1.0668
-1.07655 -1.06814
-1.07416 -1.06948
-1.07755 -1.06729
-1.07462 -1.06933
-1.07482 -1.06795
-1.07633 -1.068
-1.07601 -1.06718
-1.07739 -1.06794
-1.07851 -1.06739
-1.07599 -1.06724
-1.07708 -1.06598
-1.07758 -1.06791
-1.07503 -1.06674
-1.07876 -1.06741
-1.07496 -1.06634
-1.07826 -1.06551
-1.07337 -1.0699
-1.07911 -1.06092
-1.07337 -1.06827
-1.07536 -1.06583
-1.07736 -1.06547
-1.07401 -1.06751
-1.07397 -1.06753
-1.07652 -1.06641
-1.07419 -1.06735
-1.07302 -1.06859
-1.0751 -1.0673
-1.0736 -1.06547
-1.0729 -1.06729
-1.07308 -1.0673
-1.07662 -1.06584
-1.07337 -1.06696
-1.07299 -1.06569
-1.07545 -1.06582
-1.07367 -1.06717
-1.07513 -1.0657
-1.07502 -1.0663
-1.07395 -1.06551
-1.07429 -1.06521
-1.07298 -1.06571
-1.0744 -1.06405
-1.07454 -1.06513
-1.07267 -1.06941
-1.02816 -0.997629
-1.02327 -0.989074
-1.02172 -0.988773
-1.02226 -0.987045
-1.02145 -0.987767
-1.02203 -0.990113
-1.02076 -0.991484
-1.02231 -0.990566
-1.02118 -0.988991
-1.02068 -0.992609
-1.02196 -0.992006
-1.02263 -0.98862
-1.01968 -0.991826
-1.02462 -0.990346
-1.02108 -0.991846
-1.02322 -0.988688
-1.01923 -0.992363
-1.02173 -0.990696
-1.02123 -0.990337
-1.02155 -0.990061
-1.02055 -0.990881
-1.02225 -0.990852
-1.01918 -0.991153
-1.02083 -0.99071
-1.02082 -0.990269
-1.01951 -0.990626
-1.01942 -0.992218
-1.0191 -0.991199
-1.0215 -0.990022
-1.01982 -0.991635
-1.02035 -0.989915
-1.02094 -0.990812
-1.02031 -0.990024
-1.01946 -0.989713
-1.02054 -0.989299
-1.0191 -0.989976
-1.01828 -0.988448
-1.02066 -0.989876
-1.01818 -0.988745
-1.01991 -0.990437
-1.01888 -0.988504
-1.01803 -0.990083
-1.01843 -0.989647
-1.01877 -0.989352
-1.01964 -0.987751
-1.01661 -0.990831
-1.01968 -0.987994
-1.01875 -0.989848
-1.01797 -0.989479
-1.01974 -0.989301
-1.01933 -0.988308
-1.01777 -0.991525
-1.01835 -0.987439
-1.018 -0.991258
-1.01962 -0.989246
-1.01765 -0.991187
-1.01878 -0.988948
-1.01675 -0.989975
-1.01909 -0.989601
-1.01802 -0.988247
-1.01852 -0.991251
-1.01847 -0.988323
-1.01845 -0.989666
-1.0174 -0.98874
-1.01697 -0.989745
-1.0166 -0.98963
-1.01877 -0.986942
-1.01865 -0.988623
-1.01593 -0.987926
-1.01987 -0.987076
-1.01867 -0.988957
-1.0187 -0.987028
-1.01754 -0.98802
-1.01967 -0.98837
-1.01933 -0.987216
-1.01803 -0.987581
-1.01927 -0.988833
-1.01759 -0.987207
-1.018 -0.987482
-1.0182 -0.988096
-1.01862 -0.988216
-1.01716 -0.989244
-1.01727 -0.991724
-1.01787 -0.989714
-1.01622 -0.991979
-1.01961 -0.989912
-1.01667 -0.992299
-1.0181 -0.990921
-1.01778 -0.991884
-1.0171 -0.990628
-1.01788 -0.990688
-1.01719 -0.990799
-1.01587 -0.991099
-1.01739 -0.99075
-1.01597 -0.99102
-1.01742 -0.991825
-1.01652 -0.989366
-1.01672 -0.989935
-1.01502 -0.991058
-1.01675 -0.988913
-1.01652 -0.98975
-1.0155 -0.99076
-1.01798 -0.988992
-1.01431 -0.99072
-1.01759 -0.990809
-1.01695 -0.988878
-1.01483 -0.990113
-1.01547 -0.991424
-1.01502 -0.990604
-1.01412 -0.989723
-1.0143 -0.99061
-1.01334 -0.990481
-1.01571 -0.990573
-1.01512 -0.990584
-1.01482 -0.990878
-1.01556 -0.989475
-1.01576 -0.99139
-1.01444 -0.989078
-1.0163 -0.991006
-1.01369 -0.990208
-1.01471 -0.990297
-1.01596 -0.990331
-1.01398 -0.990469
-1.0158 -0.99021
-1.01543 -0.992135
-1.01585 -0.987954
-1.01455 -0.990474
-1.01425 -0.989318
-1.01556 -0.99044
-1.01552 -0.988663
-1.01624 -0.99064
-1.01452 -0.989237
-1.01593 -0.988897
-1.017 -0.989606
-1.0147 -0.990351
-1.01723 -0.988557
-1.01618 -0.988769
-1.01689 -0.990685
-1.01425 -0.990684
-1.01566 -0.989726
-1.01498 -0.990564
-1.0156 -0.98981
-1.01464 -0.991112
-1.01531 -0.988001
-1.01369 -0.991972
-1.01526 -0.98994
-1.01552 -0.989416
-1.0138 -0.990402
-1.01382 -0.990802
-1.01486 -0.989923
-1.01368 -0.989974
-1.01533 -0.989324
-1.01405 -0.990273
-1.01392 -0.98974
-1.01418 -0.988553
-1.01378 -0.990473
-1.01322 -0.989535
-1.0155 -0.988758
-1.0142 -0.988813
-1.01331 -0.990311
-1.01587 -0.987226
-1.01485 -0.990653
-1.01161 -0.988355
-1.01486 -0.987043
-1.01424 -0.989932
-1.01444 -0.988162
-1.01386 -0.987776
-1.01396 -0.989235
-1.015 -0.98703
-1.01578 -0.988092
-1.01423 -0.988565
-1.01544 -0.987448
-1.01434 -0.988417
-1.01408 -0.986656
-1.01185 -0.987695
-1.01371 -0.988142
-1.01378 -0.985789
-1.01033 -0.990146
-1.01584 -0.985155
-1.01136 -0.989245
-1.01356 -0.985754
-1.0137 -0.986585
-1.0124 -0.987518
-1.01235 -0.987514
-1.01641 -0.984798
-1.01217 -0.989155
-1.01181 -0.987689
-1.01295 -0.986261
-1.01332 -0.986486
-1.01206 -0.988326
-1.01254 -0.98777
-1.01209 -0.987177
-1.01312 -0.987538
-1.012 -0.986766
-1.01154 -0.986774
-1.01414 -0.986399
-1.01409 -0.987889
-1.01157 -0.989582
-1.01711 -0.983277
-1.01125 -0.989631
-1.01341 -0.988553
-1.01397 -0.983919
-1.01262 -0.987756
-1.01308 -0.987323
-1.01335 -0.985096
-1.01329 -0.98859
-1.01227 -0.986854
-1.01245 -0.986707
-1.01453 -0.987443
-1.01202 -0.986651
-1.0139 -0.98737
-1.01188 -0.98567
-1.01326 -0.986433
-1.01158 -0.985397
-1.01377 -0.986085
-1.01146 -0.98564
-1.01415 -0.986197
-1.01278 -0.985667
-1.01272 -0.985837
-1.01226 -0.986705
-1.01253 -0.984687
-1.01174 -0.985555
-1.01037 -0.985564
-1.01115 -0.986078
-1.01079 -0.98482
-1.01063 -0.985171
-1.01092 -0.986463
-1.01161 -0.985425
-1.01082 -0.986923
-1.00935 -0.986558
-1.01143 -0.986319
-1.01009 -0.985419
-1.01015 -0.987619
-1.01047 -0.985148
-1.01038 -0.985787
-1.01092 -0.985729
-1.01332 -0.985851
-1.01086 -0.985311
-1.01174 -0.985047
-1.01192 -0.98491
-1.01138 -0.984647
-1.01263 -0.98534
-1.01019 -0.986621
-1.0124 -0.984329
-1.01039 -0.987361
-1.01126 -0.984074
-1.01229 -0.98549
-1.00987 -0.987693
-1.00977 -0.983237
-1.01113 -0.985964
-1.01042 -0.985515
-1.0105 -0.985703
-1.01037 -0.985848
-1.01091 -0.985986
-1.0106 -0.986649
-1.01338 -0.983817
-1.00891 -0.987642
-1.01112 -0.984876
-1.00866 -0.985989
-1.0112 -0.985704
-1.00927 -0.984479
-1.00982 -0.986009
-1.01046 -0.985286
-1.01109 -0.984588
-1.01047 -0.986355
-1.01191 -0.984912
-1.01013 -0.985747
-1.01108 -0.985513
-1.01062 -0.985615
-1.00911 -0.986352
-1.01119 -0.983824
-1.00934 -0.988339
-1.01029 -0.98311
-1.01033 -0.986622
-1.00992 -0.984512
-1.0102 -0.985611
-1.00993 -0.985463
-1.01091 -0.986613
-1.0112 -0.984277
-1.01003 -0.988318
-1.01037 -0.985564
-1.00957 -0.984844
-1.01049 -0.986808
-1.01088 -0.985261
-1.0091 -0.985209
-1.00909 -0.986358
-1.01041 -0.985266
-1.01051 -0.984874
-1.00843 -0.984496
-1.00879 -0.988247
-1.01192 -0.981607
-1.0078 -0.985316
-1.01038 -0.984074
-1.00971 -0.983832
-1.0103 -0.985443
-1.01305 -0.983305
-1.01146 -0.984233
-1.00896 -0.9841
-1.01022 -0.984024
-1.00902 -0.98265
-1.00908 -0.984163
-1.0102 -0.982854
-1.01037 -0.983114
-1.00868 -0.985047
-1.00956 -0.983392
-1.01098 -0.981245
-1.00709 -0.987001
-1.01081 -0.982574
-1.0076 -0.98524
-1.00657 -0.983462
-1.00638 -0.984287
-1.00679 -0.982965
-1.00646 -0.984089
-1.00874 -0.982483
-1.00673 -0.985796
-1.00654 -0.98496
-1.00962 -0.98408
-1.00736 -0.985194
-1.00752 -0.983381
-1.00849 -0.984837
-1.00723 -0.982358
-1.00752 -0.984973
-1.00824 -0.982593
-1.00691 -0.98431
-1.00812 -0.982205
-1.00631 -0.983704
-1.00792 -0.981927
-1.00617 -0.983312
-1.00502 -0.982767
-1.00928 -0.982645
-1.00623 -0.984597
-1.00865 -0.982798
-1.00683 -0.982597
-1.00742 -0.983989
-1.00649 -0.982798
-1.00628 -0.983915
-1.00849 -0.983683
-1.00662 -0.982806
-1.00622 -0.984152
-1.0081 -0.985027
-1.00683 -0.981966
-1.00681 -0.982711
-1.00733 -0.982096
-1.0067 -0.982618
-1.00754 -0.98149
-1.00781 -0.982
-1.00686 -0.983217
-1.00758 -0.981899
-1.00811 -0.982993
-1.00728 -0.98378
-1.00695 -0.982723
-1.00717 -0.981137
-1.00501 -0.983225
-1.00557 -0.981212
-1.00714 -0.982018
-1.00407 -0.981932
-1.00741 -0.982696
-1.00681 -0.981905
-1.00639 -0.982149
-1.00679 -0.981784
-1.00823 -0.981121
-1.00738 -0.981647
-1.00831 -0.982968
-1.00714 -0.981444
-1.00917 -0.980374
-1.00691 -0.982045
-1.00816 -0.980714
-1.00693 -0.981718
-1.00905 -0.979676
-1.00656 -0.981806
-1.00749 -0.981778
-1.00707 -0.982598
-1.00711 -0.980839
-1.00664 -0.98317
-1.00691 -0.981985
-1.00733 -0.981657
-1.00641 -0.983177
-1.00856 -0.981177
-1.00575 -0.984085
-1.00584 -0.982144
-1.00842 -0.980469
-1.00573 -0.983562
-1.00761 -0.982296
-1.00787 -0.981237
-1.00715 -0.982398
-1.00761 -0.981631
-1.00772 -0.982207
-1.00812 -0.982271
-1.00667 -0.981626
-1.00613 -0.981501
-1.00673 -0.982298
-1.00824 -0.980949
-1.00739 -0.983419
-1.00782 -0.98303
-1.00747 -0.982915
-1.00663 -0.983297
-1.00723 -0.981202
-1.00567 -0.982056
-1.00461 -0.983937
-1.00556 -0.980863
-1.00714 -0.98201
-1.0051 -0.981717
-1.00575 -0.982349
-1.00869 -0.980835
-1.00565 -0.982221
-1.0057 -0.980983
-1.00457 -0.982343
-1.00646 -0.981097
-1.00542 -0.983012
-1.00368 -0.982349
-1.00536 -0.98198
-1.00511 -0.981529
-1.00484 -0.982822
-1.00362 -0.981411
-1.00441 -0.982298
-1.00382 -0.98017
-1.00326 -0.982648
-1.00465 -0.981754
-1.00598 -0.982031
-1.00578 -0.980588
-1.0047 -0.984101
-1.00604 -0.979048
-1.00225 -0.984319
-1.00414 -0.980406
-1.00384 -0.982147
-1.00205 -0.981275
-1.00473 -0.981085
-1.00384 -0.982092
-1.00247 -0.981733
-1.00434 -0.980489
-1.00293 -0.983029
-1.00351 -0.980443
-1.00415 -0.98169
-1.00251 -0.982158
-1.00347 -0.980732
-1.00336 -0.981876
-1.0023 -0.981629
-1.00278 -0.98222
-1.00465 -0.980452
-1.00493 -0.981894
-1.00245 -0.98281
-1.00313 -0.980377
-1.00332 -0.98439
-1.00275 -0.979213
-1.00129 -0.984179
-1.00212 -0.98121
-1.0014 -0.983309
-1.00206 -0.981278
-1.00191 -0.983709
-1.00469 -0.98021
-1.00259 -0.98288
-1.00232 -0.980313
-0.99993 -0.983511
-1.00414 -0.97988
-1.00223 -0.981815
-1.00185 -0.980741
-1.00371 -0.980332
-1.00142 -0.981054
-1.00347 -0.97956
-1.00413 -0.979114
-1.00187 -0.981469
-1.0042 -0.9781
-1.00458 -0.980411
-1.00283 -0.977907
-1.00243 -0.981342
-1.0036 -0.977163
-1.00303 -0.979415
-1.00238 -0.979473
-1.00299 -0.9797
-1.00321 -0.979994
-1.00335 -0.979594
-1.00202 -0.981014
-1.00413 -0.981046
-1.00303 -0.980708
-1.00175 -0.981496
-1.00195 -0.979487
-1.00418 -0.980223
-1.00132 -0.979402
-1.00257 -0.979217
-1.00243 -0.980493
-1.003 -0.979537
-1.00305 -0.979916
-1.00263 -0.980935
-1.00202 -0.979784
-1.00304 -0.978908
-1.00401 -0.979063
-1.00239 -0.981183
-1.00358 -0.979621
-1.00433 -0.977195
-1.00176 -0.980578
-1.00419 -0.978765
-1.00214 -0.978499
-1.00267 -0.97983
-1.00167 -0.978863
-1.00154 -0.979379
-1.00264 -0.978805
-1.00169 -0.982254
-1.00207 -0.977486
-1.00158 -0.980859
-1.00205 -0.980294
-1.00046 -0.98041
-1.00463 -0.978115
-0.999979 -0.981805
-1.00245 -0.979005
-1.00306 -0.980707
-1.00179 -0.97821
-1.00296 -0.980271
-1.00297 -0.980406
-1.00295 -0.978476
-1.00414 -0.979382
-1.0019 -0.981927
-1.00401 -0.978003
-1.00176 -0.981017
-1.00181 -0.980251
-1.00194 -0.980089
-1.00173 -0.978548
-1.00039 -0.982626
-1.00514 -0.97813
-1.00155 -0.980969
-1.00192 -0.980587
-1.00302 -0.980381
-1.00288 -0.979112
-1.00113 -0.980539
-1.00196 -0.979231
-1.00285 -0.979419
-1.00183 -0.979905
-1.00325 -0.979166
-1.00223 -0.980323
-1.00348 -0.979823
-1.00213 -0.979235
-1.00185 -0.980562
-1.00243 -0.98026
-1.00211 -0.979703
-1.00284 -0.978571
-1.00266 -0.981148
-0.999313 -0.979598
-1.00387 -0.977853
-1.00273 -0.980679
-1.00146 -0.97993
-1.00265 -0.979093
-1.00132 -0.980547
-1.00205 -0.978202
-1.0007 -0.981198
-1.00156 -0.978633
-1.00274 -0.978439
-1.00168 -0.979528
-1.00277 -0.977783
-1.00376 -0.98019
-1.00132 -0.978993
-1.00338 -0.9782
-1.00344 -0.9775
-1.00096 -0.979796
-1.00209 -0.977701
-1.00256 -0.980407
-1.00243 -0.978515
-1.00162 -0.97925
-1.00172 -0.979025
-1.00087 -0.979315
-1.00241 -0.978215
-1.00064 -0.978906
-1.00117 -0.977405
-0.999682 -0.980117
-1.00177 -0.977835
-1.00288 -0.978486
-1.00121 -0.979408
-1.00315 -0.977863
-1.00091 -0.977795
-1.00189 -0.978586
-1.0028 -0.977341
-0.999925 -0.977627
-1.00327 -0.978292
-1.0022 -0.976923
-1.00213 -0.976985
-1.00186 -0.979069
-1.00183 -0.977443
-1.00239 -0.977254
-1.00141 -0.977494
-1.00037 -0.979341
-1.00206 -0.97762
-1.00286 -0.977979
-1.00128 -0.979438
-1.0044 -0.977104
-0.999771 -0.976994
-1.00168 -0.977567
-1.00182 -0.976454
-1.00391 -0.976784
-1.00186 -0.977966
-1.00036 -0.976793
-1.00252 -0.975391
-1.00009 -0.97782
-1.0021 -0.976155
-1.0012 -0.97713
-1.00057 -0.977659
-1.00094 -0.977715
-1.00102 -0.976409
-0.999667 -0.977996
-1.00206 -0.977479
-1.00238 -0.976101
-1.00141 -0.980094
-1.0012 -0.97726
-1.00139 -0.976021
-1.00143 -0.977723
-0.999645 -0.978436
-1.00086 -0.977006
-0.999484 -0.977107
-0.999971 -0.978741
-1.00021 -0.977746
-1.00001 -0.978194
-1.00228 -0.976783
-1.00018 -0.980162
-1.00222 -0.978017
-1.00186 -0.976988
-0.998903 -0.979514
-1.00151 -0.976522
-1.00208 -0.97756
-1.00112 -0.979152
-1.00208 -0.975414
-1.00245 -0.977018
-1.00098 -0.977683
-1.0031 -0.976636
-1.00197 -0.976242
-1.00137 -0.978682
-1.00288 -0.975936
-1.00144 -0.977323
-1.00294 -0.977775
-1.00094 -0.976577
-1.00348 -0.977047
-1.00125 -0.977046
-0.998939 -0.977377
-1.00328 -0.974562
-1.00024 -0.977765
-1.00197 -0.975349
-1.00096 -0.978561
-0.999917 -0.975548
-1.00333 -0.975681
-1.00137 -0.979242
-1.00164 -0.976273
-1.00052 -0.976424
-1.0015 -0.976396
-1.00033 -0.975321
-1.00082 -0.977307
-1.00194 -0.974809
-1.00275 -0.97701
-0.999322 -0.976969
-1.00114 -0.975222
-1.00125 -0.976614
-0.998817 -0.975877
-1.00108 -0.974723
-1.00034 -0.976694
-1.00098 -0.974923
-1.00014 -0.978031
-1.00075 -0.973969
-1.00117 -0.976464
-1.0023 -0.975082
-0.999622 -0.976093
-1.00052 -0.975421
-0.998456 -0.976539
-1.00355 -0.975228
-0.99787 -0.975954
-1.00048 -0.975414
-0.999487 -0.977742
-1.00004 -0.974507
-1.0012 -0.977095
-0.998949 -0.976117
-1.00153 -0.974537
-0.998613 -0.97696
-0.999215 -0.977128
-1.00229 -0.974528
-0.998699 -0.978133
-1.00034 -0.974216
-1.00041 -0.97736
-0.999312 -0.975893
-1.00173 -0.975045
-0.999714 -0.9759
-1.00127 -0.975622
-1.00023 -0.975605
-0.999988 -0.976157
-1.00054 -0.975433
-0.998885 -0.976213
-1.00132 -0.975471
-0.999771 -0.975296
-0.999863 -0.975414
-1.00263 -0.976147
-1.00064 -0.974519
-0.998759 -0.976997
-0.99999 -0.975391
-1.00204 -0.973154
-1.00008 -0.974786
-0.999388 -0.97594
-1.00175 -0.973117
-1.00087 -0.976027
-1.00166 -0.973628
-1.00122 -0.974443
-1.00085 -0.974094
-1.00052 -0.973775
-0.9999 -0.974907
-1.00026 -0.973037
-0.99982 -0.974543
-1.00021 -0.974579
-0.999884 -0.973395
-1.00255 -0.974567
-0.999787 -0.974039
-0.99923 -0.97478
-1.00276 -0.973517
-1.0004 -0.973695
-1.00011 -0.975391
-1.00223 -0.97336
-1.00035 -0.97444
-1.00024 -0.974455
-0.999707 -0.973212
-0.997896 -0.974309
-0.997772 -0.973142
-0.999329 -0.974386
-0.998737 -0.974497
-0.999983 -0.97452
-0.998892 -0.973937
-0.999253 -0.974483
-0.99914 -0.973279
-0.998772 -0.972666
-0.998716 -0.97542
-0.997898 -0.972151
-0.99837 -0.975835
-0.999113 -0.971147
-0.996924 -0.974767
-0.999179 -0.974726
-0.999729 -0.972011
-0.997587 -0.976093
-1.00232 -0.97062
-0.997991 -0.975744
-0.999634 -0.971803
-0.999196 -0.974374
-0.999507 -0.972552
-0.998366 -0.973388
-0.998508 -0.974144
-1.00021 -0.972419
-0.997746 -0.973878
-0.999433 -0.974197
-0.999093 -0.970946
-0.997585 -0.975465
-0.999752 -0.970757
-0.998816 -0.973915
-0.997807 -0.971612
-0.998135 -0.974727
-1.00038 -0.971243
-0.996616 -0.974682
-0.998592 -0.971895
-0.998841 -0.973872
-0.99828 -0.973308
-0.999263 -0.972784
-0.997673 -0.973337
-0.99641 -0.973176
-0.997588 -0.972919
-0.997232 -0.972685
-0.999081 -0.971389
-0.997111 -0.974113
-0.996458 -0.972443
-0.998916 -0.971828
-0.997991 -0.971917
-0.997292 -0.972822
-0.997311 -0.972947
-0.998495 -0.970925
-0.998837 -0.971746
-0.995569 -0.972107
-0.998415 -0.972474
-0.99782 -0.970419
-0.997031 -0.972621
-0.995907 -0.972408
-0.999851 -0.972385
-0.996765 -0.972934
-0.999447 -0.971129
-0.996897 -0.972703
-0.9983 -0.973215
-0.99895 -0.971691
-0.996996 -0.971715
-0.997215 -0.972913
-0.997465 -0.971975
-0.997518 -0.972827
-0.997899 -0.97097
-0.99709 -0.973791
-0.999067 -0.97212
-0.998875 -0.972841
-0.996503 -0.973872
-0.996836 -0.971078
-0.997788 -0.971503
-0.996796 -0.971798
-0.997634 -0.973245
-0.996663 -0.971051
-0.998197 -0.971364
-0.996918 -0.973608
-0.998712 -0.970797
-0.995989 -0.973336
-0.99805 -0.971881
-0.997186 -0.971887
-0.99825 -0.972016
-0.995405 -0.973392
-0.999678 -0.972989
-0.997302 -0.971459
-0.997564 -0.971515
-0.996136 -0.97304
-0.999404 -0.970235
-0.996432 -0.973638
-0.997989 -0.97211
-0.995877 -0.971954
-0.998037 -0.97265
-0.995635 -0.973007
-0.997707 -0.972012
-0.996046 -0.971925
-0.995871 -0.973658
-0.99783 -0.970951
-0.99659 -0.973216
-0.996834 -0.972657
-0.996036 -0.971391
-0.997065 -0.973805
-0.996731 -0.972649
-0.996501 -0.972094
-0.996675 -0.971074
-0.995325 -0.973301
-0.996993 -0.972514
-0.99491 -0.973161
-0.996043 -0.97189
-0.995934 -0.971701
-0.996052 -0.973492
-0.997297 -0.972914
-0.997094 -0.973822
-0.996837 -0.971046
-0.997029 -0.972851
-0.997571 -0.972167
-0.99671 -0.971297
-0.996637 -0.972544
-0.996727 -0.971593
-0.998595 -0.971013
-0.9969 -0.972528
-0.998681 -0.971001
-0.996659 -0.970887
-0.997548 -0.972329
-0.996935 -0.969259
-0.99759 -0.971888
-0.996049 -0.970375
-0.995556 -0.972841
-0.997915 -0.969993
-0.996581 -0.970874
-0.99531 -0.972487
-0.995365 -0.971577
-0.996365 -0.97125
-0.996429 -0.970984
-0.994315 -0.972275
-0.996958 -0.971886
-0.995463 -0.971163
-0.995949 -0.972506
-0.995442 -0.971211
-0.995299 -0.971526
-0.996146 -0.972471
-0.996565 -0.97078
-0.994223 -0.971775
-0.996482 -0.971315
-0.994613 -0.971876
-0.995939 -0.971751
-0.99626 -0.971123
-0.998724 -0.97122
-0.995238 -0.971255
-0.996308 -0.97087
-0.995574 -0.972236
-0.994741 -0.97106
-0.995335 -0.969679
-0.993873 -0.972208
-0.992589 -0.971077
-0.995544 -0.96977
-0.994458 -0.972518
-0.99553 -0.969938
-0.996042 -0.970112
-0.995526 -0.971057
-0.99532 -0.970449
-0.995493 -0.969988
-0.994177 -0.969645
-0.993976 -0.97187
-0.995162 -0.967975
-0.994395 -0.969978
-0.993103 -0.970778
-0.994608 -0.969272
-0.994206 -0.968635
-0.996192 -0.969592
-0.992686 -0.970268
-0.99668 -0.969195
-0.994026 -0.970199
-0.993589 -0.969133
-0.992902 -0.968571
-0.993733 -0.971419
-0.992453 -0.967996
-0.994934 -0.970173
-0.992953 -0.969676
-0.993973 -0.968684
-0.99624 -0.967065
-0.99638 -0.970412
-0.993538 -0.96712
-0.995725 -0.968507
-0.993666 -0.966318
-0.993933 -0.967886
-0.993244 -0.967878
-0.995065 -0.966778
-0.994266 -0.968564
-0.996552 -0.966338
-0.994176 -0.968676
-0.994295 -0.967237
-0.994606 -0.967575
-0.995126 -0.967533
-0.993456 -0.967438
-0.994757 -0.968058
-0.993187 -0.969321
-0.993906 -0.968046
-0.995426 -0.968455
-0.993493 -0.969087
-0.994202 -0.966638
-0.993192 -0.967457
-0.99544 -0.968548
-0.993803 -0.968767
-0.995519 -0.965006
-0.994142 -0.97079
-0.99361 -0.967253
-0.995049 -0.967847
-0.994869 -0.968932
-0.993912 -0.966653
-0.994365 -0.967698
-0.994181 -0.967999
-0.995234 -0.967445
-0.993725 -0.968694
-0.994642 -0.96768
-0.994487 -0.967265
-0.994416 -0.966059
-0.994763 -0.967735
-0.994262 -0.969129
-0.994813 -0.966403
-0.993638 -0.967053
-0.994132 -0.968687
-0.9967 -0.966358
-0.993595 -0.967773
-0.994441 -0.967969
-0.994754 -0.966868
-0.994239 -0.967219
-0.994701 -0.966789
-0.992296 -0.96849
-0.997479 -0.966091
-0.992752 -0.967757
-0.996015 -0.966176
-0.994993 -0.966643
-0.995864 -0.966683
-0.995028 -0.96647
-0.994604 -0.966892
-0.994859 -0.965323
-0.994334 -0.966295
-0.994588 -0.967731
-0.994652 -0.966529
-0.99312 -0.965839
-0.994574 -0.968218
-0.993211 -0.966714
-0.993915 -0.967369
-0.992431 -0.9671
-0.994991 -0.964784
-0.992092 -0.967585
-0.994837 -0.965871
-0.992917 -0.967279
-0.994505 -0.966793
-0.99497 -0.967353
-0.993692 -0.968037
-0.99603 -0.966416
-0.994403 -0.968515
-0.992617 -0.967537
-0.994966 -0.966216
-0.991136 -0.967994
-0.995117 -0.965674
-0.992712 -0.967814
-0.994416 -0.966702
-0.994289 -0.965412
-0.993503 -0.96826
-0.994974 -0.966071
-0.995077 -0.966832
-0.994481 -0.965841
-0.992996 -0.968425
-0.995913 -0.964462
-0.995393 -0.964253
-0.992875 -0.967301
-0.995674 -0.964049
-0.994369 -0.965653
-0.993047 -0.965876
-0.992876 -0.964506
-0.992631 -0.967193
-0.993284 -0.965153
-0.993632 -0.966189
-0.991588 -0.966954
-0.992461 -0.964418
-0.994413 -0.964967
-0.991587 -0.96608
-0.992638 -0.965256
-0.994653 -0.964725
-0.99086 -0.96746
-0.992965 -0.965715
-0.991444 -0.964751
-0.99221 -0.965496
-0.993614 -0.965849
-0.992244 -0.965901
-0.993865 -0.965596
-0.99222 -0.966838
-0.991717 -0.965582
-0.991843 -0.965233
-0.990102 -0.968118
-0.992038 -0.965152
-0.989956 -0.966997
-0.992251 -0.965641
-0.990047 -0.965961
-0.991309 -0.9657
-0.991334 -0.966266
-0.990247 -0.965881
-0.992786 -0.964392
-0.989916 -0.966326
-0.991731 -0.965625
-0.991698 -0.965554
-0.990008 -0.965134
-0.990122 -0.966089
-0.991449 -0.964498
-0.989324 -0.96769
-0.989271 -0.966236
-0.990864 -0.964785
-0.990011 -0.967877
-0.989019 -0.966373
-0.990675 -0.96511
-0.990101 -0.967769
-0.99097 -0.965703
-0.989544 -0.967014
-0.989424 -0.96644
-0.989052 -0.966346
-0.989714 -0.964684
-0.992129 -0.963965
-0.987783 -0.967618
-0.99146 -0.963887
-0.990349 -0.964705
-0.990964 -0.965418
-0.98863 -0.965712
-0.991493 -0.963309
-0.989165 -0.964654
-0.991085 -0.962368
-0.989679 -0.966043
-0.99061 -0.963143
-0.991174 -0.96389
-0.99027 -0.965131
-0.989579 -0.963901
-0.990994 -0.9637
-0.98986 -0.964639
-0.99008 -0.965123
-0.990221 -0.963625
-0.990807 -0.963721
-0.990134 -0.96465
-0.991628 -0.963129
-0.991656 -0.965423
-0.991515 -0.963262
-0.992291 -0.962213
-0.990199 -0.964361
-0.990793 -0.962076
-0.991876 -0.964731
-0.991358 -0.963835
-0.991637 -0.961434
-0.989425 -0.96596
-0.991943 -0.96196
-0.98903 -0.965985
-0.992801 -0.962344
-0.98783 -0.965461
-0.992427 -0.964597
-0.989762 -0.963044
-0.989974 -0.964802
-0.989473 -0.964354
-0.99015 -0.963232
-0.989467 -0.965162
-0.99045 -0.963683
-0.99166 -0.96476
-0.990964 -0.961483
-0.989284 -0.96637
-0.991041 -0.962058
-0.991805 -0.963798
-0.989459 -0.964011
-0.988975 -0.963245
-0.9903 -0.962126
-0.991003 -0.964215
-0.99007 -0.964622
-0.99051 -0.96278
-0.989252 -0.96358
-0.991111 -0.964377
-0.989585 -0.963654
-0.989023 -0.963093
-0.989133 -0.964031
-0.989832 -0.961981
-0.988475 -0.962859
-0.988473 -0.964017
-0.98998 -0.963055
-0.989187 -0.962583
-0.988534 -0.962946
-0.989414 -0.964313
-0.989956 -0.961115
-0.990109 -0.963177
-0.988021 -0.962677
-0.988994 -0.964004
-0.989077 -0.963008
-0.989476 -0.961341
-0.98803 -0.963764
-0.98805 -0.963718
-0.988435 -0.961928
-0.988537 -0.963101
-0.987969 -0.964621
-0.987049 -0.961928
-0.98882 -0.963239
-0.989051 -0.962708
-0.988835 -0.9635
-0.987639 -0.965524
-0.990718 -0.960158
-0.989147 -0.964314
-0.987612 -0.964287
-0.989483 -0.961943
-0.990056 -0.961838
-0.986705 -0.964497
-0.989947 -0.96169
-0.987191 -0.962993
-0.98969 -0.962477
-0.987872 -0.962736
-0.98974 -0.962007
-0.987443 -0.964176
-0.990331 -0.960957
-0.985864 -0.964447
-0.991216 -0.95826
-0.986767 -0.965646
-0.98866 -0.960198
-0.989862 -0.962872
-0.987473 -0.962026
-0.990519 -0.96176
-0.988423 -0.961803
-0.990616 -0.961891
-0.987149 -0.961648
-0.989646 -0.961633
-0.988679 -0.960447
-0.989544 -0.962659
-0.989771 -0.961401
-0.989863 -0.961707
-0.989153 -0.962105
-0.987909 -0.961947
-0.990699 -0.960963
-0.988078 -0.963082
-0.987986 -0.961369
-0.989154 -0.962024
-0.988833 -0.962032
-0.98887 -0.961324
-0.989279 -0.963546
-0.988332 -0.962512
-0.98967 -0.96026
-0.988813 -0.963659
-0.9898 -0.96136
-0.990394 -0.960895
-0.987728 -0.962284
-0.990514 -0.961322
-0.989579 -0.960263
-0.989534 -0.963319
-0.988675 -0.959922
-0.988581 -0.962089
-0.989261 -0.959031
-0.988129 -0.963841
-0.989605 -0.958738
-0.989723 -0.961289
-0.988775 -0.963024
-0.990761 -0.960444
-0.987554 -0.962432
-0.989271 -0.961407
-0.988702 -0.960569
-0.986272 -0.962109
-0.986951 -0.960559
-0.989921 -0.960714
-0.986965 -0.960345
-0.987541 -0.96222
-0.98955 -0.95955
-0.987625 -0.960756
-0.989601 -0.960874
-0.98981 -0.959594
-0.987512 -0.96149
-0.988415 -0.959349
-0.98903 -0.960607
-0.988258 -0.959528
-0.987148 -0.959732
-0.987183 -0.959827
-0.987749 -0.959972
-0.988216 -0.959647
-0.986127 -0.961508
-0.988569 -0.959501
-0.986075 -0.959942
-0.986229 -0.96179
-0.987545 -0.959447
-0.985751 -0.960233
-0.985308 -0.960448
-0.987175 -0.961718
-0.98618 -0.960745
-0.988575 -0.95793
-0.98593 -0.96117
-0.986603 -0.96008
-0.987431 -0.959219
-0.986755 -0.959213
-0.98583 -0.961035
-0.986214 -0.95878
-0.987484 -0.958353
-0.985241 -0.960757
-0.987491 -0.960299
-0.987579 -0.958175
-0.987044 -0.9608
-0.987321 -0.958981
-0.988479 -0.96043
-0.986125 -0.959539
-0.987331 -0.959159
-0.986573 -0.960955
-0.985757 -0.959827
-0.987142 -0.960294
-0.985607 -0.960637
-0.986236 -0.958751
-0.98691 -0.961457
-0.985191 -0.961683
-0.987066 -0.959769
-0.986819 -0.959241
-0.986125 -0.959943
-0.985975 -0.961133
-0.987705 -0.959822
-0.987987 -0.96036
-0.986059 -0.961023
-0.986553 -0.958595
-0.985724 -0.960802
-0.987699 -0.959001
-0.986094 -0.959564
-0.984738 -0.960439
-0.98671 -0.958208
-0.986561 -0.960828
-0.986395 -0.959753
-0.987576 -0.959939
-0.985553 -0.958874
-0.984443 -0.960543
-0.986894 -0.959168
-0.984772 -0.96
-0.984487 -0.960026
-0.987528 -0.958143
-0.983237 -0.960942
-0.986073 -0.959399
-0.986215 -0.959368
-0.984857 -0.959549
-0.985405 -0.959785
-0.985324 -0.959294
-0.985887 -0.959408
-0.985515 -0.959304
-0.985387 -0.959198
-0.986037 -0.958975
-0.983037 -0.961075
-0.988335 -0.955988
-0.983126 -0.959709
-0.985388 -0.958224
-0.985073 -0.957753
-0.98486 -0.959659
-0.985107 -0.957312
-0.985673 -0.95828
-0.984224 -0.959025
-0.984482 -0.958707
-0.987418 -0.956969
-0.983009 -0.960587
-0.985993 -0.957174
-0.985462 -0.956274
-0.984674 -0.961395
-0.985397 -0.955399
-0.983512 -0.959546
-0.986049 -0.953802
-0.984622 -0.958873
-0.984242 -0.957491
-0.985316 -0.955833
-0.985605 -0.956576
-0.985091 -0.956747
-0.986396 -0.955336
-0.983588 -0.958259
-0.984927 -0.955617
-0.983738 -0.956267
-0.981169 -0.957522
-0.984851 -0.956374
-0.98032 -0.958081
-0.983081 -0.956683
-0.982573 -0.957011
-0.982737 -0.957378
-0.983474 -0.956827
-0.982479 -0.9588
-0.982884 -0.955395
-0.983349 -0.956787
-0.983489 -0.956829
-0.982822 -0.95685
-0.984637 -0.957273
-0.983106 -0.956834
-0.985015 -0.957178
-0.984165 -0.955892
-0.982795 -0.958125
-0.983835 -0.9579
-0.981878 -0.956581
-0.982889 -0.955801
-0.981781 -0.958325
-0.983151 -0.95723
-0.98287 -0.958024
-0.981708 -0.955921
-0.981537 -0.958673
-0.981199 -0.957618
-0.984346 -0.957013
-0.983066 -0.959183
-0.981667 -0.95889
-0.98196 -0.957493
-0.983135 -0.955716
-0.980544 -0.95874
-0.981884 -0.958858
-0.982578 -0.9566
-0.982795 -0.958388
-0.981803 -0.957154
-0.981958 -0.956843
-0.981464 -0.957005
-0.981538 -0.958294
-0.982007 -0.956702
-0.980937 -0.956705
-0.981358 -0.957018
-0.981221 -0.957074
-0.982414 -0.95505
-0.98035 -0.958128
-0.982959 -0.955375
-0.981148 -0.957683
-0.983945 -0.955458
-0.981263 -0.95768
-0.984151 -0.956743
-0.981064 -0.956035
-0.983367 -0.956141
-0.982062 -0.95663
-0.981562 -0.955645
-0.982663 -0.957197
-0.982014 -0.954956
-0.98218 -0.957783
-0.983108 -0.955994
-0.981794 -0.956643
-0.98197 -0.957565
-0.981473 -0.955111
-0.981817 -0.956728
-0.980199 -0.957963
-0.983256 -0.955978
-0.980231 -0.958402
-0.982879 -0.955198
-0.981863 -0.956566
-0.98153 -0.95875
-0.981577 -0.95697
-0.982465 -0.955515
-0.978248 -0.958303
-0.982343 -0.956359
-0.981841 -0.957609
-0.982124 -0.954094
-0.980725 -0.957786
-0.981714 -0.954823
-0.981802 -0.95544
-0.982703 -0.954057
-0.979228 -0.956475
-0.983166 -0.954543
-0.981581 -0.956519
-0.982358 -0.955695
-0.981856 -0.957168
-0.980643 -0.954859
-0.979805 -0.956659
-0.980255 -0.955895
-0.9796 -0.957162
-0.981577 -0.955774
-0.980522 -0.957314
-0.981145 -0.956085
-0.9805 -0.958859
-0.981825 -0.95482
-0.979057 -0.958773
-0.981664 -0.955798
-0.979972 -0.955745
-0.979713 -0.958069
-0.981355 -0.954624
-0.98134 -0.956682
-0.983025 -0.954487
-0.980094 -0.95714
-0.982772 -0.956361
-0.981497 -0.953982
-0.979406 -0.956564
-0.979273 -0.956046
-0.98076 -0.95549
-0.980746 -0.956408
-0.980222 -0.957346
-0.980719 -0.954426
-0.979808 -0.9572
-0.981853 -0.956628
-0.979691 -0.955343
-0.979787 -0.957105
-0.9806 -0.956318
-0.979738 -0.95581
-0.979476 -0.956828
-0.980007 -0.957795
-0.980587 -0.955122
-0.980162 -0.956222
-0.979231 -0.957653
-0.979543 -0.955526
-0.978532 -0.956666
-0.981216 -0.956062
-0.978412 -0.956792
-0.979921 -0.955429
-0.97918 -0.95634
-0.980002 -0.956048
-0.977669 -0.956025
-0.980152 -0.956015
-0.977725 -0.956188
-0.98011 -0.954658
-0.976399 -0.957123
-0.979677 -0.95554
-0.978052 -0.955428
-0.977401 -0.958596
-0.979091 -0.952904
-0.978458 -0.956453
-0.976443 -0.956263
-0.978902 -0.955767
-0.977494 -0.95376
-0.977256 -0.956916
-0.977828 -0.956017
-0.978926 -0.953705
-0.977376 -0.956876
-0.978139 -0.954653
-0.97917 -0.953631
-0.979049 -0.956009
-0.977812 -0.954275
-0.978864 -0.956701
-0.978858 -0.953784
-0.977312 -0.955718
-0.976388 -0.956833
-0.978354 -0.953084
-0.975671 -0.957928
-0.978749 -0.95482
-0.976497 -0.955234
-0.977552 -0.956183
-0.977576 -0.955309
-0.978722 -0.956653
-0.978201 -0.956012
-0.977842 -0.956328
-0.977987 -0.956973
-0.978648 -0.955892
-0.977737 -0.955605
-0.978238 -0.95574
-0.977962 -0.95429
-0.97763 -0.956285
-0.976406 -0.956137
-0.979426 -0.954777
-0.977453 -0.954968
-0.978836 -0.954787
-0.976117 -0.954946
-0.978148 -0.954668
-0.976987 -0.954642
-0.977539 -0.954337
-0.97727 -0.955088
-0.976706 -0.954561
-0.978129 -0.954406
-0.976543 -0.953506
-0.976605 -0.956263
-0.977784 -0.952566
-0.977606 -0.954443
-0.974378 -0.954808
-0.979149 -0.952819
-0.977692 -0.953499
-0.975906 -0.954562
-0.977913 -0.952916
-0.977784 -0.953521
-0.977588 -0.954326
-0.978305 -0.952095
-0.976925 -0.954048
-0.978223 -0.953685
-0.976665 -0.952096
-0.976796 -0.954518
-0.978361 -0.952768
-0.978711 -0.952372
-0.975389 -0.956672
-0.980499 -0.950532
-0.977936 -0.95507
-0.976393 -0.955182
-0.977966 -0.951574
-0.975816 -0.955128
-0.977548 -0.95386
-0.977166 -0.95232
-0.977232 -0.954363
-0.977186 -0.955009
-0.977495 -0.952421
-0.977479 -0.953507
-0.976509 -0.953691
-0.975993 -0.952688
-0.974724 -0.953724
-0.977304 -0.953037
-0.97772 -0.953561
-0.975414 -0.953502
-0.97573 -0.953407
-0.976779 -0.951338
-0.976722 -0.953389
-0.976071 -0.953596
-0.97808 -0.95314
-0.975796 -0.953564
-0.97546 -0.953803
-0.97719 -0.952974
-0.976759 -0.953958
-0.97551 -0.953889
-0.976202 -0.953001
-0.977345 -0.95284
-0.97495 -0.954691
-0.97753 -0.953757
-0.974223 -0.9535
-0.97736 -0.95334
-0.973987 -0.954121
-0.975711 -0.951326
-0.97446 -0.955653
-0.97606 -0.952831
-0.975908 -0.952538
-0.9743 -0.954767
-0.975567 -0.952125
-0.974721 -0.954108
-0.974593 -0.952847
-0.976608 -0.950487
-0.974943 -0.955179
-0.974945 -0.952785
-0.978432 -0.952008
-0.974835 -0.95212
-0.977117 -0.952994
-0.976146 -0.951164
-0.977352 -0.95215
-0.97894 -0.949544
-0.975526 -0.951851
-0.978423 -0.950561
-0.976858 -0.951895
-0.976882 -0.951525
-0.977081 -0.950688
-0.976406 -0.951566
-0.97677 -0.95245
-0.976647 -0.949499
-0.974464 -0.953473
-0.977627 -0.950906
-0.975417 -0.951929
-0.97487 -0.951963
-0.975981 -0.95204
-0.976957 -0.949555
-0.974831 -0.953694
-0.976973 -0.952057
-0.976525 -0.950989
-0.977016 -0.950662
-0.976377 -0.952831
-0.976739 -0.950428
-0.975847 -0.951744
-0.977058 -0.950273
-0.977558 -0.950592
-0.975839 -0.951445
-0.976873 -0.950374
-0.977524 -0.949982
-0.975512 -0.952413
-0.977745 -0.949518
-0.974192 -0.953163
-0.977304 -0.949655
-0.975993 -0.951808
-0.976351 -0.951314
-0.976061 -0.953584
-0.978291 -0.949722
-0.975077 -0.952306
-0.976848 -0.951021
-0.976241 -0.951396
-0.975218 -0.952491
-0.975353 -0.951249
-0.975498 -0.952698
-0.974691 -0.951914
-0.974851 -0.951868
-0.975756 -0.952659
-0.975043 -0.95202
-0.97513 -0.951659
-0.976473 -0.952763
-0.975906 -0.952411
-0.975188 -0.951288
-0.975104 -0.950959
-0.975568 -0.951122
-0.975031 -0.951941
-0.97692 -0.952161
-0.976657 -0.950137
-0.974884 -0.951818
-0.976109 -0.951276
-0.974598 -0.950165
-0.975623 -0.950214
-0.97291 -0.953322
-0.976907 -0.949552
-0.975215 -0.950531
-0.976218 -0.951099
-0.976545 -0.950673
-0.975916 -0.952147
-0.975967 -0.949357
-0.976212 -0.949723
-0.973846 -0.95068
-0.976332 -0.948934
-0.976951 -0.949968
-0.973774 -0.949581
-0.975491 -0.950064
-0.976803 -0.949252
-0.975274 -0.950363
-0.975537 -0.951114
-0.974736 -0.949844
-0.974379 -0.948732
-0.973336 -0.951434
-0.974863 -0.947899
-0.974296 -0.950032
-0.973813 -0.949825
-0.975127 -0.948588
-0.974867 -0.950203
-0.976807 -0.948344
-0.974187 -0.95038
-0.975441 -0.948948
-0.974376 -0.948353
-0.974674 -0.95105
-0.97476 -0.950033
-0.974308 -0.948409
-0.97386 -0.948462
-0.973224 -0.949358
-0.974781 -0.949331
-0.975741 -0.948298
-0.973441 -0.949439
-0.97421 -0.949509
-0.975277 -0.94818
-0.972814 -0.949043
-0.973318 -0.9495
-0.974773 -0.947736
-0.97239 -0.949033
-0.973583 -0.950717
-0.973552 -0.949177
-0.973791 -0.948495
-0.974665 -0.949543
-0.973508 -0.950088
-0.975775 -0.94793
-0.974825 -0.950227
-0.974492 -0.948336
-0.976832 -0.948244
-0.974458 -0.950345
-0.975496 -0.948766
-0.976157 -0.950263
-0.97498 -0.949646
-0.975128 -0.948697
-0.976986 -0.948867
-0.973358 -0.949268
-0.974321 -0.950193
-0.975138 -0.948378
-0.974026 -0.949648
-0.97447 -0.950527
-0.974085 -0.94945
-0.974423 -0.948642
-0.973097 -0.949806
-0.974371 -0.949349
-0.973071 -0.948975
-0.976556 -0.947777
-0.973407 -0.949057
-0.974001 -0.949235
-0.97478 -0.948625
-0.975262 -0.948523
-0.975729 -0.947438
-0.972798 -0.949881
-0.976114 -0.947512
-0.974202 -0.948312
-0.975711 -0.948093
-0.975652 -0.947992
-0.97554 -0.947519
-0.9757 -0.948539
-0.973637 -0.948566
-0.976238 -0.946716
-0.973656 -0.950411
-0.974292 -0.946871
-0.973463 -0.948267
-0.973541 -0.947857
-0.974875 -0.948497
-0.972365 -0.949805
-0.974659 -0.94786
-0.97314 -0.948572
-0.973183 -0.949096
-0.972143 -0.948506
-0.973544 -0.948321
-0.973412 -0.947561
-0.972186 -0.949676
-0.974908 -0.947126
-0.974947 -0.948125
-0.973122 -0.949473
-0.973077 -0.94913
-0.974469 -0.947999
-0.971498 -0.948828
-0.97156 -0.947122
-0.970646 -0.949667
-0.973398 -0.947762
-0.972956 -0.947042
-0.97158 -0.950476
-0.973649 -0.945742
-0.971973 -0.949048
-0.971114 -0.949599
-0.973941 -0.947227
-0.971488 -0.948494
-0.97244 -0.949838
-0.971976 -0.948618
-0.973734 -0.948454
-0.970935 -0.951407
-0.97254 -0.946757
-0.969987 -0.951095
