0 0
-0.0871574 -0.0820163
-0.171512 -0.161638
-0.252894 -0.238695
-0.331228 -0.313126
-0.40667 -0.38523
-0.478964 -0.454515
-0.548545 -0.520997
-0.615348 -0.585903
-0.678341 -0.645999
-0.737673 -0.706741
-0.795829 -0.762481
-0.849408 -0.815822
-0.900883 -0.865595
-0.9474 -0.914075
-0.991647 -0.96086
-1.03418 -1.003
-1.07025 -1.04221
-1.10509 -1.08083
-1.13609 -1.11566
-1.16135 -1.15041
-1.18619 -1.17706
-1.20777 -1.20821
-1.22426 -1.23107
-1.23904 -1.25793
-1.24947 -1.27794
-1.26261 -1.29721
-1.27099 -1.31328
-1.27772 -1.33016
-1.28214 -1.34918
-1.28669 -1.36021
-1.28896 -1.35794
-1.28987 -1.36249
-1.2885 -1.35932
-1.28837 -1.36092
-1.28663 -1.35786
-1.2895 -1.36083
-1.28849 -1.36109
-1.28906 -1.35862
-1.28796 -1.35962
-1.28888 -1.35777
-1.28688 -1.35854
-1.28846 -1.35992
-1.28778 -1.358
-1.2862 -1.35956
-1.28781 -1.35888
-1.28922 -1.35555
-1.28696 -1.35788
-1.288 -1.35926
-1.28757 -1.35581
-1.2901 -1.35622
-1.28523 -1.35716
-1.28958 -1.357
-1.28618 -1.35651
-1.28741 -1.35615
-1.28839 -1.3534
-1.28776 -1.35651
-1.28911 -1.35658
-1.28386 -1.35615
-1.28952 -1.35476
-1.28288 -1.36021
-1.28957 -1.35181
-1.28536 -1.35931
-1.28746 -1.35917
-1.28647 -1.35701
-1.28522 -1.35518
-1.2878 -1.35778
-1.28815 -1.35395
-1.28518 -1.35652
-1.28717 -1.35453
-1.28869 -1.35584
-1.2825 -1.35686
-1.28804 -1.35337
-1.28483 -1.35704
-1.28706 -1.35324
-1.28532 -1.35449
-1.28624 -1.35625
-1.28549 -1.35174
-1.28729 -1.35431
-1.28528 -1.35334
-1.2871 -1.35496
-1.28575 -1.35199
-1.28578 -1.35409
-1.28883 -1.35205
-1.28476 -1.35421
-1.28723 -1.3522
-1.28531 -1.35201
-1.28649 -1.35274
-1.2856 -1.3527
-1.28642 -1.35271
-1.28468 -1.35172
-1.28449 -1.35242
-1.2841 -1.35185
-1.28511 -1.35441
-1.28514 -1.35039
-1.28689 -1.35222
-1.28392 -1.35328
-1.28572 -1.35172
-1.28172 -1.3536
-1.28585 -1.35419
-1.28324 -1.35176
-1.28423 -1.35404
-1.2851 -1.35418
-1.28226 -1.35189
-1.28272 -1.35436
-1.28427 -1.35461
-1.28321 -1.35246
-1.28242 -1.35336
-1.28618 -1.355
-1.2819 -1.35493
-1.28317 -1.35248
-1.28301 -1.35409
-1.28232 -1.35269
-1.28241 -1.35031
-1.28319 -1.35533
-1.28066 -1.3534
-1.28258 -1.35258
-1.28333 -1.35342
-1.28317 -1.35275
-1.28208 -1.35243
-1.2815 -1.35505
-1.28249 -1.35282
-1.28302 -1.3518
-1.28005 -1.35496
-1.28503 -1.3523
-1.28203 -1.35304
-1.28131 -1.35378
-1.28574 -1.3537
-1.27941 -1.35401
-1.28333 -1.35467
-1.28185 -1.35313
-1.28171 -1.35192
-1.28395 -1.3529
-1.28137 -1.35124
-1.28212 -1.35208
-1.28414 -1.35085
-1.28232 -1.35329
-1.28132 -1.35275
-1.28301 -1.3524
-1.27976 -1.35231
-1.2812 -1.35251
-1.28084 -1.35203
-1.28285 -1.35373
-1.28285 -1.35105
-1.28149 -1.35304
-1.28136 -1.34909
-1.28252 -1.35209
-1.28304 -1.35222
-1.28183 -1.35251
-1.28264 -1.35131
-1.28023 -1.35087
-1.28418 -1.3492
-1.28141 -1.34961
-1.28061 -1.34921
-1.28072 -1.35464
-1.28382 -1.35045
-1.28028 -1.34989
-1.28415 -1.34668
-1.28338 -1.34976
-1.28107 -1.3465
-1.28307 -1.35044
-1.2821 -1.35017
-1.28247 -1.34744
-1.2839 -1.35043
-1.28121 -1.34923
-1.28324 -1.34932
-1.28423 -1.34785
-1.28129 -1.35309
-1.2799 -1.34887
-1.28298 -1.34923
-1.28417 -1.34723
-1.28243 -1.35156
-1.2822 -1.34858
-1.28161 -1.34995
-1.28351 -1.3469
-1.28163 -1.35161
-1.28299 -1.34934
-1.28126 -1.35183
-1.28355 -1.34732
-1.27901 -1.34728
-1.28329 -1.34962
-1.28175 -1.35049
-1.28254 -1.34914
-1.28313 -1.35071
-1.28173 -1.34799
-1.28351 -1.34945
-1.28129 -1.34788
-1.28136 -1.35087
-1.28257 -1.34733
-1.28284 -1.35123
-1.28324 -1.34616
-1.27822 -1.35268
-1.28269 -1.3469
-1.28551 -1.34783
-1.27754 -1.35078
-1.28479 -1.34641
-1.28061 -1.34844
-1.28387 -1.34806
-1.27998 -1.34965
-1.28319 -1.34615
-1.28253 -1.34961
-1.28389 -1.34686
-1.28117 -1.34623
-1.28442 -1.34829
-1.28009 -1.34656
-1.28301 -1.34881
-1.28443 -1.34506
-1.2807 -1.34911
-1.28325 -1.34776
-1.27885 -1.34819
-1.28532 -1.34912
-1.27965 -1.34794
-1.28129 -1.34728
-1.28155 -1.34878
-1.28102 -1.34806
-1.28052 -1.34894
-1.2834 -1.34661
-1.28022 -1.34776
-1.27766 -1.3489
-1.28142 -1.34709
-1.28139 -1.34566
-1.27821 -1.34979
-1.27896 -1.34902
-1.28005 -1.34538
-1.28115 -1.3463
-1.28348 -1.3451
-1.28028 -1.34554
-1.27957 -1.34509
-1.28408 -1.34715
-1.27681 -1.34593
-1.28177 -1.34244
-1.28283 -1.34597
-1.27964 -1.34559
-1.28253 -1.34083
-1.28276 -1.34374
-1.281 -1.34432
-1.28102 -1.34483
-1.28302 -1.3416
-1.28243 -1.34094
-1.28324 -1.34413
-1.284 -1.34057
-1.28082 -1.34517
-1.28108 -1.34393
-1.28058 -1.34277
-1.28204 -1.34265
-1.28288 -1.34296
-1.28023 -1.3415
-1.28442 -1.34047
-1.27992 -1.34485
-1.28021 -1.34541
-1.28114 -1.34064
-1.28269 -1.33807
-1.28177 -1.34146
-1.28107 -1.34206
-1.27994 -1.34291
-1.28204 -1.3384
-1.28286 -1.34027
-1.28362 -1.33841
-1.28193 -1.342
-1.2814 -1.34081
-1.28014 -1.34104
-1.28527 -1.33704
-1.2812 -1.34334
-1.28194 -1.3386
-1.2829 -1.34126
-1.2815 -1.34171
-1.28116 -1.33884
-1.28192 -1.34235
-1.28218 -1.33947
-1.28315 -1.34294
-1.28424 -1.33863
-1.28135 -1.3431
-1.28223 -1.34246
-1.28491 -1.3386
-1.27974 -1.34532
-1.2841 -1.33733
-1.28083 -1.33858
-1.28195 -1.34054
-1.28338 -1.33933
-1.28187 -1.34144
-1.28333 -1.33586
-1.28183 -1.34281
-1.28127 -1.34266
-1.28147 -1.34081
-1.28407 -1.33914
-1.2802 -1.34026
-1.28263 -1.34045
-1.28394 -1.34142
-1.28243 -1.33908
-1.28536 -1.33838
-1.28076 -1.33995
-1.28114 -1.33943
-1.28437 -1.33796
-1.28287 -1.33771
-1.28041 -1.3411
-1.28261 -1.3388
-1.28303 -1.3381
-1.28033 -1.33984
-1.28481 -1.33726
-1.282 -1.34095
-1.28315 -1.337
-1.28163 -1.34005
-1.28614 -1.33797
-1.28245 -1.33919
-1.28517 -1.33634
-1.28231 -1.33793
-1.28267 -1.3406
-1.2814 -1.33646
-1.28506 -1.33956
-1.28188 -1.33707
-1.28318 -1.33581
-1.28244 -1.33786
-1.28215 -1.34133
-1.28107 -1.33832
-1.28175 -1.33758
-1.28447 -1.33691
-1.28275 -1.33886
-1.28107 -1.33773
-1.28186 -1.3388
-1.28463 -1.33559
-1.28155 -1.33896
-1.27833 -1.33858
-1.28208 -1.33676
-1.28013 -1.33784
-1.28171 -1.33677
-1.28065 -1.33668
-1.28166 -1.3371
-1.27865 -1.33738
-1.28243 -1.33717
-1.28207 -1.33494
-1.28006 -1.33728
-1.28162 -1.33602
-1.27963 -1.34155
-1.27976 -1.33266
-1.27992 -1.33744
-1.28 -1.33979
-1.28025 -1.33685
-1.2802 -1.33751
-1.28126 -1.3338
-1.27875 -1.33755
-1.28055 -1.33686
-1.27976 -1.33555
-1.27921 -1.33512
-1.28237 -1.33722
-1.28064 -1.33151
-1.2796 -1.33485
-1.2823 -1.3352
-1.27931 -1.33676
-1.27898 -1.33671
-1.28106 -1.33269
-1.28199 -1.33339
-1.27968 -1.33385
-1.28159 -1.33438
-1.28136 -1.33269
-1.2801 -1.33442
-1.2838 -1.33384
-1.28026 -1.33311
-1.2815 -1.33183
-1.28042 -1.33437
-1.27998 -1.33455
-1.2834 -1.33235
-1.28031 -1.33141
-1.28035 -1.33526
-1.28168 -1.33278
-1.27951 -1.33365
-1.28229 -1.33219
-1.28058 -1.33459
-1.28162 -1.33173
-1.28083 -1.33223
-1.28198 -1.32963
-1.28176 -1.33276
-1.2842 -1.33269
-1.27896 -1.33451
-1.28201 -1.33468
-1.28272 -1.33159
-1.27954 -1.3327
-1.2806 -1.33691
-1.28035 -1.33253
-1.28065 -1.33334
-1.2775 -1.33337
-1.28077 -1.33436
-1.27891 -1.33528
-1.27889 -1.33201
-1.27854 -1.33514
-1.27948 -1.33183
-1.27995 -1.3335
-1.28009 -1.33317
-1.27931 -1.33267
-1.28 -1.33293
-1.27898 -1.33401
-1.27951 -1.33257
-1.27766 -1.32973
-1.28031 -1.33329
-1.27857 -1.33252
-1.28018 -1.333
-1.27609 -1.33512
-1.27998 -1.33227
-1.28167 -1.32819
-1.28027 -1.32778
-1.27906 -1.33446
-1.27911 -1.33094
-1.27897 -1.33202
-1.27859 -1.32919
-1.2801 -1.32974
-1.2792 -1.33051
-1.27951 -1.33212
-1.28058 -1.32725
-1.28068 -1.33178
-1.27894 -1.33058
-1.27852 -1.33187
-1.28008 -1.33012
-1.28056 -1.33058
-1.27821 -1.33261
-1.27797 -1.3307
-1.27841 -1.33015
-1.27888 -1.33135
-1.27772 -1.33091
-1.27889 -1.33093
-1.27699 -1.33111
-1.28344 -1.32922
-1.27897 -1.33042
-1.27995 -1.32951
-1.27995 -1.32999
-1.27754 -1.32989
-1.27998 -1.3301
-1.27923 -1.32875
-1.28116 -1.33011
-1.27825 -1.329
-1.28087 -1.33076
-1.27716 -1.33185
-1.28329 -1.32755
-1.2763 -1.33396
-1.28236 -1.32927
-1.27915 -1.32976
-1.27996 -1.33028
-1.27898 -1.32853
-1.28022 -1.33181
-1.27748 -1.32984
-1.2786 -1.33062
-1.27831 -1.33154
-1.2762 -1.32938
-1.28115 -1.3314
-1.2756 -1.33132
-1.27718 -1.33251
-1.27587 -1.32996
-1.2766 -1.3312
-1.27874 -1.32832
-1.2754 -1.33071
-1.27496 -1.33363
-1.27913 -1.32713
-1.2751 -1.33347
-1.2763 -1.32772
-1.27931 -1.33011
-1.27568 -1.32835
-1.27606 -1.33249
-1.27714 -1.32592
-1.27833 -1.33049
-1.27653 -1.3258
-1.27893 -1.33045
-1.27654 -1.32802
-1.27733 -1.32709
-1.27535 -1.32772
-1.27888 -1.32836
-1.2751 -1.33014
-1.2772 -1.3266
-1.27693 -1.32733
-1.27535 -1.32979
-1.2767 -1.32798
-1.27553 -1.32523
-1.27749 -1.32836
-1.27673 -1.32692
-1.27412 -1.32978
-1.27547 -1.32719
-1.27433 -1.32869
-1.27764 -1.32749
-1.2736 -1.32841
-1.27642 -1.33149
-1.2734 -1.32819
-1.2797 -1.32685
-1.27466 -1.32787
-1.27477 -1.32984
-1.27621 -1.33014
-1.2743 -1.32818
-1.27451 -1.3318
-1.2759 -1.32743
-1.27375 -1.32807
-1.27415 -1.33199
-1.27351 -1.32981
-1.27593 -1.32846
-1.2769 -1.32979
-1.2738 -1.32884
-1.27482 -1.32632
-1.27555 -1.33301
-1.27023 -1.32717
-1.27583 -1.32612
-1.27499 -1.33137
-1.27506 -1.32685
-1.27264 -1.3312
-1.27251 -1.32876
-1.27462 -1.32783
-1.27331 -1.33268
-1.2725 -1.32834
-1.27475 -1.3309
-1.27233 -1.33165
-1.27448 -1.32863
-1.27312 -1.33011
-1.27393 -1.32784
-1.27376 -1.32963
-1.27408 -1.33122
-1.27262 -1.32535
-1.27617 -1.32933
-1.27189 -1.32843
-1.27586 -1.32742
-1.27014 -1.32867
-1.27461 -1.32714
-1.27514 -1.32713
-1.27289 -1.32805
-1.27309 -1.32751
-1.27515 -1.32352
-1.27267 -1.32763
-1.27144 -1.33031
-1.27436 -1.32533
-1.27313 -1.32535
-1.27233 -1.33137
-1.27236 -1.32445
-1.27143 -1.32832
-1.27511 -1.32777
-1.2712 -1.32644
-1.27477 -1.32567
-1.27306 -1.32713
-1.27161 -1.32923
-1.27349 -1.32574
-1.27339 -1.32675
-1.27225 -1.32524
-1.27406 -1.32663
-1.27413 -1.32518
-1.27145 -1.32975
-1.27401 -1.32269
-1.2726 -1.32875
-1.27125 -1.32407
-1.27419 -1.32373
-1.27464 -1.32748
-1.27087 -1.32775
-1.27537 -1.32209
-1.2726 -1.32501
-1.27302 -1.32467
-1.27388 -1.32092
-1.27199 -1.32502
-1.27392 -1.32202
-1.27375 -1.32373
-1.27249 -1.32265
-1.27523 -1.32249
-1.27263 -1.32291
-1.27378 -1.32118
-1.27128 -1.32473
-1.27611 -1.31983
-1.27234 -1.32319
-1.27553 -1.32297
-1.27363 -1.32314
-1.27599 -1.32035
-1.27301 -1.32279
-1.27284 -1.3248
-1.27601 -1.31966
-1.27231 -1.32452
-1.27381 -1.32282
-1.27402 -1.32271
-1.27556 -1.32223
-1.27447 -1.32388
-1.27383 -1.31832
-1.27753 -1.3238
-1.27207 -1.32226
-1.27105 -1.3212
-1.27677 -1.32123
-1.27183 -1.32264
-1.27622 -1.32162
-1.27238 -1.32239
-1.27648 -1.32138
-1.27319 -1.32043
-1.27358 -1.32149
-1.27431 -1.32142
-1.27487 -1.32162
-1.27221 -1.32169
-1.27233 -1.32152
-1.27451 -1.31959
-1.27566 -1.31844
-1.27101 -1.32277
-1.27417 -1.32034
-1.27172 -1.323
-1.27685 -1.31792
-1.27275 -1.32271
-1.27415 -1.31877
-1.27285 -1.32302
-1.27548 -1.31986
-1.27347 -1.32131
-1.27519 -1.31912
-1.27381 -1.3236
-1.2758 -1.31893
-1.26956 -1.32211
-1.27581 -1.31903
-1.27121 -1.32087
-1.27541 -1.32084
-1.27196 -1.32067
-1.27303 -1.32155
-1.27263 -1.31935
-1.27221 -1.32141
-1.27114 -1.32131
-1.27461 -1.32057
-1.26966 -1.32189
-1.27492 -1.32066
-1.27024 -1.32239
-1.27405 -1.31984
-1.27302 -1.3199
-1.27405 -1.31997
-1.27021 -1.32162
-1.27439 -1.31829
-1.27092 -1.32177
-1.27386 -1.31826
-1.2712 -1.32147
-1.2738 -1.31919
-1.27131 -1.32329
-1.27272 -1.32016
-1.27349 -1.31792
-1.27239 -1.31923
-1.27379 -1.31947
-1.27124 -1.31949
-1.2721 -1.31781
-1.27358 -1.3205
-1.27282 -1.31739
-1.27155 -1.3192
-1.27114 -1.32029
-1.27689 -1.3173
-1.27382 -1.31933
-1.27244 -1.31804
-1.27128 -1.32019
-1.27521 -1.31627
-1.27137 -1.3197
-1.27213 -1.31929
-1.27256 -1.31646
-1.26979 -1.32048
-1.27252 -1.31557
-1.27185 -1.32284
-1.27207 -1.31686
-1.27191 -1.31579
-1.27037 -1.31974
-1.27269 -1.31539
-1.2698 -1.32084
-1.27296 -1.31734
-1.27098 -1.3182
-1.27063 -1.31853
-1.26827 -1.31683
-1.26917 -1.32034
-1.27188 -1.31793
-1.26923 -1.32029
-1.26954 -1.31705
-1.27049 -1.31828
-1.27272 -1.31846
-1.26981 -1.31482
-1.2698 -1.32051
-1.27072 -1.31704
-1.26726 -1.31986
-1.2707 -1.31599
-1.27151 -1.31487
-1.26981 -1.32065
-1.26833 -1.31514
-1.27337 -1.31503
-1.2699 -1.31649
-1.27039 -1.31786
-1.27036 -1.31863
-1.26927 -1.31693
-1.26872 -1.31483
-1.27043 -1.31292
-1.26731 -1.31667
-1.27193 -1.31908
-1.26965 -1.31224
-1.26609 -1.31749
-1.27319 -1.31339
-1.26702 -1.31463
-1.27143 -1.31506
-1.26863 -1.31434
-1.26898 -1.31688
-1.26854 -1.31459
-1.2691 -1.31431
-1.26645 -1.31621
-1.26868 -1.31481
-1.26823 -1.3171
-1.26982 -1.31332
-1.26778 -1.31683
-1.2704 -1.31301
-1.26925 -1.31868
-1.27 -1.31153
-1.26855 -1.31658
-1.26827 -1.31679
-1.26752 -1.31458
-1.26898 -1.314
-1.26781 -1.3138
-1.26735 -1.31244
-1.2672 -1.31645
-1.26846 -1.31249
-1.27008 -1.31509
-1.26977 -1.31164
-1.26694 -1.31374
-1.26786 -1.31283
-1.26799 -1.31279
-1.26787 -1.31144
-1.26951 -1.3133
-1.26689 -1.31291
-1.26747 -1.31461
-1.26753 -1.31333
-1.26833 -1.31317
-1.27129 -1.31197
-1.26367 -1.31699
-1.26674 -1.31266
-1.26826 -1.31245
-1.2693 -1.3137
-1.26721 -1.31284
-1.26625 -1.31315
-1.26583 -1.31552
-1.2667 -1.31461
-1.26739 -1.31293
-1.26673 -1.31354
-1.26932 -1.31184
-1.26723 -1.31127
-1.26481 -1.3174
-1.2696 -1.31029
-1.26409 -1.31305
-1.26965 -1.31475
-1.26602 -1.31197
-1.26615 -1.3145
-1.26791 -1.31105
-1.26635 -1.31377
-1.26751 -1.31581
-1.2663 -1.31346
-1.26714 -1.31198
-1.26484 -1.31753
-1.26875 -1.3122
-1.26752 -1.31391
-1.26449 -1.31506
-1.26581 -1.31603
-1.26693 -1.31169
-1.26679 -1.31485
-1.26752 -1.31588
-1.26431 -1.31366
-1.26441 -1.31658
-1.26698 -1.31484
-1.26687 -1.31179
-1.26693 -1.31317
-1.26564 -1.31442
-1.26697 -1.31375
-1.2653 -1.31343
-1.26646 -1.31245
-1.26433 -1.31489
-1.26815 -1.31208
-1.26901 -1.31031
-1.26339 -1.31305
-1.26508 -1.31308
-1.26749 -1.3116
-1.26467 -1.31038
-1.27086 -1.3089
-1.26685 -1.31133
-1.26644 -1.31097
-1.26616 -1.30981
-1.26527 -1.30952
-1.26498 -1.31133
-1.26615 -1.30916
-1.26689 -1.30769
-1.26557 -1.31069
-1.26746 -1.31083
-1.26838 -1.3105
-1.26554 -1.30626
-1.26676 -1.31237
-1.26525 -1.31075
-1.26546 -1.31208
-1.26793 -1.308
-1.26575 -1.30907
-1.26262 -1.31336
-1.26468 -1.30909
-1.26731 -1.31224
-1.2658 -1.30783
-1.26323 -1.3132
-1.26666 -1.30899
-1.26468 -1.31118
-1.26663 -1.30753
-1.26357 -1.30972
-1.2669 -1.31191
-1.2651 -1.30887
-1.2659 -1.30938
-1.26398 -1.31035
-1.26602 -1.30822
-1.26622 -1.30868
-1.26663 -1.31133
-1.26657 -1.3055
-1.2664 -1.30961
-1.26548 -1.3105
-1.26573 -1.30816
-1.26854 -1.30858
-1.26596 -1.3084
-1.26674 -1.30819
-1.26588 -1.31162
-1.26832 -1.30516
-1.26341 -1.30954
-1.2666 -1.30974
-1.26827 -1.30677
-1.26535 -1.30865
-1.26423 -1.30726
-1.26511 -1.30965
-1.26838 -1.30666
-1.26691 -1.30867
-1.26347 -1.30983
-1.2664 -1.30849
-1.26584 -1.30567
-1.26781 -1.30777
-1.2649 -1.30674
-1.26325 -1.31101
-1.26838 -1.30569
-1.266 -1.30669
-1.26508 -1.30829
-1.26533 -1.30803
-1.26681 -1.3058
-1.26482 -1.30758
-1.2657 -1.30766
-1.26309 -1.30658
-1.26646 -1.30651
-1.26265 -1.30862
-1.26615 -1.3062
-1.26249 -1.30721
-1.26641 -1.30813
-1.26421 -1.30674
-1.26458 -1.30461
-1.26415 -1.30625
-1.2656 -1.30481
-1.26549 -1.30554
-1.26331 -1.30652
-1.2654 -1.30423
-1.26291 -1.30799
-1.26591 -1.30514
-1.2597 -1.30849
-1.26646 -1.3039
-1.26101 -1.30533
-1.26508 -1.30311
-1.26405 -1.30547
-1.26461 -1.30597
-1.26386 -1.30524
-1.26769 -1.3025
-1.26271 -1.3073
-1.26762 -1.30546
-1.26482 -1.30726
-1.26429 -1.30373
-1.26736 -1.30353
-1.26544 -1.30381
-1.26387 -1.30805
-1.26732 -1.30183
-1.26615 -1.30405
-1.26459 -1.30457
-1.26508 -1.30337
-1.26903 -1.30109
-1.26432 -1.30192
-1.26718 -1.30329
-1.26497 -1.30464
-1.26522 -1.30292
-1.26839 -1.30217
-1.26335 -1.30515
-1.26605 -1.30347
-1.26567 -1.30443
-1.26395 -1.30412
-1.2651 -1.30436
-1.26297 -1.30462
-1.26409 -1.30405
-1.26399 -1.30354
-1.26327 -1.30242
-1.26441 -1.30435
-1.26278 -1.30295
-1.26604 -1.30435
-1.26471 -1.30093
-1.26364 -1.30505
-1.26488 -1.30349
-1.26402 -1.30256
-1.26349 -1.30602
-1.26444 -1.29943
-1.26401 -1.30618
-1.26405 -1.30334
-1.26647 -1.30322
-1.26679 -1.30091
-1.2656 -1.3029
-1.26727 -1.30164
-1.2643 -1.30592
-1.26749 -1.30268
-1.26391 -1.30335
-1.26441 -1.30232
-1.26554 -1.30356
-1.26574 -1.30217
-1.26267 -1.30462
-1.26556 -1.2993
-1.26378 -1.30663
-1.26765 -1.30041
-1.26184 -1.30424
-1.26766 -1.30062
-1.26333 -1.30225
-1.26455 -1.30183
-1.26364 -1.30344
-1.26446 -1.30109
-1.26372 -1.30406
-1.26688 -1.29945
-1.26296 -1.30485
-1.26393 -1.30026
-1.26356 -1.30004
-1.26191 -1.30491
-1.26345 -1.30205
-1.26298 -1.30011
-1.26353 -1.30545
-1.26473 -1.30136
-1.26344 -1.30284
-1.26318 -1.30404
-1.26579 -1.30021
-1.26172 -1.30264
-1.26249 -1.30116
-1.26374 -1.30314
-1.2614 -1.30013
-1.26409 -1.30231
-1.26055 -1.30408
-1.26392 -1.29858
-1.26204 -1.30468
-1.26181 -1.3011
-1.26228 -1.30248
-1.26315 -1.3047
-1.2609 -1.30039
-1.26242 -1.30265
-1.26322 -1.30066
-1.26174 -1.30272
-1.26412 -1.30154
-1.26186 -1.30231
-1.25974 -1.30428
-1.25932 -1.30343
-1.26206 -1.30388
-1.25995 -1.3001
-1.26235 -1.30538
-1.26132 -1.30113
-1.25904 -1.30486
-1.26212 -1.30122
-1.26063 -1.30222
-1.25929 -1.30657
-1.25907 -1.30105
-1.25921 -1.30237
-1.263 -1.30357
-1.25766 -1.30386
-1.2612 -1.30027
-1.26283 -1.29869
-1.26106 -1.30257
-1.25962 -1.30177
-1.26245 -1.29952
-1.25914 -1.3019
-1.26207 -1.30055
-1.26005 -1.30175
-1.26227 -1.29919
-1.26088 -1.30099
-1.26014 -1.29881
-1.26251 -1.30118
-1.25844 -1.29992
-1.26122 -1.29992
-1.26138 -1.29927
-1.26019 -1.30265
-1.26247 -1.29979
-1.26212 -1.2989
-1.25788 -1.30033
-1.26112 -1.29981
-1.26066 -1.29911
-1.26026 -1.30236
-1.25983 -1.2974
-1.26107 -1.29822
-1.26148 -1.29972
-1.26081 -1.30213
-1.26165 -1.298
-1.26096 -1.29986
-1.25974 -1.29856
-1.26234 -1.29976
-1.26078 -1.29878
-1.26276 -1.29746
-1.26284 -1.297
-1.26289 -1.29845
-1.26267 -1.29747
-1.262 -1.29698
-1.26266 -1.29993
-1.26144 -1.2965
-1.26214 -1.29982
-1.25971 -1.29991
-1.2604 -1.30018
-1.26286 -1.29988
-1.26237 -1.29609
-1.26242 -1.30044
-1.25955 -1.29887
-1.26018 -1.29886
-1.26443 -1.29742
-1.26148 -1.29617
-1.25995 -1.30037
-1.2608 -1.29557
-1.26122 -1.29988
-1.26126 -1.29631
-1.2619 -1.29892
-1.25865 -1.29708
-1.26151 -1.29474
-1.26105 -1.29647
-1.25973 -1.2967
-1.26255 -1.29396
-1.25916 -1.29635
-1.26116 -1.29601
-1.26223 -1.29493
-1.26082 -1.29672
-1.26047 -1.29485
-1.26103 -1.29706
-1.26359 -1.29677
-1.25788 -1.29776
-1.2631 -1.29597
-1.26163 -1.29615
-1.261 -1.29678
-1.25933 -1.29354
-1.26191 -1.29662
-1.26063 -1.29544
-1.2586 -1.29753
-1.2624 -1.29631
-1.2613 -1.29447
-1.258 -1.29628
-1.263 -1.29512
-1.25972 -1.29687
-1.25863 -1.29598
-1.26519 -1.29171
-1.25974 -1.29656
-1.26264 -1.295
-1.25988 -1.29564
-1.26047 -1.29799
-1.26239 -1.29167
-1.26258 -1.29624
-1.25917 -1.29616
-1.26324 -1.29701
-1.26321 -1.29623
-1.26099 -1.29897
-1.2612 -1.29389
-1.26374 -1.29716
-1.25964 -1.29674
-1.26188 -1.29434
-1.26252 -1.29811
-1.26331 -1.29358
-1.2638 -1.29681
-1.25991 -1.29589
-1.26158 -1.29524
-1.26158 -1.29367
-1.26282 -1.29239
-1.26328 -1.29693
-1.26082 -1.29356
-1.26213 -1.29417
-1.26081 -1.29756
-1.26472 -1.29457
-1.26116 -1.29462
-1.26393 -1.29447
-1.26344 -1.29351
-1.25926 -1.29716
-1.26397 -1.2943
-1.26089 -1.2952
-1.26439 -1.29374
-1.26143 -1.29644
-1.26088 -1.29401
-1.26239 -1.29372
-1.26088 -1.29711
-1.2618 -1.29395
-1.26116 -1.29502
-1.26042 -1.29507
-1.25991 -1.29627
-1.25886 -1.29574
-1.26046 -1.29515
-1.26307 -1.2983
-1.25909 -1.29541
-1.26105 -1.29471
-1.26209 -1.29437
-1.25845 -1.2974
-1.26596 -1.29406
-1.25931 -1.29692
-1.2622 -1.2953
-1.26027 -1.29663
-1.25991 -1.29551
-1.26206 -1.294
-1.2593 -1.29616
-1.26118 -1.29401
-1.26314 -1.29641
-1.25935 -1.29599
-1.25981 -1.29539
-1.26133 -1.29701
-1.25957 -1.29515
-1.26317 -1.29153
-1.26061 -1.29664
-1.25824 -1.29541
-1.26196 -1.29519
-1.25869 -1.29361
-1.26113 -1.29393
-1.25921 -1.29363
-1.25771 -1.29671
-1.25941 -1.29066
-1.25881 -1.29832
-1.26048 -1.29312
-1.25609 -1.29587
-1.26038 -1.29337
-1.25515 -1.29483
-1.26287 -1.29218
-1.25694 -1.29576
-1.25918 -1.29532
-1.25691 -1.29415
-1.25981 -1.29428
-1.25718 -1.2937
-1.25831 -1.29536
-1.25732 -1.29676
-1.25642 -1.2932
-1.2572 -1.2924
-1.25953 -1.29474
-1.25718 -1.29476
-1.25958 -1.29162
-1.25554 -1.29517
-1.25822 -1.29449
-1.2591 -1.29259
-1.25907 -1.29277
-1.25751 -1.29193
-1.25794 -1.29401
-1.25695 -1.29457
-1.25833 -1.29101
-1.25958 -1.29322
-1.25723 -1.29337
-1.25879 -1.28998
-1.25907 -1.29377
-1.25768 -1.29246
-1.25888 -1.29118
-1.25842 -1.29332
-1.25718 -1.29193
-1.2586 -1.29238
-1.25999 -1.29409
-1.25846 -1.29595
-1.25684 -1.29134
-1.25877 -1.29564
-1.25729 -1.29413
-1.2565 -1.29084
-1.25915 -1.29558
-1.25666 -1.29212
-1.25639 -1.29193
-1.25841 -1.29219
-1.25894 -1.29188
-1.2575 -1.29467
-1.25792 -1.29351
-1.25838 -1.29173
-1.25748 -1.29235
-1.25877 -1.29303
-1.25763 -1.29246
-1.25814 -1.29276
-1.25771 -1.29222
-1.25607 -1.29001
-1.25763 -1.29473
-1.25729 -1.29056
-1.25985 -1.29067
-1.25757 -1.29371
-1.25902 -1.29137
-1.25786 -1.29086
-1.25866 -1.29062
-1.25722 -1.29421
-1.25977 -1.29023
-1.2582 -1.29183
-1.25806 -1.29163
-1.25954 -1.29176
-1.25733 -1.29219
-1.25764 -1.29131
-1.25797 -1.28892
-1.2565 -1.29104
-1.25836 -1.29098
-1.25697 -1.29101
-1.25968 -1.28817
-1.2527 -1.29408
-1.26112 -1.28632
-1.25774 -1.29116
-1.25725 -1.28934
-1.25657 -1.28925
-1.25969 -1.28887
-1.25814 -1.29087
-1.25843 -1.28874
-1.26025 -1.28856
-1.25575 -1.29072
-1.25782 -1.28719
-1.25788 -1.28771
-1.25443 -1.29086
-1.25904 -1.28528
-1.25667 -1.2895
-1.25715 -1.28868
-1.25773 -1.28705
-1.25421 -1.28755
-1.25832 -1.28685
-1.25559 -1.28855
-1.25591 -1.28864
-1.25553 -1.28811
-1.26009 -1.28532
-1.25489 -1.29102
-1.25704 -1.28725
-1.25661 -1.28999
-1.25537 -1.28977
-1.25681 -1.29032
-1.2539 -1.29049
-1.25713 -1.28816
-1.25344 -1.29115
-1.25943 -1.28988
-1.25422 -1.29024
-1.25849 -1.28969
-1.25593 -1.28748
-1.25852 -1.29063
-1.2549 -1.28989
-1.25585 -1.28744
-1.25625 -1.28785
-1.25835 -1.28967
-1.25457 -1.29084
-1.25562 -1.28804
-1.25598 -1.28926
-1.25526 -1.29106
-1.25434 -1.28859
-1.25481 -1.29062
-1.25635 -1.29091
-1.25567 -1.28777
-1.25734 -1.28801
-1.25596 -1.29061
-1.25567 -1.28763
-1.25385 -1.29287
-1.25619 -1.28833
-1.25454 -1.28882
-1.25395 -1.29049
-1.25648 -1.29
-1.25366 -1.28969
-1.25449 -1.29003
-1.25361 -1.2922
-1.25543 -1.28673
-1.25344 -1.29025
-1.25369 -1.2907
-1.25506 -1.28936
-1.25398 -1.28906
-1.25073 -1.29099
-1.25343 -1.29123
-1.25096 -1.29285
-1.25296 -1.28994
-1.25296 -1.28887
-1.25307 -1.29257
-1.25321 -1.29028
-1.25264 -1.29245
-1.25206 -1.28955
-1.25292 -1.28905
-1.2537 -1.29046
-1.25099 -1.291
-1.25386 -1.29141
-1.25366 -1.28676
-1.25186 -1.29092
-1.25376 -1.28898
-1.25244 -1.28692
-1.25214 -1.28801
-1.25295 -1.28684
-1.25335 -1.29109
-1.25489 -1.288
-1.25408 -1.28792
-1.25511 -1.28779
-1.2532 -1.28823
-1.25539 -1.28551
-1.25193 -1.29
-1.25684 -1.28636
-1.25015 -1.28592
-1.25252 -1.28956
-1.25365 -1.28618
-1.2506 -1.28642
-1.2525 -1.28885
-1.25455 -1.28488
-1.2487 -1.28647
-1.25426 -1.28784
-1.25301 -1.28393
-1.25293 -1.28764
-1.25096 -1.28563
-1.25044 -1.28801
-1.25399 -1.28358
-1.24893 -1.28877
-1.25343 -1.28569
-1.2527 -1.28305
-1.25184 -1.28719
-1.25295 -1.28391
-1.25448 -1.28612
-1.25209 -1.28463
-1.25369 -1.28419
-1.2545 -1.2835
-1.25116 -1.28391
-1.25339 -1.2859
-1.24995 -1.28274
-1.25142 -1.28429
-1.25124 -1.28427
-1.25168 -1.28556
-1.25215 -1.28409
-1.24952 -1.28496
-1.25114 -1.28331
-1.25253 -1.2864
-1.25019 -1.28352
-1.25444 -1.28364
-1.24853 -1.28464
-1.25029 -1.28515
-1.2519 -1.28396
-1.25177 -1.28533
-1.247 -1.28607
-1.25501 -1.28505
-1.24917 -1.28382
-1.24975 -1.28619
-1.25241 -1.2806
-1.25068 -1.28801
-1.25139 -1.28375
-1.2515 -1.28489
-1.25195 -1.285
-1.25148 -1.28472
-1.25122 -1.28444
-1.24999 -1.28255
-1.24998 -1.28784
-1.25101 -1.2874
-1.25018 -1.28127
-1.25129 -1.28637
-1.25072 -1.28524
-1.25272 -1.28169
-1.24896 -1.284
-1.25167 -1.28258
-1.25286 -1.28355
-1.25041 -1.28306
-1.25332 -1.28046
-1.24882 -1.28569
-1.25265 -1.28245
-1.25128 -1.2813
-1.25052 -1.2844
-1.24734 -1.28238
-1.25414 -1.28459
-1.24989 -1.28037
-1.24993 -1.28453
-1.25226 -1.27958
-1.24837 -1.28437
-1.2498 -1.28467
-1.25275 -1.28025
-1.24873 -1.28201
-1.25218 -1.2835
-1.25008 -1.28292
-1.25215 -1.28143
-1.25096 -1.28132
-1.24668 -1.28445
-1.25244 -1.28151
-1.24951 -1.28322
-1.25125 -1.2805
-1.25095 -1.28073
-1.25086 -1.28338
-1.24928 -1.2819
-1.24983 -1.2777
-1.24806 -1.2838
-1.24973 -1.28149
-1.25082 -1.2802
-1.24857 -1.28223
-1.25072 -1.28036
-1.24867 -1.28104
-1.25089 -1.28103
-1.24911 -1.28139
-1.24944 -1.28092
-1.2496 -1.27986
-1.24847 -1.28202
-1.25096 -1.27759
-1.24856 -1.2805
-1.24945 -1.27943
-1.24965 -1.27911
-1.25159 -1.2773
-1.24836 -1.28104
-1.24978 -1.2799
-1.24857 -1.28228
-1.24712 -1.28016
-1.25141 -1.27559
-1.24867 -1.28117
-1.25131 -1.2786
-1.24695 -1.28029
-1.24798 -1.27619
-1.25009 -1.28141
-1.24961 -1.2754
-1.24805 -1.27925
-1.24838 -1.28108
-1.24768 -1.27887
-1.24877 -1.27727
-1.24541 -1.28079
-1.24762 -1.28143
-1.24831 -1.27933
-1.24744 -1.27918
-1.24664 -1.28226
-1.2465 -1.28026
-1.24552 -1.27933
-1.24792 -1.27881
-1.24428 -1.28151
-1.24688 -1.279
-1.24705 -1.27937
-1.24579 -1.28134
-1.24587 -1.27907
-1.24742 -1.28081
-1.24584 -1.28119
-1.24583 -1.2788
-1.24446 -1.28081
-1.24708 -1.27981
-1.24588 -1.27929
-1.24684 -1.28031
-1.24492 -1.27762
-1.2451 -1.28138
-1.24724 -1.27935
-1.24605 -1.27887
-1.24612 -1.28098
-1.24731 -1.27885
-1.24613 -1.28082
-1.24563 -1.27877
-1.24682 -1.27886
-1.24369 -1.28112
-1.24444 -1.28034
-1.24546 -1.27952
-1.24454 -1.2775
-1.24396 -1.27819
-1.24705 -1.27754
-1.24701 -1.27898
-1.24279 -1.28179
-1.24732 -1.27576
-1.24354 -1.28371
-1.24662 -1.27968
-1.24657 -1.27875
-1.24655 -1.27983
-1.24533 -1.2813
-1.24494 -1.28155
-1.24721 -1.27763
-1.24399 -1.28066
-1.24533 -1.27752
-1.24765 -1.27948
-1.24548 -1.27921
-1.246 -1.27661
-1.24654 -1.27901
-1.24531 -1.27883
-1.24558 -1.27656
-1.24746 -1.27793
-1.24615 -1.27944
-1.24845 -1.27738
-1.24817 -1.27649
-1.24405 -1.28038
-1.24648 -1.27702
-1.24823 -1.27981
-1.24576 -1.27687
-1.24328 -1.28237
-1.24843 -1.27849
-1.24447 -1.27852
-1.24612 -1.27735
-1.24451 -1.28078
-1.24617 -1.27861
-1.2452 -1.27616
-1.24399 -1.28098
-1.24637 -1.27466
-1.24367 -1.27952
-1.24597 -1.27649
-1.24462 -1.27758
-1.24624 -1.27717
-1.24331 -1.27723
-1.24564 -1.27714
-1.24564 -1.27902
-1.24636 -1.27798
-1.24603 -1.27741
-1.24367 -1.27937
-1.24673 -1.2765
-1.24652 -1.27697
-1.24325 -1.27962
-1.24354 -1.27735
-1.24505 -1.27566
-1.24514 -1.27712
-1.2441 -1.27333
-1.24557 -1.27589
-1.24335 -1.27797
-1.2445 -1.27357
-1.24575 -1.27335
-1.24251 -1.27579
-1.24428 -1.27319
-1.2458 -1.27692
-1.24508 -1.27081
-1.24399 -1.27292
-1.24524 -1.27438
-1.24439 -1.27594
-1.24353 -1.27547
-1.24341 -1.27458
-1.24549 -1.27509
-1.24631 -1.27205
-1.24012 -1.27619
-1.24587 -1.27535
-1.243 -1.27426
-1.24507 -1.27234
-1.24296 -1.27839
-1.24089 -1.27553
-1.2477 -1.2727
-1.24116 -1.27608
-1.24475 -1.27285
-1.24437 -1.27292
-1.2428 -1.27108
-1.24326 -1.27658
-1.24297 -1.27248
-1.2427 -1.27154
-1.24162 -1.27487
-1.24334 -1.27229
-1.24226 -1.27494
-1.243 -1.27282
-1.24201 -1.27262
-1.24087 -1.27554
-1.24249 -1.27299
-1.24253 -1.27419
-1.24306 -1.2753
-1.24241 -1.27345
-1.24273 -1.27197
-1.2448 -1.27466
-1.24128 -1.27563
-1.24214 -1.27343
-1.24364 -1.27526
-1.24393 -1.27263
-1.2413 -1.27438
-1.24474 -1.27326
-1.24161 -1.27537
-1.24411 -1.27131
-1.24177 -1.27427
-1.2451 -1.26877
-1.24226 -1.27566
-1.24159 -1.27267
-1.24309 -1.27138
-1.24122 -1.2716
-1.24405 -1.27247
-1.2412 -1.27103
-1.24117 -1.27163
-1.2456 -1.27263
-1.24273 -1.27104
-1.24197 -1.27026
-1.24296 -1.27215
-1.24285 -1.26891
-1.24204 -1.27216
-1.24161 -1.27245
-1.24353 -1.26717
-1.2428 -1.27248
-1.24134 -1.27136
-1.24236 -1.2713
-1.24234 -1.27006
-1.24009 -1.27402
-1.24207 -1.27011
-1.24415 -1.27144
-1.2411 -1.27224
-1.24293 -1.26859
-1.24071 -1.27208
-1.24299 -1.27383
-1.24154 -1.26815
-1.24189 -1.27142
-1.24466 -1.26867
-1.24503 -1.27073
-1.24032 -1.27032
-1.24388 -1.26882
-1.24435 -1.26964
-1.24415 -1.26968
-1.24294 -1.27338
-1.2432 -1.26617
-1.24344 -1.26794
-1.24408 -1.26957
-1.24192 -1.26979
-1.24475 -1.26741
-1.24234 -1.27023
-1.24078 -1.26983
-1.24263 -1.26782
-1.2433 -1.2716
-1.24234 -1.26576
-1.24425 -1.26861
-1.24066 -1.26894
-1.24437 -1.26825
-1.24203 -1.26886
-1.24303 -1.26748
-1.24301 -1.26843
-1.2443 -1.271
-1.24384 -1.26741
-1.24551 -1.26736
-1.24472 -1.2682
-1.24527 -1.26542
-1.24438 -1.27109
-1.24189 -1.26667
-1.24484 -1.26827
-1.2439 -1.26814
-1.24514 -1.2679
-1.24381 -1.26724
-1.24514 -1.26427
-1.24331 -1.26935
-1.24312 -1.2673
-1.24227 -1.26515
-1.24489 -1.26809
-1.24535 -1.26486
-1.24373 -1.26444
-1.24507 -1.26539
-1.24125 -1.26988
-1.24364 -1.26513
-1.24294 -1.26471
-1.24327 -1.26732
-1.24504 -1.26477
-1.24488 -1.26776
-1.2383 -1.26672
-1.24342 -1.26776
-1.2442 -1.26724
-1.24175 -1.26558
-1.2432 -1.26817
-1.24246 -1.26426
-1.24381 -1.269
-1.24316 -1.26701
-1.24081 -1.2652
-1.24369 -1.26588
-1.24208 -1.26948
-1.24254 -1.26453
-1.24201 -1.26431
-1.24284 -1.26832
-1.24449 -1.26613
-1.24168 -1.26661
-1.24415 -1.26737
-1.24221 -1.26701
-1.2419 -1.26476
-1.24251 -1.26784
-1.24191 -1.26775
-1.24417 -1.26256
-1.24185 -1.26515
-1.24135 -1.2668
-1.24172 -1.26564
-1.24421 -1.26232
-1.23937 -1.27017
-1.24334 -1.26199
-1.24176 -1.26603
-1.24397 -1.26282
-1.24127 -1.26975
-1.24292 -1.26296
-1.24081 -1.26975
-1.24032 -1.2631
-1.24199 -1.26762
-1.24138 -1.26396
-1.24266 -1.26318
-1.24188 -1.26692
-1.24177 -1.26418
-1.24048 -1.26649
-1.24028 -1.26332
-1.2425 -1.26646
-1.23907 -1.26295
-1.24126 -1.26569
-1.2398 -1.263
-1.24157 -1.26581
-1.24013 -1.26281
-1.24106 -1.26436
-1.2407 -1.26399
-1.23997 -1.2641
-1.23993 -1.26518
-1.23964 -1.26168
-1.24003 -1.26756
-1.23791 -1.26329
-1.24215 -1.2651
-1.23644 -1.26619
-1.23988 -1.26175
-1.23787 -1.26578
-1.24032 -1.26368
-1.23784 -1.26432
-1.23961 -1.26409
-1.23886 -1.26503
-1.23749 -1.26375
-1.24142 -1.26274
-1.23724 -1.26399
-1.238 -1.26371
-1.23739 -1.26509
-1.24035 -1.26267
-1.23861 -1.26017
-1.23774 -1.26639
-1.24136 -1.26099
-1.23523 -1.26508
-1.23995 -1.25997
-1.23715 -1.26459
-1.24006 -1.26102
-1.23683 -1.26462
-1.23804 -1.26262
-1.2385 -1.26342
-1.23832 -1.26435
-1.2363 -1.26364
-1.24029 -1.26047
-1.23639 -1.26742
-1.2374 -1.26099
-1.23627 -1.26596
-1.23831 -1.26168
-1.23725 -1.26326
-1.2359 -1.26504
-1.23675 -1.26164
-1.23819 -1.26361
-1.23811 -1.26185
-1.23586 -1.26423
-1.23693 -1.26126
-1.23634 -1.26582
-1.23601 -1.2614
-1.2399 -1.26139
-1.23767 -1.26525
-1.23672 -1.26182
-1.23649 -1.26328
-1.23858 -1.26297
-1.2372 -1.26184
-1.23793 -1.26276
-1.23416 -1.2641
-1.23953 -1.2625
-1.23695 -1.26107
-1.24047 -1.26278
-1.23582 -1.26275
-1.23898 -1.26415
-1.23632 -1.26143
-1.23972 -1.26396
-1.23637 -1.26133
-1.23623 -1.26593
-1.23823 -1.25943
-1.23884 -1.26185
-1.23629 -1.26266
-1.237 -1.2645
-1.23765 -1.26141
-1.23834 -1.26281
-1.23755 -1.26003
-1.23724 -1.26345
-1.23706 -1.26158
-1.2361 -1.26318
-1.23791 -1.25812
-1.23672 -1.26269
-1.23726 -1.2599
-1.23702 -1.26306
-1.23561 -1.26239
-1.23658 -1.25994
-1.23703 -1.25994
-1.23528 -1.26085
-1.23677 -1.26111
-1.23588 -1.26258
-1.23602 -1.26014
-1.23976 -1.26222
-1.23478 -1.26303
-1.23809 -1.25884
-1.23849 -1.2602
-1.23561 -1.26244
-1.23863 -1.25904
-1.23522 -1.26327
-1.23679 -1.26113
-1.23756 -1.25828
-1.23508 -1.26471
-1.23599 -1.26011
-1.2372 -1.25992
-1.235 -1.26395
-1.23549 -1.26179
-1.23725 -1.26087
-1.23489 -1.2604
-1.23569 -1.2611
-1.2382 -1.2558
-1.2347 -1.26307
-1.23516 -1.26141
-1.23634 -1.25983
-1.23614 -1.25997
-1.2357 -1.26116
-1.23621 -1.25995
-1.2335 -1.26132
-1.23832 -1.25937
-1.23683 -1.26272
-1.2357 -1.26122
-1.23623 -1.26134
-1.23605 -1.25863
-1.2352 -1.26302
-1.23454 -1.26213
-1.23706 -1.25942
-1.23521 -1.26178
-1.23484 -1.26402
-1.23567 -1.2615
-1.23503 -1.26141
-1.23318 -1.26078
-1.23758 -1.26185
-1.23365 -1.26171
-1.23686 -1.26147
-1.23299 -1.26066
-1.23688 -1.25973
-1.23498 -1.26128
-1.23304 -1.26132
-1.23704 -1.25926
-1.23405 -1.26032
-1.23459 -1.26171
-1.23305 -1.25936
-1.23303 -1.26226
-1.23408 -1.25941
-1.23303 -1.25973
-1.23434 -1.26009
-1.23455 -1.26036
-1.23096 -1.26051
-1.23514 -1.25914
-1.23257 -1.26138
-1.23312 -1.26163
-1.23112 -1.25814
-1.23357 -1.26382
-1.23146 -1.25957
-1.23167 -1.26161
-1.233 -1.26019
-1.23274 -1.25973
-1.23431 -1.25844
-1.23134 -1.26017
-1.23426 -1.25975
-1.23052 -1.25725
-1.23393 -1.25979
-1.23197 -1.25836
-1.23024 -1.26121
-1.23135 -1.25675
-1.22977 -1.26157
-1.23149 -1.25788
-1.23223 -1.26036
-1.23049 -1.25734
-1.23227 -1.26047
-1.23105 -1.26062
-1.2326 -1.2565
-1.23039 -1.25955
-1.23231 -1.26223
-1.23052 -1.25754
-1.23146 -1.25656
-1.22974 -1.25903
-1.23007 -1.25891
-1.2319 -1.26004
-1.2315 -1.25784
-1.23004 -1.26031
-1.23273 -1.25489
-1.22842 -1.26181
-1.23212 -1.25488
-1.2293 -1.26091
-1.23119 -1.25913
-1.2316 -1.25678
-1.23078 -1.2578
-1.2319 -1.25947
-1.23304 -1.25768
-1.228 -1.26102
-1.2352 -1.25532
-1.22952 -1.2587
-1.23055 -1.25899
-1.23381 -1.25617
-1.22974 -1.2589
-1.23201 -1.25404
-1.23296 -1.25565
-1.22884 -1.25758
-1.23514 -1.25647
-1.23088 -1.25581
-1.23168 -1.25862
-1.23175 -1.25372
-1.23046 -1.25411
-1.23217 -1.2584
-1.23153 -1.25432
-1.23002 -1.25508
-1.23179 -1.25491
-1.2309 -1.2552
-1.23062 -1.25366
-1.23092 -1.2543
-1.23262 -1.25473
-1.22831 -1.25914
-1.2343 -1.25228
-1.23018 -1.25532
-1.23261 -1.25626
-1.2331 -1.25449
-1.2312 -1.25523
-1.23139 -1.25658
-1.23322 -1.2563
-1.23254 -1.25389
-1.23277 -1.25442
-1.23105 -1.25623
-1.2307 -1.25471
-1.2327 -1.25289
-1.23103 -1.25397
-1.22974 -1.25672
-1.23233 -1.25104
-1.23154 -1.25469
-1.23026 -1.25447
-1.23011 -1.2549
-1.22949 -1.25451
-1.22979 -1.25233
-1.23084 -1.25483
-1.23123 -1.25586
-1.22912 -1.25519
-1.22857 -1.2532
-1.22838 -1.25502
-1.2312 -1.25445
-1.23229 -1.25162
-1.22802 -1.25534
-1.23084 -1.25234
-1.2296 -1.25377
-1.2318 -1.25515
-1.23091 -1.25429
-1.22888 -1.25689
-1.23037 -1.25177
-1.23011 -1.25582
-1.22964 -1.25501
-1.2313 -1.25598
-1.23136 -1.25332
-1.22871 -1.25537
-1.23176 -1.25446
-1.23013 -1.25333
-1.22898 -1.25582
-1.23126 -1.25285
-1.22776 -1.25397
-1.22815 -1.25369
-1.23281 -1.2543
-1.22778 -1.2546
-1.22995 -1.25396
-1.22956 -1.25238
-1.22945 -1.25416
-1.22998 -1.25509
-1.23178 -1.25242
-1.23038 -1.25241
-1.22865 -1.25452
-1.22925 -1.25385
-1.2293 -1.25549
-1.23056 -1.25053
-1.22908 -1.25416
-1.22944 -1.25465
-1.23119 -1.25206
-1.22972 -1.25458
-1.23089 -1.25252
-1.22956 -1.25199
-1.22955 -1.25552
-1.22917 -1.25134
-1.23225 -1.25517
-1.22815 -1.25383
-1.22732 -1.25464
-1.23027 -1.25399
-1.22895 -1.25206
-1.23104 -1.25436
-1.22981 -1.25392
-1.22699 -1.25232
-1.2308 -1.25537
-1.22934 -1.25264
-1.22978 -1.25306
-1.22668 -1.25498
-1.23162 -1.25256
-1.2277 -1.25445
-1.22995 -1.25275
-1.23084 -1.25297
-1.22797 -1.2552
-1.23069 -1.24997
-1.22963 -1.25521
-1.23173 -1.25047
-1.23054 -1.25361
-1.22863 -1.25376
-1.22999 -1.24896
-1.23118 -1.2534
-1.23051 -1.25125
-1.23024 -1.25322
-1.23027 -1.24996
-1.22898 -1.25101
-1.23142 -1.24921
-1.22802 -1.25204
-1.23038 -1.25091
-1.2279 -1.25199
-1.23055 -1.24917
-1.22846 -1.25403
-1.2304 -1.24902
-1.22997 -1.24985
-1.2306 -1.25128
-1.22997 -1.24876
-1.23096 -1.24852
-1.22908 -1.25199
-1.23079 -1.24945
-1.22886 -1.25221
-1.23207 -1.2468
-1.22951 -1.25057
-1.23177 -1.25041
-1.22998 -1.24953
-1.22809 -1.25197
-1.23008 -1.24682
-1.23135 -1.25101
-1.22863 -1.24954
-1.22857 -1.25156
-1.23131 -1.24815
-1.22653 -1.25423
-1.23352 -1.24383
-1.2288 -1.25315
-1.22669 -1.24842
-1.23045 -1.24836
-1.22945 -1.25082
-1.22818 -1.24702
-1.22778 -1.25204
-1.23022 -1.24883
-1.22645 -1.25235
-1.22945 -1.25036
-1.22747 -1.24912
-1.22964 -1.24902
-1.2278 -1.24828
-1.229 -1.24924
-1.22819 -1.24626
-1.22936 -1.24931
-1.22802 -1.24945
-1.23003 -1.24812
-1.22826 -1.24863
-1.22807 -1.24825
-1.23021 -1.2467
-1.22647 -1.24965
-1.23068 -1.24569
-1.22668 -1.25075
-1.22938 -1.24532
-1.22819 -1.24738
-1.22788 -1.24799
-1.22665 -1.2474
-1.22974 -1.25046
-1.22784 -1.24824
-1.22881 -1.24738
-1.23028 -1.24716
-1.22703 -1.25018
-1.22841 -1.24635
-1.22864 -1.24905
-1.22764 -1.2477
-1.22802 -1.24955
-1.22766 -1.2443
-1.22838 -1.24972
-1.22874 -1.24537
-1.22984 -1.24806
