0 0
-0.171451 -0.161475
-0.331199 -0.313264
-0.478298 -0.454138
-0.614532 -0.584829
-0.738721 -0.705321
-0.847622 -0.814254
-0.946206 -0.912988
-1.03289 -0.999696
-1.10101 -1.0804
-1.16137 -1.14434
-1.20515 -1.20411
-1.2366 -1.25083
-1.25984 -1.29418
-1.27327 -1.32601
-1.28366 -1.35898
-1.28825 -1.37945
-1.28744 -1.40357
-1.284 -1.42315
-1.27996 -1.43692
-1.27789 -1.45105
-1.27245 -1.46093
-1.26599 -1.47327
-1.26265 -1.48335
-1.24692 -1.47665
-1.24779 -1.4997
-1.24411 -1.50043
-1.21218 -1.48071
-1.24561 -1.51147
-1.23337 -1.51085
-1.22457 -1.51587
-1.22925 -1.51854
-1.23123 -1.51579
-1.23095 -1.515
-1.23096 -1.52
-1.23113 -1.51454
-1.23056 -1.51622
-1.23198 -1.51205
-1.22984 -1.51644
-1.23272 -1.50877
-1.23083 -1.5078
-1.23417 -1.51026
-1.23291 -1.51148
-1.23368 -1.50532
-1.23361 -1.51059
-1.23264 -1.509
-1.2366 -1.50604
-1.23201 -1.51049
-1.23342 -1.50832
-1.23499 -1.50728
-1.23635 -1.50284
-1.23539 -1.50811
-1.23597 -1.50445
-1.23452 -1.50431
-1.23518 -1.50765
-1.23755 -1.5041
-1.23484 -1.50242
-1.23686 -1.50199
-1.2392 -1.50559
-1.23572 -1.49911
-1.23569 -1.50535
-1.23815 -1.50124
-1.23713 -1.50124
-1.23828 -1.50158
-1.23821 -1.50204
-1.23801 -1.49561
-1.23767 -1.50034
-1.23956 -1.49686
-1.23847 -1.49597
-1.23897 -1.49558
-1.24156 -1.49967
-1.23683 -1.4997
-1.23722 -1.49957
-1.23817 -1.49669
-1.23899 -1.49556
-1.24078 -1.49726
-1.23749 -1.49593
-1.23859 -1.49784
-1.24154 -1.49461
-1.24015 -1.49255
-1.23978 -1.49525
-1.24041 -1.49587
-1.24086 -1.49451
-1.23969 -1.49224
-1.24171 -1.49226
-1.24047 -1.49242
-1.24107 -1.4921
-1.24204 -1.49241
-1.23982 -1.49532
-1.2434 -1.48976
-1.24064 -1.49103
-1.24228 -1.49085
-1.24211 -1.4916
-1.24156 -1.49126
-1.2418 -1.4922
-1.24099 -1.49141
-1.23973 -1.49317
-1.24115 -1.49042
-1.24249 -1.49148
-1.24216 -1.48958
-1.24232 -1.48997
-1.24135 -1.49458
-1.24142 -1.49075
-1.24413 -1.48516
-1.24261 -1.49175
-1.24081 -1.48918
-1.24224 -1.48975
-1.24175 -1.48963
-1.24343 -1.48629
-1.24294 -1.48814
-1.24341 -1.49044
-1.24113 -1.48877
-1.24413 -1.48515
-1.24134 -1.48769
-1.24321 -1.48782
-1.24425 -1.48488
-1.24354 -1.48834
-1.24226 -1.4861
-1.24425 -1.48551
-1.24427 -1.4886
-1.24137 -1.48457
-1.24358 -1.48512
-1.24466 -1.48423
-1.24644 -1.48313
-1.24439 -1.48361
-1.24471 -1.48541
-1.24562 -1.48477
-1.24572 -1.47905
-1.24431 -1.48471
-1.24796 -1.48317
-1.24711 -1.48038
-1.24716 -1.48013
-1.2491 -1.48324
-1.24747 -1.47966
-1.24739 -1.47888
-1.24655 -1.48263
-1.24915 -1.4791
-1.25038 -1.47973
-1.24876 -1.48165
-1.24759 -1.47807
-1.24942 -1.47866
-1.2474 -1.47827
-1.24843 -1.48101
-1.24866 -1.47903
-1.2484 -1.48023
-1.24706 -1.47987
-1.2515 -1.476
-1.24593 -1.48206
-1.24859 -1.48167
-1.2487 -1.47932
-1.24989 -1.48119
-1.24607 -1.47756
-1.24898 -1.47705
-1.24886 -1.48049
-1.24994 -1.47753
-1.24834 -1.47566
-1.24933 -1.47947
-1.24924 -1.47777
-1.24808 -1.48145
-1.25175 -1.47457
-1.24886 -1.47829
-1.25079 -1.47807
-1.24816 -1.47792
-1.25139 -1.47624
-1.2522 -1.47982
-1.24768 -1.47733
-1.25107 -1.4784
-1.25222 -1.47558
-1.25148 -1.47806
-1.25162 -1.47774
-1.25095 -1.47493
-1.2513 -1.47905
-1.2509 -1.4754
-1.25189 -1.47684
-1.25422 -1.47191
-1.25242 -1.47464
-1.25325 -1.47424
-1.25383 -1.47493
-1.25292 -1.47465
-1.24956 -1.47312
-1.25589 -1.47232
-1.25282 -1.47331
-1.25121 -1.47587
-1.25476 -1.4711
-1.25347 -1.47089
-1.25176 -1.47443
-1.25452 -1.4701
-1.25218 -1.47205
-1.25358 -1.47262
-1.25472 -1.47171
-1.25597 -1.47003
-1.25358 -1.47179
-1.25573 -1.47091
-1.25528 -1.47491
-1.25257 -1.47002
-1.25738 -1.47211
-1.2549 -1.47085
-1.25506 -1.47155
-1.25638 -1.47093
-1.25543 -1.47195
-1.25609 -1.46776
-1.25812 -1.4683
-1.25834 -1.46764
-1.25836 -1.46606
-1.25673 -1.46728
-1.25744 -1.46843
-1.2604 -1.46414
-1.25505 -1.46858
-1.25872 -1.46578
-1.25685 -1.46654
-1.25672 -1.46868
-1.25808 -1.46943
-1.25829 -1.46605
-1.25496 -1.46886
-1.26156 -1.46547
-1.25684 -1.47037
-1.25714 -1.46767
-1.25833 -1.46453
-1.25765 -1.4666
-1.25706 -1.46697
-1.25821 -1.46742
-1.25991 -1.46411
-1.2587 -1.46912
-1.25746 -1.46495
-1.25955 -1.46521
-1.26143 -1.46245
-1.25947 -1.4674
-1.25984 -1.46218
-1.26099 -1.46443
-1.26309 -1.4633
-1.2602 -1.46265
-1.26151 -1.46716
-1.26006 -1.46231
-1.26119 -1.46506
-1.25995 -1.46176
-1.26115 -1.46455
-1.25992 -1.46368
-1.26316 -1.46065
-1.26161 -1.4614
-1.26269 -1.4623
-1.26149 -1.45973
-1.26427 -1.46294
-1.2623 -1.46216
-1.26267 -1.46098
-1.25948 -1.46367
-1.26436 -1.45917
-1.26243 -1.46222
-1.26559 -1.45745
-1.26411 -1.46322
-1.2636 -1.45955
-1.26243 -1.4618
-1.26529 -1.45935
-1.26511 -1.46036
-1.26391 -1.45866
-1.26371 -1.46054
-1.26492 -1.45842
-1.26839 -1.45425
-1.2645 -1.46095
-1.26247 -1.46112
-1.26532 -1.45898
-1.26368 -1.45999
-1.26514 -1.45842
-1.26383 -1.459
-1.26514 -1.45896
-1.26548 -1.45509
-1.26492 -1.45786
-1.26652 -1.4564
-1.26539 -1.45521
-1.26826 -1.45569
-1.26436 -1.45468
-1.26717 -1.45571
-1.26416 -1.45617
-1.26731 -1.45674
-1.26327 -1.45818
-1.26738 -1.45525
-1.26629 -1.4579
-1.26686 -1.45526
-1.26608 -1.45324
-1.26766 -1.45706
-1.26499 -1.45595
-1.2682 -1.45502
-1.26519 -1.45611
-1.26698 -1.45405
-1.26483 -1.45836
-1.2661 -1.45496
-1.26505 -1.45594
-1.26665 -1.45755
-1.2673 -1.4535
-1.26805 -1.45398
-1.26602 -1.45559
-1.26958 -1.45368
-1.26781 -1.4514
-1.2688 -1.45544
-1.26811 -1.45368
-1.26963 -1.45346
-1.26668 -1.45393
-1.26671 -1.45403
-1.26914 -1.45397
-1.27046 -1.45035
-1.26842 -1.4545
-1.27079 -1.45264
-1.27044 -1.45111
-1.2706 -1.45099
-1.271 -1.44871
-1.26989 -1.45235
-1.273 -1.45105
-1.26861 -1.45214
-1.27116 -1.44776
-1.27088 -1.4494
-1.26984 -1.44939
-1.27202 -1.44886
-1.26918 -1.45286
-1.27005 -1.45337
-1.27295 -1.4477
-1.26993 -1.45103
-1.27246 -1.44976
-1.27075 -1.45146
-1.27072 -1.44834
-1.27309 -1.44863
-1.27275 -1.4499
-1.27226 -1.45185
-1.27343 -1.45239
-1.27257 -1.44941
-1.27171 -1.44935
-1.27396 -1.44839
-1.27214 -1.4508
-1.27359 -1.45017
-1.27406 -1.44769
-1.27371 -1.44849
-1.27081 -1.45176
-1.27295 -1.44839
-1.27351 -1.4488
-1.27221 -1.45238
-1.27447 -1.44594
-1.2719 -1.44883
-1.27403 -1.45015
-1.27155 -1.44869
-1.27238 -1.44785
-1.27335 -1.44655
-1.27105 -1.45094
-1.27036 -1.45328
-1.27325 -1.44774
-1.27457 -1.45072
-1.2712 -1.44907
-1.2731 -1.44914
-1.27552 -1.44703
-1.27361 -1.4445
-1.27437 -1.44774
-1.27508 -1.44693
-1.27567 -1.44385
-1.27378 -1.44673
-1.27513 -1.44486
-1.27484 -1.44301
-1.27665 -1.44663
-1.27358 -1.44758
-1.27776 -1.44382
-1.274 -1.44653
-1.27571 -1.44449
-1.27406 -1.45093
-1.27381 -1.44818
-1.2739 -1.44623
-1.2761 -1.44751
-1.27476 -1.44714
-1.27258 -1.44741
-1.27336 -1.44932
-1.27501 -1.44798
-1.27409 -1.44591
-1.27546 -1.45183
-1.27345 -1.45173
-1.27664 -1.44444
-1.27418 -1.44579
-1.27419 -1.44748
-1.27603 -1.4474
-1.27767 -1.44386
-1.27556 -1.44536
-1.27562 -1.44566
-1.27809 -1.4442
-1.27601 -1.44597
-1.27603 -1.44666
-1.27694 -1.44469
-1.27855 -1.44559
-1.27682 -1.44443
-1.27642 -1.44618
-1.27772 -1.44668
-1.27719 -1.44532
-1.27668 -1.44358
-1.27731 -1.44698
-1.27816 -1.44749
-1.27757 -1.44628
-1.27786 -1.44503
-1.27745 -1.44503
-1.27689 -1.44421
-1.27766 -1.44605
-1.27894 -1.44518
-1.27524 -1.44282
-1.27687 -1.44706
-1.27907 -1.44702
-1.27815 -1.44313
-1.27515 -1.44775
-1.27701 -1.44852
-1.27628 -1.44572
-1.27525 -1.44975
-1.27613 -1.44626
-1.27877 -1.44617
-1.27587 -1.44744
-1.27875 -1.44521
-1.27726 -1.44337
-1.27846 -1.44282
-1.27713 -1.44588
-1.27645 -1.4432
-1.27822 -1.44528
-1.27717 -1.44714
-1.27789 -1.44861
-1.2789 -1.44403
-1.27747 -1.44254
-1.28009 -1.44438
-1.27997 -1.44269
-1.27952 -1.44347
-1.27908 -1.44312
-1.28213 -1.44147
-1.2817 -1.44053
-1.28084 -1.43934
-1.28184 -1.44165
-1.28206 -1.44398
-1.28168 -1.44244
-1.28206 -1.43911
-1.2818 -1.44328
-1.28178 -1.44019
-1.27994 -1.44203
-1.28133 -1.43922
-1.28232 -1.43883
-1.28194 -1.43989
-1.28171 -1.44003
-1.28451 -1.43692
-1.27967 -1.44278
-1.28051 -1.4389
-1.28288 -1.43931
-1.27999 -1.43888
-1.28263 -1.43886
-1.27953 -1.44026
-1.28348 -1.4383
-1.28105 -1.43667
-1.28222 -1.44244
-1.28119 -1.43988
-1.28274 -1.43926
-1.27977 -1.43926
-1.28121 -1.44108
-1.27979 -1.44343
-1.28282 -1.4419
-1.28081 -1.44218
-1.28149 -1.44147
-1.2811 -1.44221
-1.2828 -1.43936
-1.28193 -1.44623
-1.28181 -1.43895
-1.28135 -1.44373
-1.28096 -1.44275
-1.2828 -1.44104
-1.28273 -1.44069
-1.28387 -1.43831
-1.28208 -1.43956
-1.28249 -1.44035
-1.28526 -1.43747
-1.28337 -1.43871
-1.28317 -1.44114
-1.28357 -1.43842
-1.28459 -1.43906
-1.28331 -1.44138
-1.28374 -1.44075
-1.28143 -1.44097
-1.28573 -1.43828
-1.28284 -1.44114
-1.28446 -1.43907
-1.28145 -1.44186
-1.28654 -1.43765
-1.28629 -1.43657
-1.28213 -1.44004
-1.2849 -1.43644
-1.28431 -1.44025
-1.28281 -1.44109
-1.28466 -1.43608
-1.28462 -1.43844
-1.28549 -1.43841
-1.28435 -1.43712
-1.28245 -1.44222
-1.28605 -1.43556
-1.28482 -1.43599
-1.28424 -1.43944
-1.28396 -1.43727
-1.28625 -1.43735
-1.28261 -1.43752
-1.28402 -1.43984
-1.2852 -1.43766
-1.28543 -1.43776
-1.28512 -1.43474
-1.28455 -1.43853
-1.28317 -1.43809
-1.28629 -1.43748
-1.28358 -1.43762
-1.2848 -1.43921
-1.28589 -1.4352
-1.28295 -1.4399
-1.28575 -1.43536
-1.28389 -1.43704
-1.28292 -1.43742
-1.28584 -1.4356
-1.28484 -1.43391
-1.28671 -1.43933
-1.28627 -1.4327
-1.28646 -1.43993
-1.28444 -1.43508
-1.28496 -1.43758
-1.28614 -1.43638
-1.28396 -1.44322
-1.28642 -1.43592
-1.28467 -1.43781
-1.28615 -1.43817
-1.2849 -1.43569
-1.28639 -1.43775
-1.28707 -1.43732
-1.28546 -1.43616
-1.28759 -1.43565
-1.28662 -1.4352
-1.28434 -1.43572
-1.28527 -1.43782
-1.28648 -1.43478
-1.28644 -1.43485
-1.28649 -1.43482
-1.28708 -1.4386
-1.28585 -1.43795
-1.28461 -1.43461
-1.28539 -1.43158
-1.28743 -1.43493
-1.2864 -1.43342
-1.2851 -1.43683
-1.28699 -1.43397
-1.28772 -1.43071
-1.28909 -1.43556
-1.28355 -1.43554
-1.2862 -1.43311
-1.28459 -1.43644
-1.28652 -1.43334
-1.28491 -1.43794
-1.28542 -1.43423
-1.28745 -1.43447
-1.28699 -1.43204
-1.28854 -1.43381
-1.28489 -1.43318
-1.28661 -1.43387
-1.28566 -1.43323
-1.28558 -1.43501
-1.2885 -1.4329
-1.2846 -1.43467
-1.28551 -1.43743
-1.2858 -1.43378
-1.28534 -1.43367
-1.28491 -1.43567
-1.28738 -1.43568
-1.28544 -1.43512
-1.28633 -1.43294
-1.28702 -1.43442
-1.28362 -1.43516
-1.2863 -1.43775
-1.28767 -1.43071
-1.28623 -1.434
-1.28621 -1.43522
-1.28597 -1.43315
-1.28485 -1.43347
-1.2863 -1.43401
-1.28492 -1.43422
-1.28786 -1.42927
-1.28559 -1.43626
-1.28798 -1.42946
-1.28633 -1.43411
-1.28585 -1.43338
-1.28547 -1.4316
-1.28644 -1.43401
-1.28372 -1.4308
-1.28807 -1.43488
-1.28811 -1.43178
-1.28674 -1.43237
-1.28644 -1.43363
-1.28803 -1.4324
-1.2885 -1.43166
-1.28904 -1.43302
-1.28731 -1.43319
-1.28744 -1.43298
-1.28876 -1.43299
-1.28767 -1.43163
-1.28908 -1.43121
-1.28833 -1.43215
-1.283 -1.43369
-1.28952 -1.43027
-1.28742 -1.43009
-1.28928 -1.43016
-1.28653 -1.43496
-1.28654 -1.4309
-1.29117 -1.42949
-1.28947 -1.43235
-1.28706 -1.43424
-1.29069 -1.43016
-1.29007 -1.43218
-1.28791 -1.43338
-1.2874 -1.43254
-1.28867 -1.43123
-1.28873 -1.42984
-1.29153 -1.43248
-1.28993 -1.43048
-1.29026 -1.42764
-1.28739 -1.4339
-1.29136 -1.42886
-1.28835 -1.43091
-1.28916 -1.43067
-1.28781 -1.43311
-1.29076 -1.43168
-1.2915 -1.43132
-1.28703 -1.42977
-1.28949 -1.43144
-1.28942 -1.43256
-1.28916 -1.43091
-1.28734 -1.43161
-1.28991 -1.43184
-1.28917 -1.432
-1.28748 -1.43353
-1.29049 -1.42992
-1.28882 -1.4345
-1.2882 -1.43095
-1.29103 -1.4336
-1.29111 -1.43303
-1.2893 -1.43196
-1.28956 -1.4331
-1.293 -1.43028
-1.28965 -1.42959
-1.28977 -1.43446
-1.28987 -1.43445
-1.28951 -1.43279
-1.29118 -1.43168
-1.29301 -1.4304
-1.2872 -1.43068
-1.29307 -1.42802
-1.2888 -1.43186
-1.29023 -1.42991
-1.2913 -1.42991
-1.28928 -1.42903
-1.28941 -1.43147
-1.28846 -1.43312
-1.29016 -1.43089
-1.28971 -1.42894
-1.29052 -1.4311
-1.28959 -1.43074
-1.29288 -1.42949
-1.28923 -1.42921
-1.29149 -1.4287
-1.2923 -1.42714
-1.28895 -1.42909
-1.28795 -1.43267
-1.29201 -1.43003
-1.28957 -1.42767
-1.29092 -1.42914
-1.28907 -1.43277
-1.29293 -1.42823
-1.291 -1.43104
-1.29004 -1.42864
-1.29127 -1.43134
-1.29031 -1.42869
-1.29096 -1.4298
-1.29308 -1.42583
-1.29194 -1.42912
-1.29133 -1.42992
-1.29379 -1.4279
-1.2914 -1.4283
-1.29264 -1.42766
-1.2906 -1.43105
-1.29037 -1.4273
-1.29445 -1.42855
-1.28947 -1.42902
-1.29345 -1.42711
-1.29336 -1.4286
-1.29126 -1.4252
-1.29196 -1.42835
-1.29437 -1.42823
-1.29209 -1.42751
-1.29362 -1.42701
-1.29229 -1.42703
-1.2925 -1.43187
-1.29284 -1.42818
-1.29338 -1.42784
-1.2951 -1.42719
-1.29151 -1.42879
-1.29334 -1.42737
-1.29457 -1.42719
-1.29347 -1.42634
-1.29267 -1.42737
-1.29329 -1.42837
-1.29423 -1.42682
-1.29161 -1.42749
-1.2928 -1.42715
-1.29429 -1.42511
-1.2935 -1.42886
-1.29457 -1.42798
-1.29574 -1.42855
-1.29488 -1.42675
-1.29186 -1.42698
-1.29728 -1.42693
-1.2929 -1.425
-1.29408 -1.42669
-1.29575 -1.42707
-1.29468 -1.42638
-1.29284 -1.42857
-1.29356 -1.42681
-1.29606 -1.42651
-1.29436 -1.42874
-1.29191 -1.42736
-1.29565 -1.42899
-1.29379 -1.42594
-1.29201 -1.42653
-1.29416 -1.4251
-1.29526 -1.42593
-1.29292 -1.42619
-1.29203 -1.42559
-1.29469 -1.42128
-1.29251 -1.42798
-1.29408 -1.42384
-1.29531 -1.42533
-1.29011 -1.42615
-1.29415 -1.42486
-1.29249 -1.42483
-1.29607 -1.42197
-1.29391 -1.42592
-1.29313 -1.42446
-1.29182 -1.42431
-1.29289 -1.42572
-1.29326 -1.42553
-1.29248 -1.42585
-1.29237 -1.4261
-1.29521 -1.42343
-1.28959 -1.42614
-1.29489 -1.42358
-1.29152 -1.42508
-1.29398 -1.42293
-1.29092 -1.4257
-1.29647 -1.42377
-1.29341 -1.42236
-1.294 -1.42575
-1.2947 -1.42343
-1.29743 -1.41981
-1.29368 -1.42328
-1.29416 -1.42289
-1.29468 -1.42274
-1.29531 -1.4233
-1.29405 -1.4224
-1.29563 -1.42188
-1.2948 -1.42512
-1.29318 -1.42399
-1.29535 -1.42452
-1.29344 -1.42558
-1.29413 -1.42412
-1.29542 -1.42349
-1.2925 -1.42576
-1.29299 -1.42632
-1.29699 -1.42574
-1.29591 -1.4243
-1.29424 -1.42586
-1.29592 -1.42374
-1.29732 -1.42445
-1.29613 -1.42402
-1.2936 -1.42428
-1.29787 -1.42346
-1.2949 -1.42223
-1.29564 -1.42235
-1.29468 -1.42808
-1.29497 -1.42546
-1.29401 -1.42334
-1.29211 -1.42384
-1.29542 -1.42496
-1.29282 -1.42246
-1.29504 -1.42281
-1.2948 -1.42384
-1.29547 -1.42456
-1.293 -1.4231
-1.29201 -1.42411
-1.29278 -1.42194
-1.29476 -1.42019
-1.29309 -1.42214
-1.29229 -1.42241
-1.29533 -1.42215
-1.29367 -1.42113
-1.2947 -1.4205
-1.29504 -1.41732
-1.29436 -1.4223
-1.29388 -1.41732
-1.29549 -1.4217
-1.29445 -1.4253
-1.29932 -1.41704
-1.29185 -1.42428
-1.29563 -1.42154
-1.29726 -1.42109
-1.29558 -1.41938
-1.29479 -1.41762
-1.2991 -1.41554
-1.29449 -1.42229
-1.29409 -1.42039
-1.29477 -1.41941
-1.29333 -1.42245
-1.29473 -1.41925
-1.29451 -1.41978
-1.29267 -1.42009
-1.29224 -1.42226
-1.2954 -1.42174
-1.29375 -1.42102
-1.2928 -1.42202
-1.29566 -1.41994
-1.29185 -1.42031
-1.29755 -1.42332
-1.296 -1.41923
-1.29534 -1.42031
-1.29459 -1.42144
-1.29757 -1.41825
-1.29513 -1.42041
-1.29317 -1.42224
-1.29638 -1.4193
-1.29421 -1.4207
-1.29697 -1.42111
-1.29158 -1.42099
-1.29583 -1.416
-1.29358 -1.41982
-1.2925 -1.42286
-1.29216 -1.41951
-1.29708 -1.41871
-1.29374 -1.4203
-1.29447 -1.41812
-1.29372 -1.41943
-1.29372 -1.42194
-1.29703 -1.42044
-1.29418 -1.41721
-1.29291 -1.42322
-1.29798 -1.4151
-1.29189 -1.42409
-1.29309 -1.42142
-1.29666 -1.42151
-1.29428 -1.42026
-1.29464 -1.42209
-1.29465 -1.41813
-1.29221 -1.42151
-1.2971 -1.41944
-1.29435 -1.42098
-1.29539 -1.42045
-1.29581 -1.42187
-1.29681 -1.42
-1.29459 -1.42152
-1.29468 -1.42257
-1.29823 -1.41954
-1.29712 -1.41965
-1.29421 -1.4204
-1.29694 -1.42002
-1.29621 -1.42052
-1.29531 -1.42001
-1.29693 -1.42283
-1.29577 -1.41905
-1.29581 -1.42182
-1.29735 -1.42089
-1.29469 -1.41879
-1.29788 -1.42103
-1.29935 -1.41579
-1.29567 -1.42107
-1.29715 -1.41765
-1.29671 -1.41845
-1.29881 -1.41985
-1.29961 -1.41717
-1.29642 -1.41809
-1.29833 -1.41919
-1.2994 -1.41468
-1.296 -1.41613
-1.29912 -1.41953
-1.29468 -1.41974
-1.29759 -1.41874
-1.29673 -1.41782
-1.29867 -1.41908
-1.29907 -1.41409
-1.295 -1.41963
-1.30066 -1.41789
-1.29589 -1.41906
-1.29809 -1.41919
-1.29858 -1.41622
-1.29685 -1.42288
-1.29701 -1.41602
-1.29518 -1.42044
-1.29664 -1.41742
-1.2969 -1.4212
-1.29487 -1.41942
-1.29633 -1.4183
-1.29714 -1.41976
-1.297 -1.41839
-1.2961 -1.41783
-1.29665 -1.41778
-1.29782 -1.41766
-1.29579 -1.41943
-1.29733 -1.41979
-1.29677 -1.4166
-1.29531 -1.42003
-1.29633 -1.42111
-1.29886 -1.42161
-1.29624 -1.41978
-1.29322 -1.42391
-1.29744 -1.41886
-1.29535 -1.4206
-1.29682 -1.42119
-1.29543 -1.41852
-1.29752 -1.41909
-1.29371 -1.42182
-1.29626 -1.41662
-1.2971 -1.41922
-1.29529 -1.41802
-1.29647 -1.41821
-1.2947 -1.4196
-1.29899 -1.41646
-1.29689 -1.41553
-1.29426 -1.41903
-1.29813 -1.41809
-1.29701 -1.41825
-1.29688 -1.41412
-1.29818 -1.42083
-1.29634 -1.41633
-1.29771 -1.41514
-1.2975 -1.41531
-1.29868 -1.41697
-1.29659 -1.41564
-1.29749 -1.41499
-1.29833 -1.4159
-1.29767 -1.41351
-1.29599 -1.41566
-1.29795 -1.4161
-1.29754 -1.41468
-1.29781 -1.41474
-1.29683 -1.41559
-1.29539 -1.41598
-1.29855 -1.41356
-1.29704 -1.41744
-1.29608 -1.41593
-1.29813 -1.41633
-1.29574 -1.41379
-1.2955 -1.41482
-1.29539 -1.41928
-1.29695 -1.41601
-1.295 -1.41721
-1.29561 -1.41857
-1.29539 -1.41883
-1.29653 -1.41925
-1.29554 -1.4189
-1.29632 -1.4159
-1.29657 -1.41785
-1.29495 -1.41564
-1.29593 -1.41738
-1.2969 -1.4145
-1.2975 -1.41573
-1.2939 -1.41814
-1.29663 -1.41144
-1.29643 -1.41523
-1.29323 -1.41483
-1.29733 -1.41455
-1.29408 -1.41586
-1.29581 -1.41378
-1.29617 -1.41633
-1.29612 -1.41434
-1.29456 -1.4175
-1.29724 -1.41437
-1.29435 -1.41538
-1.29785 -1.4148
-1.29545 -1.41436
-1.29487 -1.42129
-1.29779 -1.41442
-1.29675 -1.41256
-1.29513 -1.41683
-1.29867 -1.41262
-1.2949 -1.41423
-1.29933 -1.40931
-1.29361 -1.41715
-1.29819 -1.41237
-1.2969 -1.4116
-1.29607 -1.41187
-1.2981 -1.41178
-1.29569 -1.41192
-1.29324 -1.4141
-1.29804 -1.41083
-1.29298 -1.4133
-1.2956 -1.41407
-1.29628 -1.41287
-1.29696 -1.41275
-1.29701 -1.41344
-1.29695 -1.41106
-1.29521 -1.41341
-1.29372 -1.41185
-1.29811 -1.41046
-1.29647 -1.41236
-1.29585 -1.41237
-1.29618 -1.41275
-1.29671 -1.41169
-1.29652 -1.41153
-1.29342 -1.41513
-1.298 -1.41061
-1.29654 -1.41143
-1.29606 -1.41218
-1.29581 -1.41134
-1.29891 -1.41103
-1.2943 -1.41056
-1.29668 -1.41369
-1.29308 -1.41231
-1.29729 -1.41319
-1.29661 -1.40869
-1.29426 -1.41197
-1.29978 -1.4085
-1.29635 -1.41297
-1.29593 -1.41224
-1.29838 -1.41105
-1.29995 -1.40587
-1.29562 -1.41334
-1.29668 -1.40838
-1.29947 -1.40595
-1.29585 -1.41502
-1.29317 -1.40795
-1.29988 -1.41083
-1.29487 -1.40813
-1.29492 -1.4111
-1.29442 -1.40758
-1.29823 -1.41014
-1.29475 -1.41007
-1.29445 -1.41113
-1.29674 -1.40836
-1.29852 -1.41042
-1.29544 -1.40934
-1.29688 -1.40782
-1.2932 -1.41013
-1.29591 -1.41156
-1.29791 -1.40698
-1.29477 -1.41072
-1.29971 -1.40725
-1.29691 -1.40951
-1.29679 -1.40992
-1.29676 -1.40728
-1.2968 -1.41045
-1.29911 -1.4061
-1.29655 -1.40706
-1.29814 -1.41083
-1.2944 -1.4076
-1.29659 -1.40532
-1.29577 -1.40616
-1.29689 -1.40732
-1.29523 -1.40694
-1.2983 -1.40649
-1.2965 -1.40696
-1.29757 -1.40583
-1.29653 -1.40797
-1.29833 -1.4095
-1.2962 -1.40535
-1.29726 -1.40738
-1.29738 -1.40904
-1.29923 -1.40737
-1.29921 -1.40585
-1.29631 -1.40882
-1.29632 -1.40624
-1.29997 -1.40576
-1.29611 -1.40517
-1.29758 -1.40975
-1.29879 -1.40544
-1.29548 -1.40771
-1.29991 -1.408
-1.29926 -1.40643
-1.2957 -1.40717
-1.29536 -1.40858
-1.29953 -1.40484
-1.29643 -1.40956
-1.29907 -1.40487
-1.29721 -1.40722
-1.29965 -1.40733
-1.2958 -1.40538
-1.29918 -1.40874
-1.2965 -1.40691
-1.29832 -1.40959
-1.2989 -1.40494
-1.29614 -1.41103
-1.30071 -1.40342
-1.29531 -1.40881
-1.29703 -1.40582
-1.29775 -1.4076
-1.29605 -1.4095
-1.29432 -1.4082
-1.29841 -1.40925
-1.29414 -1.40729
-1.2965 -1.40815
-1.29848 -1.40793
-1.29448 -1.40653
-1.29704 -1.40476
-1.29567 -1.40922
-1.2958 -1.40689
-1.2964 -1.40591
-1.29833 -1.40699
-1.29602 -1.40409
-1.29586 -1.40551
-1.29742 -1.40714
-1.29459 -1.40456
-1.2961 -1.40361
-1.297 -1.40631
-1.29377 -1.40528
-1.29569 -1.40358
-1.29724 -1.40466
-1.29754 -1.40369
-1.29493 -1.40343
-1.29503 -1.40562
-1.2971 -1.404
-1.29713 -1.4055
-1.29748 -1.40111
-1.29877 -1.40436
-1.29519 -1.40381
-1.29809 -1.40718
-1.29391 -1.40825
-1.29793 -1.40103
-1.29561 -1.40545
-1.29759 -1.40346
-1.29697 -1.40418
-1.29771 -1.40425
-1.2957 -1.4052
-1.29698 -1.403
-1.29298 -1.40352
-1.29941 -1.40757
-1.29628 -1.39966
-1.29496 -1.40512
-1.29922 -1.4019
-1.29397 -1.40219
-1.29741 -1.40528
-1.29826 -1.40189
-1.29939 -1.40271
-1.29628 -1.40112
-1.29735 -1.40308
-1.30002 -1.40013
-1.29728 -1.39923
-1.29873 -1.40377
-1.29844 -1.40055
-1.29474 -1.40217
-1.29759 -1.40148
-1.29873 -1.40122
-1.2966 -1.40341
-1.29742 -1.39987
-1.29802 -1.40227
-1.29997 -1.39931
-1.29496 -1.40141
-1.2971 -1.40228
-1.29879 -1.40236
-1.29476 -1.40261
-1.29673 -1.40307
-1.30019 -1.39978
-1.2959 -1.40265
-1.29603 -1.40316
-1.29762 -1.39963
-1.29382 -1.40292
-1.2973 -1.40162
-1.29428 -1.40345
-1.29651 -1.40493
-1.29632 -1.39913
-1.29454 -1.40222
-1.29546 -1.40342
-1.29462 -1.40341
-1.29612 -1.40256
-1.29628 -1.40408
-1.2986 -1.40351
-1.29543 -1.40097
-1.29698 -1.40471
-1.29527 -1.40084
-1.29605 -1.40185
-1.29882 -1.40343
-1.29394 -1.40369
-1.29795 -1.40095
-1.29661 -1.40372
-1.29313 -1.40222
-1.2951 -1.40364
-1.297 -1.40325
-1.2976 -1.40175
-1.29639 -1.39913
-1.29551 -1.40411
-1.2985 -1.39752
-1.29492 -1.40341
-1.2974 -1.40396
-1.29619 -1.40312
-1.29614 -1.40384
-1.29695 -1.39925
-1.29643 -1.40195
-1.29539 -1.40243
-1.29684 -1.40227
-1.29809 -1.3978
-1.29375 -1.40143
-1.29738 -1.40185
-1.29803 -1.3993
-1.29696 -1.39931
-1.29753 -1.40047
-1.2949 -1.40167
-1.29695 -1.39939
-1.29708 -1.39931
-1.29613 -1.39943
-1.29961 -1.39991
-1.29764 -1.40044
-1.29948 -1.39646
-1.29797 -1.3978
-1.29993 -1.39759
-1.29521 -1.39862
-1.30031 -1.39709
-1.29488 -1.39894
-1.29869 -1.3987
-1.29931 -1.39862
-1.2972 -1.40042
-1.30017 -1.39732
-1.30112 -1.39385
-1.29627 -1.39743
-1.29901 -1.39492
-1.29704 -1.39901
-1.29728 -1.39659
-1.29716 -1.39675
-1.29791 -1.39762
-1.29734 -1.39454
-1.29362 -1.40009
-1.29904 -1.39294
-1.29633 -1.39781
-1.29654 -1.39598
-1.29717 -1.3977
-1.29641 -1.39743
-1.29813 -1.39709
-1.29691 -1.39954
-1.29694 -1.39424
-1.29873 -1.39669
-1.29761 -1.39613
-1.30011 -1.39349
-1.29886 -1.39678
-1.29787 -1.39627
-1.29827 -1.3948
-1.30124 -1.39519
-1.29487 -1.39525
-1.29812 -1.39675
-1.29624 -1.39865
-1.30053 -1.39516
-1.29587 -1.39838
-1.30219 -1.39163
-1.29688 -1.39664
-1.29816 -1.394
-1.29675 -1.39277
-1.29953 -1.39464
-1.29971 -1.39659
-1.29639 -1.39517
-1.29906 -1.39392
-1.2983 -1.39583
-1.299 -1.39631
-1.29891 -1.3934
-1.29934 -1.39438
-1.30139 -1.39494
-1.29767 -1.39493
-1.29853 -1.39763
-1.29581 -1.39697
-1.30016 -1.39532
-1.29585 -1.3966
-1.29835 -1.39695
-1.29916 -1.39621
-1.29655 -1.39712
-1.30024 -1.39537
-1.29995 -1.39439
-1.29681 -1.39674
-1.30015 -1.39536
-1.29932 -1.39662
-1.29917 -1.39467
-1.30065 -1.39395
-1.29881 -1.395
-1.2995 -1.39818
-1.29817 -1.39411
-1.29852 -1.39585
-1.29868 -1.39385
-1.30119 -1.3929
-1.29782 -1.39645
-1.30039 -1.39404
-1.30274 -1.39233
-1.29487 -1.39753
-1.30218 -1.3916
-1.29979 -1.39012
-1.30082 -1.39474
-1.30091 -1.39059
-1.29458 -1.39859
-1.29968 -1.39369
-1.2986 -1.39216
-1.29698 -1.39347
-1.29968 -1.39273
-1.29943 -1.3934
-1.29777 -1.39668
-1.29839 -1.39209
-1.29924 -1.3925
-1.2961 -1.39436
-1.29943 -1.39362
-1.298 -1.39267
-1.29869 -1.39244
-1.29926 -1.39233
-1.29557 -1.39444
-1.2999 -1.39274
-1.29653 -1.39516
-1.30014 -1.39316
-1.29472 -1.39101
-1.30041 -1.39171
-1.29523 -1.39465
-1.2975 -1.39229
-1.29796 -1.38953
-1.29825 -1.38904
-1.29678 -1.3942
-1.29741 -1.39025
-1.2969 -1.39369
-1.29576 -1.3948
-1.29803 -1.38976
-1.29459 -1.39262
-1.29896 -1.39044
-1.29726 -1.39242
-1.30064 -1.39133
-1.29711 -1.39162
-1.29591 -1.3918
-1.29885 -1.39508
-1.29691 -1.39215
-1.29543 -1.39682
-1.29566 -1.39125
-1.29551 -1.39498
-1.29689 -1.3953
-1.29883 -1.39354
-1.29488 -1.39518
-1.29675 -1.39068
-1.29753 -1.38938
-1.29621 -1.39067
-1.2975 -1.39354
-1.29772 -1.39203
-1.298 -1.39188
-1.29445 -1.39164
-1.29825 -1.39264
-1.29701 -1.39351
-1.29365 -1.39185
-1.29874 -1.39061
-1.29869 -1.3918
-1.29665 -1.38986
-1.29764 -1.39222
-1.29794 -1.38971
-1.29891 -1.39031
-1.29719 -1.39245
-1.2987 -1.38729
-1.29639 -1.38956
-1.29769 -1.3901
-1.29993 -1.38872
-1.29523 -1.39114
-1.29652 -1.39112
-1.29617 -1.39003
-1.29632 -1.39137
-1.29571 -1.39143
-1.30026 -1.3894
-1.29792 -1.3897
-1.29761 -1.38767
-1.2983 -1.39389
-1.29695 -1.38912
-1.29646 -1.38999
-1.29841 -1.38868
-1.29337 -1.39002
-1.3003 -1.3895
-1.29622 -1.38969
-1.29946 -1.38841
-1.29852 -1.39027
-1.29746 -1.39156
-1.29575 -1.38962
-1.29866 -1.38818
-1.29648 -1.38964
-1.30017 -1.39229
-1.29804 -1.38763
-1.2971 -1.38896
-1.29846 -1.39112
-1.30014 -1.38976
-1.29801 -1.3867
-1.29705 -1.38991
-1.29922 -1.39065
-1.29784 -1.38912
-1.30008 -1.38568
-1.29992 -1.38867
-1.30006 -1.38634
-1.30011 -1.39038
-1.29876 -1.38641
-1.30392 -1.38455
-1.29963 -1.38769
-1.30073 -1.38614
-1.29957 -1.3874
-1.30118 -1.38611
-1.29965 -1.38877
-1.30095 -1.38409
-1.30012 -1.38737
-1.29996 -1.38704
-1.29916 -1.38548
-1.30035 -1.38574
-1.29871 -1.3881
-1.30027 -1.38729
-1.2967 -1.38697
-1.29759 -1.38579
-1.30138 -1.38594
-1.29805 -1.38484
-1.30192 -1.38563
-1.29671 -1.38614
-1.29853 -1.38811
-1.30024 -1.38527
-1.29663 -1.38595
-1.29852 -1.387
-1.29685 -1.38566
-1.29956 -1.38604
-1.29859 -1.38438
-1.29739 -1.3901
-1.30025 -1.38111
-1.29747 -1.38612
-1.29951 -1.38464
-1.29842 -1.3848
-1.29768 -1.38778
-1.29694 -1.38605
-1.29749 -1.38669
-1.29521 -1.38942
-1.29812 -1.38727
-1.29668 -1.38732
-1.2981 -1.38638
-1.29631 -1.38957
-1.29787 -1.38347
-1.29878 -1.38836
-1.29883 -1.38443
-1.29832 -1.3834
-1.29777 -1.38706
-1.29764 -1.3831
-1.29891 -1.38499
-1.29872 -1.38345
-1.29965 -1.38322
-1.29902 -1.3879
-1.29859 -1.38337
-1.29917 -1.38621
-1.30117 -1.38563
-1.29893 -1.3868
-1.298 -1.38445
-1.30018 -1.38335
-1.29825 -1.38451
-1.29828 -1.38825
-1.29842 -1.38279
-1.29927 -1.3846
-1.29723 -1.38724
-1.29615 -1.38613
-1.29546 -1.38937
-1.29611 -1.38577
-1.29627 -1.38606
-1.2982 -1.38536
-1.29585 -1.38213
-1.29766 -1.38699
-1.29744 -1.38623
-1.29453 -1.38724
-1.29728 -1.38657
-1.29816 -1.38558
-1.29496 -1.38505
-1.29763 -1.38793
-1.29738 -1.38635
-1.29742 -1.38322
-1.29609 -1.38453
-1.29758 -1.38556
-1.29522 -1.38733
-1.29651 -1.38334
-1.29735 -1.38481
-1.29447 -1.38354
-1.29636 -1.38461
-1.29539 -1.38411
-1.29572 -1.38484
-1.29794 -1.38184
-1.2957 -1.38305
-1.29748 -1.38152
-1.2929 -1.38479
-1.2972 -1.38065
-1.29465 -1.38484
-1.29633 -1.38365
-1.29455 -1.38176
-1.29602 -1.38684
-1.29401 -1.38467
-1.29288 -1.38481
-1.29272 -1.38472
-1.29424 -1.38341
-1.29751 -1.3843
-1.295 -1.38355
-1.2944 -1.38222
-1.29688 -1.38444
-1.29365 -1.38382
-1.29752 -1.37956
-1.29546 -1.38502
-1.29512 -1.38306
-1.29664 -1.38262
-1.29539 -1.38162
-1.2968 -1.38316
-1.29461 -1.38499
-1.29796 -1.37933
-1.29623 -1.38133
-1.29799 -1.38212
-1.29441 -1.37962
-1.29351 -1.38572
-1.29579 -1.37987
-1.29614 -1.38093
-1.29586 -1.3849
-1.29316 -1.38475
-1.29566 -1.38272
-1.29597 -1.38425
-1.2962 -1.38259
-1.29591 -1.38277
-1.29699 -1.3839
-1.29644 -1.38092
-1.29496 -1.38439
-1.29623 -1.38438
-1.29404 -1.38545
-1.29564 -1.38153
-1.29542 -1.38108
-1.29657 -1.38406
-1.29535 -1.3804
-1.29429 -1.38138
-1.29887 -1.38095
-1.29442 -1.38007
-1.29902 -1.37916
-1.29465 -1.38002
-1.29703 -1.38068
-1.29743 -1.38083
-1.29596 -1.38392
-1.2972 -1.378
-1.29336 -1.38139
-1.29628 -1.37778
-1.29681 -1.38139
-1.29562 -1.37793
-1.29626 -1.37726
-1.29841 -1.37857
-1.29307 -1.3807
-1.29785 -1.37867
-1.29674 -1.37768
-1.29591 -1.37859
-1.29196 -1.3803
-1.29703 -1.38046
-1.29573 -1.37994
-1.29602 -1.3787
-1.29536 -1.37703
-1.2981 -1.37621
-1.29594 -1.37672
-1.29649 -1.37759
-1.29553 -1.37888
-1.29539 -1.37875
-1.29457 -1.38072
-1.29642 -1.37661
-1.2985 -1.37548
-1.29153 -1.38163
-1.29534 -1.37647
-1.29782 -1.37954
-1.29498 -1.37711
-1.2939 -1.37413
-1.29741 -1.38013
-1.29423 -1.37797
-1.29331 -1.38049
-1.29628 -1.37583
-1.29383 -1.38086
-1.29289 -1.38036
-1.29364 -1.37924
-1.29295 -1.38162
-1.29288 -1.37948
-1.29436 -1.37682
-1.29627 -1.37702
-1.29231 -1.37558
-1.2954 -1.38003
-1.29247 -1.37901
-1.29384 -1.37804
-1.29188 -1.38096
-1.29441 -1.37696
-1.2938 -1.37764
-1.29508 -1.37824
-1.29362 -1.37681
-1.29529 -1.37646
-1.29296 -1.38091
-1.29529 -1.37693
-1.2907 -1.37667
-1.29452 -1.3778
-1.29198 -1.38017
-1.29229 -1.37592
-1.29408 -1.37807
-1.29137 -1.37899
-1.29586 -1.37703
-1.2935 -1.37854
-1.29571 -1.37736
-1.29098 -1.37744
-1.29653 -1.37816
-1.29105 -1.37752
-1.29591 -1.37553
-1.29539 -1.37638
-1.29291 -1.3798
-1.29425 -1.37539
-1.29557 -1.37838
-1.29484 -1.37452
-1.29242 -1.37761
-1.29701 -1.3756
-1.29288 -1.37861
-1.29414 -1.37759
-1.29411 -1.3744
-1.29657 -1.38048
-1.2901 -1.37705
-1.29679 -1.37744
-1.28938 -1.37738
-1.29419 -1.38156
-1.29263 -1.37749
-1.295 -1.37685
-1.2921 -1.38169
-1.29294 -1.37568
-1.29164 -1.37868
-1.29081 -1.37786
-1.29483 -1.37626
-1.2913 -1.37762
-1.29007 -1.37489
-1.29368 -1.37536
-1.29314 -1.37612
-1.29133 -1.37738
-1.29274 -1.37412
-1.29354 -1.37466
-1.29399 -1.37676
-1.29256 -1.37437
-1.2904 -1.37468
-1.2945 -1.37719
-1.29051 -1.37694
-1.29194 -1.37501
-1.29371 -1.37602
-1.29375 -1.37594
-1.29045 -1.37545
-1.29502 -1.372
-1.29249 -1.37444
-1.29406 -1.37565
-1.29205 -1.37504
-1.29169 -1.37453
-1.29514 -1.37001
-1.29248 -1.37415
-1.29411 -1.37127
-1.29179 -1.37282
-1.29371 -1.37513
-1.29152 -1.37226
-1.29007 -1.37661
-1.29225 -1.37191
-1.29079 -1.3755
-1.29537 -1.37324
-1.28886 -1.37419
-1.29329 -1.37254
-1.28965 -1.37561
-1.29227 -1.37205
-1.29424 -1.37126
-1.29103 -1.37124
-1.2927 -1.37112
-1.29025 -1.37384
-1.29582 -1.36922
-1.28868 -1.37353
-1.2935 -1.37188
-1.29222 -1.37033
-1.29169 -1.37283
-1.29283 -1.37208
-1.29156 -1.37111
-1.29184 -1.37239
-1.29303 -1.36808
-1.29304 -1.37281
-1.2938 -1.37231
-1.28965 -1.37208
-1.29332 -1.37026
-1.29339 -1.37531
-1.29005 -1.37113
-1.29381 -1.37565
-1.2917 -1.37029
-1.29034 -1.37265
-1.29291 -1.37118
-1.29089 -1.37481
-1.29322 -1.3717
-1.29229 -1.36899
-1.29245 -1.37165
-1.294 -1.37102
-1.29057 -1.37435
-1.2916 -1.37138
-1.29296 -1.37147
-1.29265 -1.37285
-1.29273 -1.37077
-1.29469 -1.37167
-1.29117 -1.36978
-1.29222 -1.36962
-1.2935 -1.37118
-1.29225 -1.36816
-1.29192 -1.37297
-1.28993 -1.37058
-1.29483 -1.37194
-1.28746 -1.37142
-1.29286 -1.37022
-1.29026 -1.37105
-1.29262 -1.36967
-1.29049 -1.37007
-1.28992 -1.37126
-1.29003 -1.37325
-1.29252 -1.36999
-1.28802 -1.37487
-1.29178 -1.3702
-1.28759 -1.37431
-1.28898 -1.37124
-1.29151 -1.37442
-1.2915 -1.3703
-1.28861 -1.37288
-1.28946 -1.37305
-1.29017 -1.37244
-1.28959 -1.36985
-1.29192 -1.37164
-1.29233 -1.37126
-1.29199 -1.36863
-1.28903 -1.37272
-1.28959 -1.37317
-1.29063 -1.37073
-1.29304 -1.36817
-1.28889 -1.37434
-1.29318 -1.3698
-1.29114 -1.37154
-1.29117 -1.37154
-1.28853 -1.37224
-1.2889 -1.37096
-1.29018 -1.37123
-1.28971 -1.37363
-1.29171 -1.37305
-1.29119 -1.37372
-1.29002 -1.37175
-1.29128 -1.37349
-1.28983 -1.37008
-1.29255 -1.37232
-1.28748 -1.37175
-1.29316 -1.36816
-1.2891 -1.37202
-1.29113 -1.37171
-1.28907 -1.36939
-1.29112 -1.37173
-1.29048 -1.36779
-1.29117 -1.37093
-1.28716 -1.37124
-1.29267 -1.37053
-1.28751 -1.37061
-1.28968 -1.37039
-1.29343 -1.36809
-1.28699 -1.37138
-1.29062 -1.37005
-1.29035 -1.3683
-1.28899 -1.36999
-1.29199 -1.36878
-1.28527 -1.3707
-1.28861 -1.37177
-1.2889 -1.36877
-1.29174 -1.36794
-1.28789 -1.36935
-1.28992 -1.36736
-1.28821 -1.36815
-1.29171 -1.36532
-1.28785 -1.36977
-1.28781 -1.36805
-1.29041 -1.36708
-1.28884 -1.36768
-1.28808 -1.36896
-1.28872 -1.36635
-1.28837 -1.36859
-1.29272 -1.36459
-1.28693 -1.3666
-1.29024 -1.36628
-1.28971 -1.368
-1.29013 -1.36832
-1.2879 -1.36927
-1.29107 -1.3678
-1.28819 -1.36921
-1.28975 -1.36942
-1.28938 -1.37099
-1.28754 -1.36824
-1.28866 -1.3662
-1.2905 -1.36811
-1.28838 -1.36531
-1.28972 -1.36826
-1.28586 -1.36788
-1.28963 -1.36788
-1.28653 -1.36855
-1.28765 -1.36683
-1.28945 -1.36627
-1.28671 -1.37279
-1.2868 -1.36848
-1.28696 -1.36869
-1.28913 -1.36787
-1.28556 -1.36903
-1.2876 -1.37229
-1.28745 -1.36761
-1.28476 -1.37004
-1.28771 -1.36915
-1.28766 -1.36848
-1.28901 -1.36808
-1.28614 -1.36927
-1.28918 -1.36911
-1.28503 -1.36972
-1.2903 -1.36645
-1.28684 -1.36915
-1.28951 -1.36917
-1.28671 -1.36606
-1.2885 -1.36461
-1.28824 -1.36999
-1.28739 -1.3658
-1.2896 -1.36605
-1.28876 -1.36592
-1.28674 -1.36873
-1.29086 -1.36384
-1.28882 -1.3657
-1.29007 -1.36423
-1.28904 -1.36655
-1.28756 -1.3662
-1.29083 -1.36481
-1.2889 -1.36686
-1.28903 -1.36718
-1.29054 -1.36523
-1.28963 -1.36441
-1.29055 -1.36484
-1.29021 -1.36398
-1.28766 -1.36759
-1.28951 -1.36223
-1.29081 -1.36802
-1.28773 -1.36281
-1.28872 -1.36639
-1.28888 -1.36551
-1.28917 -1.36686
-1.29238 -1.36644
-1.28714 -1.36447
-1.29095 -1.36306
-1.2886 -1.36704
-1.29048 -1.36413
-1.28912 -1.36163
-1.28753 -1.36499
-1.2912 -1.36354
-1.28671 -1.36628
-1.28977 -1.36243
-1.2885 -1.36377
-1.28709 -1.36581
-1.29034 -1.36246
-1.28743 -1.36184
-1.29153 -1.36032
-1.28824 -1.36434
-1.28765 -1.36273
-1.2899 -1.36409
-1.28838 -1.36369
-1.28982 -1.3636
-1.28839 -1.36291
-1.29094 -1.36124
-1.28785 -1.36186
-1.29025 -1.36027
-1.28894 -1.36093
-1.28772 -1.3613
-1.28674 -1.36159
-1.28908 -1.35984
-1.28984 -1.36238
-1.28728 -1.3622
-1.28681 -1.36148
-1.28581 -1.36305
-1.28926 -1.3618
-1.28881 -1.36048
-1.28919 -1.36302
-1.28598 -1.35852
-1.28609 -1.36489
-1.29193 -1.36238
-1.28538 -1.36202
-1.28838 -1.36037
-1.28773 -1.36361
-1.2877 -1.36299
-1.28911 -1.36298
-1.28702 -1.36175
-1.28931 -1.36448
-1.28717 -1.36365
-1.28851 -1.36433
-1.28724 -1.36242
-1.28448 -1.3648
-1.28937 -1.36527
-1.287 -1.36514
-1.28621 -1.36254
-1.288 -1.36428
-1.2859 -1.36209
-1.28844 -1.36483
-1.28816 -1.36193
-1.28583 -1.36266
-1.28557 -1.36344
-1.28895 -1.36249
-1.28543 -1.36538
-1.28783 -1.36141
-1.2863 -1.36135
-1.28796 -1.36063
-1.28814 -1.36277
-1.28849 -1.36222
-1.28692 -1.35999
-1.28759 -1.36058
-1.28668 -1.36032
-1.28712 -1.36139
-1.28785 -1.35973
-1.28911 -1.35816
-1.28524 -1.36191
-1.28926 -1.35993
-1.28894 -1.35907
-1.28663 -1.36093
-1.28911 -1.36017
-1.2886 -1.36117
-1.28706 -1.36114
-1.28826 -1.36084
-1.29055 -1.359
-1.28743 -1.36083
-1.28617 -1.36129
-1.28793 -1.36055
-1.28574 -1.362
-1.28572 -1.3615
-1.28861 -1.35913
-1.28792 -1.36105
-1.28696 -1.36199
-1.28431 -1.36268
-1.28556 -1.36127
-1.28697 -1.35936
-1.28695 -1.35936
-1.28398 -1.36366
-1.28603 -1.36208
-1.28424 -1.36296
-1.28632 -1.36197
-1.28299 -1.36057
-1.28842 -1.36157
-1.285 -1.35973
-1.285 -1.36145
-1.28783 -1.35849
-1.28402 -1.35989
-1.28285 -1.3626
-1.28972 -1.3588
-1.28304 -1.35963
-1.2845 -1.36075
-1.28399 -1.3631
-1.28409 -1.36301
-1.2843 -1.36242
-1.28096 -1.36242
-1.28517 -1.36024
-1.28209 -1.36439
-1.27942 -1.3628
-1.28254 -1.36076
-1.28046 -1.3626
-1.28069 -1.3633
-1.28354 -1.36113
-1.28161 -1.36107
-1.28468 -1.36054
-1.28286 -1.36349
-1.28264 -1.36155
-1.28421 -1.36165
-1.28332 -1.35856
-1.28378 -1.36282
-1.28261 -1.36442
-1.28427 -1.35756
-1.28656 -1.3617
-1.2822 -1.35906
-1.28315 -1.362
-1.28505 -1.35792
-1.28386 -1.36047
-1.28261 -1.35734
-1.28399 -1.35864
-1.28148 -1.36175
-1.28327 -1.35781
-1.28236 -1.35772
-1.28261 -1.36133
-1.28209 -1.35815
-1.28515 -1.35927
-1.27988 -1.359
-1.28306 -1.36101
-1.28539 -1.35649
-1.28328 -1.35867
-1.28188 -1.35988
-1.28369 -1.35921
-1.28285 -1.36081
-1.28291 -1.3588
-1.28297 -1.35994
-1.28547 -1.35812
-1.2829 -1.35861
-1.28149 -1.36036
-1.28217 -1.36176
-1.28429 -1.3592
-1.28064 -1.3618
-1.28339 -1.36026
-1.282 -1.35985
-1.28359 -1.3609
-1.28529 -1.35862
-1.28207 -1.35795
-1.28421 -1.35984
-1.284 -1.35792
-1.28264 -1.36015
-1.28515 -1.35833
-1.28441 -1.35938
-1.28616 -1.35896
-1.28472 -1.36042
-1.28235 -1.35915
-1.28583 -1.35731
-1.28359 -1.35906
-1.28529 -1.36187
-1.28635 -1.35336
-1.2824 -1.35923
-1.28898 -1.35966
-1.28484 -1.35763
-1.28806 -1.35363
-1.28341 -1.36114
-1.28576 -1.35526
-1.28598 -1.35417
-1.28419 -1.35572
-1.28436 -1.35528
-1.2866 -1.35651
-1.28306 -1.35456
-1.28276 -1.35599
-1.2849 -1.35618
-1.28333 -1.35451
