0 0
-0.171449 -0.161392
-0.331217 -0.313294
-0.478145 -0.453871
-0.614327 -0.584661
-0.738584 -0.705074
-0.847285 -0.814291
-0.946134 -0.913281
-1.03261 -1.00027
-1.10086 -1.07932
-1.15954 -1.14584
-1.20412 -1.20465
-1.23543 -1.2476
-1.26286 -1.2891
-1.27344 -1.32232
-1.2848 -1.34688
-1.28809 -1.37258
-1.28937 -1.39238
-1.28778 -1.41029
-1.28904 -1.42153
-1.28293 -1.43478
-1.28103 -1.43942
-1.27762 -1.45063
-1.27019 -1.46049
-1.27092 -1.46059
-1.2604 -1.45747
-1.26211 -1.47029
-1.24817 -1.45774
-1.25516 -1.46375
-1.25146 -1.47662
-1.24968 -1.47096
-1.25104 -1.47004
-1.2546 -1.46972
-1.25268 -1.46781
-1.2582 -1.46667
-1.2548 -1.4626
-1.25956 -1.46267
-1.26259 -1.45519
-1.25964 -1.46012
-1.26309 -1.4557
-1.26542 -1.45718
-1.26201 -1.45686
-1.26361 -1.45454
-1.26617 -1.45177
-1.26681 -1.45295
-1.26626 -1.45236
-1.27075 -1.4479
-1.26617 -1.45119
-1.27373 -1.44256
-1.27111 -1.44789
-1.27107 -1.44792
-1.27649 -1.44408
-1.2766 -1.44469
-1.27747 -1.44087
-1.27627 -1.44013
-1.27921 -1.44323
-1.27631 -1.43942
-1.27984 -1.43863
-1.28054 -1.43825
-1.27998 -1.43906
-1.27794 -1.43749
-1.27993 -1.43996
-1.28375 -1.43326
-1.28173 -1.43158
-1.28614 -1.43288
-1.28197 -1.43363
-1.28659 -1.42574
-1.28276 -1.43243
-1.28744 -1.42679
-1.28155 -1.43606
-1.28776 -1.42986
-1.2889 -1.42842
-1.28482 -1.42981
-1.28684 -1.43245
-1.28697 -1.43019
-1.28394 -1.43155
-1.28924 -1.42853
-1.28768 -1.42925
-1.28727 -1.43077
-1.28683 -1.43058
-1.29069 -1.42897
-1.28727 -1.43171
-1.28703 -1.43165
-1.29006 -1.42721
-1.28706 -1.42772
-1.2895 -1.42785
-1.29063 -1.42853
-1.29173 -1.42195
-1.29014 -1.42605
-1.29143 -1.4285
-1.29489 -1.42285
-1.2902 -1.42367
-1.293 -1.42088
-1.28801 -1.4288
-1.29603 -1.4189
-1.29335 -1.42077
-1.29236 -1.4226
-1.29382 -1.42191
-1.2924 -1.42047
-1.29556 -1.41851
-1.29402 -1.42342
-1.29608 -1.42107
-1.29835 -1.41883
-1.29661 -1.41825
-1.29828 -1.41904
-1.29569 -1.41817
-1.29595 -1.4179
-1.29941 -1.41342
-1.29802 -1.41855
-1.29835 -1.41629
-1.2996 -1.41622
-1.29873 -1.4163
-1.30149 -1.41464
-1.29777 -1.41456
-1.29877 -1.41488
-1.29726 -1.41447
-1.30081 -1.41429
-1.29673 -1.41507
-1.29963 -1.41372
-1.30024 -1.41622
-1.29988 -1.41447
-1.30096 -1.41259
-1.29842 -1.41524
-1.30178 -1.41478
-1.29768 -1.41662
-1.30268 -1.40923
-1.30096 -1.41392
-1.30247 -1.41152
-1.30013 -1.41567
-1.30178 -1.41379
-1.30235 -1.4146
-1.30019 -1.41025
-1.303 -1.41082
-1.30321 -1.41577
-1.30232 -1.40769
-1.30376 -1.40934
-1.30148 -1.4123
-1.304 -1.41102
-1.30108 -1.40998
-1.30374 -1.40912
-1.3006 -1.41203
-1.30137 -1.41171
-1.30129 -1.41396
-1.30204 -1.40797
-1.30309 -1.41049
-1.30057 -1.41336
-1.29955 -1.41196
-1.30322 -1.41317
-1.30263 -1.41265
-1.30159 -1.4091
-1.30337 -1.41143
-1.30499 -1.40741
-1.2999 -1.4074
-1.30346 -1.40709
-1.30413 -1.40884
-1.30335 -1.40637
-1.30515 -1.40487
-1.30744 -1.40347
-1.30276 -1.4092
-1.30432 -1.40516
-1.30243 -1.40872
-1.3054 -1.40356
-1.3024 -1.40843
-1.3025 -1.40631
-1.30237 -1.40648
-1.3043 -1.40762
-1.30194 -1.40732
-1.30246 -1.40634
-1.30407 -1.40501
-1.30296 -1.407
-1.30622 -1.40543
-1.30113 -1.40395
-1.30219 -1.40613
-1.30096 -1.40559
-1.30374 -1.4019
-1.30189 -1.40666
-1.30193 -1.40324
-1.30587 -1.40356
-1.30373 -1.40179
-1.30406 -1.40422
-1.30431 -1.40525
-1.30419 -1.40297
-1.30358 -1.40551
-1.30435 -1.39919
-1.3041 -1.40355
-1.30353 -1.40273
-1.30102 -1.40305
-1.30625 -1.40021
-1.30624 -1.39869
-1.30713 -1.39979
-1.30814 -1.39775
-1.30782 -1.39845
-1.30059 -1.40341
-1.30598 -1.39763
-1.30351 -1.39838
-1.3057 -1.40277
-1.30771 -1.40054
-1.30489 -1.39826
-1.30342 -1.39829
-1.30542 -1.39777
-1.30452 -1.39984
-1.30633 -1.40078
-1.30161 -1.40202
-1.30249 -1.40117
-1.30475 -1.39616
-1.30216 -1.39951
-1.30269 -1.39875
-1.30064 -1.39769
-1.30305 -1.39672
-1.30167 -1.39642
-1.30456 -1.39489
-1.30494 -1.39244
-1.30066 -1.39439
-1.30358 -1.39325
-1.30207 -1.39681
-1.30248 -1.39279
-1.30558 -1.39565
-1.30013 -1.39492
-1.30398 -1.39678
-1.30204 -1.39667
-1.30252 -1.39485
-1.30319 -1.39276
-1.3022 -1.3962
-1.30014 -1.3948
-1.30304 -1.39214
-1.29914 -1.39682
-1.29612 -1.3966
-1.29926 -1.39718
-1.29807 -1.39565
-1.29852 -1.39298
-1.30063 -1.39324
-1.29778 -1.39441
-1.29947 -1.39268
-1.30045 -1.39274
-1.29929 -1.39268
-1.3014 -1.39265
-1.30392 -1.39075
-1.29842 -1.39309
-1.30114 -1.39209
-1.30274 -1.39271
-1.29946 -1.39138
-1.29796 -1.38876
-1.29997 -1.39104
-1.3024 -1.38921
-1.30084 -1.38968
-1.30129 -1.3908
-1.2968 -1.39149
-1.30126 -1.39276
-1.29941 -1.39021
-1.29986 -1.38927
-1.29907 -1.39228
-1.29858 -1.38871
-1.2975 -1.38598
-1.29994 -1.38995
-1.29872 -1.38769
-1.30051 -1.39172
-1.29858 -1.38657
-1.3025 -1.38479
-1.30221 -1.38877
-1.30041 -1.38742
-1.29641 -1.38977
-1.29989 -1.38445
-1.29652 -1.38714
-1.30015 -1.3861
-1.29837 -1.38833
-1.29855 -1.38464
-1.29755 -1.3854
-1.30072 -1.38416
-1.30008 -1.38378
-1.3004 -1.38548
-1.29825 -1.3829
-1.30091 -1.38141
-1.29958 -1.38441
-1.29968 -1.38423
-1.30081 -1.38122
-1.30389 -1.38213
-1.30015 -1.3813
-1.29826 -1.38012
-1.30252 -1.37933
-1.29941 -1.38644
-1.29846 -1.38501
-1.30271 -1.37959
-1.30009 -1.38369
-1.29479 -1.386
-1.29638 -1.3852
-1.29828 -1.37982
-1.29776 -1.38233
-1.30063 -1.38012
-1.29853 -1.3812
-1.29774 -1.38394
-1.29814 -1.38194
-1.29586 -1.3812
-1.29879 -1.38151
-1.29736 -1.37976
-1.29703 -1.37921
-1.29591 -1.38141
-1.29369 -1.38077
-1.29465 -1.38101
-1.29701 -1.3769
-1.2931 -1.38279
-1.30164 -1.37606
-1.2945 -1.37758
-1.29779 -1.37837
-1.29784 -1.37981
-1.2977 -1.37973
-1.29793 -1.37388
-1.29688 -1.38207
-1.29529 -1.37785
-1.29465 -1.37872
-1.29801 -1.38279
-1.29626 -1.37751
-1.29454 -1.37905
-1.29877 -1.37789
-1.29717 -1.37657
-1.29695 -1.37671
-1.29372 -1.38106
-1.29508 -1.37892
-1.29696 -1.37707
-1.29505 -1.37903
-1.2929 -1.37896
-1.29165 -1.37807
-1.29496 -1.37747
-1.29267 -1.37667
-1.29289 -1.37533
-1.29356 -1.37395
-1.29301 -1.37681
-1.2936 -1.37674
-1.29312 -1.37479
-1.29494 -1.37599
-1.291 -1.37769
-1.2954 -1.37679
-1.29467 -1.37475
-1.29352 -1.37533
-1.29606 -1.37528
-1.29638 -1.37387
-1.29424 -1.37555
-1.29382 -1.37621
-1.29588 -1.37174
-1.29247 -1.37419
-1.29107 -1.3748
-1.2953 -1.3708
-1.29493 -1.37755
-1.2935 -1.37852
-1.29488 -1.37118
-1.2933 -1.37393
-1.2953 -1.37067
-1.29513 -1.37041
-1.29476 -1.37281
-1.29295 -1.36984
-1.29094 -1.36919
-1.29658 -1.36714
-1.29465 -1.37007
-1.28985 -1.36808
-1.29286 -1.37184
-1.29286 -1.36675
-1.29361 -1.37182
-1.2862 -1.37048
-1.29481 -1.36476
-1.2882 -1.37044
-1.29088 -1.36898
-1.29005 -1.36754
-1.29629 -1.36766
-1.29063 -1.36947
-1.29141 -1.36758
-1.29085 -1.36878
-1.28703 -1.36938
-1.29183 -1.36853
-1.28879 -1.36518
-1.29009 -1.36515
-1.28863 -1.36811
-1.28966 -1.36472
-1.29051 -1.36323
-1.28805 -1.36549
-1.29092 -1.36695
-1.28716 -1.36502
-1.2865 -1.36443
-1.28795 -1.36456
-1.28837 -1.36368
-1.28534 -1.36411
-1.28987 -1.36451
-1.28906 -1.36222
-1.28548 -1.36498
-1.28952 -1.36159
-1.28516 -1.36073
-1.2893 -1.36346
-1.28763 -1.36099
-1.28802 -1.36185
-1.28776 -1.35896
-1.28838 -1.35771
-1.28741 -1.36129
-1.28634 -1.36271
-1.28714 -1.36223
-1.28608 -1.36024
-1.28748 -1.35985
-1.28798 -1.35767
-1.28687 -1.35983
-1.28381 -1.36414
-1.28772 -1.35904
-1.28928 -1.3622
-1.28758 -1.35973
-1.28698 -1.35887
-1.29016 -1.35846
-1.28762 -1.35716
-1.28765 -1.35799
-1.28722 -1.35665
-1.28401 -1.35784
-1.28681 -1.35837
-1.28513 -1.35894
-1.2882 -1.35554
-1.28555 -1.35811
-1.28742 -1.36158
-1.28617 -1.35532
-1.28727 -1.35673
-1.28555 -1.36199
-1.28723 -1.35605
-1.28898 -1.35493
-1.28665 -1.35721
-1.28799 -1.35719
-1.28877 -1.35589
-1.28742 -1.35463
-1.28798 -1.35526
-1.28644 -1.35675
-1.28992 -1.35459
-1.28895 -1.35687
-1.28437 -1.35746
-1.28824 -1.35552
-1.28641 -1.3545
-1.2845 -1.35529
-1.28375 -1.35431
-1.28708 -1.35366
-1.28524 -1.35532
-1.28574 -1.35638
-1.28492 -1.35333
-1.28512 -1.35535
-1.28576 -1.35268
-1.28443 -1.35141
-1.28865 -1.35254
-1.28174 -1.35389
-1.28521 -1.35558
-1.28534 -1.35224
-1.28411 -1.35333
-1.28354 -1.35131
-1.28257 -1.35515
-1.28353 -1.35145
-1.28176 -1.35277
-1.28098 -1.35569
-1.28199 -1.35414
-1.28018 -1.35249
-1.27918 -1.35443
-1.28172 -1.35155
-1.2796 -1.35123
-1.2813 -1.35594
-1.28011 -1.35197
-1.27789 -1.35413
-1.27947 -1.34833
-1.27889 -1.35275
-1.2805 -1.35166
-1.27999 -1.34891
-1.27781 -1.35586
-1.2797 -1.34832
-1.28085 -1.3541
-1.27743 -1.35077
-1.27957 -1.34692
-1.27441 -1.34807
-1.27987 -1.34903
-1.27778 -1.35024
-1.28032 -1.34664
-1.27693 -1.35003
-1.27867 -1.34995
-1.27784 -1.34559
-1.27728 -1.34786
-1.27885 -1.34816
-1.28028 -1.343
-1.27889 -1.34733
-1.27519 -1.34836
-1.27787 -1.34635
-1.2768 -1.34612
-1.2757 -1.3477
-1.27677 -1.35048
-1.27446 -1.34644
-1.27679 -1.34825
-1.27698 -1.34631
-1.27688 -1.34545
-1.27804 -1.34659
-1.27783 -1.34893
-1.28043 -1.34669
-1.2764 -1.34922
-1.28079 -1.34253
-1.27883 -1.34644
-1.27641 -1.34529
-1.27549 -1.34545
-1.27635 -1.34645
-1.27754 -1.3447
-1.28132 -1.34412
-1.27757 -1.34807
-1.27819 -1.3471
-1.28093 -1.34086
-1.27569 -1.34564
-1.27681 -1.34162
-1.27642 -1.34049
-1.27415 -1.34402
-1.27631 -1.34291
-1.27702 -1.34054
-1.27509 -1.34291
-1.27383 -1.34449
-1.27572 -1.34036
-1.27504 -1.34019
-1.27486 -1.341
-1.27434 -1.34362
-1.27386 -1.33897
-1.27199 -1.34618
-1.27365 -1.34071
-1.27595 -1.34092
-1.26982 -1.34009
-1.27275 -1.33808
-1.27332 -1.34086
-1.27457 -1.33937
-1.27193 -1.34197
-1.272 -1.34177
-1.27179 -1.34265
-1.26898 -1.34283
-1.27152 -1.34169
-1.27112 -1.33992
-1.2686 -1.33846
-1.2709 -1.34097
-1.26939 -1.34059
-1.27084 -1.33792
-1.2698 -1.33912
-1.27168 -1.33714
-1.27157 -1.33922
-1.27103 -1.33945
-1.2732 -1.33672
-1.2681 -1.34084
-1.26697 -1.33944
-1.26757 -1.33683
-1.26678 -1.33936
-1.26597 -1.34341
-1.26865 -1.33701
-1.26762 -1.33828
-1.26503 -1.34075
-1.2673 -1.34047
-1.26822 -1.33811
-1.26427 -1.34155
-1.27071 -1.33912
-1.26759 -1.33895
-1.26866 -1.33811
-1.27246 -1.33423
-1.26796 -1.33508
-1.2697 -1.33454
-1.26835 -1.33798
-1.26878 -1.33422
-1.26926 -1.33439
-1.26802 -1.33528
-1.26897 -1.33738
-1.26996 -1.33262
-1.26617 -1.33529
-1.26648 -1.33582
-1.26767 -1.33549
-1.26902 -1.33375
-1.26768 -1.33132
-1.26673 -1.33573
-1.26593 -1.33534
-1.26827 -1.3382
-1.26756 -1.33206
-1.26696 -1.33542
-1.26332 -1.33399
-1.27042 -1.32806
-1.26755 -1.33501
-1.26781 -1.33266
-1.26758 -1.33222
-1.26719 -1.33219
-1.26407 -1.33251
-1.26687 -1.33182
-1.26405 -1.33259
-1.26611 -1.33284
-1.26386 -1.33287
-1.26635 -1.33329
-1.26573 -1.32994
-1.26296 -1.33054
-1.26407 -1.33365
-1.26107 -1.33743
-1.26475 -1.3294
-1.26185 -1.33055
-1.26041 -1.33236
-1.26373 -1.33243
-1.26129 -1.33087
-1.26151 -1.33409
-1.25848 -1.3355
-1.26252 -1.33059
-1.26104 -1.32772
-1.25946 -1.3335
-1.26031 -1.32925
-1.26066 -1.33101
-1.25823 -1.32895
-1.26161 -1.33091
-1.26265 -1.32884
-1.2598 -1.33352
-1.26293 -1.32728
-1.26189 -1.33192
-1.25962 -1.32755
-1.25954 -1.33096
-1.25889 -1.32883
-1.25784 -1.33094
-1.26107 -1.32634
-1.2611 -1.32495
-1.26097 -1.3268
-1.25877 -1.32986
-1.25696 -1.32842
-1.26138 -1.32513
-1.26 -1.32453
-1.258 -1.32614
-1.26308 -1.32322
-1.25809 -1.32694
-1.25687 -1.3267
-1.25925 -1.32485
-1.26029 -1.32285
-1.25558 -1.32387
-1.25632 -1.32714
-1.25706 -1.32641
-1.2575 -1.32434
-1.2581 -1.32338
-1.25599 -1.32607
-1.25856 -1.32019
-1.25692 -1.32465
-1.25442 -1.32568
-1.25764 -1.32713
-1.25642 -1.31896
-1.25539 -1.32499
-1.2569 -1.32269
-1.25688 -1.32163
-1.2567 -1.32326
-1.25843 -1.32194
-1.25657 -1.32042
-1.25638 -1.32127
-1.25929 -1.31751
-1.2529 -1.32485
-1.25895 -1.32034
-1.2576 -1.32185
-1.25877 -1.31863
-1.25623 -1.32153
-1.2603 -1.31534
-1.25279 -1.32263
-1.25676 -1.31859
-1.25297 -1.32403
-1.25381 -1.32202
-1.25173 -1.32273
-1.25622 -1.3198
-1.25213 -1.32125
-1.25432 -1.31739
-1.25323 -1.31816
-1.25491 -1.31734
-1.25497 -1.31321
-1.25812 -1.31597
-1.25408 -1.31544
-1.25427 -1.31995
-1.25511 -1.31674
-1.25354 -1.31593
-1.25369 -1.31691
-1.25464 -1.31473
-1.25343 -1.31579
-1.25432 -1.31403
-1.25204 -1.31707
-1.25329 -1.31367
-1.25313 -1.31597
-1.25282 -1.31393
-1.25194 -1.31386
-1.24774 -1.31542
-1.25367 -1.31371
-1.25161 -1.31702
-1.25289 -1.31148
-1.25407 -1.31286
-1.25242 -1.31497
-1.25272 -1.31596
-1.25252 -1.31284
-1.25001 -1.31404
-1.25213 -1.31445
-1.25331 -1.31026
-1.25253 -1.30754
-1.25123 -1.31163
-1.25101 -1.31157
-1.25462 -1.30911
-1.24938 -1.31272
-1.25106 -1.31035
-1.24933 -1.31274
-1.25073 -1.31084
-1.25031 -1.31476
-1.24703 -1.31546
-1.25075 -1.31147
-1.24902 -1.31596
-1.24743 -1.31236
-1.24932 -1.31
-1.25098 -1.31058
-1.24915 -1.31226
-1.24596 -1.30943
-1.25001 -1.31281
-1.24759 -1.31098
-1.2488 -1.31172
-1.24741 -1.31303
-1.24988 -1.30962
-1.25 -1.31371
-1.24639 -1.31236
-1.2499 -1.30948
-1.24447 -1.31449
-1.25043 -1.30902
-1.24867 -1.3109
-1.24611 -1.31403
-1.24915 -1.30819
-1.24605 -1.31105
-1.24707 -1.3074
-1.24881 -1.31081
-1.2457 -1.3085
-1.24584 -1.311
-1.24691 -1.30806
-1.24619 -1.30976
-1.24511 -1.30632
-1.24875 -1.30513
-1.24532 -1.31137
-1.24644 -1.30593
-1.24723 -1.31226
-1.24777 -1.3084
-1.24571 -1.31034
-1.24491 -1.30866
-1.24717 -1.30533
-1.24507 -1.3096
-1.24389 -1.30298
-1.24506 -1.30754
-1.24588 -1.30557
-1.24917 -1.30666
-1.2467 -1.3103
-1.24822 -1.30407
-1.2462 -1.30751
-1.24788 -1.30583
-1.24799 -1.30686
-1.24754 -1.30389
-1.24695 -1.30176
-1.24406 -1.30622
-1.24787 -1.30417
-1.24583 -1.30855
-1.24574 -1.30727
-1.24565 -1.30443
-1.24644 -1.30476
-1.24434 -1.30772
-1.24444 -1.30513
-1.24669 -1.30478
-1.24608 -1.30452
-1.24412 -1.30431
-1.24268 -1.30507
-1.24421 -1.30418
-1.24205 -1.30176
-1.24203 -1.30523
-1.24544 -1.30214
-1.24056 -1.30421
-1.24246 -1.30097
-1.24204 -1.30489
-1.24124 -1.30217
-1.23964 -1.30705
-1.2422 -1.30344
-1.23884 -1.30609
-1.23963 -1.30469
-1.23834 -1.30416
-1.24062 -1.3068
-1.2413 -1.30301
-1.24154 -1.30135
-1.23888 -1.30718
-1.24423 -1.30252
-1.24254 -1.30161
-1.24015 -1.30562
-1.2418 -1.30298
-1.24275 -1.30014
-1.24049 -1.30253
-1.24059 -1.30535
-1.24228 -1.30586
-1.24158 -1.30557
-1.24185 -1.30103
-1.24078 -1.30496
-1.24216 -1.30339
-1.24084 -1.30256
-1.24132 -1.30205
-1.23849 -1.30152
-1.24246 -1.29765
-1.23897 -1.30026
-1.23946 -1.30193
-1.23995 -1.29838
-1.23808 -1.30134
-1.23691 -1.301
-1.23629 -1.29778
-1.23882 -1.30005
-1.23954 -1.30134
-1.23729 -1.30113
-1.2413 -1.2965
-1.23907 -1.29592
-1.23907 -1.30005
-1.24031 -1.29315
-1.2403 -1.2979
-1.23922 -1.29689
-1.24049 -1.29484
-1.24122 -1.29441
-1.23932 -1.29443
-1.23825 -1.29489
-1.23871 -1.29236
-1.2391 -1.29721
-1.23888 -1.28935
-1.23946 -1.29332
-1.24089 -1.29066
-1.23813 -1.2923
-1.24115 -1.29286
-1.23893 -1.29283
-1.24035 -1.29428
-1.24093 -1.2911
-1.23789 -1.29453
-1.23899 -1.28944
-1.23821 -1.29496
-1.23851 -1.29069
-1.23848 -1.29094
-1.23928 -1.29104
-1.24129 -1.29056
-1.23795 -1.29243
-1.23868 -1.29254
-1.2372 -1.29199
-1.23945 -1.29223
-1.23822 -1.29079
-1.23714 -1.28926
-1.24 -1.28873
-1.23743 -1.29094
-1.23804 -1.29101
-1.23837 -1.29088
-1.23712 -1.28911
-1.23784 -1.28825
-1.23732 -1.28823
-1.23783 -1.28845
-1.23916 -1.28974
-1.23703 -1.28593
-1.23766 -1.2875
-1.23345 -1.28947
-1.23784 -1.28386
-1.23618 -1.28977
-1.23683 -1.28546
-1.23527 -1.28994
-1.23864 -1.28757
-1.23642 -1.28844
-1.23897 -1.28485
-1.23521 -1.28664
-1.23775 -1.28325
-1.23955 -1.28094
-1.23482 -1.28623
-1.23423 -1.28686
-1.23918 -1.28449
-1.23459 -1.28538
-1.2328 -1.2885
-1.23647 -1.28903
-1.23273 -1.2875
-1.23808 -1.28663
-1.23874 -1.28372
-1.23792 -1.28486
-1.23938 -1.28582
-1.23974 -1.28158
-1.23494 -1.28671
-1.23637 -1.2848
-1.23696 -1.28494
-1.23443 -1.28675
-1.23686 -1.28543
-1.2395 -1.28138
-1.23666 -1.28253
-1.23442 -1.2858
-1.23325 -1.28381
-1.23391 -1.28298
-1.23173 -1.28348
-1.2345 -1.28452
-1.23406 -1.28065
-1.2321 -1.28457
-1.23128 -1.28568
-1.23617 -1.286
-1.23244 -1.28729
-1.2327 -1.28434
-1.23058 -1.28568
-1.23181 -1.28403
-1.22997 -1.28459
-1.22757 -1.28525
-1.22882 -1.28461
-1.23235 -1.28322
-1.2302 -1.28395
-1.23446 -1.2815
-1.2318 -1.2843
-1.23232 -1.28187
-1.23125 -1.28244
-1.23301 -1.28244
-1.22956 -1.2833
-1.23292 -1.28357
-1.23005 -1.28253
-1.23044 -1.27916
-1.23384 -1.27822
-1.22904 -1.27924
-1.23007 -1.27812
-1.23218 -1.27549
-1.22997 -1.2832
-1.23209 -1.27697
-1.23045 -1.2811
-1.23235 -1.28028
-1.2338 -1.28026
-1.22754 -1.28058
-1.22785 -1.28079
-1.23226 -1.27885
-1.2304 -1.27872
-1.23072 -1.2786
-1.23136 -1.2786
-1.23223 -1.27799
-1.23003 -1.27586
-1.22917 -1.28139
-1.23118 -1.27241
-1.22871 -1.27662
-1.23161 -1.27271
-1.22623 -1.28156
-1.22852 -1.27667
-1.23039 -1.27232
-1.22723 -1.27381
-1.2287 -1.27541
-1.22811 -1.27393
-1.22842 -1.27415
-1.22781 -1.27705
-1.22647 -1.27582
-1.22793 -1.27636
-1.2249 -1.27606
-1.23149 -1.27329
-1.22697 -1.27358
-1.22847 -1.27185
-1.22853 -1.27226
-1.23116 -1.27234
-1.22399 -1.27559
-1.22684 -1.27667
-1.22436 -1.27665
-1.22441 -1.27574
-1.22843 -1.27656
-1.22771 -1.2716
-1.22613 -1.27613
-1.22887 -1.26946
-1.22765 -1.27279
-1.22587 -1.27439
-1.22706 -1.27342
-1.22796 -1.27153
-1.22471 -1.27667
-1.22861 -1.27214
-1.22611 -1.27622
-1.22532 -1.2734
-1.22508 -1.27621
-1.22706 -1.27448
-1.22551 -1.27557
-1.22626 -1.27111
-1.22774 -1.27413
-1.22517 -1.27299
-1.22766 -1.27308
-1.22508 -1.27369
-1.22916 -1.27494
-1.2263 -1.27462
-1.22831 -1.26688
-1.22449 -1.2767
-1.22581 -1.26887
-1.22514 -1.27115
-1.22659 -1.27048
-1.22346 -1.27072
-1.22651 -1.26887
-1.22328 -1.26998
-1.22615 -1.27041
-1.22423 -1.26991
-1.22372 -1.27033
-1.22226 -1.27111
-1.22098 -1.26882
-1.2239 -1.26921
-1.22111 -1.27252
-1.22328 -1.27304
-1.22491 -1.26994
-1.22449 -1.26973
-1.22342 -1.27212
-1.22371 -1.26933
-1.22582 -1.26909
-1.22202 -1.27018
-1.224 -1.26875
-1.22291 -1.27014
-1.22075 -1.27223
-1.22391 -1.26713
-1.21951 -1.27036
-1.22375 -1.2703
-1.22466 -1.27009
-1.22429 -1.26639
-1.22222 -1.26836
-1.2222 -1.2675
-1.22328 -1.26926
-1.22319 -1.26833
-1.22591 -1.26559
-1.22585 -1.26412
-1.22421 -1.26829
-1.22369 -1.26494
-1.22373 -1.2654
-1.21947 -1.26988
-1.22256 -1.26551
-1.21872 -1.26897
-1.22207 -1.2683
-1.22163 -1.26655
-1.22054 -1.26633
-1.21958 -1.26858
-1.21909 -1.26673
-1.22001 -1.27
-1.22178 -1.26654
-1.22117 -1.26755
-1.22038 -1.26936
-1.22133 -1.2649
-1.22003 -1.2686
-1.22145 -1.26538
-1.21951 -1.26714
-1.21828 -1.26674
-1.22385 -1.26735
-1.21986 -1.26648
-1.22089 -1.26917
-1.2202 -1.26444
-1.22183 -1.26717
-1.21975 -1.26672
-1.22025 -1.26491
-1.22081 -1.26198
-1.22084 -1.26301
-1.22169 -1.26195
-1.21841 -1.26573
-1.22153 -1.26434
-1.21725 -1.26705
-1.22142 -1.26282
-1.21987 -1.26773
-1.22018 -1.26046
-1.21855 -1.26423
-1.22249 -1.26328
-1.22028 -1.2622
-1.21954 -1.26089
-1.21927 -1.26379
-1.21909 -1.2607
-1.21777 -1.26559
-1.2195 -1.26074
-1.21909 -1.26339
-1.21917 -1.26038
-1.21918 -1.25945
-1.2209 -1.26045
-1.21932 -1.25971
-1.22021 -1.25911
-1.22157 -1.2596
-1.21887 -1.25838
-1.21841 -1.25519
-1.22161 -1.25568
-1.22101 -1.25932
-1.22208 -1.25542
-1.22006 -1.25991
-1.22079 -1.25914
-1.22028 -1.26063
-1.2207 -1.25669
-1.22145 -1.25755
-1.21997 -1.25793
-1.2204 -1.26157
-1.21914 -1.25705
-1.22119 -1.25833
-1.21823 -1.25805
-1.21904 -1.25828
-1.22017 -1.25533
-1.2228 -1.2574
-1.21903 -1.25608
-1.22062 -1.25876
-1.21925 -1.25714
-1.21889 -1.25929
-1.21898 -1.2565
-1.2221 -1.25715
-1.21887 -1.2543
-1.21882 -1.25651
-1.21857 -1.25946
-1.21787 -1.25699
-1.21946 -1.25527
-1.21851 -1.2566
-1.21999 -1.2537
-1.22048 -1.25373
-1.21729 -1.2559
-1.21949 -1.24969
-1.21705 -1.25662
-1.21849 -1.2536
-1.21797 -1.25207
-1.21773 -1.25603
-1.21994 -1.25329
-1.21848 -1.25814
-1.21884 -1.2531
-1.21838 -1.25518
-1.2188 -1.25282
-1.2218 -1.25589
-1.22002 -1.25409
-1.21805 -1.25581
-1.21845 -1.25574
-1.21728 -1.25481
-1.21921 -1.25506
-1.21801 -1.25186
-1.21878 -1.25064
-1.21994 -1.25173
-1.21798 -1.25206
-1.21847 -1.25091
-1.21916 -1.25193
-1.21937 -1.25271
-1.21765 -1.25154
-1.21892 -1.25067
-1.21841 -1.24985
-1.21911 -1.24781
-1.21857 -1.24893
-1.21848 -1.24835
-1.21848 -1.25077
-1.21782 -1.2487
-1.21985 -1.24901
-1.21852 -1.2495
-1.21802 -1.24903
-1.2204 -1.24976
-1.21772 -1.24931
-1.21863 -1.2513
-1.21604 -1.249
-1.22007 -1.24732
-1.2159 -1.25111
-1.21777 -1.24772
-1.22024 -1.24658
-1.21613 -1.24803
-1.21904 -1.25118
-1.22133 -1.24279
-1.2151 -1.24998
-1.21548 -1.24991
-1.21358 -1.25049
-1.21566 -1.24922
-1.21258 -1.25088
-1.21369 -1.24989
-1.21279 -1.24931
-1.21414 -1.25114
-1.21281 -1.24747
-1.21202 -1.24767
-1.21204 -1.25175
-1.21135 -1.24695
-1.20971 -1.25084
-1.21658 -1.24875
-1.21171 -1.24863
-1.21511 -1.24959
-1.21433 -1.2454
-1.2118 -1.25398
-1.21349 -1.24747
-1.21174 -1.24962
-1.2137 -1.24756
-1.21293 -1.24784
-1.2132 -1.24665
-1.21312 -1.25012
-1.21116 -1.24875
-1.21387 -1.24916
-1.21354 -1.2509
-1.21208 -1.24988
-1.21115 -1.25251
-1.21198 -1.24999
-1.20795 -1.25185
-1.21214 -1.24849
-1.21091 -1.25379
-1.21124 -1.24983
-1.20946 -1.2501
-1.21064 -1.2496
-1.2125 -1.25116
-1.20894 -1.2482
-1.21166 -1.24912
-1.20874 -1.24772
-1.21048 -1.24695
-1.21082 -1.2498
-1.20877 -1.24633
-1.21026 -1.25064
-1.2104 -1.24665
-1.20889 -1.2465
-1.20905 -1.24848
-1.21281 -1.24806
-1.2106 -1.24816
-1.21396 -1.24298
-1.21123 -1.24887
-1.21417 -1.24409
-1.21322 -1.24816
-1.21094 -1.25017
-1.20616 -1.25013
-1.2122 -1.24289
-1.20946 -1.25037
-1.21246 -1.24357
-1.2086 -1.24855
-1.21169 -1.2438
-1.20857 -1.2472
-1.20963 -1.24443
-1.20738 -1.24709
-1.20887 -1.24701
-1.21011 -1.24306
-1.2094 -1.24935
-1.20898 -1.24245
-1.20775 -1.24904
-1.2077 -1.24493
-1.20996 -1.24643
-1.20746 -1.24404
-1.2051 -1.24997
-1.20879 -1.24391
-1.2061 -1.24798
-1.20642 -1.24584
-1.21057 -1.24452
-1.20817 -1.2457
-1.20344 -1.25044
-1.20971 -1.244
-1.2052 -1.24795
-1.207 -1.2423
-1.20628 -1.24421
-1.2082 -1.24375
-1.20366 -1.24638
-1.20922 -1.24285
-1.20468 -1.24647
-1.20684 -1.24077
-1.2069 -1.24106
-1.20464 -1.24559
-1.20223 -1.24098
-1.20604 -1.24378
-1.20664 -1.23858
-1.20655 -1.24163
-1.20456 -1.2418
-1.20465 -1.24343
-1.20167 -1.24645
-1.20661 -1.24246
-1.20467 -1.24327
-1.20584 -1.24031
-1.2041 -1.24399
-1.20698 -1.24115
-1.20549 -1.24331
-1.20644 -1.23975
-1.20357 -1.24413
-1.20423 -1.24186
-1.20268 -1.24612
-1.20487 -1.23978
-1.20319 -1.24398
-1.20493 -1.24155
-1.2034 -1.24009
-1.20257 -1.24555
-1.20258 -1.24302
-1.20084 -1.24535
-1.20352 -1.24377
-1.20159 -1.24348
-1.2021 -1.24357
-1.20322 -1.2422
-1.20133 -1.24286
-1.19875 -1.24487
-1.20117 -1.24154
-1.20206 -1.24239
-1.2002 -1.24181
-1.20301 -1.23884
-1.20131 -1.24468
-1.20335 -1.23856
-1.20475 -1.2374
-1.20279 -1.2443
-1.20044 -1.24102
-1.20187 -1.24263
-1.20316 -1.23876
-1.19883 -1.24513
-1.20514 -1.23727
-1.20036 -1.244
-1.20227 -1.23868
-1.20182 -1.23931
-1.20148 -1.24014
-1.20017 -1.24081
-1.20152 -1.24214
-1.20182 -1.23998
-1.20346 -1.2382
-1.20239 -1.2426
-1.20569 -1.23848
-1.20156 -1.24141
-1.19987 -1.23613
-1.20115 -1.2437
-1.20017 -1.24044
-1.20036 -1.23977
-1.19834 -1.24358
-1.20066 -1.23618
-1.19958 -1.23898
-1.20056 -1.24073
-1.19967 -1.24009
-1.20434 -1.23905
-1.20039 -1.24109
-1.20065 -1.24173
-1.20051 -1.24425
-1.20065 -1.23753
-1.19881 -1.24329
-1.1997 -1.23857
-1.19923 -1.24219
-1.19997 -1.24096
-1.19954 -1.2391
-1.20035 -1.2412
-1.20139 -1.24134
-1.1973 -1.24151
-1.20327 -1.23695
-1.19372 -1.24318
-1.20154 -1.23974
-1.19628 -1.24245
-1.19936 -1.23763
-1.19816 -1.2427
-1.20073 -1.23584
-1.19949 -1.2384
-1.20042 -1.24054
-1.199 -1.23607
-1.19893 -1.23884
-1.20115 -1.23933
-1.19693 -1.23815
-1.19975 -1.23867
-1.19755 -1.24135
-1.19934 -1.2356
-1.19517 -1.24565
-1.19909 -1.23918
-1.20054 -1.23868
-1.19735 -1.23836
-1.19788 -1.23821
-1.19842 -1.23892
-1.1971 -1.24306
-1.19899 -1.23684
-1.19618 -1.23745
-1.19402 -1.24103
-1.19875 -1.23425
-1.19852 -1.24169
-1.19695 -1.23831
-1.19655 -1.23648
-1.19756 -1.23689
-1.19467 -1.23876
-1.19945 -1.23572
-1.19369 -1.24128
-1.19525 -1.23592
-1.19542 -1.24055
-1.19381 -1.23577
-1.19574 -1.23957
-1.19775 -1.2333
-1.19639 -1.23633
-1.19496 -1.23617
-1.19548 -1.23483
-1.19386 -1.23779
-1.19742 -1.239
-1.1949 -1.23525
-1.19593 -1.234
-1.19471 -1.23472
-1.19434 -1.23502
-1.19744 -1.2311
-1.19443 -1.23325
-1.19701 -1.23342
-1.19632 -1.22982
-1.19603 -1.23472
-1.19356 -1.23381
-1.1978 -1.23139
-1.19805 -1.23236
-1.19537 -1.23362
-1.19391 -1.23343
-1.1943 -1.23612
-1.19453 -1.23522
-1.19541 -1.23699
-1.19505 -1.234
-1.1932 -1.23465
-1.19425 -1.23334
-1.19671 -1.23154
-1.1948 -1.23388
-1.19403 -1.23502
-1.19153 -1.23583
-1.19551 -1.2337
-1.1919 -1.23279
-1.19592 -1.23259
-1.19022 -1.23369
-1.19448 -1.23282
-1.19018 -1.23692
-1.19522 -1.22862
-1.19122 -1.23404
-1.1931 -1.23391
-1.19078 -1.23565
-1.19103 -1.23267
-1.19362 -1.23059
-1.19124 -1.23389
-1.19066 -1.23219
-1.19236 -1.23113
-1.19037 -1.23144
-1.19113 -1.23045
-1.19256 -1.23077
-1.1896 -1.23259
-1.19259 -1.23222
-1.18928 -1.22785
-1.19007 -1.23466
-1.18938 -1.23156
-1.18926 -1.23238
-1.18851 -1.23136
-1.1894 -1.23176
-1.18936 -1.23147
-1.18896 -1.23079
-1.18963 -1.22945
-1.18847 -1.23024
-1.18699 -1.2326
-1.18983 -1.22763
-1.18791 -1.23213
-1.18875 -1.23061
-1.18921 -1.22863
-1.18959 -1.23039
-1.18899 -1.22797
-1.18784 -1.22912
-1.19103 -1.22885
-1.18989 -1.2251
-1.1879 -1.22943
-1.18942 -1.22825
-1.19034 -1.22529
-1.19055 -1.22936
-1.1881 -1.22622
-1.19273 -1.22501
-1.18936 -1.22711
-1.19602 -1.22225
-1.18937 -1.22655
-1.19321 -1.2227
-1.19168 -1.22759
-1.19044 -1.22627
-1.19239 -1.22768
-1.19022 -1.22817
-1.1894 -1.22971
-1.18991 -1.22451
-1.19125 -1.22287
-1.18931 -1.22845
-1.1911 -1.22583
-1.19086 -1.2259
-1.18864 -1.22826
-1.19225 -1.2267
-1.19244 -1.22482
-1.19003 -1.22546
-1.18692 -1.22952
-1.19183 -1.22241
-1.18963 -1.22844
-1.18797 -1.22875
-1.19167 -1.226
-1.194 -1.22448
-1.18951 -1.22801
-1.19283 -1.22123
-1.188 -1.23039
-1.19141 -1.22439
-1.18929 -1.22818
-1.18594 -1.22813
-1.19012 -1.22796
-1.18946 -1.22659
-1.18958 -1.22368
-1.18995 -1.2258
-1.1886 -1.22566
-1.18725 -1.22443
-1.18675 -1.22729
-1.18737 -1.22674
-1.1864 -1.22581
-1.18654 -1.22814
-1.18896 -1.226
-1.18737 -1.22711
-1.18377 -1.22762
-1.18529 -1.22848
-1.18779 -1.22486
-1.18924 -1.223
-1.18865 -1.22569
-1.18767 -1.22397
-1.18395 -1.22744
-1.18791 -1.22564
-1.18527 -1.22532
-1.18476 -1.22703
-1.18382 -1.22745
-1.18483 -1.22502
-1.18128 -1.22776
-1.18312 -1.22585
-1.18297 -1.22657
-1.18258 -1.22533
-1.1837 -1.22381
-1.18248 -1.22576
-1.18117 -1.22616
-1.18162 -1.22652
-1.18098 -1.22532
-1.18528 -1.22319
-1.18161 -1.2252
-1.18249 -1.22814
-1.18537 -1.22339
-1.18038 -1.22674
-1.18107 -1.22594
-1.18185 -1.22613
-1.17903 -1.22588
-1.1808 -1.22953
-1.18122 -1.22412
-1.17974 -1.23051
-1.18325 -1.2239
-1.18202 -1.22474
-1.18075 -1.22281
-1.18268 -1.22405
-1.18292 -1.22364
-1.18032 -1.22365
-1.1824 -1.22413
-1.18071 -1.22528
-1.18522 -1.21917
-1.1842 -1.22016
-1.18093 -1.22169
-1.18271 -1.22278
-1.181 -1.22374
-1.18029 -1.21932
-1.18271 -1.22135
-1.17775 -1.22329
-1.18116 -1.22088
-1.18112 -1.22459
-1.1784 -1.22211
-1.17963 -1.22365
-1.18095 -1.22083
-1.17606 -1.22733
-1.18271 -1.22153
-1.17832 -1.22742
-1.17875 -1.22273
-1.18137 -1.22341
-1.18006 -1.21995
-1.1819 -1.22002
-1.18252 -1.21868
-1.17906 -1.22239
-1.18154 -1.21922
-1.18116 -1.22038
-1.18285 -1.22018
-1.18064 -1.22151
-1.18334 -1.22142
-1.18072 -1.22123
-1.18286 -1.21845
-1.17875 -1.22122
-1.18452 -1.21824
-1.1791 -1.21959
-1.17958 -1.22096
-1.18006 -1.22043
-1.18291 -1.22018
-1.18336 -1.2178
-1.18016 -1.22143
-1.18449 -1.21683
-1.18213 -1.21728
-1.18276 -1.21767
-1.18133 -1.21947
-1.18478 -1.21691
-1.18336 -1.2179
-1.1814 -1.22055
-1.18395 -1.21484
-1.1812 -1.21996
-1.18319 -1.21549
-1.18122 -1.21774
-1.18057 -1.21463
-1.18319 -1.21846
-1.18239 -1.21615
-1.17731 -1.22147
-1.18073 -1.21928
-1.18104 -1.21757
-1.17777 -1.22172
-1.18368 -1.21643
-1.18009 -1.21721
-1.18357 -1.21414
-1.18368 -1.21502
-1.18158 -1.21603
-1.18486 -1.21476
-1.18094 -1.21374
-1.1825 -1.2184
-1.18264 -1.21643
-1.18305 -1.21368
-1.18109 -1.21666
-1.18275 -1.21646
-1.18292 -1.21426
-1.18165 -1.21668
-1.18056 -1.21577
-1.18149 -1.21397
-1.18296 -1.21419
-1.18285 -1.21395
-1.18263 -1.21165
-1.18346 -1.21648
-1.17986 -1.21663
-1.18468 -1.20961
-1.18239 -1.2164
-1.18246 -1.2098
-1.18199 -1.21423
-1.18344 -1.2101
-1.17995 -1.21114
-1.18 -1.21515
-1.18113 -1.2126
-1.18216 -1.21293
-1.17959 -1.21093
-1.18063 -1.21279
-1.17846 -1.21564
-1.18128 -1.21033
-1.17859 -1.21567
-1.18149 -1.21415
-1.17956 -1.2112
-1.1814 -1.21085
-1.17982 -1.21479
-1.17955 -1.21209
-1.17989 -1.20973
-1.17681 -1.2136
-1.17943 -1.21107
-1.17692 -1.21282
-1.17758 -1.21489
-1.17886 -1.2115
-1.17736 -1.21257
-1.18008 -1.21163
-1.17893 -1.21303
-1.17833 -1.21238
-1.17854 -1.21372
-1.17631 -1.21444
-1.17933 -1.20971
-1.17694 -1.21399
-1.17825 -1.21214
-1.17921 -1.2087
-1.17999 -1.21094
-1.17953 -1.20954
-1.17676 -1.21328
-1.17981 -1.20856
-1.17658 -1.21392
-1.1777 -1.21461
-1.17647 -1.20994
-1.17689 -1.21471
-1.17592 -1.21171
-1.17838 -1.21031
-1.17558 -1.21309
-1.17957 -1.21335
-1.17798 -1.21173
-1.17738 -1.21229
-1.17807 -1.20789
-1.17859 -1.213
-1.17591 -1.2113
-1.17847 -1.20747
-1.17433 -1.21465
-1.17914 -1.20823
-1.17769 -1.21222
-1.18084 -1.20633
-1.17823 -1.21135
-1.17904 -1.21011
-1.17879 -1.21165
-1.17839 -1.21001
-1.17875 -1.20915
-1.17583 -1.21163
-1.17796 -1.20936
-1.17972 -1.20921
-1.17609 -1.20808
-1.17674 -1.21021
-1.17582 -1.20956
-1.17786 -1.20948
-1.1762 -1.21193
-1.17833 -1.21135
-1.17665 -1.21028
-1.17716 -1.20996
-1.17851 -1.20503
-1.17595 -1.20971
-1.1806 -1.20299
-1.17877 -1.20626
-1.17904 -1.20703
-1.17752 -1.20743
-1.17889 -1.20775
-1.17843 -1.20638
-1.1772 -1.20802
-1.17537 -1.21039
-1.17785 -1.20878
-1.17469 -1.21083
-1.17579 -1.20883
-1.17797 -1.20857
-1.17647 -1.20907
-1.1779 -1.20517
-1.17644 -1.20669
-1.17551 -1.20774
-1.17298 -1.20924
-1.17779 -1.20638
-1.17612 -1.20571
-1.17672 -1.20666
-1.17844 -1.20409
-1.1769 -1.20692
-1.17849 -1.20107
-1.17606 -1.20764
-1.1757 -1.20483
-1.17513 -1.20621
-1.17713 -1.20149
-1.17666 -1.20756
-1.17898 -1.19953
-1.17702 -1.20544
-1.17514 -1.20409
-1.17346 -1.2075
-1.17711 -1.20275
-1.17443 -1.20682
-1.17589 -1.20407
-1.17539 -1.20611
-1.17335 -1.2056
-1.17506 -1.2031
-1.17421 -1.20065
-1.17552 -1.20482
-1.17412 -1.20564
-1.1757 -1.2055
-1.17655 -1.20315
-1.17475 -1.20601
-1.17321 -1.20405
-1.17426 -1.20715
-1.17333 -1.20507
-1.17541 -1.21067
-1.17199 -1.20247
-1.17337 -1.20535
-1.17391 -1.20444
-1.17549 -1.20361
-1.1752 -1.20401
-1.17416 -1.20321
-1.17567 -1.2036
-1.17454 -1.20394
-1.17652 -1.20429
-1.17363 -1.20439
-1.17415 -1.20556
-1.17202 -1.20529
-1.17401 -1.20088
-1.1705 -1.20682
-1.17659 -1.20418
-1.17045 -1.20766
-1.17464 -1.20605
-1.1743 -1.20501
-1.17408 -1.2058
-1.17334 -1.20528
-1.17326 -1.20798
-1.17225 -1.20472
-1.17443 -1.20354
-1.17119 -1.20712
-1.17715 -1.20319
-1.17265 -1.20441
-1.17088 -1.20418
-1.17031 -1.20834
-1.17238 -1.20671
-1.1703 -1.20581
-1.17012 -1.20564
-1.16977 -1.20819
-1.17123 -1.20417
-1.17096 -1.20665
-1.17183 -1.20356
-1.17115 -1.20584
-1.17123 -1.20586
-1.17298 -1.20562
-1.16921 -1.20401
-1.1746 -1.20363
-1.17315 -1.20151
-1.17029 -1.20293
-1.171 -1.20327
-1.17084 -1.20264
-1.17328 -1.20151
-1.17036 -1.20565
-1.17374 -1.20257
-1.17213 -1.20297
-1.17297 -1.20374
-1.17267 -1.20216
-1.1765 -1.19942
-1.17358 -1.20267
-1.1716 -1.20025
-1.17786 -1.19975
-1.17472 -1.20067
-1.17441 -1.19935
-1.17365 -1.20049
-1.17507 -1.20137
-1.17238 -1.20224
-1.17119 -1.20371
-1.1732 -1.20322
-1.1705 -1.20398
-1.17216 -1.20062
-1.17187 -1.20485
-1.17227 -1.20396
-1.17392 -1.19969
-1.17126 -1.20375
-1.17421 -1.2023
-1.17455 -1.19973
-1.16981 -1.20446
-1.17056 -1.20426
-1.17179 -1.20044
-1.17524 -1.20153
-1.16662 -1.20538
-1.17014 -1.20396
-1.16963 -1.20422
-1.16735 -1.20536
-1.16857 -1.20406
-1.16759 -1.20285
-1.17234 -1.20159
-1.16953 -1.2044
-1.17181 -1.20288
-1.172 -1.20176
-1.1708 -1.20608
-1.17119 -1.20286
-1.16945 -1.20508
-1.17089 -1.20116
-1.17158 -1.19971
-1.16765 -1.20112
-1.17253 -1.20183
-1.16825 -1.20079
-1.16771 -1.20391
-1.16927 -1.20166
-1.17104 -1.20146
-1.16557 -1.20747
-1.17181 -1.19834
-1.16948 -1.20265
-1.16521 -1.20448
-1.17156 -1.19689
-1.16983 -1.20298
-1.17272 -1.20019
-1.17001 -1.19815
-1.1723 -1.20135
-1.17149 -1.19923
-1.16817 -1.20026
-1.17335 -1.20201
-1.16822 -1.19759
-1.16904 -1.20303
-1.1685 -1.20184
-1.1683 -1.20124
-1.16788 -1.20337
-1.16842 -1.20146
-1.17062 -1.19992
-1.17012 -1.19971
-1.16874 -1.19921
-1.17237 -1.19933
-1.16873 -1.20117
-1.17043 -1.19873
-1.16631 -1.20246
-1.16914 -1.19976
-1.16971 -1.20025
-1.16729 -1.2015
-1.16863 -1.20109
-1.17136 -1.19977
-1.16862 -1.20044
-1.16933 -1.19997
-1.16813 -1.20006
-1.17022 -1.19878
-1.1695 -1.19679
-1.16627 -1.20117
-1.16922 -1.19843
-1.16888 -1.19949
-1.16524 -1.19931
-1.1665 -1.20017
-1.16639 -1.19827
-1.16497 -1.20126
-1.16901 -1.19469
-1.16807 -1.20034
-1.16747 -1.19742
-1.1695 -1.19662
-1.17064 -1.19608
-1.16914 -1.19963
-1.16839 -1.19533
-1.16903 -1.19615
-1.16877 -1.19279
-1.16758 -1.19799
-1.16914 -1.19861
-1.16782 -1.19622
-1.16732 -1.19892
-1.16693 -1.19526
-1.16774 -1.19757
-1.16608 -1.2002
-1.16618 -1.19349
-1.16664 -1.19928
-1.16679 -1.19428
-1.16713 -1.19556
-1.16559 -1.19671
-1.16641 -1.19231
-1.16551 -1.19747
-1.16424 -1.19726
-1.16969 -1.19368
-1.16758 -1.19499
-1.16521 -1.19495
-1.16603 -1.19413
-1.16559 -1.19309
-1.16649 -1.19531
-1.16744 -1.19368
-1.16365 -1.19506
-1.17049 -1.19084
-1.1634 -1.1972
-1.16777 -1.1941
-1.16103 -1.19762
-1.16452 -1.19421
-1.16612 -1.19365
-1.16517 -1.19506
-1.16619 -1.1914
-1.16664 -1.19352
-1.16747 -1.19099
-1.16521 -1.19482
-1.16599 -1.19601
-1.16353 -1.19479
-1.16476 -1.19497
-1.16687 -1.19619
-1.16559 -1.19146
-1.16705 -1.19325
-1.16677 -1.19201
-1.16708 -1.19617
-1.16533 -1.19142
-1.16727 -1.19361
-1.16612 -1.19464
-1.16784 -1.19297
-1.16973 -1.18725
-1.1702 -1.19163
-1.16742 -1.19091
-1.16844 -1.19182
-1.16847 -1.18936
-1.17137 -1.19163
-1.16818 -1.19001
-1.16909 -1.19056
-1.16816 -1.18948
-1.16502 -1.19314
-1.17047 -1.18749
-1.16544 -1.19306
-1.16826 -1.18718
-1.16741 -1.19126
-1.16384 -1.19291
-1.16408 -1.19199
-1.16659 -1.18987
-1.16392 -1.192
-1.16422 -1.19014
-1.16308 -1.19324
-1.16421 -1.19186
-1.16766 -1.19196
-1.16636 -1.18824
-1.16827 -1.19086
-1.16489 -1.19126
-1.16661 -1.19137
-1.16423 -1.19267
-1.16471 -1.19137
-1.16579 -1.18864
-1.1624 -1.19328
-1.1669 -1.18701
-1.16333 -1.19102
-1.16523 -1.18827
-1.16323 -1.19255
-1.16262 -1.18968
-1.16356 -1.18996
-1.16659 -1.18868
-1.16519 -1.1882
-1.16605 -1.19084
-1.16324 -1.19249
-1.16518 -1.18945
-1.16437 -1.1936
-1.16566 -1.186
-1.16011 -1.19238
-1.16509 -1.19102
-1.16163 -1.1931
-1.1639 -1.18781
-1.1636 -1.19111
-1.16461 -1.19181
-1.16298 -1.18994
-1.16399 -1.19161
-1.16281 -1.19199
-1.16227 -1.1886
-1.16326 -1.19068
-1.16269 -1.18845
-1.1666 -1.18819
-1.16419 -1.18916
-1.16721 -1.18603
-1.16303 -1.19127
-1.16269 -1.18858
-1.15973 -1.19289
-1.16616 -1.18661
-1.16312 -1.18982
-1.16175 -1.19063
-1.16484 -1.18826
-1.16325 -1.19102
-1.16252 -1.19033
-1.16299 -1.18757
-1.16084 -1.18649
-1.16245 -1.19095
-1.16485 -1.18697
-1.16183 -1.18929
-1.16503 -1.18847
-1.16365 -1.19108
-1.16187 -1.18871
-1.16156 -1.19097
-1.16416 -1.19032
-1.16028 -1.19065
-1.16221 -1.19102
-1.16086 -1.18965
-1.16016 -1.1902
-1.16315 -1.19081
-1.16374 -1.18745
-1.16407 -1.18738
-1.15927 -1.18904
-1.16362 -1.188
-1.15965 -1.19012
-1.16169 -1.19015
-1.15983 -1.18982
-1.16027 -1.18786
-1.16118 -1.18963
-1.16168 -1.18927
-1.16079 -1.18804
-1.16251 -1.18493
-1.15924 -1.19037
-1.16279 -1.18451
-1.1612 -1.18635
-1.15939 -1.19031
-1.16249 -1.18403
-1.16008 -1.18936
-1.15981 -1.186
-1.15942 -1.18782
-1.15888 -1.18589
-1.15899 -1.18867
-1.15894 -1.18892
-1.16101 -1.18337
-1.15911 -1.18792
-1.16172 -1.18625
-1.15938 -1.18733
-1.16337 -1.18357
-1.15707 -1.18635
-1.16311 -1.18388
-1.16028 -1.18793
-1.16127 -1.18446
-1.15812 -1.18692
-1.16023 -1.18651
-1.16019 -1.18916
-1.16057 -1.1883
-1.15897 -1.1886
-1.15906 -1.19022
-1.15801 -1.18889
-1.16011 -1.18711
-1.15826 -1.19025
-1.16185 -1.18601
-1.15967 -1.18864
-1.15829 -1.18882
-1.15889 -1.18853
-1.16083 -1.18525
-1.15687 -1.18998
-1.15911 -1.18589
-1.15739 -1.19001
-1.15964 -1.18435
