0 0
-0.0871639 -0.0820369
-0.171544 -0.161726
-0.252824 -0.238556
-0.331238 -0.313229
-0.406606 -0.385147
-0.478896 -0.454503
-0.548502 -0.521028
-0.615262 -0.585813
-0.678213 -0.646087
-0.737529 -0.706716
-0.795612 -0.762389
-0.849146 -0.815909
-0.900634 -0.865654
-0.947267 -0.91405
-0.9914 -0.960901
-1.03333 -1.00331
-1.07001 -1.043
-1.10424 -1.08093
-1.13683 -1.11641
-1.15927 -1.151
-1.18532 -1.17717
-1.20478 -1.20934
-1.22304 -1.2322
-1.23864 -1.25777
-1.24937 -1.2776
-1.26248 -1.29823
-1.26983 -1.31594
-1.27762 -1.33138
-1.28208 -1.34434
-1.2864 -1.35808
-1.28779 -1.36066
-1.29022 -1.35723
-1.28713 -1.35693
-1.28973 -1.35945
-1.28623 -1.35731
-1.28621 -1.35985
-1.2876 -1.35903
-1.28537 -1.35676
-1.28858 -1.35894
-1.28359 -1.36085
-1.28909 -1.35593
-1.28496 -1.36015
-1.28549 -1.3577
-1.28444 -1.35802
-1.28767 -1.35823
-1.28778 -1.35946
-1.2869 -1.35775
-1.28531 -1.35796
-1.28701 -1.35592
-1.2856 -1.35619
-1.28394 -1.36185
-1.28568 -1.35434
-1.28715 -1.35641
-1.28583 -1.3558
-1.28501 -1.35881
-1.2872 -1.35659
-1.28454 -1.35693
-1.2858 -1.35453
-1.28484 -1.35575
-1.28484 -1.35587
-1.28356 -1.3558
-1.28484 -1.35864
-1.2843 -1.35603
-1.28466 -1.35625
-1.28702 -1.35495
-1.28397 -1.35724
-1.28444 -1.35721
-1.28595 -1.35259
-1.28458 -1.35644
-1.28299 -1.35795
-1.2841 -1.35597
-1.2846 -1.3559
-1.2829 -1.35597
-1.28439 -1.35579
-1.2842 -1.3587
-1.2832 -1.35631
-1.28332 -1.35954
-1.28461 -1.35622
-1.2834 -1.35777
-1.28424 -1.35654
-1.28221 -1.35824
-1.28771 -1.35396
-1.28266 -1.35806
-1.28441 -1.35711
-1.28392 -1.35407
-1.28271 -1.35904
-1.28579 -1.35122
-1.28524 -1.35406
-1.28573 -1.35379
-1.28329 -1.3562
-1.28665 -1.35387
-1.28602 -1.35393
-1.28534 -1.3511
-1.28485 -1.35277
-1.2846 -1.3543
-1.283 -1.35375
-1.2896 -1.35192
-1.28396 -1.35365
-1.28383 -1.35284
-1.28118 -1.35296
-1.28552 -1.35481
-1.28504 -1.35253
-1.2853 -1.35621
-1.2839 -1.35379
-1.28352 -1.35381
-1.28192 -1.35516
-1.28567 -1.3547
-1.28334 -1.35468
-1.28371 -1.35275
-1.28489 -1.3534
-1.28387 -1.35266
-1.28043 -1.35094
-1.28432 -1.35731
-1.28039 -1.35404
-1.28462 -1.35237
-1.2833 -1.35231
-1.28314 -1.35182
-1.28456 -1.35443
-1.28257 -1.34997
-1.28322 -1.35307
-1.28264 -1.3551
-1.28254 -1.35394
-1.28381 -1.35421
-1.283 -1.35321
-1.28565 -1.35089
-1.28181 -1.35439
-1.28423 -1.35421
-1.28285 -1.3494
-1.28616 -1.35625
-1.28157 -1.35298
-1.28287 -1.35237
-1.28375 -1.35248
-1.28205 -1.3531
-1.28417 -1.35249
-1.28479 -1.35056
-1.28108 -1.35307
-1.28356 -1.35265
-1.28244 -1.35224
-1.28399 -1.35455
-1.28382 -1.34818
-1.28 -1.35795
-1.28439 -1.351
-1.28464 -1.35101
-1.28195 -1.35191
-1.28372 -1.35338
-1.28101 -1.35323
-1.28497 -1.351
-1.28489 -1.35372
-1.2823 -1.35207
-1.28329 -1.35103
-1.28146 -1.35416
-1.28639 -1.34846
-1.28301 -1.35048
-1.28225 -1.35213
-1.28268 -1.35133
-1.28458 -1.35047
-1.28424 -1.35001
-1.28219 -1.34925
-1.28588 -1.35199
-1.28152 -1.34876
-1.28392 -1.35306
-1.28313 -1.34973
-1.28295 -1.35253
-1.28356 -1.34638
-1.28247 -1.35338
-1.28418 -1.35008
-1.28384 -1.34991
-1.28465 -1.35129
-1.28211 -1.34878
-1.28494 -1.34741
-1.28579 -1.34835
-1.28284 -1.35017
-1.28392 -1.34573
-1.28491 -1.35076
-1.28661 -1.34472
-1.2811 -1.35171
-1.28535 -1.34601
-1.28262 -1.34881
-1.28424 -1.347
-1.28449 -1.34816
-1.28361 -1.34809
-1.28658 -1.34517
-1.28281 -1.35077
-1.28465 -1.34735
-1.28269 -1.34734
-1.2835 -1.34826
-1.283 -1.34915
-1.28661 -1.34719
-1.28577 -1.34677
-1.28341 -1.34792
-1.28448 -1.34914
-1.28513 -1.34694
-1.28427 -1.34903
-1.28618 -1.346
-1.28195 -1.35123
-1.28756 -1.34648
-1.28393 -1.34729
-1.28186 -1.3509
-1.28262 -1.35126
-1.28424 -1.34581
-1.28063 -1.35094
-1.28704 -1.34425
-1.28178 -1.34646
-1.28396 -1.351
-1.28513 -1.3478
-1.28197 -1.3494
-1.28351 -1.34722
-1.28473 -1.34834
-1.28423 -1.34468
-1.28572 -1.34847
-1.28278 -1.3461
-1.28176 -1.34845
-1.28442 -1.34737
-1.28348 -1.34288
-1.28085 -1.34921
-1.28474 -1.34581
-1.27978 -1.35169
-1.28631 -1.3438
-1.28096 -1.34774
-1.28128 -1.34745
-1.28586 -1.34736
-1.28146 -1.34654
-1.28357 -1.34844
-1.28008 -1.34932
-1.28646 -1.34208
-1.28038 -1.34736
-1.28238 -1.34781
-1.28417 -1.34426
-1.28429 -1.34493
-1.28167 -1.34539
-1.28452 -1.34653
-1.28363 -1.34444
-1.28388 -1.3432
-1.28667 -1.34434
-1.28389 -1.34506
-1.2824 -1.34414
-1.28469 -1.34511
-1.28195 -1.34429
-1.28686 -1.34291
-1.28317 -1.34282
-1.28456 -1.34419
-1.28396 -1.34487
-1.28211 -1.34466
-1.28062 -1.34836
-1.28552 -1.34394
-1.28547 -1.34467
-1.28265 -1.34562
-1.28203 -1.34522
-1.28581 -1.34265
-1.28211 -1.34325
-1.28438 -1.3439
-1.28517 -1.34471
-1.28538 -1.34088
-1.28299 -1.34519
-1.28469 -1.34261
-1.28543 -1.33935
-1.28206 -1.34531
-1.28451 -1.34067
-1.28357 -1.34227
-1.28606 -1.34094
-1.28442 -1.34292
-1.28293 -1.34038
-1.28733 -1.33996
-1.28215 -1.3445
-1.28575 -1.34068
-1.28317 -1.34142
-1.28579 -1.34317
-1.28669 -1.34175
-1.28333 -1.34331
-1.28672 -1.342
-1.28257 -1.34077
-1.28326 -1.34207
-1.28457 -1.34534
-1.28625 -1.34072
-1.2844 -1.34258
-1.28374 -1.34322
-1.28506 -1.34279
-1.28567 -1.34018
-1.2848 -1.34421
-1.28531 -1.33898
-1.28258 -1.34317
-1.28823 -1.34255
-1.28443 -1.34139
-1.28339 -1.34228
-1.28457 -1.34221
-1.28399 -1.34148
-1.28235 -1.34015
-1.28579 -1.34245
-1.28513 -1.34054
-1.28262 -1.34439
-1.28283 -1.34111
-1.28926 -1.33987
-1.28064 -1.34366
-1.28485 -1.34033
-1.28253 -1.34389
-1.28174 -1.34225
-1.28403 -1.34212
-1.28309 -1.34593
-1.2847 -1.34163
-1.28289 -1.34201
-1.28107 -1.34297
-1.28274 -1.34431
-1.28406 -1.34458
-1.28461 -1.33757
-1.28177 -1.34295
-1.28394 -1.3399
-1.28112 -1.34413
-1.27972 -1.34327
-1.2839 -1.33983
-1.28497 -1.33994
-1.28362 -1.338
-1.28174 -1.34044
-1.28336 -1.34166
-1.28173 -1.34002
-1.28415 -1.34441
-1.28437 -1.33874
-1.28164 -1.34096
-1.28308 -1.33935
-1.28411 -1.33984
-1.28226 -1.34015
-1.28291 -1.34117
-1.28199 -1.34065
-1.27916 -1.3439
-1.28132 -1.33958
-1.28157 -1.34562
-1.28326 -1.33917
-1.28113 -1.34179
-1.27961 -1.33982
-1.2817 -1.34006
-1.28223 -1.34156
-1.28325 -1.33776
-1.2797 -1.34095
-1.28192 -1.33818
-1.28266 -1.33761
-1.28144 -1.33861
-1.28359 -1.33711
-1.27986 -1.33881
-1.2832 -1.33908
-1.28138 -1.33749
-1.28149 -1.33699
-1.28047 -1.34102
-1.27953 -1.33843
-1.27998 -1.33954
-1.28157 -1.33564
-1.27812 -1.34288
-1.27959 -1.34088
-1.2833 -1.33457
-1.28065 -1.33661
-1.28172 -1.33571
-1.28081 -1.34059
-1.28128 -1.33485
-1.27947 -1.33638
-1.28092 -1.33785
-1.28217 -1.33909
-1.27932 -1.33642
-1.28251 -1.33701
-1.28179 -1.33819
-1.27988 -1.34005
-1.28046 -1.33741
-1.28265 -1.33697
-1.28033 -1.33572
-1.28332 -1.33517
-1.2824 -1.33455
-1.27885 -1.33716
-1.28245 -1.33649
-1.27976 -1.33779
-1.284 -1.33235
-1.2804 -1.33653
-1.28154 -1.33682
-1.28045 -1.33479
-1.27934 -1.34001
-1.28041 -1.33615
-1.28059 -1.33554
-1.27939 -1.33782
-1.28193 -1.33616
-1.28055 -1.33689
-1.28004 -1.33649
-1.27746 -1.33761
-1.28117 -1.33512
-1.2792 -1.33594
-1.28157 -1.3361
-1.27763 -1.3376
-1.2793 -1.33678
-1.28046 -1.33665
-1.28087 -1.3346
-1.27961 -1.33769
-1.27879 -1.33841
-1.2811 -1.33388
-1.27994 -1.33476
-1.27843 -1.33684
-1.28212 -1.33321
-1.278 -1.33514
-1.27988 -1.33371
-1.27759 -1.33647
-1.28135 -1.33145
-1.28082 -1.33264
-1.28081 -1.33299
-1.27998 -1.33517
-1.28051 -1.33041
-1.2789 -1.33409
-1.28073 -1.33529
-1.27753 -1.33361
-1.27744 -1.3348
-1.2782 -1.33175
-1.27837 -1.33418
-1.27948 -1.33345
-1.27818 -1.33406
-1.27794 -1.33391
-1.28319 -1.32999
-1.27856 -1.33323
-1.2817 -1.33223
-1.28158 -1.33122
-1.27771 -1.3308
-1.28236 -1.32922
-1.28022 -1.33232
-1.27889 -1.33189
-1.28173 -1.32924
-1.27795 -1.33327
-1.27979 -1.33141
-1.27887 -1.33017
-1.28165 -1.33549
-1.27836 -1.32944
-1.28275 -1.33188
-1.27893 -1.3347
-1.27894 -1.33045
-1.28077 -1.33235
-1.27898 -1.33247
-1.27947 -1.3315
-1.28024 -1.33075
-1.27954 -1.33258
-1.27964 -1.33058
-1.27843 -1.32996
-1.28113 -1.32865
-1.28022 -1.33167
-1.27931 -1.3301
-1.27793 -1.33241
-1.27761 -1.33095
-1.27913 -1.33089
-1.27839 -1.33174
-1.27873 -1.33146
-1.28011 -1.33127
-1.27704 -1.3311
-1.27883 -1.33303
-1.27825 -1.33088
-1.28006 -1.32707
-1.27567 -1.33314
-1.27865 -1.332
-1.27947 -1.33093
-1.27839 -1.33245
-1.27687 -1.33136
-1.27873 -1.33023
-1.27648 -1.33563
-1.28136 -1.32789
-1.27476 -1.33256
-1.27727 -1.33333
-1.27785 -1.33169
-1.27701 -1.33156
-1.27567 -1.33124
-1.27565 -1.33097
-1.27873 -1.331
-1.27602 -1.33273
-1.27861 -1.32968
-1.27499 -1.33121
-1.27752 -1.33315
-1.27479 -1.33142
-1.27772 -1.3319
-1.27511 -1.33073
-1.27628 -1.3312
-1.27692 -1.33157
-1.27782 -1.32888
-1.27653 -1.33172
-1.27579 -1.33152
-1.27796 -1.33047
-1.27823 -1.32975
-1.27482 -1.33232
-1.27732 -1.32918
-1.27748 -1.33272
-1.27736 -1.32963
-1.27861 -1.32679
-1.27581 -1.3307
-1.2761 -1.3295
-1.27898 -1.32681
-1.27874 -1.32929
-1.27663 -1.32563
-1.2786 -1.3258
-1.27712 -1.32885
-1.27602 -1.32816
-1.27374 -1.3263
-1.28038 -1.32704
-1.27581 -1.32921
-1.27459 -1.32804
-1.2773 -1.32826
-1.27555 -1.32644
-1.27689 -1.33058
-1.27697 -1.32655
-1.27623 -1.327
-1.2773 -1.32893
-1.27493 -1.32804
-1.27868 -1.32519
-1.27538 -1.32798
-1.27799 -1.32176
-1.27689 -1.33045
-1.27445 -1.32678
-1.27797 -1.32599
-1.27549 -1.32614
-1.27582 -1.32948
-1.27647 -1.32701
-1.27507 -1.3249
-1.2772 -1.32445
-1.27923 -1.32884
-1.27242 -1.32771
-1.27718 -1.32873
-1.2775 -1.32479
-1.27745 -1.3256
-1.27741 -1.32735
-1.27561 -1.32619
-1.27881 -1.32825
-1.27885 -1.32459
-1.27215 -1.32563
-1.27824 -1.32734
-1.276 -1.32319
-1.27455 -1.33006
-1.27725 -1.32335
-1.27862 -1.32446
-1.27594 -1.32897
-1.27716 -1.325
-1.27913 -1.32508
-1.27515 -1.32777
-1.27908 -1.32365
-1.27598 -1.3244
-1.27712 -1.32684
-1.2762 -1.3241
-1.27438 -1.32667
-1.27703 -1.32632
-1.27466 -1.32676
-1.27471 -1.32714
-1.27584 -1.32799
-1.27609 -1.32592
-1.27457 -1.3301
-1.27471 -1.32457
-1.27498 -1.32712
-1.27567 -1.32792
-1.27705 -1.32778
-1.27394 -1.32546
-1.27446 -1.32716
-1.27405 -1.32639
-1.27699 -1.32641
-1.27548 -1.32564
-1.27445 -1.32829
-1.2759 -1.32895
-1.27607 -1.32439
-1.27648 -1.32483
-1.27331 -1.32197
-1.27659 -1.32818
-1.27456 -1.32511
-1.27412 -1.3235
-1.27538 -1.32579
-1.27568 -1.32694
-1.27233 -1.32175
-1.27805 -1.32469
-1.27875 -1.32381
-1.27402 -1.31974
-1.27834 -1.32376
-1.2736 -1.32269
-1.27816 -1.32153
-1.272 -1.3209
-1.27606 -1.32429
-1.27441 -1.32052
-1.27147 -1.32377
-1.27521 -1.32335
-1.2755 -1.32254
-1.27463 -1.32162
-1.27391 -1.32336
-1.27274 -1.31825
-1.27269 -1.32461
-1.27757 -1.32008
-1.27077 -1.32388
-1.27383 -1.32204
-1.27375 -1.32418
-1.27227 -1.32074
-1.27154 -1.32208
-1.27169 -1.32401
-1.27304 -1.32316
-1.27073 -1.32053
-1.27033 -1.32708
-1.27155 -1.32161
-1.2708 -1.32384
-1.27099 -1.3248
-1.27076 -1.32413
-1.26786 -1.3266
-1.27088 -1.32397
-1.27143 -1.32222
-1.2708 -1.32403
-1.27189 -1.32548
-1.27148 -1.32175
-1.27192 -1.32451
-1.27321 -1.32405
-1.27066 -1.32572
-1.27003 -1.32242
-1.27123 -1.32516
-1.27018 -1.32653
-1.27306 -1.32387
-1.26841 -1.32415
-1.27276 -1.32202
-1.27031 -1.32668
-1.26858 -1.32472
-1.27284 -1.32173
-1.27011 -1.32774
-1.26916 -1.32275
-1.26848 -1.32661
-1.27231 -1.32443
-1.26845 -1.32254
-1.27115 -1.32588
-1.27364 -1.32188
-1.27141 -1.32422
-1.26919 -1.32253
-1.27257 -1.32281
-1.26984 -1.326
-1.2709 -1.32149
-1.27025 -1.32295
-1.27244 -1.32006
-1.27053 -1.32126
-1.26992 -1.32351
-1.26678 -1.32216
-1.27118 -1.32283
-1.26964 -1.32206
-1.269 -1.3245
-1.26942 -1.32097
-1.27086 -1.32256
-1.26874 -1.32369
-1.27167 -1.31845
-1.26964 -1.32228
-1.26942 -1.32069
-1.26899 -1.32277
-1.269 -1.32147
-1.27154 -1.32025
-1.26994 -1.31983
-1.26967 -1.32467
-1.27169 -1.31604
-1.26973 -1.32399
-1.26901 -1.32133
-1.26907 -1.32326
-1.27253 -1.31895
-1.2687 -1.32004
-1.2719 -1.32139
-1.26486 -1.3227
-1.26965 -1.32056
-1.27071 -1.31944
-1.26924 -1.32295
-1.2679 -1.32068
-1.27078 -1.32117
-1.26758 -1.32149
-1.26942 -1.31811
-1.26912 -1.32182
-1.2697 -1.32112
-1.2668 -1.31975
-1.26884 -1.32308
-1.26727 -1.32085
-1.26569 -1.323
-1.26738 -1.32074
-1.26938 -1.32575
-1.26756 -1.31953
-1.26829 -1.32221
-1.26654 -1.31962
-1.2671 -1.32253
-1.26785 -1.32253
-1.26796 -1.3217
-1.26738 -1.32186
-1.26569 -1.32126
-1.26784 -1.3214
-1.26523 -1.32173
-1.26902 -1.3197
-1.26546 -1.32087
-1.26845 -1.3223
-1.26439 -1.32226
-1.26614 -1.32318
-1.26767 -1.3182
-1.26655 -1.32535
-1.26437 -1.32328
-1.26769 -1.31985
-1.26887 -1.32127
-1.26319 -1.3247
-1.26554 -1.31735
-1.26548 -1.32502
-1.2648 -1.32381
-1.2681 -1.32071
-1.26761 -1.32054
-1.26564 -1.32138
-1.26922 -1.32155
-1.26673 -1.32133
-1.26756 -1.32046
-1.26916 -1.31875
-1.26737 -1.32172
-1.2661 -1.3208
-1.26857 -1.31921
-1.26819 -1.32074
-1.26718 -1.32158
-1.26713 -1.3215
-1.26554 -1.32027
-1.26879 -1.31939
-1.26463 -1.31969
-1.26824 -1.32207
-1.26584 -1.31986
-1.26885 -1.31839
-1.26735 -1.32105
-1.26661 -1.32062
-1.266 -1.31947
-1.2699 -1.32046
-1.26396 -1.32111
-1.26549 -1.32223
-1.26353 -1.32098
-1.26527 -1.31874
-1.26422 -1.32048
-1.2623 -1.32204
-1.26535 -1.31751
-1.26575 -1.32164
-1.26332 -1.32167
-1.26412 -1.31842
-1.26593 -1.32176
-1.26439 -1.31824
-1.26457 -1.31923
-1.26655 -1.32291
-1.2662 -1.31996
-1.26093 -1.32339
-1.2661 -1.31927
-1.26352 -1.32288
-1.26482 -1.31781
-1.26351 -1.32299
-1.26371 -1.31938
-1.26625 -1.32156
-1.2635 -1.31918
-1.26487 -1.31827
-1.26547 -1.32101
-1.26249 -1.32016
-1.26515 -1.31791
-1.26571 -1.31775
-1.26272 -1.31815
-1.26289 -1.3152
-1.26586 -1.31885
-1.26325 -1.31526
-1.26388 -1.31657
-1.26261 -1.31781
-1.26629 -1.31711
-1.26672 -1.31484
-1.26259 -1.31753
-1.26366 -1.31673
-1.26569 -1.31758
-1.26356 -1.31603
-1.26584 -1.31529
-1.2632 -1.31927
-1.26489 -1.31712
-1.26558 -1.31629
-1.26648 -1.31325
-1.26406 -1.31756
-1.26523 -1.31699
-1.26548 -1.31786
-1.26463 -1.31398
-1.26536 -1.31769
-1.26575 -1.31786
-1.26667 -1.31485
-1.26396 -1.31625
-1.26454 -1.31698
-1.26397 -1.31678
-1.2662 -1.31447
-1.26427 -1.3178
-1.26349 -1.31948
-1.26512 -1.31255
-1.26564 -1.31501
-1.26551 -1.31954
-1.26463 -1.31745
-1.26522 -1.31503
-1.26267 -1.31595
-1.26746 -1.31761
-1.26167 -1.3171
-1.26578 -1.31821
-1.26507 -1.31436
-1.26294 -1.32054
-1.26373 -1.31462
-1.26351 -1.31689
-1.26495 -1.31619
-1.26309 -1.31538
-1.26378 -1.31672
-1.26337 -1.3191
-1.26419 -1.31653
-1.26383 -1.31663
-1.26281 -1.3163
-1.26474 -1.3184
-1.26415 -1.31793
-1.2623 -1.31835
-1.26291 -1.31734
-1.26338 -1.31884
-1.26275 -1.31677
-1.26432 -1.31997
-1.26441 -1.31601
-1.26364 -1.31639
-1.26194 -1.31634
-1.26418 -1.31698
-1.26071 -1.31826
-1.26572 -1.31668
-1.26107 -1.31771
-1.26686 -1.31558
-1.26159 -1.31549
-1.26584 -1.31527
-1.26204 -1.32022
-1.26391 -1.31322
-1.26407 -1.31953
-1.26141 -1.31692
-1.26459 -1.31634
-1.26412 -1.31435
-1.26202 -1.31664
-1.26534 -1.31484
-1.26512 -1.31344
-1.26251 -1.31644
-1.26474 -1.31378
-1.2614 -1.31824
-1.26345 -1.31378
-1.26339 -1.31762
-1.2638 -1.31366
-1.26473 -1.3135
-1.26409 -1.31723
-1.26613 -1.3154
-1.2631 -1.31462
-1.26392 -1.31927
-1.26275 -1.31543
-1.26642 -1.31511
-1.2618 -1.31586
-1.26384 -1.31365
-1.26218 -1.31887
-1.26342 -1.31563
-1.26463 -1.31445
-1.26067 -1.31776
-1.26178 -1.31803
-1.26523 -1.31169
-1.26018 -1.3171
-1.2644 -1.31401
-1.25956 -1.31768
-1.2607 -1.31599
-1.26185 -1.31417
-1.26156 -1.31693
-1.26427 -1.31634
-1.26137 -1.31681
-1.26168 -1.311
-1.26367 -1.31556
-1.2613 -1.31314
-1.26254 -1.31548
-1.26407 -1.31624
-1.26118 -1.31371
-1.26251 -1.3146
-1.26052 -1.31905
-1.26278 -1.31534
-1.26125 -1.31271
-1.26234 -1.31682
-1.26135 -1.31211
-1.26119 -1.31858
-1.26022 -1.31534
-1.2626 -1.31611
-1.26097 -1.31678
-1.2625 -1.31656
-1.26074 -1.313
-1.26043 -1.31809
-1.26186 -1.31652
-1.2618 -1.31279
-1.25905 -1.31651
-1.2631 -1.31469
-1.26125 -1.31582
-1.26267 -1.31369
-1.25968 -1.31797
-1.26275 -1.31422
-1.25886 -1.31612
-1.26182 -1.31529
-1.2585 -1.31853
-1.26124 -1.31496
-1.25927 -1.31647
-1.25713 -1.31324
-1.25943 -1.31609
-1.26029 -1.31441
-1.25988 -1.3137
-1.25889 -1.31456
-1.26218 -1.3136
-1.25968 -1.31453
-1.26103 -1.31355
-1.25769 -1.31449
-1.26032 -1.3136
-1.25921 -1.31344
-1.25981 -1.31316
-1.25666 -1.31498
-1.25758 -1.31665
-1.26008 -1.31368
-1.25671 -1.31287
-1.25807 -1.31465
-1.25954 -1.31284
-1.25608 -1.31757
-1.2601 -1.31197
-1.25671 -1.3163
-1.2581 -1.31584
-1.25968 -1.31335
-1.2573 -1.31762
-1.25864 -1.31304
-1.25708 -1.31631
-1.26063 -1.31365
-1.25914 -1.31635
-1.25665 -1.31506
-1.2622 -1.31107
-1.25858 -1.31528
-1.25887 -1.31341
-1.26041 -1.31438
-1.2604 -1.30994
-1.25731 -1.31695
-1.25882 -1.3131
-1.25788 -1.31385
-1.25891 -1.31652
-1.25908 -1.31231
-1.25796 -1.3143
-1.259 -1.31186
-1.25656 -1.31663
-1.26032 -1.31002
-1.25708 -1.31593
-1.26121 -1.3111
-1.25827 -1.31569
-1.25873 -1.31091
-1.25994 -1.3144
-1.25785 -1.31197
-1.2599 -1.31408
-1.25938 -1.31471
-1.25895 -1.31214
-1.25781 -1.31231
-1.25985 -1.31306
-1.26184 -1.30995
-1.25865 -1.31187
-1.26068 -1.31398
-1.25997 -1.31232
-1.25997 -1.3129
-1.26162 -1.31046
-1.25954 -1.31127
-1.26002 -1.31419
-1.2587 -1.31198
-1.25963 -1.31135
-1.26129 -1.30931
-1.25828 -1.31325
-1.25985 -1.30933
-1.26179 -1.30875
-1.25703 -1.31252
-1.26114 -1.31062
-1.25715 -1.31113
-1.25733 -1.31293
-1.25857 -1.30991
-1.25918 -1.30984
-1.25635 -1.31226
-1.2608 -1.30977
-1.25956 -1.30864
-1.25842 -1.31282
-1.25781 -1.30904
-1.25944 -1.31275
-1.25993 -1.30882
-1.25822 -1.31489
-1.26013 -1.31032
-1.26189 -1.30685
-1.25933 -1.31148
-1.25838 -1.30974
-1.25928 -1.31099
-1.26006 -1.30993
-1.26038 -1.31015
-1.2574 -1.30998
-1.26043 -1.31068
-1.25687 -1.30993
-1.25933 -1.30947
-1.25547 -1.31278
-1.25937 -1.30816
-1.26104 -1.30772
-1.2588 -1.30799
-1.2555 -1.30889
-1.25965 -1.30835
-1.25997 -1.30596
-1.25885 -1.30685
-1.2563 -1.31055
-1.25841 -1.3088
-1.26024 -1.30727
-1.25606 -1.30928
-1.25927 -1.30764
-1.25586 -1.31033
-1.2578 -1.30549
-1.25478 -1.3104
-1.25987 -1.30566
-1.25476 -1.30872
-1.25747 -1.30918
-1.25705 -1.30734
-1.25582 -1.30969
-1.25779 -1.3071
-1.25789 -1.30611
-1.25661 -1.30959
-1.25567 -1.31002
-1.2589 -1.3056
-1.25609 -1.3097
-1.25766 -1.30907
-1.25543 -1.3103
-1.25716 -1.30793
-1.25866 -1.30853
-1.25763 -1.3096
-1.25829 -1.30677
-1.25771 -1.30945
-1.25839 -1.30913
-1.25924 -1.30426
-1.25728 -1.30917
-1.2598 -1.30692
-1.2596 -1.30865
-1.25755 -1.30662
-1.26258 -1.30409
-1.25824 -1.30973
-1.25536 -1.3072
-1.26119 -1.30553
-1.25843 -1.30701
-1.25929 -1.30811
-1.26006 -1.30552
-1.25659 -1.30751
-1.25702 -1.31087
-1.26324 -1.30572
-1.25677 -1.30787
-1.25867 -1.30752
-1.25815 -1.30848
-1.25909 -1.30701
-1.25753 -1.30404
-1.25736 -1.30949
-1.25873 -1.30754
-1.2569 -1.30938
-1.26178 -1.30401
-1.25611 -1.3083
-1.25898 -1.3071
-1.26069 -1.30331
-1.25729 -1.30676
-1.2583 -1.30728
-1.25873 -1.30339
-1.25858 -1.30619
-1.25917 -1.30776
-1.25936 -1.306
-1.25634 -1.30665
-1.25771 -1.30933
-1.25671 -1.30659
-1.2573 -1.30485
-1.25431 -1.31066
-1.25893 -1.30536
-1.25734 -1.30759
-1.25557 -1.30706
-1.25458 -1.30748
-1.25534 -1.30658
-1.25636 -1.30604
-1.25716 -1.30799
-1.25503 -1.30935
-1.25425 -1.30707
-1.25711 -1.30613
-1.25545 -1.30619
-1.25995 -1.30656
-1.25187 -1.30655
-1.2579 -1.30504
-1.25775 -1.30752
-1.25543 -1.30545
-1.25554 -1.30727
-1.25652 -1.30325
-1.25644 -1.30913
-1.25704 -1.3069
-1.25581 -1.30757
-1.25636 -1.30706
-1.25463 -1.30902
-1.25391 -1.31047
-1.25726 -1.30422
-1.25748 -1.30604
-1.25373 -1.30849
-1.25599 -1.30613
-1.25561 -1.30724
-1.25685 -1.30353
-1.2555 -1.30641
-1.2536 -1.30842
-1.25648 -1.30194
-1.25602 -1.30671
-1.25667 -1.306
-1.25483 -1.30489
-1.25678 -1.30628
-1.25467 -1.30451
-1.25588 -1.30545
-1.25432 -1.30443
-1.25894 -1.30728
-1.25311 -1.30633
-1.25555 -1.30461
-1.25547 -1.3053
-1.25809 -1.30525
-1.25583 -1.30543
-1.25747 -1.30468
-1.25683 -1.30312
-1.25447 -1.30729
-1.25987 -1.29944
-1.2561 -1.30542
-1.25779 -1.30162
-1.2569 -1.30191
-1.25919 -1.30217
-1.25485 -1.30305
-1.2588 -1.30071
-1.25405 -1.30538
-1.25711 -1.30179
-1.25583 -1.30442
-1.25606 -1.30415
-1.25567 -1.30131
-1.2562 -1.29924
-1.25311 -1.30549
-1.25738 -1.30231
-1.25424 -1.3042
-1.25392 -1.30291
-1.25594 -1.30455
-1.2546 -1.3009
-1.25744 -1.30372
-1.25402 -1.30284
-1.24992 -1.30718
-1.25606 -1.30409
-1.25562 -1.30475
-1.25225 -1.30713
-1.25557 -1.30117
-1.25232 -1.3036
-1.25426 -1.30358
-1.25508 -1.30584
-1.25397 -1.30609
-1.25269 -1.30074
-1.2531 -1.30583
-1.25529 -1.30232
-1.25577 -1.30392
-1.25181 -1.30181
-1.25558 -1.30315
-1.25472 -1.30481
-1.24918 -1.30481
-1.25284 -1.30425
-1.25342 -1.30176
-1.25031 -1.30377
-1.25492 -1.29877
-1.25362 -1.30581
-1.25213 -1.30176
-1.25249 -1.30225
-1.25195 -1.30181
-1.25386 -1.30153
-1.25495 -1.29978
-1.24981 -1.30505
-1.25364 -1.3002
-1.25001 -1.30385
-1.25169 -1.3035
-1.2542 -1.2996
-1.25036 -1.3009
-1.25258 -1.30427
-1.25242 -1.3023
-1.2485 -1.30277
-1.25296 -1.29947
-1.25408 -1.30321
-1.2524 -1.30029
-1.25466 -1.2996
-1.25502 -1.3024
-1.25195 -1.29844
-1.2548 -1.30123
-1.25271 -1.29962
-1.25419 -1.29815
-1.2511 -1.30197
-1.25457 -1.29872
-1.25432 -1.2983
-1.25163 -1.30073
-1.25233 -1.30191
-1.25418 -1.29883
-1.25186 -1.3031
-1.25566 -1.29897
-1.25503 -1.29833
-1.25227 -1.30128
-1.25493 -1.29745
-1.25197 -1.3035
-1.25327 -1.29805
-1.25327 -1.30142
-1.2507 -1.29913
-1.25307 -1.30086
-1.25125 -1.30121
-1.253 -1.29886
-1.25084 -1.29949
-1.25283 -1.30136
-1.25299 -1.29951
-1.25335 -1.29943
-1.25632 -1.29875
-1.24966 -1.30026
-1.25366 -1.29904
-1.25373 -1.29965
-1.2498 -1.30061
-1.25411 -1.3023
-1.25004 -1.29808
-1.25167 -1.30065
-1.25257 -1.29938
-1.25277 -1.29956
-1.25204 -1.30026
-1.25287 -1.29508
-1.25232 -1.30163
-1.25354 -1.30018
-1.25414 -1.29578
-1.25246 -1.29938
-1.25437 -1.29761
-1.25399 -1.29905
-1.25444 -1.29705
-1.25296 -1.2986
-1.25291 -1.29702
-1.25418 -1.29807
-1.2521 -1.29876
-1.25283 -1.29678
-1.25154 -1.29925
-1.25114 -1.29796
-1.25285 -1.29966
-1.25054 -1.29916
-1.25275 -1.2994
-1.24933 -1.30169
-1.2523 -1.29667
-1.25434 -1.29811
-1.2506 -1.29877
-1.25213 -1.29778
-1.25095 -1.29891
-1.25218 -1.29796
-1.25329 -1.29641
-1.25151 -1.29822
-1.25199 -1.29561
-1.25571 -1.29598
-1.24966 -1.29932
-1.25431 -1.29512
-1.25211 -1.29561
-1.25284 -1.29404
-1.25296 -1.29626
-1.25107 -1.29731
-1.25268 -1.29501
-1.25531 -1.2935
-1.25029 -1.298
-1.25464 -1.29436
-1.25197 -1.29435
-1.2512 -1.29625
-1.25612 -1.29244
-1.24995 -1.29601
-1.25184 -1.29381
-1.25613 -1.29532
-1.25427 -1.2913
-1.2548 -1.29295
-1.25323 -1.29509
-1.2559 -1.29365
-1.25405 -1.292
-1.2553 -1.29414
-1.25207 -1.29646
-1.25447 -1.29299
-1.25087 -1.29513
-1.25568 -1.29322
-1.25302 -1.29415
-1.25349 -1.29613
-1.25277 -1.29502
-1.2533 -1.2923
-1.252 -1.29446
-1.2548 -1.2908
-1.25394 -1.29425
-1.251 -1.29507
-1.25691 -1.29106
-1.25368 -1.29456
-1.25334 -1.29111
-1.25397 -1.29576
-1.2562 -1.28948
-1.25302 -1.29443
-1.25542 -1.29272
-1.25458 -1.29127
-1.25434 -1.29155
-1.25503 -1.293
-1.25417 -1.29409
-1.25371 -1.28968
-1.25232 -1.2938
-1.25353 -1.29258
-1.25684 -1.28942
-1.2542 -1.28891
-1.25262 -1.29189
-1.25225 -1.29423
-1.25552 -1.29163
-1.25285 -1.29083
-1.25665 -1.29161
-1.25404 -1.29133
-1.25466 -1.2887
-1.25335 -1.29081
-1.25377 -1.29303
-1.25421 -1.29122
-1.25517 -1.28949
-1.25379 -1.29177
-1.25577 -1.29075
-1.25359 -1.29053
-1.25511 -1.29124
-1.25435 -1.29129
-1.25387 -1.29297
-1.25524 -1.28797
-1.25588 -1.29001
-1.25264 -1.29413
-1.25717 -1.28869
-1.25496 -1.29136
-1.25413 -1.29212
-1.25509 -1.28945
-1.25536 -1.29059
-1.2534 -1.29152
-1.2561 -1.29098
-1.25526 -1.2916
-1.25542 -1.28844
-1.25613 -1.28842
-1.25629 -1.29099
-1.25535 -1.29037
-1.25565 -1.28702
-1.25957 -1.28774
-1.25351 -1.291
-1.25671 -1.28723
-1.25661 -1.28961
-1.25788 -1.28598
-1.2522 -1.29297
-1.2576 -1.28439
-1.25605 -1.28973
-1.25416 -1.29056
-1.25801 -1.28364
-1.25451 -1.28825
-1.25407 -1.28774
-1.25466 -1.28856
-1.2563 -1.28811
-1.25345 -1.28903
-1.25561 -1.28855
-1.25383 -1.28839
-1.25548 -1.2854
-1.25475 -1.28712
-1.25384 -1.28693
-1.25324 -1.28767
-1.25578 -1.28659
-1.25439 -1.28559
-1.25354 -1.28868
-1.25478 -1.28462
-1.25471 -1.29091
-1.25481 -1.28634
-1.25467 -1.28719
-1.25324 -1.28944
-1.25502 -1.28637
-1.25391 -1.28924
-1.25459 -1.28785
-1.25393 -1.28783
-1.25408 -1.28693
-1.25354 -1.28657
-1.25188 -1.28984
-1.25721 -1.28532
-1.25119 -1.29094
-1.25232 -1.28715
-1.25332 -1.28944
-1.25266 -1.28719
-1.25319 -1.28821
-1.25268 -1.28505
-1.25307 -1.28846
-1.25269 -1.28764
-1.25391 -1.28694
-1.2538 -1.28852
-1.25286 -1.28782
-1.25353 -1.28742
-1.25398 -1.28625
-1.25433 -1.28533
-1.25241 -1.28553
-1.25531 -1.28561
-1.25439 -1.28697
-1.25055 -1.28974
-1.25579 -1.28492
-1.25036 -1.28915
-1.25704 -1.28514
-1.2533 -1.28836
-1.25452 -1.28711
-1.2527 -1.28731
-1.25663 -1.28488
-1.25286 -1.29097
-1.254 -1.28644
-1.25575 -1.28866
-1.25577 -1.28352
-1.25416 -1.28506
-1.25396 -1.28813
-1.25257 -1.28974
-1.25499 -1.28682
-1.25153 -1.28957
-1.25512 -1.28481
-1.25191 -1.28984
-1.25462 -1.28498
-1.25122 -1.28916
-1.25451 -1.28761
-1.25315 -1.28866
-1.25329 -1.28663
-1.25385 -1.28674
-1.25401 -1.28945
-1.25403 -1.28697
-1.25181 -1.28702
-1.25255 -1.29023
-1.2555 -1.28638
-1.25459 -1.28522
-1.25464 -1.29076
-1.24942 -1.28998
-1.25414 -1.2862
-1.25115 -1.28964
-1.25305 -1.28956
-1.25138 -1.2867
-1.25262 -1.29057
-1.25189 -1.28769
-1.2523 -1.28733
-1.25187 -1.29068
-1.25089 -1.28804
-1.25364 -1.2867
-1.25105 -1.2899
-1.25188 -1.28851
-1.25354 -1.28537
-1.25134 -1.28651
-1.25257 -1.28622
-1.25414 -1.28956
-1.2549 -1.28537
-1.25264 -1.28781
-1.25223 -1.28385
-1.25423 -1.2864
-1.25412 -1.28563
-1.25112 -1.28735
-1.25329 -1.28599
-1.25345 -1.287
-1.25253 -1.28585
-1.25238 -1.28641
-1.25362 -1.28587
-1.25035 -1.28606
-1.25245 -1.28843
-1.25441 -1.28187
-1.25212 -1.28655
-1.25408 -1.28639
-1.25299 -1.28532
-1.25324 -1.28641
-1.25449 -1.2847
-1.25292 -1.28199
-1.25308 -1.28481
-1.25577 -1.28372
-1.25323 -1.28463
-1.25333 -1.28574
-1.25487 -1.2822
-1.25187 -1.28567
-1.25442 -1.28499
-1.25141 -1.28534
-1.25217 -1.28563
-1.25496 -1.28296
-1.2505 -1.28888
-1.25352 -1.28355
-1.25305 -1.28475
-1.25372 -1.28477
-1.25333 -1.28462
-1.25276 -1.28513
-1.25477 -1.28295
-1.25156 -1.28747
-1.25386 -1.28287
-1.25501 -1.28126
-1.25155 -1.28774
-1.25411 -1.28343
-1.24944 -1.28501
-1.25403 -1.28364
-1.25039 -1.2858
-1.25238 -1.28233
-1.2509 -1.28319
-1.25175 -1.287
-1.25157 -1.2821
-1.25214 -1.28364
-1.25026 -1.2833
-1.25188 -1.28405
-1.25235 -1.28417
-1.25243 -1.28358
-1.25024 -1.28527
-1.25176 -1.2827
-1.25126 -1.28705
-1.25284 -1.28392
-1.25092 -1.28446
-1.25174 -1.28282
-1.25079 -1.28839
-1.254 -1.27943
-1.25284 -1.28749
-1.25022 -1.28131
-1.25358 -1.28723
-1.25135 -1.28186
-1.25101 -1.28542
-1.25168 -1.28237
-1.2513 -1.28179
-1.25199 -1.28673
-1.251 -1.28049
-1.25126 -1.28264
-1.25074 -1.28288
-1.2496 -1.28338
-1.25189 -1.28391
-1.25098 -1.28146
-1.25084 -1.28519
-1.25043 -1.28145
-1.25149 -1.28702
-1.25299 -1.27976
-1.24772 -1.28283
-1.25326 -1.28116
-1.24978 -1.28303
-1.25041 -1.28372
-1.25133 -1.28238
-1.24939 -1.28707
-1.25114 -1.28254
-1.24873 -1.28372
-1.25071 -1.28311
-1.24881 -1.28184
-1.25118 -1.28052
-1.24918 -1.28328
-1.24878 -1.28204
-1.25052 -1.28248
-1.24889 -1.28289
-1.2491 -1.28343
-1.24797 -1.28597
-1.25039 -1.28209
-1.246 -1.28342
-1.25093 -1.28296
-1.24735 -1.28479
-1.24789 -1.28275
-1.2493 -1.28235
-1.24753 -1.28136
-1.24844 -1.28128
-1.25013 -1.28054
-1.24924 -1.28426
-1.24833 -1.28057
-1.2492 -1.27987
-1.24998 -1.27983
-1.24893 -1.28095
-1.24726 -1.28215
-1.2498 -1.28243
-1.2474 -1.28289
-1.24944 -1.27883
-1.24713 -1.28267
-1.24827 -1.28257
-1.24763 -1.28085
-1.24746 -1.28273
-1.24727 -1.28352
-1.24744 -1.282
-1.24836 -1.2792
-1.24813 -1.28291
-1.2468 -1.28265
-1.24917 -1.28212
-1.24787 -1.28263
-1.24898 -1.28098
-1.24777 -1.2847
-1.24891 -1.27783
-1.24965 -1.28344
-1.24801 -1.28273
-1.24778 -1.27898
-1.24626 -1.28696
-1.24973 -1.27882
-1.24444 -1.28188
-1.24897 -1.28442
-1.24789 -1.28018
-1.24572 -1.28462
-1.24625 -1.28387
-1.24668 -1.28237
-1.24623 -1.28169
-1.24762 -1.2798
-1.24499 -1.28437
-1.24646 -1.28293
-1.24702 -1.27803
-1.24795 -1.28186
-1.24509 -1.28248
-1.24812 -1.27947
-1.24324 -1.28411
-1.24687 -1.28177
-1.24585 -1.28067
-1.24738 -1.28246
-1.24813 -1.2792
-1.24661 -1.27993
-1.24488 -1.28205
-1.24837 -1.27943
-1.24527 -1.28131
-1.24549 -1.27921
-1.246 -1.28016
-1.24594 -1.27999
-1.24608 -1.2796
-1.24494 -1.27972
-1.24772 -1.27971
-1.24526 -1.2781
-1.2471 -1.27991
-1.24512 -1.28025
-1.24679 -1.2788
-1.24448 -1.28039
-1.24676 -1.28112
-1.2437 -1.2813
-1.24535 -1.28324
-1.24626 -1.27798
-1.24498 -1.28221
-1.24505 -1.28004
-1.24714 -1.27958
-1.24484 -1.28195
-1.24697 -1.27769
-1.24349 -1.28191
-1.24379 -1.27962
-1.24244 -1.28048
-1.24471 -1.28053
-1.24434 -1.27824
-1.24124 -1.28315
-1.24428 -1.27726
-1.24334 -1.28154
-1.24302 -1.28217
-1.24375 -1.27887
-1.24284 -1.28078
-1.24377 -1.27622
-1.24399 -1.28051
-1.24219 -1.28058
-1.24488 -1.27854
-1.24444 -1.27745
-1.24246 -1.28014
-1.2427 -1.2812
-1.24331 -1.27976
-1.24456 -1.27781
-1.2419 -1.28032
-1.24139 -1.2841
-1.24414 -1.27746
-1.24242 -1.2815
-1.24372 -1.27694
-1.24041 -1.28367
-1.24288 -1.27946
-1.24368 -1.279
-1.2429 -1.27773
-1.24181 -1.28052
-1.24132 -1.27911
-1.24356 -1.2787
-1.24193 -1.27949
-1.24105 -1.28099
-1.24267 -1.27661
-1.24126 -1.28235
-1.24312 -1.27745
-1.24272 -1.28251
-1.24274 -1.2776
-1.24008 -1.28224
-1.2438 -1.2765
-1.23987 -1.28005
-1.24147 -1.27827
-1.23994 -1.27864
-1.24056 -1.28134
-1.24422 -1.27628
-1.23991 -1.28083
-1.24258 -1.2766
-1.23881 -1.28115
-1.24122 -1.277
-1.24103 -1.28106
-1.23948 -1.28087
-1.24356 -1.27769
-1.23791 -1.28164
-1.23965 -1.27781
-1.24096 -1.27565
-1.2399 -1.28014
-1.23962 -1.2776
-1.23926 -1.27949
-1.24075 -1.2809
-1.23809 -1.27767
-1.23993 -1.27867
-1.23803 -1.27946
-1.23867 -1.27756
-1.23864 -1.28122
-1.23772 -1.27792
-1.23783 -1.27937
-1.23795 -1.27916
-1.24022 -1.27717
-1.23769 -1.2809
-1.23765 -1.27885
-1.23798 -1.28044
-1.23773 -1.27837
-1.23886 -1.27892
-1.23947 -1.27798
-1.23792 -1.27913
-1.23875 -1.27697
-1.24072 -1.2767
-1.23671 -1.27822
-1.23986 -1.2793
-1.23784 -1.27766
-1.237 -1.27885
-1.23777 -1.27913
-1.23742 -1.27923
-1.23745 -1.27893
-1.24024 -1.2782
-1.23802 -1.2799
-1.23843 -1.27748
-1.23948 -1.27958
-1.23505 -1.28112
-1.24099 -1.27488
-1.23824 -1.27942
-1.23751 -1.27716
-1.2387 -1.27678
-1.23893 -1.27742
-1.23962 -1.2769
-1.23855 -1.27679
-1.23556 -1.27874
-1.23954 -1.27564
-1.23773 -1.27789
-1.23706 -1.2801
-1.23632 -1.27549
-1.23687 -1.27739
-1.23834 -1.2779
-1.2361 -1.27673
-1.23849 -1.27728
-1.2358 -1.27713
-1.23756 -1.2788
-1.23613 -1.27607
-1.23747 -1.27905
-1.23807 -1.27652
-1.23696 -1.27908
-1.24041 -1.27483
-1.23631 -1.27948
-1.23741 -1.27832
-1.23624 -1.27857
-1.23802 -1.27488
-1.23822 -1.27924
-1.23917 -1.27692
-1.23596 -1.27871
-1.23787 -1.27709
-1.23779 -1.27805
-1.24117 -1.27519
-1.23386 -1.27981
-1.23913 -1.27572
-1.23741 -1.27918
-1.23826 -1.27765
-1.24091 -1.27505
-1.23748 -1.2776
-1.23737 -1.27696
-1.23788 -1.27859
-1.23792 -1.27651
-1.23753 -1.27758
-1.23846 -1.27766
-1.23761 -1.27655
-1.23593 -1.27706
-1.23728 -1.27567
-1.23429 -1.27872
-1.2399 -1.27509
-1.23485 -1.27747
-1.23678 -1.27878
-1.2393 -1.27335
-1.23581 -1.27732
-1.23758 -1.27791
-1.23934 -1.27622
-1.23421 -1.27979
-1.23907 -1.2754
-1.23565 -1.27924
-1.23915 -1.27466
-1.23414 -1.27989
-1.23798 -1.27784
-1.23709 -1.27345
-1.2367 -1.27848
-1.2373 -1.27751
-1.23787 -1.27628
-1.23702 -1.2775
-1.23552 -1.27671
-1.2367 -1.27605
-1.2374 -1.27768
-1.23693 -1.27633
-1.23525 -1.27827
-1.23549 -1.27758
-1.23904 -1.27541
-1.23542 -1.27631
-1.23594 -1.27804
-1.23928 -1.27376
-1.23449 -1.2764
-1.23734 -1.27444
-1.23456 -1.27668
-1.23587 -1.27685
-1.23448 -1.27825
-1.23612 -1.27387
-1.23499 -1.27734
-1.23726 -1.27327
-1.23675 -1.27785
-1.23678 -1.27497
-1.23719 -1.27646
-1.23715 -1.27413
-1.23775 -1.27396
-1.23851 -1.27607
-1.23753 -1.27392
-1.23747 -1.27665
-1.23806 -1.27477
-1.23726 -1.2727
-1.23502 -1.27524
-1.23579 -1.27384
-1.23707 -1.27458
-1.23649 -1.27603
-1.23515 -1.27505
-1.23627 -1.27635
-1.23792 -1.27385
-1.2368 -1.27213
-1.23687 -1.27428
-1.23793 -1.276
-1.23524 -1.27576
-1.23686 -1.2735
-1.23392 -1.27469
-1.23643 -1.27575
-1.23585 -1.2747
-1.23606 -1.27522
-1.23538 -1.2752
-1.23734 -1.27383
-1.23566 -1.27698
-1.23615 -1.27649
-1.23557 -1.27169
-1.23583 -1.27482
-1.23573 -1.27495
-1.23267 -1.27832
-1.23733 -1.2729
-1.23344 -1.27581
-1.23772 -1.27544
-1.23464 -1.27547
-1.23418 -1.27531
-1.2362 -1.27363
-1.23326 -1.27578
-1.23418 -1.27307
-1.23507 -1.27618
-1.23566 -1.2742
-1.23457 -1.27371
-1.23557 -1.27736
-1.23431 -1.27555
-1.23548 -1.27441
-1.23671 -1.2749
-1.23455 -1.27697
-1.23296 -1.27895
-1.23597 -1.27675
-1.2348 -1.27351
-1.23319 -1.27753
-1.23226 -1.27659
-1.23413 -1.27522
-1.23295 -1.27561
-1.23453 -1.27646
-1.23379 -1.27467
-1.23382 -1.27725
-1.23315 -1.27558
-1.23434 -1.27609
-1.23334 -1.27675
-1.23373 -1.27245
-1.23372 -1.27857
-1.23184 -1.27605
-1.23472 -1.27689
-1.23657 -1.27206
-1.23407 -1.2748
-1.2339 -1.27542
-1.23297 -1.27699
-1.23402 -1.27576
-1.23404 -1.27688
-1.23228 -1.2745
-1.23273 -1.27872
-1.23634 -1.27285
-1.23215 -1.2778
-1.23401 -1.27701
-1.23246 -1.27648
-1.23597 -1.27353
-1.23393 -1.27478
-1.23313 -1.27821
-1.23563 -1.27501
-1.23325 -1.27529
-1.23409 -1.27717
-1.23704 -1.27362
-1.23484 -1.27351
-1.23401 -1.27421
-1.23423 -1.27619
-1.23416 -1.2737
-1.23565 -1.2758
-1.23396 -1.27544
-1.23296 -1.2753
-1.23459 -1.27338
-1.23667 -1.27473
-1.235 -1.27607
-1.23293 -1.27806
-1.23561 -1.27222
-1.23684 -1.27178
-1.23441 -1.27413
-1.23496 -1.27514
-1.23466 -1.27213
-1.23414 -1.2741
-1.2361 -1.27228
-1.2334 -1.2738
-1.23541 -1.27541
-1.23471 -1.27279
-1.23499 -1.27211
-1.23527 -1.27335
-1.23722 -1.27133
-1.23496 -1.27342
-1.23297 -1.2732
-1.23457 -1.27578
-1.23443 -1.27349
-1.23518 -1.27444
-1.23576 -1.27271
-1.23366 -1.27745
-1.23488 -1.27196
-1.23528 -1.276
-1.23484 -1.27128
-1.23417 -1.27573
-1.23688 -1.27095
-1.23609 -1.27415
-1.23618 -1.27104
-1.233 -1.27872
-1.23616 -1.27035
-1.23595 -1.27433
-1.23497 -1.27393
-1.2331 -1.27459
-1.23617 -1.27066
-1.23674 -1.27343
-1.2364 -1.27598
-1.23364 -1.27274
-1.23598 -1.27312
-1.23569 -1.27233
-1.23494 -1.27244
-1.23451 -1.27097
-1.23508 -1.27212
-1.23324 -1.27293
-1.23328 -1.27294
-1.23825 -1.26803
-1.23366 -1.27174
-1.23463 -1.2719
-1.23375 -1.27216
-1.23752 -1.26595
-1.23599 -1.2715
-1.23327 -1.27175
-1.23526 -1.27147
-1.23558 -1.2699
-1.23588 -1.27073
-1.23513 -1.26983
-1.2341 -1.27517
-1.23643 -1.26788
-1.2357 -1.26936
-1.2338 -1.27445
-1.23501 -1.27029
-1.23602 -1.27167
-1.23743 -1.27072
-1.23485 -1.26878
-1.23454 -1.27376
-1.23487 -1.26804
-1.23574 -1.26884
-1.23397 -1.27392
-1.23503 -1.26965
-1.23584 -1.27063
-1.23191 -1.27194
-1.23268 -1.27213
-1.23509 -1.27089
-1.23373 -1.27334
-1.2356 -1.27148
-1.23413 -1.27387
-1.23516 -1.27166
-1.23295 -1.27327
-1.2321 -1.27177
-1.23535 -1.2736
-1.23135 -1.2745
-1.2353 -1.27097
-1.23198 -1.27196
-1.23428 -1.26817
-1.23336 -1.27252
-1.23274 -1.2728
-1.23356 -1.26991
-1.23364 -1.26939
-1.23366 -1.27576
-1.23256 -1.27
-1.23156 -1.27207
-1.23168 -1.27207
-1.23219 -1.27366
-1.23439 -1.274
-1.23367 -1.27144
-1.23353 -1.2722
-1.23362 -1.27265
-1.23323 -1.27177
-1.23269 -1.27278
-1.23486 -1.27184
-1.2337 -1.27229
-1.23448 -1.27188
-1.23386 -1.27215
-1.23378 -1.27353
-1.23145 -1.27338
-1.23542 -1.26995
-1.2323 -1.27263
-1.23339 -1.26891
-1.23461 -1.27162
-1.23312 -1.27196
-1.23257 -1.27093
-1.23373 -1.27009
-1.23181 -1.27434
-1.23176 -1.27396
-1.23204 -1.27102
-1.23247 -1.26982
-1.23223 -1.27314
-1.23247 -1.2702
-1.23206 -1.27104
-1.23155 -1.27014
-1.23205 -1.27251
-1.23004 -1.27126
-1.23033 -1.2744
-1.23522 -1.26734
-1.23062 -1.27513
-1.23249 -1.26944
-1.22972 -1.27224
-1.2331 -1.27012
-1.23409 -1.27157
-1.23035 -1.27202
-1.23325 -1.26826
-1.22794 -1.2748
-1.23323 -1.2688
-1.23282 -1.26872
-1.23153 -1.27069
-1.23326 -1.26826
-1.23176 -1.27317
-1.23511 -1.26638
-1.23111 -1.27031
-1.23306 -1.26832
-1.23331 -1.2701
-1.23303 -1.26807
-1.23254 -1.26794
-1.23255 -1.26826
-1.23463 -1.2694
-1.23106 -1.27061
-1.23283 -1.26763
-1.23302 -1.2677
-1.23169 -1.26886
-1.23456 -1.2662
-1.23172 -1.26757
-1.23103 -1.2688
