0 0
-0.0871602 -0.082042
-0.171494 -0.161573
-0.252915 -0.238731
-0.331299 -0.313187
-0.406728 -0.385197
-0.478988 -0.454548
-0.548529 -0.520941
-0.615419 -0.585892
-0.678391 -0.645883
-0.737788 -0.706752
-0.795353 -0.762195
-0.848598 -0.815239
-0.899616 -0.864654
-0.945533 -0.9133
-0.987862 -0.960055
-1.03036 -0.999528
-1.06483 -1.03644
-1.09567 -1.07584
-1.12764 -1.10671
-1.1505 -1.14061
-1.17381 -1.16245
-1.18866 -1.18872
-1.20955 -1.21155
-1.21865 -1.22977
-1.23513 -1.24813
-1.2418 -1.26577
-1.24861 -1.27742
-1.25632 -1.28953
-1.25974 -1.30298
-1.26497 -1.3143
-1.26498 -1.30626
-1.26117 -1.3087
-1.26744 -1.30697
-1.26585 -1.31161
-1.26895 -1.31142
-1.26762 -1.3134
-1.26555 -1.30789
-1.26368 -1.30584
-1.26727 -1.30078
-1.26209 -1.30555
-1.26518 -1.30056
-1.26098 -1.30299
-1.26124 -1.30318
-1.26042 -1.29998
-1.2619 -1.29646
-1.26105 -1.30323
-1.25983 -1.30105
-1.25916 -1.30154
-1.25903 -1.29679
-1.25807 -1.30055
-1.25896 -1.29657
-1.25807 -1.29473
-1.25397 -1.2976
-1.25775 -1.2939
-1.25612 -1.29933
-1.25485 -1.29586
-1.25561 -1.29683
-1.25185 -1.29436
-1.2484 -1.29768
-1.25466 -1.29201
-1.2496 -1.29852
-1.25086 -1.29532
-1.25007 -1.29728
-1.25237 -1.2937
-1.25089 -1.29544
-1.25088 -1.29498
-1.25169 -1.29061
-1.24953 -1.29456
-1.24965 -1.28946
-1.25324 -1.29345
-1.24785 -1.29099
-1.25342 -1.28921
-1.24643 -1.28929
-1.25012 -1.28454
-1.24731 -1.28681
-1.24837 -1.28585
-1.24853 -1.28565
-1.24701 -1.2857
-1.2464 -1.28624
-1.24845 -1.28496
-1.24721 -1.28506
-1.24882 -1.28314
-1.24743 -1.28546
-1.24835 -1.28166
-1.24663 -1.28475
-1.24833 -1.28462
-1.24573 -1.28486
-1.24492 -1.28636
-1.24687 -1.28201
-1.24701 -1.28286
-1.24369 -1.2835
-1.24522 -1.28178
-1.24315 -1.2848
-1.24609 -1.2787
-1.24446 -1.27901
-1.24531 -1.27789
-1.24115 -1.28091
-1.24312 -1.27974
-1.24242 -1.28177
-1.24181 -1.27857
-1.24254 -1.28055
-1.24292 -1.28071
-1.24101 -1.27976
-1.24121 -1.27464
-1.24069 -1.27908
-1.23852 -1.27517
-1.239 -1.27343
-1.24085 -1.27349
-1.24017 -1.27236
-1.23754 -1.27464
-1.23577 -1.27313
-1.23727 -1.27494
-1.23855 -1.27578
-1.23932 -1.27533
-1.23988 -1.27424
-1.23906 -1.27141
-1.23863 -1.26988
-1.23892 -1.27188
-1.2349 -1.27687
-1.24076 -1.26798
-1.23665 -1.27143
-1.23721 -1.27431
-1.23575 -1.26913
-1.23648 -1.27113
-1.23562 -1.27232
-1.23621 -1.27037
-1.23614 -1.26771
-1.23587 -1.26856
-1.23461 -1.27087
-1.23684 -1.26747
-1.23522 -1.26774
-1.2339 -1.27037
-1.23249 -1.27068
-1.23471 -1.26915
-1.23204 -1.27262
-1.23696 -1.2678
-1.23336 -1.26953
-1.23408 -1.26639
-1.23272 -1.26993
-1.23305 -1.26763
-1.23453 -1.26596
-1.2345 -1.26419
-1.23289 -1.26679
-1.23449 -1.26348
-1.23349 -1.26447
-1.2329 -1.2667
-1.23352 -1.26487
-1.23367 -1.26709
-1.23329 -1.26331
-1.22988 -1.26581
-1.23186 -1.26209
-1.23001 -1.26262
-1.22882 -1.26418
-1.23311 -1.25881
-1.2285 -1.2654
-1.23311 -1.26014
-1.22939 -1.26488
-1.23112 -1.25569
-1.22808 -1.262
-1.22936 -1.25598
-1.22858 -1.26074
-1.23102 -1.26176
-1.2278 -1.25901
-1.22555 -1.26168
-1.22648 -1.2597
-1.22521 -1.25782
-1.22615 -1.2573
-1.22614 -1.25758
-1.22367 -1.2599
-1.22408 -1.25546
-1.22654 -1.25799
-1.22286 -1.25767
-1.22231 -1.25939
-1.22222 -1.25722
-1.22467 -1.25707
-1.22485 -1.25622
-1.22145 -1.26206
-1.21982 -1.25532
-1.2199 -1.25815
-1.22077 -1.25626
-1.21905 -1.25708
-1.21843 -1.25751
-1.22084 -1.25272
-1.21594 -1.25816
-1.21862 -1.25567
-1.21442 -1.25543
-1.21862 -1.25205
-1.21436 -1.25749
-1.21751 -1.25428
-1.21345 -1.25636
-1.21619 -1.25454
-1.21373 -1.25391
-1.21414 -1.25417
-1.21664 -1.25158
-1.21473 -1.25315
-1.21501 -1.25471
-1.21444 -1.25169
-1.21586 -1.25361
-1.21458 -1.24869
-1.21247 -1.25143
-1.21532 -1.24834
-1.21158 -1.24971
-1.21313 -1.24851
-1.21164 -1.24825
-1.21028 -1.24688
-1.21212 -1.24932
-1.21099 -1.24543
-1.21055 -1.24838
-1.20771 -1.24303
-1.21039 -1.24751
-1.20998 -1.24427
-1.2112 -1.24396
-1.21049 -1.24684
-1.21059 -1.24512
-1.20862 -1.24319
-1.20765 -1.24431
-1.21121 -1.24449
-1.20855 -1.24654
-1.20919 -1.24173
-1.20497 -1.25139
-1.2109 -1.24009
-1.2062 -1.24785
-1.20766 -1.24259
-1.20722 -1.2438
-1.20616 -1.24276
-1.20717 -1.24428
-1.20503 -1.24301
-1.20495 -1.24385
-1.20687 -1.24057
-1.2053 -1.24225
-1.20516 -1.24229
-1.20502 -1.24125
-1.2043 -1.23925
-1.20469 -1.24352
-1.20655 -1.24016
-1.20425 -1.24091
-1.20473 -1.23834
-1.20391 -1.23699
-1.19992 -1.23889
-1.2036 -1.23832
-1.20197 -1.23882
-1.20347 -1.24054
-1.20533 -1.23549
-1.20148 -1.24015
-1.19976 -1.23602
-1.19947 -1.23811
-1.19861 -1.23854
-1.20003 -1.23747
-1.19611 -1.23833
-1.20118 -1.23083
-1.19733 -1.23825
-1.19988 -1.2322
-1.1976 -1.23819
-1.19986 -1.23349
-1.19645 -1.24042
-1.19628 -1.23478
-1.19638 -1.23299
-1.19538 -1.23701
-1.1984 -1.23196
-1.19792 -1.23845
-1.19625 -1.23431
-1.19589 -1.23486
-1.19448 -1.2351
-1.19427 -1.23172
-1.1937 -1.23466
-1.19571 -1.23118
-1.19479 -1.23552
-1.19528 -1.23288
-1.19816 -1.22944
-1.19184 -1.23429
-1.19293 -1.23164
-1.19147 -1.22828
-1.19101 -1.23323
-1.19136 -1.23268
-1.19045 -1.23187
-1.19002 -1.23325
-1.19153 -1.22779
-1.18981 -1.23199
-1.19184 -1.22583
-1.19147 -1.22777
-1.19175 -1.22365
-1.18835 -1.23188
-1.1898 -1.22883
-1.19183 -1.2289
-1.18859 -1.22623
-1.18948 -1.22489
-1.18931 -1.22474
-1.19 -1.22517
-1.19094 -1.22193
-1.186 -1.22603
-1.18857 -1.22264
-1.18345 -1.22396
-1.18802 -1.22309
-1.18612 -1.22179
-1.18747 -1.22276
-1.18663 -1.22259
-1.18602 -1.22407
-1.1833 -1.22181
-1.18734 -1.22172
-1.1838 -1.22226
-1.18564 -1.22416
-1.1868 -1.22192
-1.18369 -1.22211
-1.18448 -1.22299
-1.18108 -1.22345
-1.18454 -1.22139
-1.1804 -1.228
-1.18383 -1.21947
-1.18142 -1.2253
-1.18357 -1.22271
-1.18036 -1.22528
-1.18434 -1.22105
-1.17948 -1.22818
-1.1833 -1.22206
-1.1817 -1.22928
-1.1842 -1.21966
-1.18018 -1.22509
-1.18085 -1.22201
-1.18056 -1.22407
-1.18343 -1.22062
-1.17867 -1.22559
-1.1817 -1.22092
-1.18058 -1.22043
-1.17896 -1.22224
-1.18141 -1.2198
-1.17854 -1.22178
-1.1773 -1.22267
-1.1785 -1.21993
-1.17899 -1.22253
-1.17792 -1.21891
-1.17761 -1.22233
-1.17966 -1.21773
-1.17588 -1.2232
-1.17741 -1.2179
-1.17541 -1.22151
-1.17929 -1.21566
-1.17538 -1.22202
-1.17732 -1.21895
-1.17711 -1.21789
-1.17523 -1.22286
-1.17591 -1.21464
-1.17656 -1.21781
-1.17501 -1.21991
-1.17528 -1.2172
-1.17405 -1.21803
-1.17571 -1.21295
-1.17502 -1.21726
-1.17725 -1.21478
-1.17663 -1.21267
-1.17608 -1.21431
-1.17556 -1.21306
-1.17836 -1.21072
-1.17595 -1.21478
-1.17733 -1.21401
-1.17566 -1.21705
-1.17908 -1.2126
-1.17303 -1.21564
-1.17669 -1.21343
-1.17468 -1.21282
-1.17202 -1.2147
-1.17469 -1.21161
-1.17445 -1.21379
-1.1735 -1.21475
-1.17564 -1.21132
-1.16942 -1.21411
-1.17337 -1.20944
-1.17101 -1.2091
-1.17019 -1.21406
-1.17786 -1.2071
-1.17004 -1.21629
-1.17632 -1.20723
-1.17501 -1.20996
-1.175 -1.21057
-1.17138 -1.20844
-1.1729 -1.20868
-1.17424 -1.20699
-1.17155 -1.20872
-1.16879 -1.212
-1.17183 -1.20417
-1.17042 -1.20835
-1.17147 -1.20659
-1.17265 -1.20707
-1.17034 -1.2067
-1.17094 -1.20615
-1.17246 -1.20668
-1.17076 -1.20865
-1.17059 -1.20867
-1.17274 -1.20633
-1.16872 -1.20918
-1.17065 -1.20855
-1.17009 -1.20486
-1.16698 -1.2072
-1.16867 -1.20527
-1.17028 -1.20725
-1.1661 -1.2053
-1.16653 -1.20417
-1.1653 -1.20568
-1.16747 -1.20127
-1.16629 -1.20379
-1.16227 -1.20577
-1.16779 -1.20071
-1.16222 -1.20642
-1.16395 -1.20227
-1.1652 -1.20144
-1.16801 -1.20057
-1.16289 -1.2032
-1.16473 -1.19918
-1.16516 -1.19916
-1.16384 -1.20116
-1.16213 -1.20037
-1.16172 -1.20286
-1.16301 -1.19836
-1.16458 -1.19868
-1.16515 -1.20101
-1.16403 -1.19808
-1.16416 -1.19863
-1.16305 -1.20132
-1.16344 -1.19792
-1.16156 -1.20005
-1.1638 -1.19537
-1.16026 -1.19766
-1.16149 -1.19881
-1.16332 -1.19572
-1.15986 -1.20061
-1.16105 -1.19949
-1.16083 -1.1988
-1.16303 -1.19631
-1.16092 -1.19666
-1.16133 -1.19726
-1.16232 -1.19603
-1.1609 -1.19477
-1.15746 -1.19694
-1.16117 -1.19423
-1.1572 -1.19698
-1.16005 -1.19134
-1.15686 -1.19606
-1.15913 -1.19332
-1.15787 -1.19277
-1.15641 -1.19276
-1.15628 -1.19069
-1.15467 -1.19436
-1.15453 -1.19366
-1.15458 -1.19545
-1.15624 -1.1909
-1.15424 -1.19154
-1.1531 -1.19515
-1.15692 -1.19078
-1.15271 -1.19305
-1.15348 -1.19593
-1.15183 -1.19221
-1.15475 -1.19366
-1.1526 -1.19433
-1.15474 -1.19327
-1.15017 -1.19314
-1.1545 -1.18958
-1.15209 -1.18834
-1.15109 -1.19459
-1.15329 -1.18866
-1.15333 -1.19143
-1.15002 -1.18877
-1.15245 -1.1878
-1.14894 -1.18745
-1.15192 -1.18807
-1.15187 -1.18814
-1.15185 -1.19173
-1.15253 -1.18566
-1.151 -1.18697
-1.15196 -1.18712
-1.15353 -1.1836
-1.1491 -1.18576
-1.15335 -1.18122
-1.14922 -1.18612
-1.15055 -1.18658
-1.15097 -1.18656
-1.15195 -1.18448
-1.15042 -1.18538
-1.15374 -1.18524
-1.14854 -1.18346
-1.15172 -1.18172
-1.14848 -1.18791
-1.14936 -1.18141
-1.14602 -1.18518
-1.14971 -1.18281
-1.14719 -1.18283
-1.14674 -1.18331
-1.14975 -1.18186
-1.14527 -1.18237
-1.15055 -1.18312
-1.14894 -1.18248
-1.14876 -1.18033
-1.14745 -1.18241
-1.14903 -1.18015
-1.14725 -1.18216
-1.14743 -1.18073
-1.15031 -1.17523
-1.14986 -1.18342
-1.1474 -1.18013
-1.14838 -1.17851
-1.15081 -1.17942
-1.14671 -1.18167
-1.15041 -1.1764
-1.14466 -1.18251
-1.14898 -1.17627
-1.1462 -1.17946
-1.14816 -1.17319
-1.1458 -1.17845
-1.14769 -1.17626
-1.14629 -1.17773
-1.14241 -1.18054
-1.14667 -1.17352
-1.14337 -1.1803
-1.14456 -1.17545
-1.14424 -1.17786
-1.14474 -1.17751
-1.14633 -1.17837
-1.14472 -1.17538
-1.14505 -1.1794
-1.1423 -1.17783
-1.14694 -1.17384
-1.14371 -1.17727
-1.14312 -1.17806
-1.14264 -1.17711
-1.14441 -1.1785
-1.1414 -1.17888
-1.14491 -1.17783
-1.13949 -1.18036
-1.14704 -1.17544
-1.14074 -1.18129
-1.14271 -1.1739
-1.14015 -1.18089
-1.14444 -1.17415
-1.14066 -1.17649
-1.14209 -1.17628
-1.14076 -1.17643
-1.139 -1.17542
-1.14192 -1.17281
-1.1394 -1.18078
-1.14466 -1.17115
-1.13975 -1.17963
-1.14403 -1.17092
-1.13952 -1.17672
-1.14078 -1.17192
-1.13789 -1.17487
-1.14082 -1.17287
-1.13985 -1.17498
-1.13781 -1.17286
-1.13898 -1.17212
-1.13856 -1.17517
-1.13763 -1.17598
-1.13725 -1.17333
-1.13968 -1.17331
-1.13747 -1.1775
-1.14204 -1.17106
-1.13612 -1.17389
-1.13464 -1.17219
-1.13684 -1.17111
-1.13733 -1.1714
-1.13521 -1.17228
-1.13635 -1.17085
-1.13684 -1.17348
-1.13702 -1.16727
-1.13509 -1.17269
-1.13636 -1.16676
-1.1357 -1.16717
-1.1324 -1.17243
-1.13488 -1.16548
-1.13282 -1.17119
-1.13204 -1.16889
-1.13458 -1.16833
-1.1321 -1.17154
-1.13326 -1.17166
-1.13643 -1.16916
-1.13519 -1.16843
-1.13298 -1.17207
-1.1398 -1.16362
-1.13289 -1.16932
-1.13537 -1.1708
-1.13286 -1.17031
-1.136 -1.16916
-1.1344 -1.16651
-1.13483 -1.16955
-1.13417 -1.16704
-1.13356 -1.16626
-1.13392 -1.16634
-1.13464 -1.16595
-1.13324 -1.16628
-1.13179 -1.16726
-1.13301 -1.166
-1.13348 -1.16921
-1.1336 -1.16581
-1.12929 -1.16646
-1.13138 -1.16646
-1.13264 -1.16416
-1.13133 -1.16554
-1.13112 -1.16299
-1.13458 -1.16259
-1.12903 -1.16447
-1.1321 -1.16075
-1.13078 -1.16417
-1.13326 -1.16095
-1.13143 -1.16233
-1.12996 -1.16314
-1.13138 -1.16023
-1.13031 -1.15898
-1.12955 -1.16088
-1.13174 -1.15895
-1.12916 -1.16362
-1.12988 -1.1598
-1.12948 -1.16188
-1.12788 -1.15975
-1.13061 -1.16017
-1.12922 -1.16115
-1.13053 -1.16158
-1.13035 -1.16036
-1.12795 -1.16111
-1.1295 -1.15833
-1.1286 -1.1629
-1.13029 -1.16024
-1.12884 -1.16364
-1.13008 -1.16028
-1.12884 -1.1631
-1.12917 -1.16074
-1.12853 -1.16021
-1.12629 -1.16191
-1.12992 -1.15863
-1.1278 -1.16087
-1.12795 -1.15877
-1.12888 -1.16179
-1.12889 -1.16115
-1.12854 -1.16099
-1.12637 -1.15916
-1.12994 -1.15901
-1.12816 -1.15879
-1.12609 -1.16353
-1.12897 -1.15631
-1.1263 -1.16086
-1.12722 -1.16102
-1.12666 -1.16023
-1.12648 -1.1597
-1.12456 -1.16125
-1.12548 -1.15963
-1.12508 -1.15957
-1.12538 -1.15919
-1.12848 -1.1601
-1.12641 -1.16323
-1.12965 -1.15861
-1.12827 -1.16118
-1.12659 -1.1595
-1.12731 -1.16009
-1.12721 -1.15839
-1.1235 -1.16082
-1.12362 -1.15921
-1.12304 -1.15902
-1.12248 -1.15933
-1.12535 -1.15939
-1.12396 -1.1628
-1.12371 -1.15744
-1.12526 -1.157
-1.12167 -1.15722
-1.12316 -1.16128
-1.12261 -1.1548
-1.12057 -1.15731
-1.12263 -1.15751
-1.12255 -1.15733
-1.12166 -1.15966
-1.12224 -1.15857
-1.1236 -1.15652
-1.11969 -1.15776
-1.12146 -1.15891
-1.12272 -1.15546
-1.10601 -1.14163
-1.09174 -1.10929
-1.08312 -1.10014
-1.0842 -1.10313
-1.08481 -1.10038
-1.08688 -1.09979
-1.0837 -1.10312
-1.08337 -1.10222
-1.08606 -1.09623
-1.08404 -1.10144
-1.08408 -1.09738
-1.08385 -1.10243
-1.08179 -1.09924
-1.08133 -1.09793
-1.08096 -1.09861
-1.08123 -1.09648
-1.07856 -1.10119
-1.08275 -1.09399
-1.0776 -1.10123
-1.082 -1.09589
-1.07873 -1.1002
-1.08238 -1.09797
-1.08199 -1.09999
-1.08158 -1.09708
-1.08278 -1.09664
-1.08149 -1.09581
-1.08341 -1.09259
-1.07819 -1.09843
-1.07973 -1.0956
-1.0823 -1.09472
-1.07908 -1.09906
-1.08108 -1.09415
-1.07955 -1.09581
-1.08061 -1.09603
-1.07948 -1.0918
-1.07814 -1.09288
-1.0792 -1.09118
-1.0805 -1.09149
-1.07515 -1.09725
-1.0814 -1.08931
-1.07649 -1.09159
-1.07646 -1.09371
-1.07739 -1.09347
-1.07485 -1.093
-1.08031 -1.09171
-1.07819 -1.09495
-1.07819 -1.09294
-1.07938 -1.09249
-1.07545 -1.09718
-1.08074 -1.08956
-1.07554 -1.09408
-1.07779 -1.09468
-1.07696 -1.09061
-1.07693 -1.0926
-1.07534 -1.09331
-1.07877 -1.09259
-1.07563 -1.0904
-1.07748 -1.09377
-1.07522 -1.09132
-1.07617 -1.09318
-1.07653 -1.09132
-1.07736 -1.0905
-1.07698 -1.09095
-1.07632 -1.09018
-1.07668 -1.09328
-1.07464 -1.09057
-1.07664 -1.08966
-1.07369 -1.09136
-1.07387 -1.09429
-1.07415 -1.08839
-1.07553 -1.091
-1.07519 -1.09273
-1.07599 -1.08967
-1.07527 -1.08907
-1.07135 -1.09464
-1.07513 -1.08967
-1.07491 -1.09289
-1.07352 -1.09301
-1.07414 -1.0911
-1.07349 -1.091
-1.07332 -1.08936
-1.07211 -1.09087
-1.07472 -1.09017
-1.07137 -1.0931
-1.07484 -1.09074
-1.07153 -1.09598
-1.07561 -1.09147
-1.07284 -1.09187
-1.07408 -1.09466
-1.07459 -1.09236
-1.07302 -1.09593
-1.07461 -1.09138
-1.07391 -1.09226
-1.07275 -1.09437
-1.07394 -1.09164
-1.06954 -1.09264
-1.07463 -1.08889
-1.07064 -1.09348
-1.07124 -1.09199
-1.07375 -1.08784
-1.07121 -1.09397
-1.07189 -1.0918
-1.073 -1.09249
-1.07171 -1.09156
-1.07181 -1.09564
-1.07459 -1.091
-1.07032 -1.09426
-1.07344 -1.09182
-1.06807 -1.09063
-1.07234 -1.08793
-1.06808 -1.09273
-1.07004 -1.08853
-1.07154 -1.0904
-1.07101 -1.08985
-1.07233 -1.09095
-1.06993 -1.09159
-1.07011 -1.09001
-1.07056 -1.09043
-1.06785 -1.09309
-1.07031 -1.08465
-1.06822 -1.09008
-1.06849 -1.08737
-1.06722 -1.0897
-1.06998 -1.08667
-1.06665 -1.09408
-1.06828 -1.0882
-1.0694 -1.0909
-1.06983 -1.08793
-1.06853 -1.08956
-1.06687 -1.08827
-1.06971 -1.08556
-1.0681 -1.09042
-1.06969 -1.08844
-1.06899 -1.08941
-1.06952 -1.09184
-1.0704 -1.08812
-1.07149 -1.0859
-1.06519 -1.09134
-1.07079 -1.08384
-1.06636 -1.09076
-1.07179 -1.08659
-1.07217 -1.08974
-1.06932 -1.08696
-1.06823 -1.08737
-1.06903 -1.08802
-1.06746 -1.08836
-1.06881 -1.08801
-1.06943 -1.0872
-1.06711 -1.09051
-1.06837 -1.08792
-1.06846 -1.08815
-1.06683 -1.08776
-1.06708 -1.08489
-1.06549 -1.08752
-1.06472 -1.08719
-1.06747 -1.08706
-1.06622 -1.08601
-1.06391 -1.08851
-1.06532 -1.08646
-1.06545 -1.08798
-1.06426 -1.08864
-1.06566 -1.08698
-1.06343 -1.08923
-1.06606 -1.08488
-1.06398 -1.08714
-1.06614 -1.08364
-1.06481 -1.08479
-1.06415 -1.08495
-1.06512 -1.08643
-1.06354 -1.08753
-1.06574 -1.0848
-1.06282 -1.08938
-1.06455 -1.08823
-1.06476 -1.08393
-1.06347 -1.08844
-1.06349 -1.08483
-1.06233 -1.08721
-1.06386 -1.08244
-1.06166 -1.09128
-1.06265 -1.08161
-1.06149 -1.08745
-1.06421 -1.08283
-1.06144 -1.08862
-1.06528 -1.08056
-1.05941 -1.08731
-1.06301 -1.08317
-1.0603 -1.08709
-1.06034 -1.08366
-1.06152 -1.0864
-1.061 -1.08397
-1.06406 -1.08432
-1.06353 -1.08609
-1.06503 -1.08463
-1.06377 -1.08842
-1.06494 -1.08313
-1.0635 -1.08601
-1.06179 -1.0859
-1.06353 -1.08299
-1.06162 -1.08456
-1.06214 -1.08329
-1.06167 -1.084
-1.06422 -1.08558
-1.06339 -1.08384
-1.06517 -1.08239
-1.06347 -1.08517
-1.06297 -1.0839
-1.06336 -1.08537
-1.06253 -1.08342
-1.0633 -1.08366
-1.05897 -1.08337
-1.06218 -1.0818
-1.06148 -1.08376
-1.0599 -1.08391
-1.06263 -1.08261
-1.0604 -1.08277
-1.06006 -1.08527
-1.06027 -1.08254
-1.0597 -1.08337
-1.05948 -1.08325
-1.05977 -1.08101
-1.05916 -1.0808
-1.05866 -1.082
-1.06021 -1.08103
-1.05569 -1.08265
-1.06102 -1.07958
-1.05653 -1.08001
-1.05659 -1.0842
-1.05955 -1.07831
-1.057 -1.0813
-1.05774 -1.08338
-1.05915 -1.07957
-1.05577 -1.08384
-1.05786 -1.08096
-1.05686 -1.08341
-1.05711 -1.07801
-1.05652 -1.08343
-1.05831 -1.07837
-1.05462 -1.08351
-1.0561 -1.08146
-1.05632 -1.08155
-1.05607 -1.0806
-1.05571 -1.08348
-1.05345 -1.08058
-1.05625 -1.07903
-1.05294 -1.08079
-1.05328 -1.08076
-1.0563 -1.08052
-1.05393 -1.08244
-1.05418 -1.08185
-1.05471 -1.08079
-1.05509 -1.08064
-1.05457 -1.08125
-1.05332 -1.08141
-1.05729 -1.07894
-1.05318 -1.08277
-1.05653 -1.07819
-1.0535 -1.07846
-1.05449 -1.0795
-1.05291 -1.08214
-1.0551 -1.07727
-1.04987 -1.08277
-1.05535 -1.08013
-1.05275 -1.07994
-1.05436 -1.07777
-1.0531 -1.07965
-1.05202 -1.08266
-1.0544 -1.07644
-1.05352 -1.07744
-1.05166 -1.08296
-1.05478 -1.07455
-1.05177 -1.07989
-1.05486 -1.07813
-1.05263 -1.07956
-1.05448 -1.08018
-1.05527 -1.08
-1.05209 -1.07968
-1.05465 -1.07536
-1.05064 -1.08103
-1.05151 -1.07537
-1.05257 -1.08
-1.05241 -1.07671
-1.05184 -1.08157
-1.05163 -1.07749
-1.05269 -1.07999
-1.05048 -1.08127
-1.05311 -1.07712
-1.05224 -1.07743
-1.05099 -1.07903
-1.05229 -1.0769
-1.05202 -1.07569
-1.05124 -1.07929
-1.05061 -1.07732
-1.0514 -1.07742
-1.05119 -1.07826
-1.05192 -1.07475
-1.04834 -1.08136
-1.05223 -1.07488
-1.04882 -1.07934
-1.04979 -1.07766
-1.05144 -1.076
-1.04937 -1.07979
-1.05213 -1.07802
-1.05067 -1.07771
-1.05124 -1.0764
-1.05075 -1.07699
-1.04968 -1.07852
-1.049 -1.07707
-1.04984 -1.07684
-1.05041 -1.07608
-1.05012 -1.0776
-1.05076 -1.07584
-1.04949 -1.07694
-1.04886 -1.07534
-1.04746 -1.0771
-1.04822 -1.07876
-1.04797 -1.07638
-1.04715 -1.07764
-1.04904 -1.07627
-1.04694 -1.07513
-1.04695 -1.07785
-1.0471 -1.0725
-1.04764 -1.07692
-1.0467 -1.07611
-1.04873 -1.07726
-1.04602 -1.07647
-1.04614 -1.07587
-1.04694 -1.07425
-1.04842 -1.07192
-1.0455 -1.07688
-1.04866 -1.07373
-1.04897 -1.07535
-1.04741 -1.07326
-1.04898 -1.0751
-1.04641 -1.0759
-1.04574 -1.07424
-1.04622 -1.07531
-1.04905 -1.07132
-1.04511 -1.07654
-1.04813 -1.07149
-1.04768 -1.07404
-1.04692 -1.07325
-1.04693 -1.07637
-1.0483 -1.06919
-1.04621 -1.07727
-1.04643 -1.07229
-1.04699 -1.0756
-1.04624 -1.07112
-1.04427 -1.07654
-1.04823 -1.07045
-1.04514 -1.07489
-1.04552 -1.06874
-1.04513 -1.07254
-1.04542 -1.07043
-1.04537 -1.07458
-1.0469 -1.07024
-1.04509 -1.07429
-1.04515 -1.07032
-1.04713 -1.07288
-1.04342 -1.07464
-1.04645 -1.07128
-1.04457 -1.07342
-1.04431 -1.07179
-1.045 -1.07218
-1.04156 -1.07279
-1.04385 -1.07208
-1.04316 -1.07012
-1.04389 -1.07083
-1.0415 -1.07426
-1.0439 -1.0692
-1.04264 -1.07067
-1.04253 -1.06934
-1.0419 -1.07157
-1.04137 -1.069
-1.0422 -1.06987
-1.0391 -1.07387
-1.04251 -1.06888
-1.04199 -1.06864
-1.02642 -1.05774
-1.01053 -1.01613
-1.00328 -1.01206
-1.00658 -1.01421
-1.00434 -1.01453
-1.00444 -1.01828
-1.00637 -1.01129
-1.00227 -1.01777
-1.00596 -1.0135
-1.00381 -1.01634
-1.00532 -1.01583
-1.00511 -1.01387
-1.00448 -1.01524
-1.00404 -1.01305
-1.00311 -1.01553
-1.00438 -1.01331
-1.00408 -1.01384
-1.0018 -1.01611
-1.00483 -1.0131
-1.00413 -1.01441
-1.00268 -1.01554
-1.00354 -1.01634
-1.00465 -1.01524
-1.00392 -1.01452
-1.00253 -1.01576
-1.00362 -1.01353
-1.00144 -1.01522
-1.00249 -1.01284
-1.00388 -1.01597
-1.00259 -1.01356
-1.0026 -1.01369
-1.00639 -1.01145
-1.00451 -1.01399
-1.00467 -1.01538
-1.00489 -1.01368
-1.00426 -1.01097
-1.00447 -1.01494
-1.00314 -1.01485
-1.00276 -1.01408
-1.00419 -1.01408
-1.00398 -1.01619
-1.00248 -1.01404
-1.00198 -1.01324
-1.00059 -1.01424
-1.00439 -1.0118
-0.999942 -1.01608
-1.00531 -1.01031
-1.00021 -1.01584
-1.00316 -1.0108
-1.00148 -1.01498
-1.00373 -1.01236
-1.00164 -1.01388
-1.00093 -1.01343
-1.00195 -1.01287
-0.999513 -1.01346
-1.00231 -1.01033
-0.999276 -1.01482
-1.00286 -1.01143
-1.00047 -1.01435
-1.00084 -1.01343
-1.00118 -1.01093
-1.00037 -1.01251
-1.00147 -1.01225
-0.998954 -1.01154
-1.00102 -1.01237
-0.999827 -1.01483
-1.00211 -1.01114
-0.999207 -1.01403
-1.00226 -1.01244
-0.998108 -1.01417
-1.00079 -1.01166
-1.00025 -1.0109
-0.999823 -1.01559
-1.00039 -1.00817
-0.99838 -1.01452
-1.00056 -1.00993
-0.999008 -1.01209
-0.999574 -1.01375
-1.00202 -1.00964
-1.00009 -1.01273
-0.998804 -1.01398
-1.00003 -1.01207
-0.999159 -1.00931
-0.998877 -1.01315
-1.00061 -1.0097
-0.998563 -1.01115
-1.00094 -1.01056
-0.99931 -1.01261
-1.00019 -1.00919
-1.00093 -1.01281
-1.00017 -1.01022
-1.00022 -1.00932
-0.997833 -1.01102
-1.00123 -1.01025
-0.9996 -1.01015
-0.997831 -1.01076
-0.998795 -1.00966
-0.997814 -1.00807
-0.999215 -1.00922
-0.997939 -1.01005
-0.998674 -1.00901
-0.997805 -1.013
-1.00019 -1.00682
-0.9975 -1.01292
-1.0001 -1.0079
-0.998468 -1.01034
-0.99891 -1.00919
-0.998999 -1.00852
-0.997917 -1.01067
-0.99887 -1.00759
-0.998892 -1.00738
-0.996442 -1.01206
-0.999844 -1.00554
-0.998238 -1.01192
-0.998875 -1.0096
-1.00132 -1.00811
-0.997797 -1.00881
-1.00095 -1.00735
-0.998112 -1.01052
-0.99875 -1.00771
-0.999604 -1.00799
-0.998101 -1.00972
-0.998484 -1.00603
-0.998442 -1.00893
-0.99719 -1.00852
-0.999342 -1.00847
-0.99813 -1.00567
-0.99907 -1.01073
-0.997095 -1.00758
-0.998942 -1.00997
-0.997734 -1.00827
-0.998127 -1.00923
-0.997891 -1.00904
-0.998087 -1.00866
-0.996323 -1.00835
-0.99829 -1.00844
-0.995724 -1.00714
-0.99635 -1.0121
-0.998187 -1.00724
-0.996182 -1.01182
-0.997048 -1.00785
-0.997252 -1.01047
-0.995012 -1.00925
-0.995639 -1.00943
-0.99434 -1.0073
-0.995711 -1.00801
-0.99401 -1.0066
-0.996214 -1.01187
-0.993917 -1.00678
-0.996544 -1.0061
-0.993731 -1.00925
-0.996542 -1.00661
-0.995689 -1.00762
-0.99594 -1.00962
-0.997074 -1.00568
-0.995471 -1.00838
-0.99607 -1.01063
-0.996703 -1.00744
-0.996266 -1.00526
-0.994534 -1.01057
-0.995176 -1.0066
-0.996356 -1.00704
-0.995003 -1.00958
-0.998891 -1.00487
-0.993972 -1.00902
-0.995696 -1.00617
-0.995575 -1.00747
-0.994935 -1.00816
-0.993954 -1.0072
-0.992657 -1.00841
-0.994091 -1.00611
-0.993023 -1.00708
-0.991208 -1.00802
-0.994588 -1.00513
-0.992383 -1.00952
-0.994258 -1.00592
-0.990834 -1.00724
-0.993639 -1.00798
-0.990829 -1.00513
-0.992051 -1.00663
-0.993077 -1.00617
-0.990953 -1.00927
-0.993148 -1.00498
-0.993207 -1.00644
-0.994291 -1.00688
-0.993084 -1.00912
-0.991585 -1.00591
-0.993095 -1.00533
-0.990421 -1.00749
-0.990282 -1.00634
-0.992104 -1.00383
-0.989263 -1.00868
-0.990381 -1.00524
-0.991101 -1.00736
-0.991428 -1.00422
-0.990768 -1.00723
-0.992342 -1.00386
-0.991843 -1.00556
-0.99058 -1.00448
-0.991614 -1.00376
-0.99144 -1.00493
-0.991768 -1.00351
-0.990387 -1.00498
-0.992304 -1.0031
-0.990143 -1.00407
-0.991215 -1.00479
-0.990813 -1.00243
-0.98894 -1.00603
-0.991257 -1.00337
-0.990327 -1.00449
-0.991361 -1.00576
-0.992507 -1.00406
-0.991235 -1.00527
-0.989034 -1.00536
-0.990031 -1.00353
-0.989426 -1.00545
-0.989678 -1.00195
-0.988939 -1.0038
-0.989784 -1.00536
-0.989319 -1.00289
-0.988686 -1.00431
-0.988721 -1.00381
-0.990261 -1.00254
-0.985489 -1.0039
-0.988476 -1.00348
-0.988395 -1.00008
-0.984948 -1.00462
-0.987593 -1.00014
-0.989304 -1.00144
-0.987563 -1.00246
-0.988187 -1.00372
-0.989907 -1.00119
-0.987508 -1.00295
-0.988937 -1.00183
-0.988428 -1.00229
-0.989404 -1.00313
-0.98616 -1.00292
-0.988481 -1.00262
-0.987893 -1.00256
-0.98434 -1.00455
-0.989923 -1.00142
-0.988127 -1.00063
-0.987423 -1.00486
-0.987106 -1.00337
-0.98699 -1.00136
-0.989753 -1.00155
-0.987082 -1.00338
-0.985422 -1.00396
-0.98948 -1.00044
-0.985917 -1.0037
-0.987575 -1.00245
-0.987263 -1.0028
-0.988405 -1.00084
-0.988716 -1.00398
-0.986119 -1.00278
-0.98901 -1.00127
-0.988786 -1.00428
-0.988046 -1.00203
-0.989005 -1.00132
-0.987686 -1.00387
-0.989049 -1.00212
-0.987161 -1.00049
-0.988349 -1.00343
-0.987323 -1.00182
-0.98861 -1.00351
-0.987525 -0.999909
-0.986303 -1.00319
-0.987781 -1.00026
-0.987113 -1.00159
-0.986252 -1.00297
-0.987439 -1.0007
-0.986222 -1.00035
-0.987925 -1.00207
-0.986809 -1.00322
-0.98812 -1.00209
-0.988287 -1.00255
-0.987009 -1.00108
-0.987079 -1.00074
-0.986853 -1.00256
-0.986787 -0.999785
-0.984582 -1.00263
-0.987519 -1.00076
-0.986325 -1.00083
-0.985539 -1.00146
-0.983782 -1.0019
-0.985973 -0.999444
-0.984755 -1.00131
-0.98534 -1.00094
-0.984535 -1.00308
-0.986783 -1.00049
-0.986443 -1.00136
-0.985742 -1.00275
-0.985957 -0.998983
-0.986121 -1.00313
-0.984539 -1.00017
-0.985303 -1.00304
-0.98618 -0.999607
-0.983002 -1.0044
-0.984439 -0.998503
-0.984474 -1.0015
-0.984972 -1.00022
-0.984727 -0.999596
-0.984936 -1.00279
-0.985039 -1.00024
-0.985142 -1.00052
-0.984764 -1.00343
-0.985218 -1.00021
-0.983851 -1.00114
-0.982604 -1.00146
-0.986902 -0.998347
-0.983456 -1.00181
-0.985049 -0.99985
-0.987023 -1.00025
-0.983653 -1.00174
-0.985375 -1.00051
-0.983675 -1.00083
-0.984466 -1.00108
-0.984341 -0.999511
-0.984859 -1.00041
-0.984301 -1.0003
-0.982812 -1.00144
-0.985927 -0.999682
-0.985088 -0.999144
-0.98411 -1.0012
-0.985824 -0.998194
-0.98385 -1.00054
-0.984841 -0.997711
-0.984572 -0.999144
-0.985364 -0.999372
-0.984573 -1.00042
-0.984282 -1.00166
-0.984533 -0.998076
-0.983418 -1.00042
-0.983527 -0.999609
-0.9849 -0.999981
-0.98232 -0.999336
-0.984769 -0.998959
-0.983569 -0.996821
-0.982602 -1.00215
-0.984081 -0.997531
-0.983428 -0.998181
-0.982187 -1.00006
-0.984435 -0.999486
-0.982153 -0.99886
-0.98392 -0.998264
-0.982533 -1.00227
-0.983456 -0.997418
-0.981405 -1.00185
-0.982259 -0.999476
-0.981004 -1.00004
-0.979963 -0.998781
-0.981365 -0.99812
-0.98089 -1.00112
-0.980294 -0.999524
-0.982887 -0.998635
-0.980373 -0.996808
-0.981327 -1.00215
-0.985098 -0.99508
-0.982216 -0.999972
-0.985592 -0.998649
-0.983817 -0.999523
-0.982707 -0.998575
-0.981933 -0.999005
-0.979667 -0.998731
-0.981148 -0.995441
-0.980377 -0.998244
-0.98257 -0.997109
-0.981083 -0.997345
-0.982896 -0.997317
-0.982149 -0.999191
-0.982545 -0.997382
-0.981721 -0.998634
-0.982778 -0.998896
-0.979785 -0.998459
-0.98113 -0.996879
-0.978913 -0.998641
-0.979501 -0.997484
-0.977402 -0.99935
-0.979819 -0.996808
-0.978715 -0.996153
-0.977771 -1.00068
-0.978224 -0.995075
-0.979447 -0.997051
-0.977744 -0.996415
-0.980558 -0.998144
-0.979365 -0.995765
-0.979908 -0.998218
-0.980152 -0.994394
-0.977435 -0.99961
-0.980046 -0.994043
-0.978849 -0.99767
-0.981001 -0.993189
-0.976782 -1.00009
-0.978938 -0.994407
-0.979125 -0.995432
-0.978845 -0.997094
-0.97909 -0.996153
-0.978286 -0.995745
-0.979897 -0.997406
-0.98031 -0.995108
-0.976058 -0.995362
-0.980904 -0.994892
-0.978225 -0.997442
-0.977601 -0.997048
-0.980749 -0.994072
-0.979226 -0.996911
-0.976328 -0.996662
-0.979202 -0.995356
-0.978256 -0.996297
-0.978029 -0.995698
-0.978364 -0.995405
-0.978069 -0.995141
-0.977079 -0.994632
-0.979325 -0.994871
-0.977052 -0.99568
-0.97764 -0.996769
-0.976626 -0.996517
-0.97871 -0.996482
-0.978546 -0.99768
-0.978035 -0.994124
-0.97812 -0.99806
-0.978311 -0.993661
-0.976304 -0.995306
-0.978504 -0.994977
-0.977114 -0.992861
-0.978735 -0.993988
-0.978945 -0.994907
-0.976633 -0.994326
-0.976715 -0.996263
-0.97904 -0.993635
-0.978922 -0.992578
-0.975812 -0.998336
-0.979514 -0.99125
-0.975464 -0.995931
-0.975863 -0.993786
-0.977349 -0.992992
-0.975888 -0.994779
-0.977323 -0.99475
-0.976928 -0.992902
-0.977622 -0.993111
-0.97743 -0.992574
-0.975522 -0.994341
-0.976385 -0.990143
-0.976035 -0.993564
-0.976357 -0.990692
-0.977798 -0.993699
-0.976298 -0.993451
-0.978764 -0.994611
-0.978154 -0.994313
-0.976449 -0.994169
-0.979421 -0.993089
-0.977524 -0.994015
-0.976435 -0.992581
-0.977953 -0.994392
-0.977895 -0.99152
-0.973768 -0.995991
-0.976963 -0.993888
-0.977287 -0.989762
-0.972649 -0.993964
-0.975751 -0.993206
-0.976402 -0.989682
-0.975541 -0.995092
-0.974331 -0.992154
-0.974511 -0.993008
-0.976225 -0.991499
-0.971649 -0.992907
-0.975081 -0.993518
-0.973518 -0.989594
-0.972949 -0.992078
-0.973174 -0.989149
-0.974619 -0.993548
-0.974227 -0.989152
-0.97415 -0.992726
-0.974773 -0.993154
-0.97311 -0.991094
-0.974081 -0.990608
-0.973761 -0.992423
-0.97314 -0.989776
-0.97298 -0.992076
-0.974464 -0.989405
-0.972753 -0.991924
-0.975283 -0.989597
-0.972547 -0.993868
-0.974302 -0.990369
-0.973822 -0.993035
-0.972501 -0.990295
-0.971595 -0.992184
-0.973033 -0.989465
-0.971455 -0.993277
-0.971295 -0.989999
-0.971393 -0.990693
-0.970672 -0.991051
-0.971344 -0.988284
-0.970623 -0.99032
-0.971823 -0.990013
-0.971591 -0.990737
-0.971208 -0.991283
-0.9742 -0.990767
-0.972437 -0.992403
-0.972186 -0.992333
-0.972181 -0.990728
-0.970883 -0.991591
-0.971842 -0.987949
-0.972286 -0.990025
-0.972 -0.988537
-0.971808 -0.9912
-0.971924 -0.990209
-0.972443 -0.992274
-0.970816 -0.987068
-0.969168 -0.99399
-0.97114 -0.98908
-0.970418 -0.991731
-0.97044 -0.988969
-0.969068 -0.990015
-0.971658 -0.987581
-0.969782 -0.989975
-0.970133 -0.989098
-0.971631 -0.986427
-0.969644 -0.991094
-0.972234 -0.986334
-0.969874 -0.99045
-0.97263 -0.988468
-0.972162 -0.988398
-0.970937 -0.988138
-0.971653 -0.989428
-0.970719 -0.988142
-0.971213 -0.98793
-0.971042 -0.987015
-0.968584 -0.987401
-0.971297 -0.989287
-0.972413 -0.985341
-0.970475 -0.990415
-0.974026 -0.986133
-0.969653 -0.988088
-0.970914 -0.987872
-0.972214 -0.98723
-0.969661 -0.986589
-0.969966 -0.988098
-0.970598 -0.987661
-0.968016 -0.988861
-0.97132 -0.985503
-0.969195 -0.989021
-0.968536 -0.988202
-0.970161 -0.988465
-0.969981 -0.988239
-0.968413 -0.988895
-0.970942 -0.986831
-0.968786 -0.987577
-0.970015 -0.987994
-0.969416 -0.98839
-0.968544 -0.988543
-0.969495 -0.98615
-0.965318 -0.989499
-0.96881 -0.988224
-0.968412 -0.986552
-0.966653 -0.990978
-0.971477 -0.989293
-0.96854 -0.98868
-0.970443 -0.989589
-0.969687 -0.986328
-0.969623 -0.988319
-0.967333 -0.988395
-0.969965 -0.987435
-0.966808 -0.988615
-0.96899 -0.98644
-0.966701 -0.989036
-0.966801 -0.987256
-0.96728 -0.986089
-0.966602 -0.988925
-0.967948 -0.986176
-0.968942 -0.987128
-0.966217 -0.991447
-0.969879 -0.985221
-0.968105 -0.989083
-0.96871 -0.98887
-0.968916 -0.988472
-0.966891 -0.988849
-0.967271 -0.986884
-0.966906 -0.987366
-0.966756 -0.98756
-0.96738 -0.985605
-0.964741 -0.988997
-0.968836 -0.986656
-0.967153 -0.989236
-0.968267 -0.986127
-0.967133 -0.989701
-0.968824 -0.986601
-0.966548 -0.985681
-0.966767 -0.988122
-0.966691 -0.985102
-0.964151 -0.989163
-0.96573 -0.985423
-0.964559 -0.987441
-0.964764 -0.986561
-0.966397 -0.986253
-0.965348 -0.989825
-0.965735 -0.986917
-0.966014 -0.985065
-0.963072 -0.990267
-0.96559 -0.98437
-0.964039 -0.989001
-0.965437 -0.984738
-0.964207 -0.989128
-0.964528 -0.987794
-0.963711 -0.986086
-0.964264 -0.985267
-0.960964 -0.989061
-0.963128 -0.985017
-0.963578 -0.983171
-0.96274 -0.986924
-0.962677 -0.986555
-0.963721 -0.985009
-0.962473 -0.986313
-0.965268 -0.985968
-0.964773 -0.985212
-0.963108 -0.988997
-0.963839 -0.985409
-0.963062 -0.986345
-0.965343 -0.983719
-0.962047 -0.988722
-0.962504 -0.984553
-0.964058 -0.98423
-0.961077 -0.987168
-0.963236 -0.984699
-0.961319 -0.985527
-0.962919 -0.983489
-0.961734 -0.985467
-0.961655 -0.986128
-0.963288 -0.983148
-0.963708 -0.985773
-0.961503 -0.986523
-0.96468 -0.983579
-0.96092 -0.984624
-0.96192 -0.985777
-0.961123 -0.984262
-0.961185 -0.985124
-0.961691 -0.984148
-0.961572 -0.986044
-0.96227 -0.985158
-0.962401 -0.985202
-0.960966 -0.985147
-0.961777 -0.983644
-0.959216 -0.986258
-0.960955 -0.98279
-0.96103 -0.985764
-0.958525 -0.984898
-0.962641 -0.98574
-0.960517 -0.984362
-0.959756 -0.988021
-0.961817 -0.983059
-0.959285 -0.986159
-0.960334 -0.984514
-0.962125 -0.981911
-0.959428 -0.989385
-0.961675 -0.985034
-0.960267 -0.987763
-0.960784 -0.984023
-0.961266 -0.986247
-0.959675 -0.984673
-0.961125 -0.981846
-0.960297 -0.984612
-0.960185 -0.985356
-0.960572 -0.982129
-0.958756 -0.98449
-0.960094 -0.987057
-0.957575 -0.985291
-0.959887 -0.984734
-0.960221 -0.981478
-0.95843 -0.987875
-0.960452 -0.982363
-0.961626 -0.984873
-0.959043 -0.984815
-0.960457 -0.98451
-0.959644 -0.983539
-0.959655 -0.985977
-0.959779 -0.984758
-0.957324 -0.984932
-0.960195 -0.982755
-0.944952 -0.968552
-0.918518 -0.913217
-0.917343 -0.913034
-0.914939 -0.917837
-0.916354 -0.914925
-0.916044 -0.912706
-0.916536 -0.916522
-0.916104 -0.914692
-0.916536 -0.915041
-0.914135 -0.915351
-0.916368 -0.914001
-0.913361 -0.9142
-0.913541 -0.913676
-0.913068 -0.917466
-0.91543 -0.916579
-0.914763 -0.916873
-0.916253 -0.916251
-0.913247 -0.917763
-0.917166 -0.917439
-0.914811 -0.916644
-0.917322 -0.916264
-0.914419 -0.916176
-0.916748 -0.916236
-0.915614 -0.915566
-0.916339 -0.916918
-0.915662 -0.913858
-0.915634 -0.918517
-0.914755 -0.914182
-0.915028 -0.916733
-0.914167 -0.915705
-0.913237 -0.915593
-0.913309 -0.915297
-0.912541 -0.91595
-0.913289 -0.915362
-0.913678 -0.91581
-0.911378 -0.917352
-0.914185 -0.916429
-0.911803 -0.91639
-0.9132 -0.916567
-0.912122 -0.915319
-0.910001 -0.916332
-0.909723 -0.917107
-0.9116 -0.912742
-0.909097 -0.91629
-0.908597 -0.914809
-0.908671 -0.916002
-0.909937 -0.913355
-0.908013 -0.916725
-0.910325 -0.913252
-0.908185 -0.916744
-0.910129 -0.914801
-0.909594 -0.914461
-0.910135 -0.913931
-0.907449 -0.916519
-0.908726 -0.914496
-0.90879 -0.914965
-0.90931 -0.913445
-0.90986 -0.916588
-0.909315 -0.914249
-0.909902 -0.914761
-0.910825 -0.917863
-0.911839 -0.911741
-0.908023 -0.918139
-0.908918 -0.913455
-0.910071 -0.914368
-0.907897 -0.912989
-0.907784 -0.91614
-0.908044 -0.913305
-0.909157 -0.914922
-0.90944 -0.913404
-0.90951 -0.915456
-0.908066 -0.916614
-0.910995 -0.916869
-0.910738 -0.912773
-0.91065 -0.918075
-0.908926 -0.91781
-0.910805 -0.915657
-0.909609 -0.916558
-0.908133 -0.91519
-0.909085 -0.917389
-0.908551 -0.916401
-0.91102 -0.91544
-0.909797 -0.917524
-0.909755 -0.918417
-0.91183 -0.917193
-0.909345 -0.916959
-0.910873 -0.917125
-0.908158 -0.917935
-0.911478 -0.915554
-0.907797 -0.916979
-0.909013 -0.914347
-0.908463 -0.917035
-0.907652 -0.915957
-0.909922 -0.916872
-0.906914 -0.915164
-0.90892 -0.917261
-0.908319 -0.916275
-0.906885 -0.916072
-0.907446 -0.916176
-0.908114 -0.912837
-0.907287 -0.916299
-0.906284 -0.915282
-0.907851 -0.914817
-0.90761 -0.918562
-0.908064 -0.915784
-0.90709 -0.917802
-0.906298 -0.919568
-0.908497 -0.916264
-0.906904 -0.916461
-0.907105 -0.917579
-0.905139 -0.917789
-0.906577 -0.916218
-0.904429 -0.916709
-0.906578 -0.917377
-0.905866 -0.916553
-0.907292 -0.916661
-0.906245 -0.915994
-0.905271 -0.916665
-0.908005 -0.916526
-0.906458 -0.916435
-0.907047 -0.917874
-0.906834 -0.916937
-0.905916 -0.916388
-0.905738 -0.917182
-0.905023 -0.916076
-0.905507 -0.916429
-0.904822 -0.915666
-0.904239 -0.916255
-0.905088 -0.91756
-0.906386 -0.915828
-0.904988 -0.916489
-0.905158 -0.915384
-0.904409 -0.91854
-0.906031 -0.914233
-0.905129 -0.917486
-0.904324 -0.913433
-0.904811 -0.919173
-0.904925 -0.915714
-0.904671 -0.916392
-0.903295 -0.919162
-0.9055 -0.914894
-0.906162 -0.916819
-0.904843 -0.916986
-0.90614 -0.915821
-0.904735 -0.915365
-0.905517 -0.91605
-0.904735 -0.91651
-0.905447 -0.916973
-0.903497 -0.918249
-0.904171 -0.916165
-0.903929 -0.918475
-0.90481 -0.917211
-0.90433 -0.916989
-0.903974 -0.91885
-0.904398 -0.916239
-0.905222 -0.915616
-0.904514 -0.919395
-0.904091 -0.918052
-0.905489 -0.917361
-0.905225 -0.917226
-0.903921 -0.918239
-0.905967 -0.917858
-0.904703 -0.917432
-0.903828 -0.916783
-0.905963 -0.916462
-0.90405 -0.919713
-0.905451 -0.917344
-0.90333 -0.917998
-0.904525 -0.915165
-0.902902 -0.916988
-0.903755 -0.919127
-0.903177 -0.915806
-0.904041 -0.915748
-0.903675 -0.918692
-0.902808 -0.91755
-0.906386 -0.915357
-0.903996 -0.917769
-0.905856 -0.916449
-0.904699 -0.91807
-0.906736 -0.917887
-0.906551 -0.917911
-0.906759 -0.915894
-0.905554 -0.92144
-0.908527 -0.914409
-0.905714 -0.919632
-0.90652 -0.91606
-0.905418 -0.917747
-0.90694 -0.916997
-0.903697 -0.917353
-0.906256 -0.916926
-0.905163 -0.914992
-0.903038 -0.917854
-0.903333 -0.916378
-0.904123 -0.915647
-0.902038 -0.917554
-0.904053 -0.914306
-0.901093 -0.917026
-0.904665 -0.915431
-0.902593 -0.915333
-0.900082 -0.920209
-0.90385 -0.911914
-0.903619 -0.916044
-0.90127 -0.916836
-0.900178 -0.916907
-0.902575 -0.915893
-0.901201 -0.912856
-0.898097 -0.91632
-0.900694 -0.915036
-0.898031 -0.914396
-0.898255 -0.913707
-0.896233 -0.914031
-0.898797 -0.913552
-0.898373 -0.915267
-0.897608 -0.914334
-0.898757 -0.916113
-0.897626 -0.913529
-0.898154 -0.91596
-0.896294 -0.913908
-0.896654 -0.914412
-0.894513 -0.914456
-0.894427 -0.912371
-0.892898 -0.91232
-0.894809 -0.91133
-0.89363 -0.913995
-0.893702 -0.912198
-0.892138 -0.913083
-0.892153 -0.915542
-0.893722 -0.909177
-0.892337 -0.914896
-0.891874 -0.912796
-0.892439 -0.912083
-0.892149 -0.913527
-0.892808 -0.911995
-0.891805 -0.9131
-0.891584 -0.911231
-0.891999 -0.913415
-0.892385 -0.911865
-0.892348 -0.911555
-0.890215 -0.912735
-0.89165 -0.911746
-0.890753 -0.912908
-0.890412 -0.91042
-0.888061 -0.911618
-0.889746 -0.909844
-0.889046 -0.910297
-0.889575 -0.909242
-0.888455 -0.912803
-0.887546 -0.908392
-0.888158 -0.910912
-0.885746 -0.910722
-0.886928 -0.910165
-0.886308 -0.909565
-0.885711 -0.909782
-0.884682 -0.910584
-0.884661 -0.909139
-0.886127 -0.909848
-0.885596 -0.908393
-0.883159 -0.911461
-0.883148 -0.907363
-0.88588 -0.908201
-0.882749 -0.91039
-0.882108 -0.909534
-0.884182 -0.907036
-0.882141 -0.907424
-0.882492 -0.909165
-0.881181 -0.907445
-0.870174 -0.891312
-0.833233 -0.829953
-0.830548 -0.828767
-0.831424 -0.831067
-0.830153 -0.831206
-0.831342 -0.831167
-0.830831 -0.830082
-0.831704 -0.831145
-0.833035 -0.832465
