0 0
-0.171474 -0.161568
-0.331171 -0.313259
-0.478236 -0.454142
-0.614482 -0.584842
-0.738704 -0.705382
-0.847493 -0.814349
-0.946216 -0.913295
-1.03271 -0.999997
-1.10102 -1.08112
-1.16015 -1.14565
-1.20495 -1.20563
-1.23731 -1.25002
-1.25963 -1.29397
-1.27435 -1.3268
-1.28462 -1.3556
-1.28856 -1.38041
-1.28649 -1.4056
-1.28757 -1.4224
-1.28587 -1.43166
-1.28016 -1.44784
-1.2747 -1.4612
-1.25972 -1.45326
-1.26877 -1.47831
-1.26275 -1.4773
-1.24477 -1.47452
-1.2486 -1.49025
-1.23551 -1.48647
-1.22909 -1.48394
-1.23871 -1.5034
-1.22394 -1.49027
-1.23596 -1.49932
-1.23912 -1.49922
-1.23928 -1.49599
-1.23704 -1.49763
-1.23859 -1.49899
-1.23893 -1.4949
-1.23781 -1.49386
-1.24047 -1.49617
-1.2377 -1.49558
-1.24021 -1.49236
-1.23844 -1.49306
-1.24092 -1.49211
-1.24218 -1.49051
-1.23784 -1.4916
-1.24437 -1.48816
-1.2409 -1.48488
-1.23967 -1.49028
-1.24388 -1.48705
-1.24318 -1.48473
-1.24341 -1.48544
-1.24189 -1.48346
-1.24535 -1.48417
-1.24293 -1.48351
-1.24192 -1.48394
-1.24543 -1.48312
-1.24237 -1.48343
-1.2427 -1.4848
-1.24359 -1.48547
-1.24329 -1.48179
-1.24386 -1.48463
-1.24266 -1.48365
-1.24265 -1.48524
-1.24388 -1.48548
-1.24606 -1.48258
-1.24417 -1.48258
-1.24545 -1.48495
-1.2458 -1.48093
-1.24474 -1.48567
-1.24714 -1.48181
-1.24802 -1.48365
-1.24677 -1.47773
-1.24653 -1.48475
-1.24667 -1.4798
-1.24489 -1.48122
-1.24847 -1.47942
-1.24697 -1.4834
-1.24884 -1.47623
-1.24823 -1.47929
-1.24954 -1.47539
-1.24894 -1.47864
-1.24947 -1.47312
-1.24896 -1.47643
-1.2476 -1.47474
-1.25003 -1.47274
-1.25042 -1.47529
-1.2503 -1.47496
-1.24956 -1.47169
-1.25149 -1.47268
-1.25122 -1.47383
-1.25202 -1.47481
-1.24962 -1.47183
-1.25069 -1.47175
-1.2513 -1.47164
-1.25278 -1.47188
-1.25162 -1.46909
-1.25298 -1.46963
-1.25264 -1.47264
-1.25263 -1.46886
-1.25158 -1.46794
-1.25578 -1.46759
-1.24949 -1.47147
-1.25301 -1.46846
-1.25452 -1.46977
-1.25591 -1.4657
-1.25162 -1.47035
-1.25612 -1.46579
-1.25433 -1.46709
-1.25491 -1.46787
-1.25335 -1.46589
-1.25439 -1.4671
-1.25497 -1.4664
-1.25489 -1.46873
-1.25376 -1.46668
-1.25502 -1.46445
-1.25661 -1.46502
-1.25498 -1.46647
-1.25514 -1.46382
-1.2556 -1.46677
-1.25565 -1.46478
-1.25614 -1.46514
-1.25467 -1.46547
-1.2586 -1.46211
-1.25337 -1.46594
-1.25903 -1.46247
-1.2557 -1.46648
-1.25726 -1.46424
-1.25676 -1.46493
-1.25844 -1.46111
-1.25518 -1.46837
-1.26198 -1.45699
-1.25814 -1.46232
-1.25676 -1.46209
-1.25763 -1.46207
-1.25741 -1.46288
-1.25973 -1.45978
-1.25766 -1.46127
-1.25833 -1.46144
-1.25936 -1.46271
-1.25883 -1.45874
-1.25684 -1.46033
-1.26033 -1.46003
-1.25905 -1.45843
-1.25854 -1.46303
-1.26074 -1.45953
-1.26104 -1.45889
-1.26026 -1.45927
-1.26035 -1.45845
-1.26008 -1.45962
-1.26053 -1.46113
-1.26291 -1.45496
-1.25745 -1.45959
-1.26461 -1.45674
-1.26303 -1.45469
-1.26103 -1.45688
-1.26281 -1.45633
-1.26204 -1.4541
-1.26526 -1.45506
-1.26269 -1.45359
-1.26121 -1.45412
-1.26599 -1.45407
-1.2644 -1.45534
-1.26448 -1.45113
-1.26564 -1.45487
-1.26487 -1.45355
-1.26417 -1.45453
-1.26628 -1.4536
-1.26506 -1.45243
-1.26513 -1.45371
-1.26617 -1.4528
-1.26627 -1.45586
-1.26148 -1.45419
-1.26526 -1.45407
-1.26257 -1.45144
-1.26554 -1.45321
-1.26703 -1.45183
-1.26478 -1.44981
-1.26466 -1.45537
-1.26331 -1.45258
-1.26593 -1.45295
-1.26578 -1.45159
-1.2653 -1.45298
-1.26564 -1.45237
-1.26603 -1.4551
-1.26597 -1.4506
-1.26524 -1.45025
-1.26817 -1.45029
-1.26672 -1.45279
-1.26707 -1.45102
-1.26664 -1.45104
-1.26701 -1.45044
-1.2683 -1.44859
-1.2671 -1.44916
-1.26497 -1.45285
-1.26882 -1.44607
-1.26905 -1.44871
-1.2695 -1.44704
-1.2642 -1.45199
-1.26824 -1.45321
-1.2684 -1.44941
-1.26964 -1.44814
-1.26615 -1.45338
-1.26809 -1.44961
-1.26711 -1.45073
-1.26856 -1.45169
-1.26879 -1.4513
-1.26873 -1.44975
-1.26922 -1.45038
-1.26726 -1.45375
-1.27052 -1.45019
-1.27038 -1.44985
-1.26834 -1.45167
-1.27231 -1.44679
-1.26922 -1.44905
-1.26953 -1.45188
-1.26791 -1.44872
-1.26976 -1.45086
-1.27128 -1.44895
-1.26622 -1.45456
-1.26967 -1.44843
-1.27162 -1.44743
-1.27141 -1.44748
-1.27087 -1.44817
-1.27225 -1.45149
-1.27083 -1.44587
-1.27237 -1.44997
-1.27127 -1.45095
-1.27141 -1.4472
-1.2704 -1.45031
-1.27103 -1.44946
-1.27259 -1.44546
-1.26945 -1.45059
-1.27094 -1.45127
-1.27121 -1.44757
-1.27349 -1.44977
-1.27038 -1.44913
-1.27306 -1.44578
-1.27184 -1.44814
-1.27261 -1.44698
-1.27088 -1.44822
-1.27114 -1.44662
-1.27218 -1.44688
-1.27435 -1.44372
-1.27388 -1.44427
-1.27337 -1.44473
-1.27527 -1.44329
-1.27325 -1.44379
-1.27182 -1.44548
-1.27677 -1.44336
-1.27356 -1.44383
-1.27447 -1.44561
-1.27508 -1.44344
-1.27374 -1.44485
-1.27437 -1.4467
-1.27262 -1.44288
-1.27486 -1.44507
-1.2712 -1.4449
-1.27451 -1.44437
-1.27442 -1.44699
-1.27521 -1.44454
-1.27217 -1.44576
-1.27631 -1.44495
-1.27445 -1.44523
-1.27564 -1.44357
-1.27396 -1.4439
-1.27769 -1.44398
-1.27709 -1.44035
-1.27639 -1.44395
-1.27381 -1.44499
-1.27755 -1.44181
-1.27585 -1.44764
-1.27766 -1.44087
-1.27465 -1.44365
-1.27636 -1.44336
-1.2787 -1.44377
-1.27697 -1.44042
-1.27837 -1.4423
-1.27523 -1.44154
-1.27927 -1.44266
-1.27994 -1.44372
-1.27474 -1.442
-1.2813 -1.44121
-1.27944 -1.44035
-1.27997 -1.43992
-1.28153 -1.44113
-1.27783 -1.44394
-1.28001 -1.44207
-1.276 -1.44238
-1.27758 -1.44423
-1.27843 -1.44375
-1.27648 -1.44084
-1.27986 -1.44567
-1.27863 -1.44017
-1.27546 -1.44692
-1.27886 -1.43984
-1.27899 -1.44219
-1.27736 -1.44227
-1.28171 -1.44327
-1.27716 -1.44145
-1.28107 -1.4391
-1.27882 -1.44337
-1.27837 -1.44253
-1.28116 -1.4406
-1.27831 -1.44133
-1.28015 -1.44206
-1.27898 -1.44493
-1.27959 -1.44088
-1.27766 -1.44611
-1.28063 -1.4374
-1.28149 -1.44156
-1.27921 -1.44224
-1.28012 -1.44177
-1.28364 -1.43994
-1.28079 -1.44234
-1.28362 -1.43773
-1.27954 -1.441
-1.28062 -1.44435
-1.28381 -1.4363
-1.28245 -1.44093
-1.28209 -1.44167
-1.28246 -1.43767
-1.28126 -1.44045
-1.28022 -1.44307
-1.28305 -1.4419
-1.28253 -1.43877
-1.28271 -1.43581
-1.28215 -1.43792
-1.2835 -1.43846
-1.28474 -1.43774
-1.28309 -1.43931
-1.28429 -1.43385
-1.28252 -1.43994
-1.28219 -1.4375
-1.28384 -1.43395
-1.28479 -1.43623
-1.28425 -1.43888
-1.28289 -1.43937
-1.28592 -1.4352
-1.28501 -1.43773
-1.28708 -1.43551
-1.28161 -1.43729
-1.28563 -1.44041
-1.28685 -1.43431
-1.28384 -1.43805
-1.28734 -1.43724
-1.28354 -1.43699
-1.28706 -1.43777
-1.28644 -1.43959
-1.28773 -1.43623
-1.28411 -1.43832
-1.28665 -1.4353
-1.285 -1.43851
-1.28504 -1.43753
-1.2854 -1.43911
-1.28596 -1.43519
-1.28586 -1.43485
-1.28531 -1.4355
-1.28377 -1.43852
-1.28583 -1.43558
-1.28736 -1.43539
-1.28504 -1.43431
-1.28707 -1.43315
-1.2844 -1.43787
-1.28481 -1.43589
-1.28503 -1.43706
-1.28603 -1.43504
-1.28684 -1.4359
-1.28459 -1.4348
-1.28736 -1.4355
-1.28555 -1.43612
-1.28434 -1.43101
-1.28468 -1.43306
-1.28919 -1.43056
-1.28235 -1.43923
-1.28722 -1.43448
-1.289 -1.43157
-1.28473 -1.43376
-1.28679 -1.43454
-1.28743 -1.43194
-1.28564 -1.43216
-1.28613 -1.43467
-1.2852 -1.4336
-1.28636 -1.43299
-1.28813 -1.436
-1.28645 -1.43331
-1.28584 -1.43438
-1.28641 -1.43084
-1.2892 -1.43188
-1.28528 -1.43616
-1.28947 -1.43365
-1.28514 -1.43732
-1.28682 -1.43298
-1.29111 -1.43165
-1.2886 -1.43473
-1.28808 -1.43259
-1.2889 -1.43251
-1.28763 -1.4331
-1.28984 -1.43357
-1.28668 -1.43058
-1.28758 -1.43468
-1.28942 -1.43286
-1.28721 -1.42989
-1.28527 -1.43479
-1.28942 -1.43072
-1.28782 -1.43148
-1.28926 -1.43079
-1.28705 -1.43516
-1.28902 -1.43094
-1.28988 -1.43137
-1.28637 -1.4351
-1.28811 -1.43214
-1.28885 -1.43236
-1.28998 -1.43167
-1.2855 -1.43661
-1.29006 -1.43042
-1.28922 -1.4311
-1.29078 -1.42812
-1.28548 -1.43447
-1.29155 -1.42905
-1.28646 -1.43283
-1.28891 -1.43015
-1.28901 -1.43069
-1.29316 -1.42907
-1.28871 -1.42996
-1.28806 -1.43169
-1.29024 -1.43064
-1.29239 -1.42807
-1.2889 -1.43317
-1.28867 -1.42931
-1.29171 -1.43252
-1.28921 -1.42976
-1.28929 -1.43088
-1.29055 -1.43215
-1.28803 -1.43012
-1.2899 -1.42971
-1.28719 -1.43429
-1.29292 -1.42615
-1.29105 -1.42901
-1.28973 -1.42969
-1.29369 -1.42942
-1.29148 -1.43002
-1.28959 -1.43106
-1.29109 -1.43109
-1.29064 -1.42718
-1.29277 -1.42671
-1.29248 -1.42943
-1.29274 -1.42551
-1.29333 -1.4278
-1.29074 -1.42865
-1.29154 -1.42649
-1.29317 -1.42799
-1.29234 -1.42779
-1.29162 -1.42842
-1.29539 -1.4273
-1.28943 -1.42964
-1.2914 -1.42906
-1.29397 -1.42886
-1.29257 -1.42489
-1.2918 -1.43057
-1.29271 -1.4263
-1.29279 -1.42532
-1.29278 -1.42602
-1.29379 -1.4278
-1.29315 -1.42627
-1.2959 -1.42505
-1.28962 -1.4282
-1.29212 -1.42555
-1.29222 -1.42621
-1.29305 -1.42656
-1.29272 -1.42842
-1.29231 -1.42627
-1.29196 -1.42843
-1.29136 -1.42691
-1.29132 -1.42496
-1.29422 -1.43061
-1.29088 -1.42658
-1.29507 -1.42328
-1.29246 -1.42765
-1.29271 -1.42924
-1.29497 -1.42543
-1.29127 -1.4306
-1.29414 -1.42891
-1.29294 -1.42762
-1.29476 -1.42695
-1.29399 -1.42803
-1.29401 -1.42866
-1.29481 -1.42525
-1.28767 -1.42802
-1.29645 -1.42552
-1.29123 -1.42871
-1.29378 -1.42607
-1.29228 -1.42912
-1.29147 -1.42692
-1.29204 -1.42682
-1.29159 -1.42684
-1.29114 -1.4265
-1.29189 -1.42476
-1.29237 -1.42598
-1.29474 -1.4276
-1.29038 -1.42818
-1.29215 -1.42595
-1.29302 -1.42817
-1.28847 -1.43011
-1.29272 -1.42785
-1.29313 -1.4281
-1.29068 -1.42871
-1.28983 -1.42884
-1.29303 -1.42794
-1.29494 -1.42335
-1.29167 -1.4286
-1.29493 -1.42774
-1.29253 -1.42785
-1.29263 -1.42664
-1.2951 -1.42644
-1.29291 -1.42495
-1.29147 -1.42723
-1.29499 -1.4241
-1.29432 -1.42365
-1.29436 -1.42308
-1.2938 -1.42564
-1.29669 -1.42568
-1.29278 -1.42602
-1.29443 -1.4276
-1.29379 -1.42606
-1.29235 -1.42571
-1.29358 -1.43019
-1.29299 -1.42573
-1.29454 -1.42763
-1.29241 -1.42733
-1.29375 -1.42463
-1.29411 -1.42749
-1.29407 -1.4283
-1.29011 -1.4254
-1.29328 -1.42739
-1.2936 -1.42728
-1.29454 -1.42256
-1.2946 -1.42508
-1.29222 -1.42823
-1.29607 -1.42427
-1.29532 -1.4251
-1.2943 -1.42714
-1.29424 -1.42769
-1.29408 -1.42544
-1.29237 -1.42779
-1.29596 -1.42514
-1.29424 -1.42389
-1.29585 -1.42582
-1.29369 -1.4232
-1.29545 -1.42348
-1.29255 -1.42417
-1.29553 -1.42629
-1.29382 -1.42406
-1.29012 -1.42823
-1.2981 -1.4247
-1.29094 -1.42362
-1.29313 -1.425
-1.29297 -1.42241
-1.2937 -1.42601
-1.29491 -1.4233
-1.29373 -1.42523
-1.29321 -1.42348
-1.29271 -1.4226
-1.29394 -1.4239
-1.2942 -1.42409
-1.29656 -1.42284
-1.29304 -1.42331
-1.29339 -1.42457
-1.29653 -1.4198
-1.29523 -1.42459
-1.29719 -1.42079
-1.29401 -1.42339
-1.29535 -1.42248
-1.29772 -1.41981
-1.29663 -1.42016
-1.29441 -1.42346
-1.29511 -1.42081
-1.29866 -1.42096
-1.29513 -1.41962
-1.30078 -1.419
-1.29377 -1.42492
-1.29901 -1.41814
-1.29653 -1.42362
-1.29758 -1.42185
-1.29655 -1.41909
-1.29778 -1.4217
-1.29632 -1.42331
-1.29623 -1.42126
-1.29912 -1.42054
-1.29892 -1.41943
-1.2992 -1.42204
-1.29817 -1.42191
-1.2981 -1.42063
-1.29542 -1.42069
-1.29968 -1.42005
-1.30162 -1.41994
-1.29556 -1.42137
-1.29901 -1.42053
-1.30141 -1.42151
-1.29577 -1.42342
-1.29777 -1.41987
-1.30079 -1.41906
-1.29601 -1.42064
-1.29997 -1.42231
-1.29588 -1.42223
-1.29929 -1.4206
-1.30023 -1.42259
-1.30133 -1.4204
-1.30084 -1.4193
-1.29911 -1.42433
-1.29942 -1.41926
-1.30019 -1.41766
-1.29706 -1.42182
-1.29937 -1.42023
-1.2973 -1.41938
-1.29919 -1.42133
-1.29906 -1.41902
-1.29824 -1.4207
-1.29852 -1.4192
-1.29933 -1.41935
-1.30044 -1.41757
-1.30005 -1.41944
-1.29603 -1.42268
-1.30291 -1.4169
-1.29609 -1.42123
-1.30207 -1.41473
-1.30032 -1.4181
-1.30015 -1.4189
-1.30074 -1.4182
-1.29865 -1.4198
-1.30073 -1.41897
-1.30095 -1.41532
-1.29871 -1.42169
-1.30035 -1.416
-1.30212 -1.41816
-1.3006 -1.42016
-1.29822 -1.42193
-1.29915 -1.41873
-1.30006 -1.42036
-1.29648 -1.42063
-1.30075 -1.41877
-1.30038 -1.42167
-1.29792 -1.42025
-1.29971 -1.41589
-1.30119 -1.42185
-1.30145 -1.41706
-1.29933 -1.42099
-1.3019 -1.41772
-1.30044 -1.41812
-1.29984 -1.42367
-1.30091 -1.41918
-1.29633 -1.42111
-1.30258 -1.41972
-1.29716 -1.42097
-1.3023 -1.41654
-1.29748 -1.42263
-1.30129 -1.41473
-1.30108 -1.41966
-1.29985 -1.41767
-1.30189 -1.41979
-1.2988 -1.41674
-1.30293 -1.42211
-1.29981 -1.41413
-1.30128 -1.41964
-1.30344 -1.4169
-1.29711 -1.4178
-1.3026 -1.41638
-1.3001 -1.41549
-1.30208 -1.41721
-1.29941 -1.41527
-1.30345 -1.41325
-1.29842 -1.4191
-1.30224 -1.41555
-1.29944 -1.41642
-1.30175 -1.41393
-1.30243 -1.41645
-1.29955 -1.41734
-1.30001 -1.41988
-1.299 -1.41506
-1.30078 -1.41811
-1.29782 -1.41818
-1.30069 -1.41753
-1.30085 -1.41371
-1.29808 -1.41809
-1.3007 -1.41468
-1.30029 -1.41713
-1.2974 -1.41911
-1.30189 -1.41568
-1.29981 -1.41716
-1.2997 -1.41439
-1.30151 -1.41608
-1.30215 -1.41652
-1.29871 -1.41754
-1.30465 -1.41756
-1.29858 -1.41906
-1.30146 -1.41716
-1.3015 -1.41622
-1.30084 -1.41673
-1.30055 -1.41797
-1.30185 -1.41514
-1.30277 -1.41344
-1.30119 -1.41851
-1.30033 -1.41884
-1.30016 -1.41671
-1.30085 -1.41693
-1.29876 -1.41902
-1.29801 -1.41784
-1.30074 -1.41583
-1.29837 -1.41845
-1.29965 -1.41564
-1.29915 -1.41815
-1.29831 -1.41768
-1.30038 -1.41257
-1.30225 -1.41209
-1.29969 -1.41843
-1.30196 -1.41521
-1.29959 -1.41441
-1.30163 -1.41288
-1.30137 -1.41393
-1.30152 -1.41582
-1.29839 -1.4132
-1.30146 -1.41445
-1.30064 -1.41447
-1.29937 -1.41705
-1.30155 -1.4157
-1.30299 -1.41091
-1.30327 -1.41431
-1.30167 -1.4143
-1.30092 -1.41512
-1.30271 -1.4132
-1.302 -1.41469
-1.30211 -1.41259
-1.30135 -1.41364
-1.30269 -1.4139
-1.30224 -1.41595
-1.29982 -1.41458
-1.30063 -1.41532
-1.30148 -1.4122
-1.30356 -1.41062
-1.299 -1.41287
-1.30173 -1.41519
-1.29975 -1.41236
-1.30317 -1.41119
-1.30047 -1.41369
-1.30139 -1.4131
-1.30152 -1.40886
-1.30147 -1.40956
-1.30087 -1.4135
-1.30231 -1.41059
-1.30175 -1.41271
-1.29999 -1.41207
-1.29818 -1.41506
-1.30183 -1.41049
-1.30078 -1.41529
-1.30256 -1.41427
-1.30006 -1.40685
-1.29867 -1.41662
-1.30096 -1.41191
-1.30102 -1.41083
-1.30195 -1.41071
-1.30578 -1.41199
-1.29913 -1.41312
-1.30282 -1.40839
-1.30251 -1.40883
-1.30159 -1.4106
-1.30431 -1.40928
-1.29807 -1.40998
-1.3044 -1.4104
-1.30097 -1.40807
-1.30112 -1.40712
-1.30233 -1.40937
-1.30009 -1.4098
-1.30195 -1.40962
-1.30163 -1.40971
-1.3018 -1.41064
-1.29856 -1.41125
-1.3025 -1.4086
-1.30094 -1.41006
-1.29798 -1.41086
-1.30329 -1.40869
-1.30148 -1.40868
-1.30292 -1.40942
-1.30213 -1.40583
-1.3039 -1.40581
-1.30229 -1.40886
-1.29919 -1.40538
-1.30481 -1.4093
-1.3027 -1.408
-1.30253 -1.40688
-1.30144 -1.41026
-1.30079 -1.40947
-1.30345 -1.40846
-1.30093 -1.40766
-1.29748 -1.41035
-1.30335 -1.40564
-1.30195 -1.40685
-1.30067 -1.41303
-1.30311 -1.407
-1.29857 -1.40601
-1.29884 -1.40974
-1.29923 -1.40653
-1.29942 -1.40781
-1.29948 -1.41039
-1.30157 -1.40534
-1.29966 -1.40692
-1.30199 -1.40774
-1.29974 -1.40941
-1.29881 -1.40698
-1.30098 -1.40734
-1.29927 -1.41053
-1.29926 -1.40736
-1.30078 -1.4078
-1.30281 -1.40755
-1.29812 -1.40343
-1.30025 -1.40854
-1.30017 -1.40625
-1.29998 -1.40685
-1.29981 -1.40735
-1.30019 -1.406
-1.29824 -1.40673
-1.30062 -1.40654
-1.29976 -1.40523
-1.29808 -1.40749
-1.30207 -1.40442
-1.29833 -1.40937
-1.29771 -1.40816
-1.30086 -1.40382
-1.29811 -1.40771
-1.29787 -1.40866
-1.29862 -1.40741
-1.30329 -1.40636
-1.29952 -1.40704
-1.29958 -1.40567
-1.29985 -1.40548
-1.29817 -1.40501
-1.30135 -1.40349
-1.30272 -1.40538
-1.30014 -1.40584
-1.29788 -1.40467
-1.30028 -1.40424
-1.30327 -1.40527
-1.29876 -1.40559
-1.30342 -1.40552
-1.29851 -1.40462
-1.30217 -1.40677
-1.30056 -1.40314
-1.29933 -1.40394
-1.30336 -1.4064
-1.30095 -1.40236
-1.30382 -1.4055
-1.30308 -1.40284
-1.3012 -1.40322
-1.30174 -1.40329
-1.30138 -1.40295
-1.30035 -1.40549
-1.30271 -1.40283
-1.30364 -1.40126
-1.30354 -1.40409
-1.30035 -1.4024
-1.30187 -1.40486
-1.30155 -1.40327
-1.30241 -1.40452
-1.30109 -1.40411
-1.30249 -1.40353
-1.30127 -1.40529
-1.30388 -1.3998
-1.30201 -1.40489
-1.30354 -1.40138
-1.30146 -1.40195
-1.30274 -1.40412
-1.30216 -1.403
-1.30461 -1.40144
-1.3029 -1.39892
-1.30324 -1.40368
-1.3037 -1.39931
-1.3014 -1.40053
-1.30358 -1.40067
-1.30212 -1.40437
-1.30143 -1.40532
-1.30304 -1.39905
-1.30001 -1.40495
-1.30365 -1.40143
-1.30013 -1.40434
-1.30429 -1.39983
-1.29884 -1.4038
-1.30341 -1.40254
-1.30052 -1.40214
-1.30693 -1.39785
-1.3012 -1.39975
-1.3034 -1.40293
-1.30365 -1.40157
-1.30149 -1.39972
-1.30194 -1.39719
-1.30253 -1.40061
-1.30411 -1.40086
-1.30107 -1.40026
-1.30383 -1.40018
-1.30259 -1.39848
-1.30536 -1.39779
-1.30118 -1.40157
-1.30252 -1.40063
-1.30163 -1.40069
-1.30036 -1.40184
-1.3062 -1.39726
-1.30245 -1.40197
-1.30118 -1.3993
-1.30431 -1.39989
-1.30271 -1.40123
-1.29989 -1.39973
-1.3005 -1.39965
-1.30508 -1.40197
-1.3022 -1.3966
-1.30161 -1.40287
-1.30294 -1.39752
-1.30163 -1.4017
-1.30262 -1.40083
-1.30054 -1.40179
-1.30415 -1.40021
-1.30001 -1.4013
-1.30143 -1.40089
-1.30385 -1.39964
-1.30067 -1.40208
-1.30004 -1.40207
-1.30315 -1.40126
-1.30275 -1.40157
-1.30217 -1.39721
-1.30048 -1.40003
-1.30117 -1.40047
-1.30049 -1.40063
-1.29858 -1.40202
-1.30386 -1.40047
-1.29958 -1.39811
-1.30347 -1.39864
-1.29903 -1.40108
-1.30361 -1.39925
-1.30164 -1.39861
-1.30171 -1.39872
-1.30133 -1.3967
-1.30151 -1.39916
-1.30217 -1.39696
-1.30192 -1.3994
-1.30132 -1.39809
-1.29863 -1.39974
-1.30235 -1.39516
-1.30147 -1.39711
-1.29945 -1.3972
-1.30232 -1.39569
-1.30199 -1.39848
-1.30129 -1.39877
-1.30087 -1.39688
-1.30134 -1.39811
-1.30424 -1.39385
-1.30005 -1.40172
-1.30343 -1.39373
-1.29883 -1.40008
-1.30181 -1.39652
-1.30128 -1.39696
-1.30197 -1.39529
-1.30018 -1.39806
-1.30351 -1.39437
-1.30032 -1.39842
-1.30205 -1.3985
-1.29985 -1.39865
-1.3016 -1.39406
-1.29918 -1.40109
-1.30334 -1.39969
-1.30027 -1.4001
-1.30013 -1.39952
-1.3021 -1.39639
-1.30242 -1.40087
-1.29778 -1.3999
-1.30018 -1.40191
-1.30085 -1.39919
-1.30011 -1.40019
-1.29987 -1.40161
-1.30036 -1.39914
-1.30225 -1.39924
-1.29944 -1.40158
-1.30191 -1.39883
-1.30223 -1.40032
-1.29828 -1.40237
-1.303 -1.39864
-1.30108 -1.40061
-1.29863 -1.39848
-1.30023 -1.39782
-1.29946 -1.40029
-1.29873 -1.39889
-1.30307 -1.39926
-1.30077 -1.39849
-1.30404 -1.39629
-1.30002 -1.39854
-1.30085 -1.39826
-1.29978 -1.39798
-1.30303 -1.39939
-1.29973 -1.39705
-1.30146 -1.39541
-1.30175 -1.39891
-1.30328 -1.39751
-1.30055 -1.39584
-1.29931 -1.39978
-1.30134 -1.39816
-1.3015 -1.39986
-1.30269 -1.39787
-1.30372 -1.39795
-1.29641 -1.39568
-1.30254 -1.39714
-1.30038 -1.40049
-1.30233 -1.39687
-1.3017 -1.39787
-1.29993 -1.39751
-1.30262 -1.39829
-1.29925 -1.39778
-1.30037 -1.39909
-1.29904 -1.39801
-1.2992 -1.39784
-1.30036 -1.39862
-1.3003 -1.39859
-1.29786 -1.4005
-1.29965 -1.39741
-1.29911 -1.39511
-1.3048 -1.39524
-1.29851 -1.3968
-1.29833 -1.39643
-1.29946 -1.39687
-1.30366 -1.39461
-1.29904 -1.3986
-1.30001 -1.39741
-1.30086 -1.39654
-1.29994 -1.39507
-1.30059 -1.39444
-1.29988 -1.39665
-1.30192 -1.39465
-1.30113 -1.39442
-1.29926 -1.39543
-1.29811 -1.39426
-1.29821 -1.39825
-1.30155 -1.39549
-1.30118 -1.39186
-1.30177 -1.39342
-1.30037 -1.39559
-1.29977 -1.39496
-1.29868 -1.39596
-1.29983 -1.39648
-1.30054 -1.39487
-1.29637 -1.39611
-1.30134 -1.39561
-1.29882 -1.39673
-1.30165 -1.39453
-1.29769 -1.39497
-1.30138 -1.39497
-1.29885 -1.39611
-1.30206 -1.39464
-1.29676 -1.39584
-1.30136 -1.39501
-1.30176 -1.39533
-1.29965 -1.39663
-1.30127 -1.3936
-1.30037 -1.3964
-1.30054 -1.39344
-1.30189 -1.39493
-1.30008 -1.39663
-1.30041 -1.39654
-1.30115 -1.39437
-1.30057 -1.39546
-1.29804 -1.39702
-1.3035 -1.39751
-1.30169 -1.39352
-1.30089 -1.39275
-1.30238 -1.39383
-1.29893 -1.397
-1.30351 -1.39298
-1.29981 -1.3949
-1.3013 -1.39717
-1.30245 -1.39191
-1.30086 -1.39726
-1.30316 -1.39027
-1.30043 -1.39227
-1.29772 -1.39494
-1.29885 -1.39509
-1.30202 -1.39316
-1.30058 -1.39339
-1.30036 -1.39755
-1.30228 -1.39106
-1.29883 -1.39475
-1.30016 -1.39807
-1.29953 -1.39154
-1.30159 -1.39331
-1.29707 -1.39241
-1.30274 -1.39267
-1.29856 -1.39421
-1.30094 -1.3889
-1.29802 -1.39494
-1.30094 -1.39324
-1.29962 -1.39104
-1.30204 -1.39408
-1.29626 -1.39402
-1.29904 -1.39169
-1.30013 -1.39398
-1.29983 -1.39342
-1.29916 -1.39059
-1.29759 -1.39585
-1.29921 -1.39433
-1.30103 -1.39098
-1.297 -1.39365
-1.29932 -1.39276
-1.29672 -1.39495
-1.30322 -1.39334
-1.29707 -1.39206
-1.29795 -1.3946
-1.29921 -1.3899
-1.29482 -1.39593
-1.29991 -1.39301
-1.29756 -1.39361
-1.29931 -1.39525
-1.30073 -1.39072
-1.30108 -1.39219
-1.29997 -1.39218
-1.30132 -1.3907
-1.29824 -1.39319
-1.30106 -1.39119
-1.29756 -1.3949
-1.29811 -1.39607
-1.29658 -1.39336
-1.30257 -1.39011
-1.29954 -1.39436
-1.29796 -1.39549
-1.29856 -1.39081
-1.30334 -1.38823
-1.29783 -1.3963
-1.30011 -1.39155
-1.29943 -1.39493
-1.30143 -1.39206
-1.29691 -1.39405
-1.29874 -1.3939
-1.29994 -1.39088
-1.30056 -1.39346
-1.29823 -1.3901
-1.30167 -1.39337
-1.29947 -1.39088
-1.29999 -1.38883
-1.30125 -1.39181
-1.29803 -1.3974
-1.3015 -1.39104
-1.30092 -1.38901
-1.29688 -1.39456
-1.30194 -1.38793
-1.29966 -1.3922
-1.29922 -1.39312
-1.30159 -1.39122
-1.29663 -1.38897
-1.30122 -1.39375
-1.29939 -1.39199
-1.29442 -1.39141
-1.29913 -1.39193
-1.29641 -1.39156
-1.29839 -1.394
-1.29947 -1.38983
-1.29519 -1.39126
-1.29821 -1.38886
-1.29485 -1.3891
-1.29845 -1.38888
-1.29654 -1.39149
-1.29768 -1.38927
-1.29883 -1.38922
-1.29561 -1.39201
-1.29599 -1.38981
-1.29757 -1.38895
-1.29617 -1.39096
-1.29637 -1.38826
-1.29639 -1.3877
-1.29685 -1.38551
-1.29767 -1.38786
-1.29601 -1.38716
-1.29607 -1.38704
-1.29694 -1.38636
-1.29547 -1.39044
-1.29539 -1.38926
-1.29598 -1.38673
-1.29816 -1.38534
-1.29456 -1.38997
-1.30071 -1.38647
-1.29629 -1.38788
-1.29684 -1.38799
-1.29638 -1.38436
-1.29568 -1.38816
-1.29842 -1.38824
-1.29616 -1.38981
-1.29529 -1.3872
-1.29509 -1.38646
-1.29639 -1.38921
-1.29416 -1.38977
-1.29572 -1.38717
-1.29586 -1.38766
-1.2953 -1.39
-1.29511 -1.38557
-1.29655 -1.38876
-1.2957 -1.38898
-1.29533 -1.38717
-1.2939 -1.38764
-1.29455 -1.38894
-1.29474 -1.3858
-1.2928 -1.38533
-1.29407 -1.38634
-1.29349 -1.38787
-1.29408 -1.39056
-1.29272 -1.38914
-1.29698 -1.38428
-1.29229 -1.38818
-1.29598 -1.38762
-1.29229 -1.38742
-1.29601 -1.38965
-1.29635 -1.38842
-1.29442 -1.38814
-1.29817 -1.38385
-1.29551 -1.38669
-1.29464 -1.38747
-1.29414 -1.38797
-1.29631 -1.38663
-1.29599 -1.38652
-1.29342 -1.38801
-1.29449 -1.38628
-1.29414 -1.38696
-1.29696 -1.38524
-1.29378 -1.38882
-1.29539 -1.38722
-1.29311 -1.38579
-1.29632 -1.38875
-1.29268 -1.38597
-1.29573 -1.38508
-1.29365 -1.385
-1.29552 -1.38577
-1.29441 -1.38818
-1.29701 -1.38834
-1.29305 -1.38517
-1.29626 -1.38695
-1.29498 -1.383
-1.29647 -1.38486
-1.29619 -1.38592
-1.29625 -1.38458
-1.29385 -1.38618
-1.29311 -1.38764
-1.29781 -1.38466
-1.29322 -1.38509
-1.29735 -1.38536
-1.29223 -1.38497
-1.29352 -1.3872
-1.29643 -1.38265
-1.29277 -1.38659
-1.29398 -1.38597
-1.2935 -1.38654
-1.29688 -1.38559
-1.29274 -1.38343
-1.29633 -1.38709
-1.29289 -1.3858
-1.29536 -1.38595
-1.29455 -1.38613
-1.29517 -1.38564
-1.29416 -1.38618
-1.29411 -1.38459
-1.29528 -1.38728
-1.29443 -1.38489
-1.29423 -1.38464
-1.29395 -1.38382
-1.29544 -1.38275
-1.29259 -1.3845
-1.2932 -1.38395
-1.29486 -1.38167
-1.28982 -1.38774
-1.2929 -1.38626
-1.29329 -1.38322
-1.29334 -1.38686
-1.2905 -1.38426
-1.2942 -1.38226
-1.29379 -1.38798
-1.29563 -1.38341
-1.29489 -1.38433
-1.29386 -1.38652
-1.29365 -1.38463
-1.29584 -1.38634
-1.29038 -1.38759
-1.29435 -1.38418
-1.29555 -1.38471
-1.29248 -1.38392
-1.2947 -1.38404
-1.29186 -1.38716
-1.29373 -1.38493
-1.29148 -1.38778
-1.29319 -1.38625
-1.29305 -1.38599
-1.29004 -1.38779
-1.2933 -1.38806
-1.29151 -1.38546
-1.2951 -1.38516
-1.29175 -1.38693
-1.29189 -1.38289
-1.29127 -1.38683
-1.29229 -1.38626
-1.2919 -1.38621
-1.28891 -1.38573
-1.28951 -1.38778
-1.29216 -1.38408
-1.29399 -1.38532
-1.29269 -1.38297
-1.29163 -1.38537
-1.29381 -1.38386
-1.29349 -1.38127
-1.289 -1.3864
-1.29317 -1.38449
-1.2942 -1.38147
-1.29344 -1.38336
-1.29327 -1.38264
-1.29105 -1.38629
-1.29164 -1.38576
-1.29195 -1.38577
-1.29212 -1.38092
-1.29329 -1.3834
-1.29299 -1.38398
-1.29183 -1.38285
-1.29364 -1.38469
-1.29087 -1.38411
-1.29251 -1.38303
-1.2919 -1.38392
-1.29074 -1.38629
-1.29216 -1.3799
-1.29476 -1.38498
-1.28695 -1.38737
-1.29147 -1.38507
-1.2907 -1.38418
-1.28973 -1.38383
-1.29569 -1.38361
-1.28994 -1.38179
-1.29086 -1.38544
-1.29083 -1.38389
-1.2912 -1.3872
-1.29141 -1.3809
-1.29434 -1.38415
-1.28868 -1.38453
-1.29147 -1.38394
-1.29337 -1.3793
-1.29552 -1.38308
-1.28764 -1.38397
-1.29322 -1.38306
-1.29028 -1.38353
-1.29294 -1.37905
-1.29232 -1.38416
-1.29121 -1.38139
-1.29516 -1.37738
-1.29239 -1.3821
-1.29305 -1.38035
-1.29286 -1.38138
-1.29311 -1.37913
-1.29138 -1.38093
-1.2915 -1.38336
-1.29282 -1.38116
-1.29286 -1.37635
-1.2934 -1.38176
-1.29051 -1.38158
-1.29512 -1.37841
-1.28934 -1.38266
-1.29325 -1.37943
-1.29518 -1.38181
-1.29214 -1.38091
-1.29127 -1.3818
-1.29178 -1.38241
-1.29343 -1.38111
-1.2942 -1.38241
-1.2919 -1.37876
-1.29295 -1.3804
-1.29324 -1.37964
-1.29162 -1.38171
-1.29337 -1.3807
-1.29244 -1.38213
-1.29262 -1.38095
-1.29361 -1.38031
-1.29258 -1.38125
-1.29121 -1.38049
-1.29233 -1.38095
-1.29312 -1.38338
-1.28854 -1.38387
-1.29111 -1.37998
-1.29037 -1.38303
-1.28988 -1.38166
-1.29094 -1.38313
-1.29402 -1.37935
-1.29069 -1.38455
-1.29193 -1.37855
-1.29105 -1.37767
-1.29276 -1.37886
-1.29693 -1.38094
-1.29286 -1.37618
-1.29197 -1.3805
-1.29367 -1.3785
-1.29244 -1.38049
-1.29285 -1.37936
-1.29218 -1.37985
-1.29306 -1.37482
-1.29043 -1.37923
-1.28945 -1.38113
-1.29469 -1.37761
-1.28884 -1.38149
-1.2898 -1.37965
-1.29146 -1.37728
-1.29209 -1.37771
-1.29096 -1.38007
-1.2914 -1.37945
-1.29372 -1.3783
-1.28959 -1.38044
-1.291 -1.37967
-1.29264 -1.3772
-1.29066 -1.38037
-1.29308 -1.3804
-1.28968 -1.37827
-1.29278 -1.37778
-1.29183 -1.37544
-1.28863 -1.37758
-1.29355 -1.37938
-1.29154 -1.37544
-1.29255 -1.37545
-1.2906 -1.3781
-1.2908 -1.37597
-1.2945 -1.37581
-1.29169 -1.37601
-1.29179 -1.37541
-1.29232 -1.37417
-1.29287 -1.37533
-1.29217 -1.37713
-1.29279 -1.37342
-1.29469 -1.3766
-1.29412 -1.3751
-1.29204 -1.37425
-1.29355 -1.375
-1.29121 -1.3749
-1.29184 -1.37796
-1.29407 -1.37397
-1.28773 -1.38001
-1.29422 -1.37258
-1.29084 -1.37653
-1.29105 -1.3762
-1.29048 -1.37714
-1.29015 -1.37527
-1.29097 -1.37847
-1.28975 -1.37673
-1.29362 -1.3762
-1.28803 -1.37709
-1.2937 -1.37557
-1.29126 -1.37803
-1.29147 -1.37718
-1.29196 -1.37587
-1.29257 -1.37551
-1.2914 -1.3758
-1.29301 -1.37632
-1.29154 -1.37557
-1.29196 -1.37504
-1.28951 -1.37509
-1.28971 -1.37918
-1.29152 -1.37645
-1.28932 -1.37856
-1.29528 -1.37362
-1.28932 -1.37637
-1.28985 -1.38054
-1.29359 -1.37356
-1.29022 -1.37779
-1.29323 -1.37671
-1.28894 -1.37722
-1.29294 -1.37566
-1.29314 -1.37553
-1.29344 -1.37348
-1.29236 -1.37549
-1.29444 -1.3737
-1.29083 -1.37611
-1.28881 -1.37578
-1.29231 -1.37387
-1.28803 -1.37564
-1.29234 -1.37535
-1.28916 -1.37294
-1.28691 -1.37643
-1.29075 -1.37298
-1.28728 -1.37667
-1.29058 -1.37556
-1.28968 -1.37197
-1.2892 -1.37521
-1.28817 -1.37269
-1.28781 -1.37768
-1.29058 -1.37223
-1.28755 -1.37522
-1.28601 -1.37394
-1.28977 -1.37786
-1.28952 -1.37209
-1.28926 -1.37333
-1.29185 -1.37292
-1.28742 -1.37473
-1.29188 -1.37048
-1.29221 -1.37088
-1.28658 -1.37406
-1.29164 -1.37149
-1.28974 -1.37233
-1.28958 -1.36971
-1.28906 -1.37249
-1.28916 -1.37384
-1.28899 -1.37194
-1.29007 -1.3727
-1.2873 -1.37345
-1.28946 -1.37333
-1.29036 -1.37307
-1.28838 -1.37182
-1.29029 -1.37237
-1.29031 -1.36999
-1.29017 -1.37216
-1.29056 -1.37154
-1.28963 -1.36978
-1.29022 -1.37214
-1.28723 -1.37291
-1.29275 -1.37135
-1.28885 -1.37131
-1.29013 -1.36894
-1.29038 -1.36924
-1.29056 -1.37227
-1.28787 -1.37035
-1.28768 -1.37178
-1.29067 -1.37161
-1.28705 -1.37426
-1.29156 -1.3702
-1.28736 -1.37419
-1.28797 -1.37151
-1.28893 -1.37164
-1.29108 -1.36915
-1.28744 -1.37063
-1.28808 -1.37152
-1.28771 -1.37027
-1.28874 -1.37312
-1.29069 -1.36871
-1.28785 -1.37029
-1.28872 -1.37039
-1.28979 -1.37185
-1.2872 -1.37197
-1.28924 -1.37141
-1.28627 -1.37137
-1.28878 -1.37265
-1.28713 -1.37083
-1.28517 -1.37078
-1.28773 -1.3708
-1.28854 -1.37264
-1.28793 -1.3701
-1.28712 -1.37181
-1.2851 -1.37218
-1.28698 -1.37253
-1.28656 -1.37226
-1.28791 -1.36996
-1.28596 -1.37303
-1.28649 -1.37039
-1.2873 -1.37066
-1.28455 -1.37064
-1.28619 -1.36873
-1.28638 -1.37129
-1.28617 -1.37184
-1.28608 -1.3666
-1.28713 -1.36762
-1.28476 -1.37108
-1.28804 -1.36917
-1.28709 -1.3677
-1.28704 -1.36738
-1.28403 -1.36983
-1.28726 -1.3712
-1.28732 -1.36873
-1.28477 -1.36696
-1.28737 -1.36575
-1.28184 -1.37038
-1.28509 -1.36868
-1.28725 -1.3637
-1.28442 -1.37022
-1.28423 -1.36899
-1.28646 -1.36895
-1.28701 -1.36599
-1.28575 -1.36978
-1.28357 -1.36944
-1.28618 -1.36362
-1.28572 -1.36527
-1.28344 -1.36968
-1.28719 -1.36582
-1.28576 -1.36662
-1.28409 -1.36828
-1.28538 -1.36899
-1.28762 -1.364
-1.28698 -1.36726
-1.28455 -1.36874
-1.28679 -1.3658
-1.28684 -1.36668
-1.28746 -1.36698
-1.28454 -1.36759
-1.28737 -1.3673
-1.28569 -1.3658
-1.28534 -1.36761
-1.28704 -1.36555
-1.28723 -1.3648
-1.28592 -1.36498
-1.28422 -1.36841
-1.28324 -1.36739
-1.28657 -1.36331
-1.28579 -1.36597
-1.28281 -1.36602
-1.28633 -1.36672
-1.28545 -1.36373
-1.28332 -1.36487
-1.28883 -1.36351
-1.28478 -1.36548
-1.28515 -1.36597
-1.28465 -1.36488
-1.29003 -1.36139
-1.2848 -1.36387
-1.28748 -1.3626
-1.28585 -1.36525
-1.28671 -1.36286
-1.287 -1.36092
-1.28557 -1.36368
-1.28839 -1.36014
-1.28535 -1.362
-1.28636 -1.3645
-1.28669 -1.36527
-1.28713 -1.36553
-1.28493 -1.36125
-1.28748 -1.3662
-1.28664 -1.36177
-1.28894 -1.36478
-1.28512 -1.36426
-1.2858 -1.36334
-1.28856 -1.36302
-1.28601 -1.36276
-1.28631 -1.36685
-1.28699 -1.36525
-1.28485 -1.36121
-1.28759 -1.36665
-1.28456 -1.36525
-1.28686 -1.36069
-1.28716 -1.36426
-1.28167 -1.3677
-1.28383 -1.36453
-1.28604 -1.36286
-1.28301 -1.36606
-1.28526 -1.36244
-1.2848 -1.36513
-1.28267 -1.36289
-1.28454 -1.36414
-1.28455 -1.36563
-1.28444 -1.36445
-1.28528 -1.36422
-1.28157 -1.36345
-1.28289 -1.36501
-1.2829 -1.36592
-1.28439 -1.3639
-1.28236 -1.36402
-1.28122 -1.36473
-1.28112 -1.36458
-1.28198 -1.36395
-1.2874 -1.36384
-1.28349 -1.36643
-1.28266 -1.36335
-1.28218 -1.36221
-1.28207 -1.36864
-1.28367 -1.36045
-1.27975 -1.36771
-1.28506 -1.36332
-1.28377 -1.36913
-1.28235 -1.3612
-1.28283 -1.36297
-1.28266 -1.36549
-1.28161 -1.36654
-1.2836 -1.36607
-1.28351 -1.35891
-1.2818 -1.36311
-1.28403 -1.36534
-1.2813 -1.36344
-1.28048 -1.36406
-1.28326 -1.36348
-1.28012 -1.36451
-1.28269 -1.36102
-1.28355 -1.36152
-1.27942 -1.36454
-1.2833 -1.36088
-1.28354 -1.35895
-1.28037 -1.36452
-1.28295 -1.35966
-1.28294 -1.36403
-1.28188 -1.36169
-1.2849 -1.36249
-1.28107 -1.36019
-1.28148 -1.36525
-1.28487 -1.36119
-1.27937 -1.36408
-1.28291 -1.36207
-1.28007 -1.36246
-1.28158 -1.36551
-1.2818 -1.35986
-1.28044 -1.36233
-1.28099 -1.36265
-1.28031 -1.36382
-1.28199 -1.35987
-1.28126 -1.36111
-1.28127 -1.36072
-1.27669 -1.36324
-1.28398 -1.358
-1.28137 -1.35999
-1.28133 -1.36081
-1.28074 -1.36052
-1.28369 -1.35732
-1.28081 -1.35906
-1.28312 -1.36015
-1.28131 -1.36037
-1.28056 -1.35779
-1.28296 -1.36116
-1.28234 -1.36041
-1.28072 -1.35857
-1.28332 -1.35772
-1.28113 -1.36244
-1.28238 -1.35863
-1.28261 -1.35914
-1.28064 -1.35948
-1.28266 -1.35972
-1.28118 -1.35879
-1.28348 -1.36002
-1.28337 -1.35915
-1.2828 -1.35952
-1.28267 -1.35823
-1.28287 -1.35977
-1.28258 -1.35692
-1.28198 -1.35927
-1.28491 -1.3577
-1.28197 -1.35507
-1.28002 -1.35644
-1.28364 -1.3583
-1.28245 -1.35779
-1.28104 -1.35815
-1.28287 -1.35624
-1.28224 -1.35793
-1.28118 -1.36061
-1.2824 -1.35769
-1.28175 -1.36001
-1.28231 -1.35564
-1.28336 -1.35947
-1.2806 -1.35864
-1.28185 -1.35751
-1.28205 -1.35672
-1.28119 -1.35587
-1.2817 -1.35526
-1.28193 -1.35552
-1.28099 -1.35886
-1.28297 -1.35433
-1.28382 -1.3562
-1.28065 -1.35957
-1.28208 -1.35477
-1.28088 -1.35682
-1.2811 -1.3592
-1.2789 -1.35658
-1.2851 -1.35884
-1.27934 -1.35781
-1.27837 -1.35724
-1.28259 -1.35796
-1.27918 -1.36139
-1.2791 -1.35696
-1.28203 -1.358
-1.28239 -1.3552
-1.28227 -1.3581
-1.27964 -1.35845
-1.28253 -1.35417
-1.28016 -1.35861
-1.28109 -1.35642
-1.28135 -1.35685
-1.28112 -1.35619
-1.28109 -1.35636
-1.2814 -1.35721
-1.28219 -1.35715
-1.28024 -1.35443
-1.28096 -1.35774
-1.28229 -1.35674
-1.27991 -1.35776
-1.2812 -1.35709
-1.28111 -1.35527
-1.27901 -1.35844
-1.28209 -1.35577
-1.27727 -1.35876
-1.28138 -1.35726
-1.28077 -1.35633
-1.28258 -1.35555
-1.28333 -1.35318
-1.27955 -1.35709
-1.28147 -1.35278
-1.28122 -1.3538
-1.28278 -1.35335
-1.28251 -1.35352
-1.28214 -1.35328
-1.2832 -1.35506
-1.2839 -1.35227
-1.28191 -1.35335
-1.28335 -1.35669
-1.2829 -1.35337
-1.28294 -1.35094
-1.27985 -1.35797
-1.28235 -1.35487
-1.28123 -1.35408
-1.27952 -1.35424
-1.28115 -1.35704
-1.28032 -1.3531
-1.27825 -1.35548
-1.28114 -1.3563
-1.27979 -1.35359
-1.27894 -1.3542
-1.27867 -1.35675
-1.27924 -1.3529
-1.27875 -1.35693
-1.2786 -1.35684
-1.2763 -1.35647
-1.27907 -1.35379
-1.27886 -1.35523
-1.27807 -1.35427
-1.27924 -1.35415
-1.28039 -1.35364
-1.27923 -1.35485
-1.27866 -1.35412
-1.27969 -1.3549
-1.27801 -1.35302
-1.27859 -1.35422
-1.28022 -1.35174
-1.27937 -1.35481
-1.27878 -1.35273
-1.27993 -1.35633
-1.27982 -1.35026
-1.27803 -1.35355
-1.28095 -1.3537
-1.27619 -1.35417
-1.27987 -1.35213
-1.27645 -1.35534
-1.27903 -1.35407
-1.27707 -1.35049
-1.27628 -1.35742
-1.27752 -1.35172
-1.28079 -1.35308
-1.27691 -1.35596
-1.27788 -1.35113
-1.27873 -1.35427
-1.27743 -1.35261
-1.27996 -1.35327
-1.27794 -1.35128
-1.28031 -1.35288
-1.27755 -1.35449
-1.28015 -1.35227
-1.27919 -1.35284
-1.28021 -1.35144
-1.27775 -1.35215
-1.27939 -1.35482
-1.27828 -1.35088
-1.27969 -1.34944
-1.28128 -1.35159
-1.27947 -1.35067
-1.27819 -1.35157
-1.27968 -1.35132
-1.27968 -1.35078
-1.28086 -1.3524
-1.27798 -1.34802
-1.27904 -1.35163
-1.27634 -1.35389
-1.27843 -1.35019
-1.28084 -1.35168
-1.27402 -1.35221
-1.27844 -1.35122
-1.27695 -1.3556
-1.27834 -1.35069
-1.27692 -1.35325
-1.27551 -1.34981
-1.27764 -1.35419
-1.27473 -1.35479
-1.27864 -1.35336
-1.27624 -1.35361
-1.27878 -1.35037
-1.27614 -1.3539
-1.2774 -1.35231
-1.27728 -1.35361
-1.27716 -1.3546
-1.28088 -1.35092
-1.27715 -1.35075
-1.2774 -1.35507
-1.27769 -1.35299
-1.27806 -1.35172
-1.27456 -1.3537
-1.28082 -1.35126
-1.27951 -1.3502
-1.2779 -1.35064
-1.2789 -1.35181
-1.27987 -1.35113
-1.27874 -1.34772
-1.27655 -1.35284
-1.27998 -1.34955
-1.27707 -1.34884
-1.2767 -1.35095
-1.28019 -1.34847
-1.27669 -1.35282
-1.27854 -1.34876
-1.27729 -1.35101
-1.27913 -1.35289
-1.27809 -1.34789
-1.27903 -1.34827
-1.27877 -1.35267
-1.27574 -1.35085
-1.28029 -1.3481
-1.27771 -1.34953
-1.27901 -1.35292
-1.27584 -1.35209
-1.27823 -1.34906
-1.27831 -1.35069
-1.2765 -1.35136
-1.27574 -1.3519
-1.27779 -1.35412
-1.27434 -1.35054
-1.2755 -1.35093
-1.27464 -1.35373
-1.27744 -1.34969
-1.27623 -1.35373
-1.27481 -1.35217
-1.27571 -1.35136
-1.27541 -1.35202
-1.27559 -1.35318
-1.27424 -1.35179
-1.2745 -1.35185
-1.2767 -1.35284
-1.27343 -1.35223
-1.27213 -1.35659
-1.27586 -1.35155
-1.27662 -1.3502
-1.27044 -1.35554
-1.27675 -1.3491
-1.27342 -1.35187
-1.27237 -1.35274
-1.27378 -1.34984
-1.27436 -1.35371
-1.27098 -1.35224
-1.27615 -1.34884
-1.27409 -1.34976
-1.27493 -1.35008
-1.27413 -1.3519
-1.27261 -1.35178
-1.27241 -1.3516
-1.27152 -1.35398
-1.27179 -1.35145
-1.27075 -1.35137
-1.27175 -1.35338
-1.2696 -1.35087
-1.27463 -1.35105
-1.27074 -1.35155
-1.27188 -1.352
-1.27195 -1.3524
-1.27436 -1.35074
-1.27108 -1.35028
-1.27355 -1.35216
-1.27223 -1.34977
-1.2726 -1.35167
-1.26996 -1.3528
-1.2717 -1.35117
-1.27047 -1.34943
-1.27189 -1.35444
-1.2704 -1.3507
-1.27187 -1.35204
-1.27341 -1.35188
-1.26967 -1.35118
-1.27085 -1.35159
-1.2702 -1.35225
-1.26987 -1.35323
-1.27052 -1.35085
-1.26834 -1.35158
-1.27188 -1.35093
-1.27158 -1.34897
-1.27135 -1.35037
-1.27343 -1.34618
-1.27038 -1.35403
-1.27165 -1.34917
-1.27257 -1.3499
-1.27229 -1.34868
-1.27202 -1.35115
-1.27246 -1.34781
-1.2736 -1.34998
-1.27248 -1.34838
-1.27116 -1.3492
-1.27116 -1.34754
-1.26872 -1.34931
-1.27547 -1.34514
-1.27215 -1.35013
-1.26991 -1.34837
-1.27194 -1.34918
-1.27108 -1.35027
-1.27408 -1.3464
-1.27055 -1.3507
-1.27404 -1.34738
-1.26968 -1.35065
-1.27112 -1.34515
-1.27429 -1.34754
-1.27216 -1.34423
-1.27095 -1.34709
-1.27258 -1.3471
-1.27037 -1.34685
-1.27231 -1.34617
-1.27028 -1.34868
-1.27215 -1.34567
-1.27298 -1.34779
-1.27292 -1.34569
-1.26862 -1.34751
