0 0
-0.171467 -0.161524
-0.331257 -0.313201
-0.478684 -0.454479
-0.614722 -0.584803
-0.738621 -0.705204
-0.847626 -0.813909
-0.945859 -0.912085
-1.0311 -0.998185
-1.09871 -1.07662
-1.15777 -1.13862
-1.19948 -1.19593
-1.23489 -1.23613
-1.2544 -1.28282
-1.27342 -1.30917
-1.27589 -1.33724
-1.284 -1.35781
-1.28596 -1.37937
-1.28376 -1.39597
-1.28851 -1.40219
-1.27962 -1.42116
-1.28255 -1.43085
-1.27325 -1.44068
-1.2741 -1.44236
-1.26918 -1.45719
-1.2657 -1.45827
-1.26191 -1.4655
-1.25951 -1.46525
-1.24692 -1.46
-1.25728 -1.46677
-1.25437 -1.46913
-1.25657 -1.45807
-1.26028 -1.45759
-1.26361 -1.45539
-1.26962 -1.44994
-1.26964 -1.45016
-1.26916 -1.44834
-1.27046 -1.4439
-1.27126 -1.44666
-1.27481 -1.44444
-1.27759 -1.44069
-1.27786 -1.43937
-1.27936 -1.43511
-1.27918 -1.43391
-1.28221 -1.42907
-1.28137 -1.43508
-1.28519 -1.42972
-1.2892 -1.4212
-1.28933 -1.4243
-1.29136 -1.42108
-1.29517 -1.42136
-1.29296 -1.4171
-1.2926 -1.41743
-1.29407 -1.41716
-1.29537 -1.41395
-1.29309 -1.41521
-1.29736 -1.4114
-1.29718 -1.4103
-1.29988 -1.40994
-1.30271 -1.40582
-1.3006 -1.40624
-1.30109 -1.40667
-1.30245 -1.40496
-1.30102 -1.40457
-1.29996 -1.40593
-1.30408 -1.40536
-1.3049 -1.40314
-1.30154 -1.40448
-1.30546 -1.40262
-1.3008 -1.4035
-1.30536 -1.3993
-1.30193 -1.40102
-1.30566 -1.3982
-1.30317 -1.40075
-1.30424 -1.39599
-1.30721 -1.39429
-1.30537 -1.39353
-1.30413 -1.39428
-1.30553 -1.39652
-1.30453 -1.396
-1.30502 -1.39145
-1.3046 -1.39674
-1.30424 -1.3939
-1.30202 -1.39587
-1.30169 -1.39542
-1.3053 -1.39623
-1.30412 -1.39431
-1.30201 -1.39414
-1.30023 -1.39969
-1.30451 -1.39342
-1.30153 -1.39657
-1.30411 -1.39435
-1.30171 -1.39647
-1.30068 -1.39813
-1.30066 -1.39197
-1.30301 -1.39031
-1.30313 -1.386
-1.30133 -1.39118
-1.30486 -1.38858
-1.30247 -1.39302
-1.3048 -1.3887
-1.30343 -1.39081
-1.3015 -1.39189
-1.30345 -1.38924
-1.30195 -1.38817
-1.30433 -1.38841
-1.3041 -1.38457
-1.30027 -1.39105
-1.30304 -1.3863
-1.30471 -1.38293
-1.29888 -1.38944
-1.30415 -1.38684
-1.30131 -1.38292
-1.30371 -1.38479
-1.29983 -1.38362
-1.30097 -1.38548
-1.30267 -1.38299
-1.29987 -1.38576
-1.3019 -1.3818
-1.30241 -1.37904
-1.30011 -1.38515
-1.30241 -1.38141
-1.30663 -1.37543
-1.30294 -1.37923
-1.29966 -1.38093
-1.30119 -1.38031
-1.30238 -1.37827
-1.3011 -1.37971
-1.30047 -1.37572
-1.2998 -1.379
-1.29843 -1.37598
-1.29949 -1.37989
-1.30007 -1.37432
-1.30046 -1.37159
-1.29681 -1.37622
-1.30055 -1.37524
-1.30125 -1.3723
-1.30054 -1.37217
-1.29937 -1.37193
-1.29842 -1.37145
-1.29944 -1.37053
-1.29884 -1.37446
-1.2993 -1.37329
-1.29924 -1.37081
-1.30066 -1.36563
-1.29738 -1.37026
-1.30097 -1.36909
-1.29954 -1.36777
-1.29814 -1.36757
-1.29927 -1.36996
-1.2974 -1.37034
-1.29965 -1.36748
-1.29717 -1.3661
-1.29854 -1.36476
-1.29566 -1.36541
-1.29704 -1.36482
-1.29667 -1.36127
-1.29474 -1.36408
-1.29392 -1.36664
-1.29601 -1.36143
-1.29709 -1.36737
-1.29499 -1.36501
-1.29427 -1.3676
-1.29618 -1.3629
-1.29413 -1.36389
-1.29193 -1.36482
-1.29479 -1.3616
-1.29381 -1.36719
-1.29376 -1.35942
-1.29535 -1.36033
-1.29538 -1.36097
-1.29331 -1.36123
-1.2939 -1.3578
-1.29335 -1.36123
-1.29113 -1.36152
-1.28894 -1.36262
-1.29024 -1.36148
-1.2904 -1.36189
-1.28925 -1.36028
-1.29104 -1.35631
-1.29125 -1.35681
-1.2907 -1.35656
-1.29447 -1.35318
-1.28843 -1.35598
-1.28661 -1.35918
-1.28724 -1.35506
-1.28599 -1.35427
-1.28647 -1.35392
-1.28489 -1.35673
-1.28653 -1.35138
-1.28242 -1.35275
-1.28483 -1.35123
-1.28228 -1.35197
-1.28146 -1.3533
-1.28044 -1.35054
-1.28245 -1.34658
-1.28361 -1.34731
-1.28393 -1.34793
-1.28179 -1.34606
-1.27761 -1.34725
-1.27852 -1.3486
-1.2766 -1.35172
-1.27595 -1.35022
-1.27673 -1.34979
-1.27542 -1.34909
-1.2767 -1.34828
-1.2761 -1.34742
-1.2718 -1.34845
-1.27626 -1.34969
-1.27442 -1.34476
-1.27479 -1.34961
-1.27727 -1.34325
-1.27417 -1.34667
-1.2777 -1.34546
-1.2772 -1.34155
-1.27871 -1.34397
-1.27592 -1.34085
-1.27646 -1.33927
-1.27375 -1.34091
-1.2736 -1.34251
-1.27553 -1.34175
-1.26983 -1.34249
-1.26909 -1.34527
-1.27133 -1.34199
-1.27117 -1.34224
-1.27226 -1.33811
-1.27022 -1.3416
-1.27178 -1.34244
-1.27012 -1.34018
-1.27037 -1.33765
-1.2722 -1.33579
-1.27098 -1.33486
-1.26936 -1.33755
-1.27151 -1.33036
-1.27012 -1.33386
-1.27133 -1.33694
-1.27029 -1.33221
-1.26734 -1.34018
-1.26847 -1.33415
-1.26649 -1.33384
-1.26843 -1.33112
-1.26547 -1.33372
-1.26735 -1.33041
-1.26224 -1.33437
-1.26522 -1.33122
-1.26382 -1.33218
-1.25965 -1.33214
-1.26268 -1.32791
-1.25842 -1.33026
-1.263 -1.32768
-1.25946 -1.32963
-1.26123 -1.32844
-1.26009 -1.3303
-1.25848 -1.32973
-1.25458 -1.32803
-1.2579 -1.32536
-1.25634 -1.32293
-1.25852 -1.31933
-1.25729 -1.31876
-1.25471 -1.32246
-1.25682 -1.32072
-1.25631 -1.32005
-1.25852 -1.32104
-1.25593 -1.32193
-1.2571 -1.31796
-1.25231 -1.32384
-1.25413 -1.32142
-1.2531 -1.32257
-1.25508 -1.32045
-1.25016 -1.32332
-1.25455 -1.31676
-1.25631 -1.31824
-1.25065 -1.31959
-1.25313 -1.31955
-1.25198 -1.31555
-1.25118 -1.31799
-1.25063 -1.31639
-1.23099 -1.30151
-1.23658 -1.28255
-1.2246 -1.27386
-1.22868 -1.27445
-1.22578 -1.27643
-1.22652 -1.27363
-1.22292 -1.27287
-1.22164 -1.27631
-1.22179 -1.27428
-1.22017 -1.27317
-1.21821 -1.27111
-1.22144 -1.26858
-1.21674 -1.27174
-1.21833 -1.26389
-1.21594 -1.27153
-1.21499 -1.2679
-1.21684 -1.26441
-1.21335 -1.27112
-1.21567 -1.2664
-1.21365 -1.26796
-1.21246 -1.27113
-1.21242 -1.26894
-1.21546 -1.26623
-1.21257 -1.26832
-1.21479 -1.26773
-1.21529 -1.26687
-1.21568 -1.26509
-1.21382 -1.26331
-1.21164 -1.26707
-1.214 -1.26368
-1.21128 -1.26557
-1.21147 -1.26308
-1.21584 -1.26186
-1.21295 -1.26404
-1.2122 -1.26778
-1.21325 -1.26259
-1.21153 -1.26734
-1.21376 -1.26665
-1.21398 -1.2631
-1.21296 -1.26367
-1.21567 -1.25927
-1.21174 -1.26635
-1.21537 -1.25977
-1.21473 -1.26094
-1.20975 -1.25923
-1.21528 -1.25875
-1.21181 -1.26275
-1.2125 -1.25982
-1.20961 -1.25764
-1.21045 -1.26098
-1.20849 -1.2574
-1.21003 -1.25867
-1.20801 -1.25513
-1.20825 -1.25985
-1.20849 -1.25381
-1.20718 -1.26008
-1.20944 -1.25738
-1.20715 -1.25277
-1.20655 -1.25705
-1.20706 -1.25327
-1.20815 -1.25141
-1.20707 -1.25545
-1.20619 -1.25765
-1.20836 -1.25136
-1.20512 -1.25677
-1.20617 -1.24963
-1.20664 -1.25391
-1.20686 -1.25305
-1.20587 -1.25129
-1.20432 -1.25424
-1.20453 -1.24858
-1.20427 -1.25177
-1.20203 -1.25308
-1.20546 -1.25185
-1.20458 -1.24772
-1.20225 -1.25263
-1.20397 -1.24945
-1.20427 -1.24795
-1.20058 -1.24904
-1.20148 -1.24861
-1.20222 -1.2452
-1.20327 -1.24561
-1.20217 -1.24707
-1.19902 -1.24115
-1.20364 -1.24286
-1.20261 -1.24249
-1.20157 -1.24341
-1.19695 -1.24769
-1.20103 -1.24242
-1.19956 -1.24287
-1.20039 -1.24677
-1.19924 -1.24363
-1.19719 -1.24571
-1.19668 -1.24512
-1.19609 -1.24591
-1.19761 -1.24212
-1.19777 -1.24159
-1.1957 -1.24558
-1.19553 -1.24334
-1.19759 -1.24342
-1.19763 -1.23977
-1.1965 -1.24194
-1.196 -1.2412
-1.1959 -1.24249
-1.19367 -1.24184
-1.19473 -1.23931
-1.1918 -1.24259
-1.19524 -1.23715
-1.19063 -1.2425
-1.19214 -1.24146
-1.19192 -1.24353
-1.19555 -1.24042
-1.18829 -1.2453
-1.19339 -1.24039
-1.19135 -1.2397
-1.1932 -1.23922
-1.19027 -1.2359
-1.18959 -1.23735
-1.19341 -1.23856
-1.18645 -1.23962
-1.18967 -1.23786
-1.1913 -1.23813
-1.18999 -1.23771
-1.18924 -1.2391
-1.18889 -1.23524
-1.18924 -1.23846
-1.18842 -1.23726
-1.18934 -1.23747
-1.19056 -1.2339
-1.18918 -1.24077
-1.187 -1.23664
-1.18646 -1.24058
-1.18999 -1.23619
-1.18666 -1.239
-1.18819 -1.23352
-1.18838 -1.23392
-1.18512 -1.23586
-1.18925 -1.23584
-1.18979 -1.23343
-1.18568 -1.2357
-1.18769 -1.23651
-1.18896 -1.2307
-1.18707 -1.22979
-1.18743 -1.23297
-1.1855 -1.23411
-1.18714 -1.23002
-1.18493 -1.23148
-1.18718 -1.22985
-1.18642 -1.23295
-1.18528 -1.2334
-1.18684 -1.22978
-1.18789 -1.23254
-1.18783 -1.22905
-1.18745 -1.23201
-1.18452 -1.22899
-1.18695 -1.22914
-1.18699 -1.23023
-1.18702 -1.23096
-1.18884 -1.22855
-1.18621 -1.22762
-1.1879 -1.22754
-1.18963 -1.22267
-1.18376 -1.22986
-1.18706 -1.22637
-1.18681 -1.22415
-1.18604 -1.22854
-1.18602 -1.22647
-1.18905 -1.22598
-1.18589 -1.22637
-1.18901 -1.22134
-1.18527 -1.22496
-1.18227 -1.22659
-1.18497 -1.22149
-1.18072 -1.22365
-1.18109 -1.22494
-1.1834 -1.22402
-1.1829 -1.22135
-1.18352 -1.22444
-1.18279 -1.22375
-1.18226 -1.22319
-1.18317 -1.22361
-1.18163 -1.22306
-1.17874 -1.22141
-1.17721 -1.22232
-1.1788 -1.22165
-1.17879 -1.21895
-1.17446 -1.2255
-1.1808 -1.21864
-1.18096 -1.22046
-1.1779 -1.21885
-1.17869 -1.21775
-1.17625 -1.21955
-1.17602 -1.22046
-1.17803 -1.21833
-1.17722 -1.22242
-1.17613 -1.22081
-1.17733 -1.21684
-1.17498 -1.22017
-1.17673 -1.21574
-1.17416 -1.22057
-1.17725 -1.21469
-1.17553 -1.21863
-1.17512 -1.21821
-1.17888 -1.21162
-1.17644 -1.21757
-1.17835 -1.21385
-1.17524 -1.22099
-1.17993 -1.20839
-1.17232 -1.21911
-1.17809 -1.21198
-1.17503 -1.21533
-1.17606 -1.21794
-1.17957 -1.21377
-1.17451 -1.21589
-1.17737 -1.21051
-1.17719 -1.21424
-1.17702 -1.21206
-1.17593 -1.21292
-1.17813 -1.21436
-1.17334 -1.21381
-1.17658 -1.21441
-1.17137 -1.21529
-1.17749 -1.2113
-1.1718 -1.21716
-1.17164 -1.21467
-1.17395 -1.21097
-1.1716 -1.21686
-1.17442 -1.20939
-1.17109 -1.21606
-1.17383 -1.21281
-1.17343 -1.21559
-1.17196 -1.21246
-1.17006 -1.21183
-1.17127 -1.2089
-1.17103 -1.20938
-1.17023 -1.21205
-1.17448 -1.21061
-1.17184 -1.21224
-1.172 -1.21084
-1.17136 -1.20987
-1.17139 -1.21052
-1.1715 -1.21095
-1.16944 -1.20861
-1.17071 -1.20757
-1.17041 -1.20545
-1.16999 -1.20943
-1.16893 -1.21222
-1.16766 -1.21096
-1.16902 -1.21016
-1.16971 -1.20962
-1.1699 -1.21116
-1.16665 -1.21043
-1.1657 -1.21225
-1.16976 -1.20574
-1.16823 -1.20845
-1.1662 -1.21192
-1.16857 -1.20929
-1.16902 -1.21334
-1.16792 -1.20767
-1.16835 -1.2059
-1.1672 -1.21022
-1.16471 -1.20931
-1.16696 -1.20517
-1.16617 -1.20942
-1.16627 -1.20714
-1.16704 -1.20506
-1.16914 -1.20588
-1.16314 -1.20838
-1.16725 -1.20525
-1.16316 -1.20805
-1.16366 -1.20821
-1.16345 -1.20832
-1.16549 -1.2044
-1.1635 -1.20888
-1.1671 -1.20356
-1.16461 -1.2047
-1.16707 -1.20528
-1.16334 -1.20514
-1.16483 -1.20483
-1.16215 -1.20602
-1.16341 -1.2028
-1.16173 -1.20575
-1.16247 -1.20734
-1.16204 -1.20592
-1.16139 -1.20904
-1.16216 -1.20877
-1.16147 -1.20186
-1.15938 -1.20929
-1.16445 -1.20169
-1.15984 -1.2056
-1.16229 -1.20117
-1.15917 -1.2052
-1.16361 -1.19982
-1.15976 -1.20464
-1.16359 -1.20567
-1.16025 -1.19862
-1.16026 -1.20145
-1.16245 -1.19982
-1.15833 -1.20043
-1.15966 -1.19797
-1.1614 -1.20136
-1.15891 -1.20245
-1.15762 -1.2035
-1.1594 -1.20019
-1.15734 -1.20526
-1.15714 -1.19955
-1.15766 -1.19943
-1.15681 -1.20402
-1.15929 -1.19728
-1.15387 -1.20291
-1.15915 -1.19547
-1.15746 -1.19993
-1.15799 -1.19625
-1.15745 -1.19822
-1.15991 -1.19806
-1.15706 -1.1979
-1.15826 -1.19419
-1.15862 -1.19542
-1.15466 -1.19648
-1.15771 -1.19725
-1.15607 -1.1948
-1.15377 -1.19772
-1.15624 -1.196
-1.15373 -1.19483
-1.15391 -1.19306
-1.15679 -1.19256
-1.15289 -1.1953
-1.15565 -1.1927
-1.15446 -1.19398
-1.15376 -1.19269
-1.1516 -1.19476
-1.15545 -1.18868
-1.15081 -1.19379
-1.15279 -1.18775
-1.15344 -1.19277
-1.15131 -1.19414
-1.15438 -1.1883
-1.1498 -1.1945
-1.15156 -1.18941
-1.15128 -1.19261
-1.15307 -1.18974
-1.14784 -1.19104
-1.15166 -1.18988
-1.14755 -1.19092
-1.15026 -1.19167
-1.15009 -1.19131
-1.14885 -1.18832
-1.14719 -1.18805
-1.14739 -1.18952
-1.14907 -1.18485
-1.14564 -1.19012
-1.14949 -1.1858
-1.1491 -1.1882
-1.14812 -1.18635
-1.14533 -1.19156
-1.14702 -1.18638
-1.14806 -1.18497
-1.14396 -1.18787
-1.14662 -1.18678
-1.14226 -1.18536
-1.14367 -1.18226
-1.1447 -1.18672
-1.1442 -1.18344
-1.14529 -1.18388
-1.14521 -1.18626
-1.14881 -1.18366
-1.14639 -1.18526
-1.14685 -1.18461
-1.14733 -1.1808
-1.1477 -1.18292
-1.14475 -1.18107
-1.14666 -1.18168
-1.14649 -1.18173
-1.14551 -1.18097
-1.14535 -1.18331
-1.14522 -1.18364
-1.14835 -1.17984
-1.14952 -1.18023
-1.14284 -1.18403
-1.14799 -1.18068
-1.14287 -1.18509
-1.14489 -1.18295
-1.14682 -1.18242
-1.14426 -1.18423
-1.14432 -1.17922
-1.14235 -1.18855
-1.14533 -1.18229
-1.14872 -1.18038
-1.14124 -1.18482
-1.14664 -1.17628
-1.14145 -1.1862
-1.14431 -1.17793
-1.14342 -1.18234
-1.14298 -1.18074
-1.1406 -1.18269
-1.1402 -1.17947
-1.13909 -1.18327
-1.1401 -1.17999
-1.1389 -1.18128
-1.13904 -1.18086
-1.14159 -1.18285
-1.14123 -1.1781
-1.14109 -1.18195
-1.14111 -1.17859
-1.13934 -1.17996
-1.1393 -1.18088
-1.14027 -1.17974
-1.13879 -1.18263
-1.14231 -1.17911
-1.14085 -1.17971
-1.14255 -1.18397
-1.14085 -1.17841
-1.14078 -1.1811
-1.14117 -1.17683
-1.14048 -1.1805
-1.13942 -1.17936
-1.13876 -1.18209
-1.14041 -1.17828
-1.13893 -1.17973
-1.13843 -1.17789
-1.13935 -1.17262
-1.13969 -1.17899
-1.13788 -1.178
-1.14144 -1.17336
-1.13968 -1.177
-1.13862 -1.17649
-1.13756 -1.17795
-1.14139 -1.17535
-1.13584 -1.18002
-1.1388 -1.1755
-1.1354 -1.18088
-1.13895 -1.17407
-1.13432 -1.17627
-1.13655 -1.17164
-1.13632 -1.1769
-1.13659 -1.17653
-1.13735 -1.17195
-1.13542 -1.17398
-1.1388 -1.17239
-1.13473 -1.17315
-1.13521 -1.17261
-1.13287 -1.17266
-1.13372 -1.16836
-1.1324 -1.17486
-1.13223 -1.17182
-1.13241 -1.17039
-1.13273 -1.17355
-1.13127 -1.17256
-1.13084 -1.17061
-1.13168 -1.17363
-1.13126 -1.17199
-1.13077 -1.17457
-1.13403 -1.16934
-1.13057 -1.17097
-1.13308 -1.17238
-1.13131 -1.16652
-1.13079 -1.17048
-1.13274 -1.1685
-1.13087 -1.16853
-1.13205 -1.17109
-1.13303 -1.17094
-1.13048 -1.17183
-1.13501 -1.16726
-1.13063 -1.16782
-1.12737 -1.17159
-1.13403 -1.16385
-1.12658 -1.17135
-1.13077 -1.16431
-1.12932 -1.1648
-1.1282 -1.16896
-1.13104 -1.16662
-1.12833 -1.16636
-1.12805 -1.16692
-1.12777 -1.16759
-1.12652 -1.16522
-1.12666 -1.16913
-1.12597 -1.16778
-1.12474 -1.16565
-1.11076 -1.15579
-1.10196 -1.12077
-1.08984 -1.12055
-1.09434 -1.11716
-1.09308 -1.11728
-1.08997 -1.11898
-1.09322 -1.11735
-1.09248 -1.11729
-1.08938 -1.1204
-1.09387 -1.1146
-1.09083 -1.11824
-1.09193 -1.11389
-1.08858 -1.11753
-1.09049 -1.11542
-1.08971 -1.11726
-1.08993 -1.11377
-1.09151 -1.11633
-1.09061 -1.11813
-1.09076 -1.11452
-1.0884 -1.11653
-1.08972 -1.11721
-1.09027 -1.11624
-1.09002 -1.11586
-1.09046 -1.11701
-1.08933 -1.11692
-1.09097 -1.11694
-1.0912 -1.11542
-1.0924 -1.11525
-1.09244 -1.1168
-1.09238 -1.11192
-1.08903 -1.11614
-1.09259 -1.11224
-1.08978 -1.11595
-1.09219 -1.1115
-1.08718 -1.11856
-1.09248 -1.11358
-1.08973 -1.1132
-1.08846 -1.11149
-1.09277 -1.11144
-1.08777 -1.11508
-1.09137 -1.11227
-1.08946 -1.11264
-1.08676 -1.11697
-1.09021 -1.11053
-1.08809 -1.11794
-1.09036 -1.11106
-1.0878 -1.1174
-1.08966 -1.11492
-1.08957 -1.11449
-1.08727 -1.11489
-1.08982 -1.11184
-1.08726 -1.11318
-1.08654 -1.11286
-1.08714 -1.11218
-1.08536 -1.11401
-1.08669 -1.11473
-1.08706 -1.11196
-1.08865 -1.1119
-1.08652 -1.11094
-1.08406 -1.11101
-1.08655 -1.10868
-1.08543 -1.11128
-1.08568 -1.11077
-1.08536 -1.11455
-1.08553 -1.1127
-1.08821 -1.11138
-1.08685 -1.11254
-1.08576 -1.11188
-1.08651 -1.11203
-1.08525 -1.11184
-1.08459 -1.11255
-1.08361 -1.11005
-1.08289 -1.11536
-1.08584 -1.11189
-1.08293 -1.11084
-1.08446 -1.11228
-1.08515 -1.10975
-1.08454 -1.11325
-1.08682 -1.11059
-1.08492 -1.11118
-1.08622 -1.1091
-1.08499 -1.11209
-1.08367 -1.11133
-1.08571 -1.11137
-1.08423 -1.11054
-1.08412 -1.10997
-1.08059 -1.11345
-1.08343 -1.1085
-1.0823 -1.11294
-1.08377 -1.10886
-1.08465 -1.1117
-1.08325 -1.10945
-1.08234 -1.10715
-1.08292 -1.10413
-1.07872 -1.11081
-1.08238 -1.10724
-1.08123 -1.10638
-1.08179 -1.1092
-1.08099 -1.10708
-1.08287 -1.10803
-1.08087 -1.10743
-1.0819 -1.10776
-1.08294 -1.1074
-1.08022 -1.11019
-1.07945 -1.10845
-1.08365 -1.10721
-1.07962 -1.1086
-1.07872 -1.1067
-1.07858 -1.10946
-1.08199 -1.10556
-1.08 -1.10729
-1.0813 -1.10521
-1.0754 -1.11059
-1.08158 -1.10494
-1.07962 -1.10861
-1.07747 -1.10931
-1.08005 -1.11007
-1.07922 -1.1053
-1.07891 -1.10484
-1.07928 -1.10677
-1.07721 -1.10589
-1.0806 -1.10176
-1.07452 -1.1106
-1.08161 -1.10253
-1.076 -1.11011
-1.07972 -1.10424
-1.07897 -1.10887
-1.07772 -1.11024
-1.07826 -1.10317
-1.07934 -1.10677
-1.07586 -1.11024
-1.07995 -1.1068
-1.0765 -1.10853
-1.07922 -1.1063
-1.07872 -1.10455
-1.07687 -1.10733
-1.0783 -1.10181
-1.07876 -1.10536
-1.0748 -1.10662
-1.07808 -1.10695
-1.07784 -1.10883
-1.07732 -1.10655
-1.07666 -1.10827
-1.07921 -1.10402
-1.07607 -1.10904
-1.07703 -1.1033
-1.07938 -1.10677
-1.0768 -1.10584
-1.07762 -1.10436
-1.07597 -1.10774
-1.07773 -1.10558
-1.07528 -1.10747
-1.07634 -1.10699
-1.07935 -1.10243
-1.07483 -1.10943
-1.08132 -1.10267
-1.07381 -1.10874
-1.07834 -1.10499
-1.07553 -1.10546
-1.07474 -1.10474
-1.07439 -1.10467
-1.07411 -1.10513
-1.07374 -1.10476
-1.07314 -1.10567
-1.07426 -1.1037
-1.07364 -1.10436
-1.07401 -1.10271
-1.07525 -1.10096
-1.07255 -1.10458
-1.0735 -1.10213
-1.07521 -1.10136
-1.07214 -1.10199
-1.07489 -1.09891
-1.07166 -1.10489
-1.07703 -1.09588
-1.0728 -1.10349
-1.07316 -1.10444
-1.07438 -1.09961
-1.07246 -1.10259
-1.07422 -1.10022
-1.07222 -1.09885
-1.07392 -1.09904
-1.07281 -1.10127
-1.07264 -1.09768
-1.06953 -1.10119
-1.07264 -1.09953
-1.07328 -1.09836
-1.0706 -1.10183
-1.07301 -1.09994
-1.07286 -1.10141
-1.07206 -1.10212
-1.07169 -1.1006
-1.07238 -1.10035
-1.07201 -1.10041
-1.07116 -1.0989
-1.07113 -1.09724
-1.07058 -1.1039
-1.07165 -1.09948
-1.07113 -1.10005
-1.0747 -1.09905
-1.07241 -1.10047
-1.07254 -1.0991
-1.07368 -1.09773
-1.06998 -1.09899
-1.0707 -1.10023
-1.07165 -1.09869
-1.07111 -1.10051
-1.07206 -1.09826
-1.07013 -1.0996
-1.07089 -1.09606
-1.0686 -1.10078
-1.07185 -1.09572
-1.06922 -1.09984
-1.07117 -1.09742
-1.0714 -1.09873
-1.06835 -1.09953
-1.07038 -1.09824
-1.06815 -1.09889
-1.06962 -1.0982
-1.06834 -1.09752
-1.06836 -1.09587
-1.07099 -1.09887
-1.06706 -1.09937
-1.07107 -1.09329
-1.06898 -1.09907
-1.06784 -1.09548
-1.06793 -1.09852
-1.06846 -1.0961
-1.06674 -1.10194
-1.06987 -1.09664
-1.0682 -1.09668
-1.06813 -1.09915
-1.06538 -1.09974
-1.06665 -1.09616
-1.06541 -1.09885
-1.06759 -1.09764
-1.06744 -1.09764
-1.06744 -1.09829
-1.06815 -1.09821
-1.06715 -1.09764
-1.06716 -1.09937
-1.06992 -1.09649
-1.06692 -1.10016
-1.06982 -1.09493
-1.06377 -1.09805
-1.06781 -1.09595
-1.06752 -1.09548
-1.06647 -1.0993
-1.067 -1.09591
-1.07041 -1.09664
-1.06494 -1.09784
-1.06755 -1.09725
-1.06855 -1.09786
-1.06713 -1.09321
-1.06767 -1.09355
-1.06615 -1.09685
-1.06729 -1.09229
-1.06692 -1.09925
-1.06586 -1.09455
-1.06576 -1.09349
-1.0656 -1.09653
-1.06699 -1.09298
-1.06551 -1.09664
-1.06937 -1.09408
-1.06511 -1.0969
-1.06635 -1.09506
-1.06501 -1.09707
-1.06508 -1.09237
-1.06367 -1.0946
-1.06656 -1.09594
-1.06544 -1.09251
-1.06759 -1.09332
-1.06685 -1.09568
-1.06405 -1.09693
-1.06802 -1.08989
-1.06719 -1.09593
-1.06496 -1.09786
-1.0695 -1.09126
-1.06449 -1.0989
-1.06674 -1.09409
-1.06487 -1.09103
-1.06173 -1.09567
-1.06616 -1.09194
-1.06519 -1.09263
-1.0636 -1.09489
-1.06909 -1.08981
-1.06287 -1.09651
-1.06723 -1.09204
-1.06623 -1.09312
-1.06492 -1.09395
-1.06873 -1.08896
-1.0647 -1.0957
-1.06742 -1.0877
-1.06489 -1.09543
-1.06569 -1.09003
-1.06589 -1.09121
-1.06325 -1.09561
-1.06594 -1.09027
-1.0627 -1.09196
-1.06448 -1.09189
-1.06394 -1.09204
-1.06442 -1.09045
-1.06383 -1.09116
-1.06645 -1.08719
-1.0622 -1.09539
-1.06561 -1.08563
-1.06344 -1.09048
-1.06223 -1.09186
-1.06122 -1.08851
-1.06272 -1.08968
-1.06337 -1.08868
-1.05925 -1.08976
-1.06552 -1.0861
-1.05989 -1.09067
-1.0608 -1.09041
-1.06218 -1.08576
-1.05874 -1.09164
-1.06151 -1.08732
-1.06183 -1.09179
-1.06131 -1.08949
-1.06021 -1.08757
-1.06371 -1.08765
-1.06037 -1.09225
-1.06236 -1.08537
-1.06153 -1.08697
-1.06008 -1.09004
-1.06154 -1.08621
-1.06244 -1.08878
-1.06382 -1.08756
-1.06121 -1.09007
-1.06308 -1.08876
-1.06311 -1.0891
-1.06194 -1.08992
-1.06397 -1.08473
-1.05875 -1.08988
-1.06184 -1.08446
-1.05847 -1.08669
-1.06129 -1.08572
-1.06034 -1.08688
-1.06157 -1.08424
-1.06031 -1.08685
-1.06022 -1.08424
-1.06021 -1.08748
-1.06196 -1.08586
-1.06182 -1.08579
-1.06218 -1.08796
-1.06273 -1.08614
-1.06309 -1.08708
-1.06275 -1.08482
-1.06195 -1.08792
-1.06277 -1.08646
-1.06133 -1.08457
-1.06384 -1.08327
-1.0611 -1.08653
-1.06312 -1.08368
-1.06586 -1.08027
-1.06009 -1.08985
-1.06269 -1.08137
-1.06308 -1.08773
-1.06131 -1.08588
-1.06133 -1.08852
-1.0609 -1.08542
-1.05827 -1.08699
-1.05888 -1.08446
-1.05912 -1.08624
-1.05646 -1.08327
-1.06101 -1.0846
-1.0567 -1.08555
-1.06056 -1.08384
-1.0597 -1.08371
-1.06036 -1.08123
-1.05821 -1.08258
-1.05725 -1.08391
-1.05951 -1.08144
-1.05514 -1.08515
-1.05861 -1.08034
-1.05597 -1.08481
-1.05851 -1.07877
-1.05665 -1.08031
-1.05424 -1.08354
-1.05509 -1.08162
-1.05417 -1.08194
-1.05559 -1.08282
-1.05666 -1.08019
-1.05358 -1.08502
-1.05667 -1.08083
-1.05841 -1.08182
-1.05464 -1.0838
-1.06002 -1.07808
-1.05634 -1.08224
-1.05894 -1.08022
-1.05364 -1.08423
-1.05957 -1.07735
-1.05581 -1.08519
-1.05696 -1.08141
-1.05589 -1.08299
-1.0559 -1.08004
-1.05512 -1.08445
-1.05559 -1.0804
-1.05554 -1.08136
-1.05293 -1.08224
-1.05541 -1.08129
-1.05528 -1.07814
-1.05376 -1.0786
-1.05368 -1.08435
-1.0557 -1.07847
-1.05297 -1.08186
-1.05326 -1.08283
-1.05642 -1.07783
-1.05524 -1.08367
-1.05637 -1.07724
-1.05664 -1.07942
-1.05343 -1.08194
-1.05357 -1.07842
-1.05314 -1.07722
-1.05413 -1.07979
-1.05303 -1.07767
-1.05213 -1.08114
-1.05208 -1.07786
-1.05282 -1.0769
-1.05123 -1.07868
-1.05176 -1.07645
-1.05032 -1.07723
-1.05114 -1.07738
-1.05251 -1.07801
-1.05191 -1.07644
-1.05184 -1.07819
-1.05256 -1.0781
-1.05069 -1.07928
-1.05189 -1.0758
-1.05178 -1.07743
-1.05407 -1.0768
-1.05211 -1.07797
-1.05263 -1.07694
-1.05546 -1.07552
-1.05131 -1.07914
-1.05083 -1.07671
-1.05273 -1.07563
-1.05218 -1.07599
-1.04815 -1.07877
-1.05378 -1.07358
-1.05171 -1.07681
-1.05133 -1.07949
-1.05396 -1.07448
-1.04875 -1.07995
-1.05168 -1.07492
-1.051 -1.07873
-1.05129 -1.07674
-1.0496 -1.08069
-1.05078 -1.07835
-1.05 -1.07615
-1.05209 -1.07755
-1.04738 -1.0787
-1.04949 -1.07466
-1.04735 -1.07875
-1.048 -1.07813
-1.0494 -1.07559
-1.04603 -1.08141
-1.05144 -1.07547
-1.04606 -1.08071
-1.05143 -1.07588
-1.04478 -1.08082
-1.04773 -1.07577
-1.04768 -1.07445
-1.04515 -1.07803
-1.04947 -1.07515
-1.04821 -1.08067
-1.04827 -1.07598
-1.04799 -1.0776
-1.04845 -1.07507
-1.04542 -1.07761
-1.04607 -1.07723
-1.04662 -1.07637
-1.04458 -1.07871
-1.04928 -1.07485
-1.04429 -1.07911
-1.04638 -1.07449
-1.04453 -1.07428
-1.04518 -1.074
-1.0455 -1.07452
-1.0443 -1.07783
-1.04808 -1.07459
-1.04628 -1.07651
-1.04626 -1.07548
-1.04583 -1.07294
-1.04438 -1.07386
-1.04514 -1.07411
-1.0469 -1.07407
-1.04492 -1.07607
-1.0462 -1.07322
-1.04634 -1.07642
-1.04678 -1.07328
-1.04389 -1.07574
-1.04674 -1.07329
-1.04391 -1.07441
-1.04464 -1.07709
-1.04568 -1.07218
-1.04488 -1.07446
-1.04237 -1.0803
-1.04631 -1.07325
-1.04508 -1.07476
-1.04715 -1.07318
-1.04412 -1.07714
-1.0464 -1.07286
-1.04341 -1.0769
-1.04375 -1.0716
-1.04307 -1.07275
-1.0293 -1.06046
-1.00182 -1.01316
-1.00021 -1.01055
-0.997554 -1.01011
-0.995558 -1.01367
-1.00059 -1.00699
-0.995302 -1.01344
-0.998919 -1.01083
-0.995871 -1.00938
-0.996971 -1.01098
-0.997378 -1.0083
-0.994785 -1.01126
-0.997682 -1.00895
-0.998229 -1.01031
-0.996143 -1.01185
-0.997307 -1.01029
-0.997584 -1.01173
-0.996632 -1.01288
-0.998256 -1.01068
-0.995468 -1.0114
-0.99739 -1.01096
-0.995224 -1.01041
-0.99527 -1.01094
-0.995756 -1.01003
-0.995763 -1.00943
-0.998078 -1.00871
-0.995558 -1.01065
-0.997066 -1.01044
-0.997864 -1.00852
-0.996593 -1.01132
-0.995647 -1.00898
-0.996551 -1.01112
-0.99728 -1.00637
-0.995842 -1.01031
-0.993321 -1.00998
-0.995528 -1.00708
-0.994968 -1.00875
-0.995035 -1.00891
-0.995505 -1.00955
-0.99778 -1.00488
-0.997167 -1.01168
-0.99632 -1.01025
-0.998079 -1.00751
-0.996283 -1.01156
-0.995664 -1.01095
-0.994073 -1.00809
-0.994004 -1.00818
-0.994246 -1.00774
-0.993478 -1.01115
-0.996394 -1.00577
-0.995267 -1.01047
-0.995216 -1.00857
-0.996425 -1.0105
-0.995462 -1.00992
-0.993048 -1.00887
-0.996115 -1.01079
-0.994557 -1.00996
-0.993596 -1.01105
-0.995823 -1.0066
-0.994196 -1.01047
-0.992946 -1.01064
-0.995907 -1.0067
-0.992689 -1.00887
-0.993017 -1.01046
-0.992334 -1.00726
-0.992911 -1.008
-0.991516 -1.01208
-0.992801 -1.0065
-0.993151 -1.00985
-0.993941 -1.0089
-0.992952 -1.00823
-0.99285 -1.0085
-0.99336 -1.00882
-0.99143 -1.00825
-0.990384 -1.00845
-0.990936 -1.00624
-0.988583 -1.00926
-0.989677 -1.00664
-0.989285 -1.00852
-0.991153 -1.00742
-0.99028 -1.00534
-0.990984 -1.00745
-0.993001 -1.00915
-0.992308 -1.00846
-0.993215 -1.00659
-0.98948 -1.00988
-0.991597 -1.0043
-0.988849 -1.00864
-0.989359 -1.00442
-0.991043 -1.00506
-0.989321 -1.00636
-0.994334 -1.00544
-0.990756 -1.00882
-0.991982 -1.00861
-0.993611 -1.00552
-0.989641 -1.00621
-0.99217 -1.0066
-0.991892 -1.00623
-0.99131 -1.00633
-0.990018 -1.00562
-0.988332 -1.00658
-0.991127 -1.00729
-0.992029 -1.00113
-0.989667 -1.00809
-0.993513 -1.00676
-0.990701 -1.00561
-0.99331 -1.00336
-0.991648 -1.00766
-0.989981 -1.00757
-0.993238 -1.00124
-0.987644 -1.00784
-0.990017 -1.0039
-0.990344 -1.00531
-0.989477 -1.00351
-0.989116 -1.00613
-0.989975 -1.00416
-0.991861 -1.00316
-0.989133 -1.00738
-0.990659 -1.00377
-0.98988 -1.00369
-0.99186 -1.00502
-0.988809 -1.00372
-0.986711 -1.0069
-0.991431 -0.999527
-0.985569 -1.00718
-0.988596 -1.00051
-0.98805 -1.00229
-0.985437 -1.00755
-0.989325 -1.00086
-0.988119 -1.00498
-0.986083 -1.00662
-0.990449 -1.00096
-0.988055 -1.00708
-0.987676 -1.00342
-0.988165 -1.00345
-0.986178 -1.00223
-0.988901 -1.00015
-0.988401 -1.00125
-0.989193 -1.00251
-0.98924 -1.00303
-0.987922 -1.00229
-0.989182 -1.00464
-0.988126 -1.00407
-0.987244 -1.0056
-0.989723 -1.00073
-0.987476 -1.00349
-0.988396 -1.00332
-0.988319 -1.00286
-0.988921 -1.00405
-0.987861 -1.0031
-0.989995 -1.00282
-0.988377 -1.00258
-0.989123 -1.00384
-0.988679 -1.00177
-0.988698 -1.00352
-0.986613 -1.00466
-0.988413 -1.00072
-0.98614 -1.00371
-0.986476 -1.00493
-0.986993 -1.00409
-0.986546 -1.00131
-0.98809 -1.00433
-0.986598 -1.00315
-0.986507 -1.00188
-0.986988 -1.00387
-0.987239 -1.00174
-0.985083 -1.00533
-0.987117 -1.00261
-0.986487 -1.00192
-0.985005 -1.00233
-0.986038 -1.00306
-0.987573 -1.0026
-0.983352 -1.00022
-0.983118 -1.00406
-0.9858 -0.999414
-0.982563 -1.00164
-0.982856 -1.00556
-0.984679 -1.00019
-0.984906 -1.00281
-0.983122 -1.00442
-0.982486 -1.00209
-0.984809 -0.999965
-0.984421 -1.00208
-0.983365 -1.00144
-0.985428 -1.00038
-0.983748 -1.00236
-0.986422 -0.996771
-0.98325 -1.00447
-0.986952 -1.00003
-0.985601 -1.0021
-0.983245 -1.00117
-0.98573 -0.999199
-0.982705 -1.00073
-0.982181 -1.00057
-0.984568 -1.00155
-0.981978 -1.00038
-0.983866 -1.00012
-0.983678 -1.00292
-0.985356 -1.00167
-0.984151 -1.00118
-0.982872 -1.00052
-0.983344 -1.00041
-0.981525 -1.00078
-0.982346 -0.998708
-0.980317 -1.00007
-0.980551 -1.0003
-0.982302 -0.994887
-0.984031 -0.999357
-0.980467 -1.00185
-0.985686 -0.999515
-0.98372 -1.00082
-0.983702 -1.00059
-0.983347 -1.00149
-0.98412 -0.998732
-0.981758 -1.00103
-0.983406 -0.997918
-0.981274 -1.00192
-0.981537 -0.999674
-0.984635 -0.998205
-0.98101 -1.0009
-0.983434 -0.999904
-0.982303 -0.998348
-0.982127 -0.999869
-0.982376 -0.998464
-0.981453 -0.998481
-0.980658 -0.998881
-0.982545 -0.996812
-0.980727 -1.00024
-0.979549 -0.999448
-0.981922 -0.999082
-0.983785 -1.00011
-0.982566 -0.999305
-0.982806 -0.998901
-0.981035 -0.999613
-0.983544 -0.999916
-0.98142 -0.997377
-0.980341 -0.999503
-0.981205 -1.001
-0.981772 -0.998466
-0.979157 -1.00246
-0.981602 -0.999657
-0.980414 -1.00211
-0.980258 -0.999955
-0.980402 -0.998337
-0.980114 -1.00016
-0.980467 -0.999804
-0.978555 -1.00002
-0.981326 -0.998416
-0.980564 -1.00036
-0.980378 -0.998214
-0.979309 -1.00219
-0.980731 -0.996985
-0.977031 -1.00215
-0.979588 -1.00003
-0.97848 -0.998368
-0.979257 -0.999029
-0.980569 -0.998425
-0.977807 -0.999975
-0.983004 -0.996785
-0.979852 -0.998671
-0.978897 -1.00108
-0.980904 -0.997259
-0.97591 -0.998424
-0.979048 -1.00138
-0.978297 -0.998038
-0.976712 -0.999119
-0.978719 -0.997503
-0.976989 -0.997926
-0.978303 -0.997949
-0.978079 -0.997676
-0.976851 -1.00052
-0.97861 -0.998383
-0.978084 -0.996615
-0.97671 -1.00085
-0.97721 -0.998721
-0.977951 -0.997825
-0.97892 -0.999198
-0.977232 -1.00177
-0.978742 -0.996323
-0.978238 -0.999901
-0.97791 -0.998168
-0.977438 -0.997816
-0.977414 -0.999905
-0.977667 -0.997404
-0.979131 -0.996134
-0.976928 -1.00179
-0.978904 -0.997974
-0.977855 -0.998484
-0.976619 -0.999361
-0.975643 -0.997823
-0.976819 -0.997787
-0.975043 -0.997319
-0.975718 -0.998036
-0.976424 -0.997429
-0.976866 -0.997187
-0.974509 -0.99918
-0.977083 -0.994602
-0.977557 -0.99736
-0.975508 -0.999834
-0.974776 -0.998266
-0.975775 -0.994039
-0.973323 -1.0006
-0.974702 -0.997034
-0.975117 -0.995711
-0.973818 -0.995427
-0.975586 -0.998641
-0.974933 -0.99665
-0.974516 -0.997419
-0.973346 -0.996934
-0.973593 -0.995366
-0.973325 -0.996351
-0.972867 -0.99697
-0.97175 -0.994563
-0.973582 -0.995523
-0.972208 -0.998067
-0.974633 -0.994947
-0.972731 -0.995116
-0.971688 -0.998036
-0.974858 -0.994553
-0.97071 -0.997171
-0.971425 -0.9973
-0.973224 -0.993655
-0.971762 -0.997647
-0.972503 -0.995068
-0.972728 -0.997131
-0.973596 -0.995571
-0.972195 -0.994739
-0.972752 -0.994857
-0.970244 -0.996756
-0.970491 -0.997011
-0.970086 -0.996468
-0.971354 -0.994377
-0.970111 -0.999139
-0.973946 -0.992266
-0.968723 -1.00115
-0.973955 -0.994485
-0.972342 -0.99518
-0.970143 -0.996963
-0.971822 -0.995218
-0.971367 -0.996475
-0.970856 -0.995973
-0.972148 -0.997211
-0.971736 -0.994005
-0.972221 -0.996122
-0.972469 -0.9947
-0.970654 -0.998278
-0.971136 -0.996972
-0.972721 -0.994711
-0.972262 -0.997765
-0.972388 -0.996531
-0.971386 -0.996907
-0.973002 -0.995103
-0.971852 -0.996386
-0.971139 -0.996634
-0.971763 -0.99635
-0.971097 -0.994817
-0.972685 -0.994983
-0.972521 -0.997786
-0.971735 -0.997189
-0.971521 -0.996625
-0.972145 -0.995872
-0.970664 -0.998028
-0.973856 -0.9937
-0.968626 -1.00125
-0.971091 -0.994732
-0.971142 -0.994911
-0.957283 -0.986866
-0.933538 -0.946244
-0.929335 -0.945979
-0.929483 -0.946105
-0.929915 -0.946766
-0.930408 -0.945107
-0.929274 -0.945327
-0.929161 -0.945951
-0.930778 -0.944691
-0.929351 -0.947455
-0.930829 -0.947228
-0.930623 -0.943164
-0.928116 -0.950731
-0.931937 -0.943037
-0.930526 -0.943978
-0.928644 -0.948939
-0.929712 -0.943411
-0.930004 -0.945234
-0.928271 -0.946687
-0.928531 -0.945396
-0.929331 -0.944417
-0.928749 -0.946086
-0.928415 -0.945887
-0.928572 -0.944672
-0.928261 -0.94663
-0.929486 -0.945196
-0.92811 -0.946017
-0.928794 -0.94475
-0.926988 -0.944756
-0.927551 -0.945458
-0.927792 -0.945066
-0.927633 -0.943585
-0.925632 -0.947423
-0.929605 -0.943824
-0.927548 -0.945949
-0.928274 -0.946272
-0.927719 -0.9446
-0.927564 -0.948676
-0.927651 -0.944998
-0.927347 -0.945523
-0.927759 -0.946695
-0.927692 -0.946092
-0.928624 -0.945072
-0.927567 -0.945502
-0.927869 -0.947737
-0.928589 -0.945525
-0.928691 -0.946002
-0.927027 -0.947329
-0.930986 -0.945389
-0.92666 -0.947434
-0.928901 -0.947145
-0.926927 -0.947101
-0.927622 -0.944796
-0.92755 -0.945834
-0.925212 -0.946633
-0.926761 -0.946299
-0.927721 -0.943589
-0.925635 -0.947108
-0.926396 -0.944678
-0.928557 -0.945894
-0.927192 -0.947962
-0.927236 -0.945777
-0.927792 -0.945157
-0.926582 -0.945474
-0.925041 -0.946769
-0.925066 -0.943659
-0.923641 -0.946293
-0.924147 -0.943347
-0.925623 -0.943337
-0.923055 -0.946852
-0.924786 -0.944139
-0.927768 -0.94396
-0.923795 -0.946131
-0.925925 -0.942363
-0.925351 -0.946651
-0.925381 -0.943779
-0.924566 -0.945498
-0.924846 -0.944081
-0.925174 -0.942578
-0.923215 -0.946151
-0.922585 -0.941531
-0.923942 -0.943795
-0.922222 -0.94585
-0.925492 -0.944367
-0.925112 -0.943145
-0.924112 -0.946707
-0.92309 -0.945658
-0.924659 -0.94446
-0.925223 -0.944097
-0.922854 -0.947486
-0.922193 -0.944995
-0.923248 -0.942701
-0.92223 -0.946589
-0.920735 -0.945783
-0.923226 -0.943461
-0.921964 -0.944664
-0.922031 -0.943144
-0.921298 -0.94463
-0.923141 -0.943402
-0.921078 -0.947744
-0.92113 -0.944486
-0.922915 -0.942604
-0.922675 -0.946074
-0.921877 -0.946289
-0.922361 -0.944359
-0.92083 -0.943848
-0.91956 -0.945714
-0.923649 -0.940757
-0.918981 -0.946267
-0.921392 -0.9418
-0.920177 -0.944099
-0.921353 -0.941759
-0.921018 -0.94585
-0.921725 -0.942923
-0.921546 -0.943102
-0.921815 -0.946408
-0.921416 -0.943718
-0.921738 -0.942218
-0.923064 -0.944484
-0.921097 -0.943966
-0.920829 -0.944294
-0.922621 -0.941236
-0.920394 -0.945193
-0.920802 -0.945567
-0.924145 -0.939062
-0.919349 -0.946806
-0.920498 -0.945179
-0.923585 -0.941964
-0.920889 -0.945232
-0.923256 -0.944763
-0.921942 -0.94441
-0.921961 -0.943735
-0.921942 -0.9432
-0.921237 -0.943354
-0.920615 -0.943996
-0.920817 -0.944264
-0.922571 -0.941972
-0.920617 -0.945187
-0.92326 -0.943717
-0.919237 -0.944299
-0.921804 -0.944336
-0.921801 -0.94328
-0.919528 -0.945668
-0.920876 -0.943591
-0.919167 -0.945507
-0.920539 -0.943166
-0.921097 -0.944197
-0.920315 -0.943593
-0.921828 -0.942588
-0.920456 -0.944749
-0.920587 -0.942247
-0.921009 -0.942091
-0.920252 -0.944733
-0.919607 -0.943675
-0.922796 -0.94077
-0.919234 -0.945765
-0.921517 -0.942342
-0.922123 -0.945349
-0.920719 -0.942849
-0.920608 -0.946514
-0.921885 -0.941887
-0.920576 -0.941496
-0.919102 -0.945238
-0.920319 -0.942622
-0.921818 -0.941392
-0.918559 -0.942585
-0.920811 -0.943415
-0.919906 -0.943815
-0.919599 -0.942173
-0.919295 -0.944852
-0.922535 -0.941068
-0.919092 -0.943207
-0.921101 -0.943231
-0.921482 -0.940961
-0.920114 -0.944739
-0.919527 -0.942831
-0.920485 -0.94287
-0.919714 -0.943382
-0.919221 -0.942276
-0.918794 -0.943426
-0.918802 -0.940329
-0.91919 -0.943653
-0.918707 -0.942612
-0.920596 -0.941642
-0.918746 -0.944193
-0.920811 -0.94195
-0.918933 -0.944128
-0.91958 -0.941606
-0.918211 -0.940884
-0.907178 -0.932167
-0.874874 -0.888926
-0.872104 -0.885723
-0.8727 -0.88423
-0.870895 -0.883948
-0.869958 -0.887709
-0.870344 -0.884325
-0.870362 -0.885639
-0.871978 -0.887274
-0.872366 -0.886053
-0.872054 -0.887358
-0.873614 -0.886166
-0.871675 -0.888437
-0.87425 -0.884656
-0.873068 -0.885353
-0.871346 -0.889311
-0.871527 -0.885229
-0.872228 -0.886667
-0.871655 -0.885513
-0.871166 -0.887647
-0.872171 -0.886736
-0.872337 -0.886083
-0.873745 -0.886571
-0.872679 -0.887844
-0.873623 -0.887088
-0.873548 -0.885458
-0.873442 -0.887268
-0.872381 -0.886997
-0.872891 -0.885874
-0.870785 -0.887146
-0.870921 -0.887685
-0.871838 -0.884516
-0.8701 -0.887232
-0.869771 -0.884782
-0.869031 -0.888839
-0.871786 -0.883662
-0.869341 -0.887598
-0.871124 -0.886771
-0.871509 -0.886926
-0.871232 -0.885071
-0.871425 -0.886753
-0.872058 -0.885014
-0.87031 -0.887976
-0.871186 -0.884175
-0.870763 -0.886926
-0.87217 -0.88463
-0.869773 -0.885957
-0.869631 -0.887473
-0.869838 -0.886228
-0.869919 -0.882908
-0.868594 -0.885975
-0.870168 -0.884882
-0.870062 -0.885256
-0.870048 -0.886402
-0.871463 -0.88278
-0.869288 -0.886154
-0.873138 -0.883652
-0.870047 -0.886564
-0.872014 -0.882756
-0.870944 -0.887455
-0.871956 -0.883817
-0.870869 -0.884247
-0.869699 -0.885211
-0.870884 -0.883501
-0.869988 -0.885614
-0.869916 -0.88325
-0.870369 -0.885427
-0.870328 -0.884347
-0.870735 -0.882926
-0.870688 -0.883576
-0.870087 -0.884843
-0.870347 -0.884613
-0.870015 -0.885294
-0.871915 -0.882691
-0.869797 -0.884381
-0.87067 -0.884694
-0.870522 -0.884678
-0.870152 -0.883549
-0.868793 -0.885537
-0.870069 -0.881528
-0.868206 -0.884934
-0.867511 -0.884018
-0.86945 -0.883044
-0.868731 -0.884517
-0.868161 -0.882849
-0.867761 -0.883552
-0.866338 -0.883647
-0.867385 -0.882423
-0.86741 -0.882821
-0.865771 -0.882926
-0.865713 -0.883423
-0.86677 -0.880665
-0.863663 -0.884271
-0.865585 -0.880201
-0.864554 -0.883908
-0.864208 -0.881272
-0.864533 -0.880449
-0.861545 -0.883949
-0.863925 -0.877916
-0.862409 -0.882288
-0.86265 -0.881785
-0.862347 -0.880522
-0.863172 -0.881049
-0.861929 -0.881338
-0.86234 -0.881751
-0.862428 -0.879779
-0.860623 -0.883195
-0.862409 -0.880432
-0.861446 -0.882257
-0.862105 -0.880344
-0.861956 -0.882223
-0.862693 -0.881294
-0.862408 -0.882078
-0.861594 -0.881952
-0.862348 -0.882081
-0.861847 -0.881472
-0.862043 -0.880668
-0.861726 -0.87998
-0.859878 -0.882656
-0.863871 -0.879084
-0.860781 -0.879
-0.860252 -0.883872
-0.861655 -0.878441
-0.861542 -0.879567
-0.862019 -0.88143
-0.860928 -0.880577
-0.86115 -0.881166
-0.861669 -0.881012
-0.860968 -0.879671
-0.861275 -0.880883
-0.860452 -0.88289
-0.860717 -0.878553
-0.860937 -0.880289
-0.860059 -0.879155
-0.859333 -0.881202
-0.859926 -0.876918
-0.860425 -0.880359
-0.86021 -0.879798
-0.860681 -0.87804
-0.860067 -0.88044
-0.860032 -0.878943
-0.860302 -0.878937
-0.860456 -0.879371
-0.85769 -0.882388
-0.860131 -0.87819
-0.860349 -0.879308
-0.858745 -0.880743
-0.860217 -0.878725
-0.860405 -0.881708
-0.859284 -0.879885
-0.85903 -0.880466
-0.861904 -0.878628
-0.858628 -0.880363
-0.860765 -0.879275
-0.858921 -0.880819
-0.86018 -0.881582
-0.861158 -0.877555
-0.860367 -0.879693
-0.860085 -0.88035
-0.858558 -0.880543
-0.860264 -0.879324
-0.8587 -0.878949
-0.861591 -0.877895
-0.860021 -0.881723
-0.858124 -0.880259
-0.861782 -0.878064
-0.859954 -0.879241
-0.858937 -0.878074
-0.858809 -0.879499
-0.85987 -0.879779
-0.858233 -0.880972
-0.859528 -0.877746
-0.85815 -0.880572
-0.858886 -0.879188
-0.85877 -0.878958
-0.859972 -0.878948
-0.858667 -0.879126
-0.85971 -0.88059
-0.859852 -0.878321
-0.860793 -0.879546
-0.861288 -0.87893
-0.862352 -0.877812
-0.858931 -0.881064
-0.861633 -0.877631
