0 0
-0.0526296 -0.0495355
-0.104245 -0.0981138
-0.154839 -0.145871
-0.204503 -0.192922
-0.25288 -0.238548
-0.300321 -0.28391
-0.34654 -0.327528
-0.391884 -0.371133
-0.436253 -0.413221
-0.479184 -0.454796
-0.521338 -0.49491
-0.562459 -0.534681
-0.602196 -0.573172
-0.640786 -0.610548
-0.678935 -0.648244
-0.715504 -0.682731
-0.750151 -0.717447
-0.784673 -0.752029
-0.817807 -0.783236
-0.8475 -0.817381
-0.878858 -0.845415
-0.907146 -0.875359
-0.934253 -0.905131
-0.960523 -0.933578
-0.985218 -0.957893
-1.00949 -0.982234
-1.03086 -1.00721
-1.04992 -1.02917
-1.07207 -1.051
-1.08954 -1.07237
-1.08608 -1.06935
-1.08214 -1.06728
-1.08035 -1.06693
-1.08169 -1.06647
-1.08151 -1.06716
-1.08123 -1.07047
-1.08274 -1.06985
-1.08381 -1.07129
-1.08357 -1.06963
-1.08476 -1.06994
-1.08609 -1.06856
-1.08378 -1.07066
-1.08447 -1.06939
-1.08478 -1.06899
-1.08276 -1.07072
-1.08105 -1.06994
-1.08087 -1.06985
-1.08198 -1.06749
-1.08007 -1.06965
-1.08004 -1.06782
-1.07967 -1.06901
-1.07898 -1.06794
-1.08002 -1.06845
-1.08004 -1.07064
-1.0795 -1.06808
-1.07846 -1.06666
-1.07762 -1.06749
-1.07501 -1.06509
-1.07782 -1.0668
-1.07588 -1.066
-1.07669 -1.06432
-1.07385 -1.06678
-1.07501 -1.06347
-1.07335 -1.06631
-1.07345 -1.06485
-1.07419 -1.06368
-1.07312 -1.06562
-1.07494 -1.06623
-1.07376 -1.06615
-1.0726 -1.06545
-1.07462 -1.06257
-1.07242 -1.06733
-1.07325 -1.06491
-1.07158 -1.06399
-1.0692 -1.06715
-1.07255 -1.06125
-1.0693 -1.06533
-1.07108 -1.06348
-1.07061 -1.06191
-1.06912 -1.06356
-1.06899 -1.05989
-1.06724 -1.06166
-1.06594 -1.06157
-1.06688 -1.06145
-1.06588 -1.06236
-1.06698 -1.06215
-1.06595 -1.06105
-1.06547 -1.06224
-1.06408 -1.06343
-1.06365 -1.06065
-1.06303 -1.06037
-1.06154 -1.06455
-1.06344 -1.06057
-1.06505 -1.06118
-1.06422 -1.05968
-1.06264 -1.06366
-1.06505 -1.05915
-1.06512 -1.06004
-1.06474 -1.06103
-1.06485 -1.05847
-1.06477 -1.06198
-1.06573 -1.06044
-1.06491 -1.05714
-1.06149 -1.06135
-1.06285 -1.05776
-1.06187 -1.05819
-1.06218 -1.06015
-1.0594 -1.06012
-1.06227 -1.05734
-1.06029 -1.06184
-1.05932 -1.06106
-1.06018 -1.05564
-1.05734 -1.05941
-1.05524 -1.05914
-1.05774 -1.05742
-1.06177 -1.05553
-1.05856 -1.05778
-1.05717 -1.05971
-1.06058 -1.05606
-1.05704 -1.05737
-1.05885 -1.05552
-1.05778 -1.05536
-1.05621 -1.0542
-1.05576 -1.05451
-1.05581 -1.05486
-1.05564 -1.05253
-1.05615 -1.05447
-1.05485 -1.05579
-1.05732 -1.05222
-1.05459 -1.05495
-1.05462 -1.05261
-1.05368 -1.05567
-1.05394 -1.05419
-1.0521 -1.05328
-1.05367 -1.05301
-1.04925 -1.05439
-1.05076 -1.05418
-1.05294 -1.05216
-1.05215 -1.05431
-1.05267 -1.05262
-1.0541 -1.05146
-1.05163 -1.05198
-1.05211 -1.0519
-1.05179 -1.0516
-1.05051 -1.05197
-1.05419 -1.05116
-1.05295 -1.0523
-1.05473 -1.05203
-1.05536 -1.05136
-1.05338 -1.05293
-1.05302 -1.05215
-1.05336 -1.04847
-1.05312 -1.05103
-1.05238 -1.05157
-1.05346 -1.0491
-1.05101 -1.05304
-1.05244 -1.05063
-1.05114 -1.05038
-1.05009 -1.05133
-1.05163 -1.05071
-1.05309 -1.04866
-1.0503 -1.05399
-1.05237 -1.04832
-1.04943 -1.05128
-1.05083 -1.04997
-1.04772 -1.05159
-1.04904 -1.04918
-1.04884 -1.05047
-1.04962 -1.05151
-1.05054 -1.04873
-1.05069 -1.04924
-1.04898 -1.04742
-1.04819 -1.04969
-1.04939 -1.04708
-1.04679 -1.04797
-1.04892 -1.05006
-1.04964 -1.04805
-1.04661 -1.04832
-1.04803 -1.04749
-1.04588 -1.04769
-1.04658 -1.04483
-1.04545 -1.0494
-1.04738 -1.04662
-1.04277 -1.04775
-1.04459 -1.04554
-1.03997 -1.04764
-1.04297 -1.04697
-1.04237 -1.04653
-1.04266 -1.04515
-1.04017 -1.04903
-1.04138 -1.04462
-1.04095 -1.04688
-1.03997 -1.04828
-1.03982 -1.04689
-1.04046 -1.0454
-1.04102 -1.04593
-1.04054 -1.04532
-1.04149 -1.04651
-1.04063 -1.04544
-1.04056 -1.0453
-1.04278 -1.04425
-1.04094 -1.04614
-1.04281 -1.0436
-1.04039 -1.04705
-1.04245 -1.0454
-1.04182 -1.04662
-1.03985 -1.04667
-1.04047 -1.04354
-1.04094 -1.04356
-1.03892 -1.04525
-1.0414 -1.04363
-1.04134 -1.04446
-1.04113 -1.04401
-1.04173 -1.04685
-1.04106 -1.04505
-1.04087 -1.04575
-1.04198 -1.04384
-1.04106 -1.04563
-1.03932 -1.04553
-1.04214 -1.04311
-1.0397 -1.04649
-1.04149 -1.04416
-1.04347 -1.04125
-1.03775 -1.04722
-1.0427 -1.04356
-1.04002 -1.04495
-1.04282 -1.04294
-1.03873 -1.04532
-1.0412 -1.04307
-1.03807 -1.043
-1.03957 -1.04403
-1.03743 -1.04332
-1.03817 -1.0448
-1.03825 -1.0459
-1.04027 -1.04247
-1.03738 -1.0473
-1.0407 -1.04309
-1.0377 -1.04394
-1.03866 -1.04251
-1.04017 -1.04175
-1.03783 -1.04672
-1.03974 -1.04187
-1.03969 -1.04654
-1.04091 -1.0409
-1.03915 -1.04574
-1.03818 -1.04281
-1.03863 -1.04118
-1.03698 -1.0433
-1.03849 -1.04225
-1.03685 -1.042
-1.03823 -1.04239
-1.03819 -1.04156
-1.0386 -1.04499
-1.03841 -1.04112
-1.03779 -1.04459
-1.03794 -1.04122
-1.03531 -1.04439
-1.03937 -1.04099
-1.03668 -1.04343
-1.03732 -1.04389
-1.03723 -1.04184
-1.03552 -1.04203
-1.0344 -1.0443
-1.03544 -1.03984
-1.03514 -1.04094
-1.03349 -1.04254
-1.03504 -1.04058
-1.03199 -1.04252
-1.03534 -1.04049
-1.03179 -1.04263
-1.03507 -1.04143
-1.03252 -1.04291
-1.03435 -1.03964
-1.03239 -1.04008
-1.03197 -1.04034
-1.03396 -1.0399
-1.03387 -1.03911
-1.0319 -1.04051
-1.03411 -1.03778
-1.03126 -1.04148
-1.03135 -1.03963
-1.03037 -1.03949
-1.02998 -1.03743
-1.02873 -1.03872
-1.03086 -1.0364
-1.02857 -1.03795
-1.02791 -1.03736
-1.02796 -1.03708
-1.02874 -1.03701
-1.02617 -1.03736
-1.0263 -1.03337
-1.02561 -1.03846
-1.02373 -1.03677
-1.02425 -1.03552
-1.02491 -1.0373
-1.02642 -1.03416
-1.0245 -1.03723
-1.02593 -1.03678
-1.02373 -1.03576
-1.02455 -1.0375
-1.02399 -1.03706
-1.02273 -1.03712
-1.0239 -1.03361
-1.02246 -1.0371
-1.02454 -1.03629
-1.02354 -1.03471
-1.02233 -1.03835
-1.02535 -1.03395
-1.02053 -1.03934
-1.02413 -1.03492
-1.02368 -1.03616
-1.02068 -1.03897
-1.02639 -1.03313
-1.02085 -1.03781
-1.02417 -1.03707
-1.02462 -1.03372
-1.02249 -1.03482
-1.02208 -1.0363
-1.02395 -1.03285
-1.0241 -1.03458
-1.02288 -1.03701
-1.02373 -1.03303
-1.02553 -1.03207
-1.02199 -1.03749
-1.02504 -1.03311
-1.02386 -1.03509
-1.02485 -1.03167
-1.02292 -1.03806
-1.02519 -1.03257
-1.02304 -1.03465
-1.0242 -1.03505
-1.02212 -1.03263
-1.02222 -1.03342
-1.02091 -1.03425
-1.02379 -1.03241
-1.0202 -1.03773
-1.02482 -1.03229
-1.02436 -1.0323
-1.02245 -1.03744
-1.02487 -1.03309
-1.02595 -1.03311
-1.02096 -1.03671
-1.02276 -1.03207
-1.02051 -1.03719
-1.02197 -1.02964
-1.02127 -1.03376
-1.0196 -1.03415
-1.02327 -1.02985
-1.01938 -1.03719
-1.02279 -1.0337
-1.02232 -1.03242
-1.01972 -1.03261
-1.02197 -1.03513
-1.02263 -1.03356
-1.02012 -1.03515
-1.02039 -1.03321
-1.02013 -1.03197
-1.01895 -1.03306
-1.01836 -1.0326
-1.01901 -1.03115
-1.01959 -1.03263
-1.01998 -1.03245
-1.02005 -1.03137
-1.01936 -1.03225
-1.01954 -1.03239
-1.02005 -1.03256
-1.01903 -1.03418
-1.01895 -1.02951
-1.01801 -1.03274
-1.01754 -1.0316
-1.01765 -1.03249
-1.02156 -1.02915
-1.01724 -1.03672
-1.02145 -1.02824
-1.01913 -1.03238
-1.01702 -1.0327
-1.01853 -1.03125
-1.01616 -1.03293
-1.01715 -1.03033
-1.01734 -1.03358
-1.01823 -1.03157
-1.01796 -1.03215
-1.01807 -1.03131
-1.01887 -1.03186
-1.01797 -1.03099
-1.01531 -1.03227
-1.01865 -1.02797
-1.01718 -1.03189
-1.01852 -1.02874
-1.0168 -1.03235
-1.01787 -1.02861
-1.01516 -1.03024
-1.01673 -1.03001
-1.0198 -1.02964
-1.01729 -1.03214
-1.0193 -1.02898
-1.01706 -1.03132
-1.01741 -1.02784
-1.01665 -1.02825
-1.01774 -1.02954
-1.01531 -1.0289
-1.01765 -1.02984
-1.0156 -1.03203
-1.01718 -1.02564
-1.01576 -1.02867
-1.01361 -1.03234
-1.01783 -1.02722
-1.01445 -1.033
-1.01856 -1.02875
-1.01504 -1.03107
-1.0152 -1.03055
-1.01546 -1.02847
-1.01689 -1.02978
-1.01405 -1.03072
-1.01522 -1.02763
-1.01674 -1.02968
-1.01561 -1.02711
-1.01562 -1.02977
-1.01666 -1.02808
-1.01657 -1.02744
-1.01263 -1.02943
-1.0172 -1.02616
-1.01309 -1.02962
-1.01536 -1.02688
-1.01561 -1.02786
-1.01601 -1.03022
-1.01677 -1.02613
-1.01628 -1.02708
-1.01663 -1.0299
-1.01599 -1.02487
-1.01706 -1.02826
-1.01469 -1.02714
-1.01648 -1.02485
-1.01421 -1.02619
-1.01616 -1.02571
-1.01449 -1.02839
-1.01549 -1.02403
-1.0133 -1.02785
-1.0137 -1.02745
-1.01498 -1.02499
-1.01288 -1.02755
-1.01278 -1.02695
-1.01347 -1.02622
-1.01229 -1.0286
-1.01287 -1.02688
-1.01202 -1.02486
-1.01107 -1.0291
-1.01367 -1.02459
-1.01215 -1.02723
-1.01136 -1.02928
-1.01551 -1.0256
-1.01208 -1.0305
-1.01425 -1.02618
-1.01537 -1.02658
-1.01081 -1.03055
-1.01243 -1.02439
-1.01007 -1.02724
-1.01074 -1.02762
-1.01291 -1.02506
-1.0102 -1.02994
-1.01247 -1.02706
-1.01243 -1.02702
-1.01206 -1.02906
-1.01116 -1.02736
-1.01136 -1.02649
-1.01066 -1.0268
-1.00958 -1.02688
-1.01111 -1.02673
-1.01041 -1.02354
-1.0086 -1.02684
-1.01093 -1.02316
-1.00863 -1.02814
-1.01116 -1.02268
-1.00909 -1.02499
-1.00948 -1.02519
-1.00903 -1.0232
-1.0093 -1.02286
-1.00765 -1.02361
-1.00849 -1.02537
-1.00814 -1.02271
-1.00891 -1.02262
-1.00882 -1.02358
-1.01031 -1.02257
-1.0086 -1.0233
-1.00924 -1.02215
-1.00866 -1.02273
-1.00844 -1.02134
-1.00804 -1.02274
-1.00842 -1.02322
-1.00794 -1.02252
-1.00719 -1.02389
-1.00713 -1.02245
-1.00686 -1.02223
-1.00801 -1.02372
-1.00715 -1.02122
-1.00673 -1.02531
-1.00817 -1.02007
-1.00462 -1.02432
-1.0078 -1.02068
-1.00614 -1.02102
-1.00791 -1.02413
-1.00479 -1.02298
-1.00942 -1.01894
-1.00523 -1.02423
-1.00744 -1.02081
-1.00607 -1.02343
-1.00629 -1.02204
-1.00566 -1.02121
-1.00511 -1.02432
-1.00611 -1.02088
-1.00686 -1.02169
-1.00568 -1.02022
-1.00533 -1.02349
-1.00655 -1.02137
-1.00642 -1.02227
-1.00587 -1.02229
-1.00671 -1.02407
-1.00812 -1.02081
-1.00639 -1.02396
-1.00603 -1.02104
-1.00777 -1.021
-1.00522 -1.02386
-1.00475 -1.02063
-1.00732 -1.02012
-1.00592 -1.02502
-1.007 -1.01999
-1.00572 -1.02207
-1.00691 -1.02157
-1.0061 -1.02121
-1.00609 -1.02358
-1.00563 -1.02107
-1.00327 -1.02307
-1.00549 -1.02088
-1.0028 -1.0208
-1.00304 -1.02261
-1.00539 -1.01771
-1.00354 -1.02043
-1.00189 -1.02127
-1.00388 -1.01609
-1.00117 -1.02215
-1.00336 -1.01804
-1.00253 -1.02065
-1.00284 -1.01944
-1.00239 -1.01893
-1.00043 -1.02309
-1.00461 -1.01681
-0.999706 -1.0227
-1.00233 -1.01784
-1.00109 -1.01951
-0.999705 -1.0191
-1.00037 -1.01891
-0.99885 -1.01956
-1.00033 -1.01932
-1.00032 -1.01588
-1.00039 -1.02106
-1.00058 -1.01694
-1.00046 -1.01981
-0.999508 -1.01815
-1.00192 -1.01965
-1.0013 -1.01968
-1.00036 -1.01951
-0.9993 -1.01967
-1.0026 -1.01681
-0.999371 -1.01906
-0.999657 -1.01749
-0.997956 -1.02016
-0.999011 -1.01642
-0.999903 -1.01478
-0.996363 -1.01875
-0.998499 -1.01605
-0.998562 -1.01704
-0.997977 -1.01962
-0.99754 -1.01867
-1.0011 -1.01568
-0.997462 -1.01999
-1.0004 -1.01897
-0.999546 -1.01599
-0.994787 -1.02065
-0.997863 -1.01354
-0.995729 -1.01423
-0.993559 -1.01918
-0.996305 -1.01562
-0.995022 -1.01575
-0.994283 -1.01735
-0.995356 -1.0169
-0.99629 -1.01675
-0.995205 -1.01516
-0.993683 -1.01796
-0.994444 -1.01494
-0.992851 -1.01825
-0.995355 -1.01222
-0.9922 -1.01642
-0.99277 -1.01542
-0.995696 -1.01397
-0.992657 -1.02037
-0.995743 -1.0153
-0.995297 -1.01533
-0.994001 -1.01762
-0.996513 -1.01662
-0.996156 -1.01434
-0.99218 -1.01833
-0.997436 -1.0147
-0.994742 -1.01705
-0.993292 -1.01676
-0.995569 -1.01419
-0.994302 -1.01646
-0.993961 -1.01665
-0.993589 -1.01731
-0.994653 -1.01516
-0.994362 -1.01805
-0.992315 -1.01588
-0.993276 -1.01473
-0.991551 -1.01562
-0.993438 -1.01474
-0.993705 -1.01643
-0.993714 -1.01528
-0.994633 -1.01476
-0.993384 -1.01604
-0.993723 -1.01317
-0.991545 -1.01407
-0.991808 -1.01472
-0.993765 -1.01582
-0.992567 -1.01439
-0.992243 -1.01652
-0.994515 -1.01496
-0.994395 -1.01621
-0.992763 -1.01723
-0.994447 -1.01228
-0.992131 -1.01444
-0.991218 -1.01593
-0.9948 -1.01002
-0.990297 -1.01909
-0.993586 -1.01372
-0.992432 -1.01439
-0.991192 -1.01599
-0.992779 -1.01392
-0.989741 -1.01598
-0.992086 -1.01481
-0.991244 -1.01313
-0.99069 -1.01619
-0.9916 -1.01362
-0.993063 -1.01304
-0.990632 -1.01584
-0.992447 -1.01165
-0.990811 -1.01538
-0.993421 -1.01275
-0.991667 -1.01326
-0.990063 -1.01517
-0.989594 -1.01462
-0.990669 -1.01357
-0.990962 -1.01143
-0.990149 -1.01471
-0.9905 -1.01436
-0.991841 -1.01458
-0.990511 -1.01416
-0.98985 -1.01302
-0.988722 -1.01544
-0.990842 -1.01024
-0.988036 -1.01426
-0.990132 -1.012
-0.990074 -1.01346
-0.990353 -1.01475
-0.989816 -1.01167
-0.989866 -1.01397
-0.989918 -1.01039
-0.989509 -1.01018
-0.986489 -1.01369
-0.989222 -1.01021
-0.987827 -1.01179
-0.988644 -1.01142
-0.988884 -1.01395
-0.990886 -1.0105
-0.989709 -1.01295
-0.989381 -1.01054
-0.988954 -1.01235
-0.987689 -1.01195
-0.990335 -1.00938
-0.987786 -1.01405
-0.989355 -1.01177
-0.990162 -1.00987
-0.989467 -1.01286
-0.98837 -1.01053
-0.988991 -1.01149
-0.988151 -1.01121
-0.987098 -1.01122
-0.989192 -1.0098
-0.988157 -1.01138
-0.988104 -1.01119
-0.988733 -1.01003
-0.988146 -1.00983
-0.98692 -1.01097
-0.989577 -1.00964
-0.986748 -1.00911
-0.988693 -1.01053
-0.988959 -1.00914
-0.988992 -1.00876
-0.987786 -1.0107
-0.988059 -1.00985
-0.987827 -1.01152
-0.987775 -1.00905
-0.987306 -1.01037
-0.988872 -1.00912
-0.987827 -1.01357
-0.989411 -1.01063
-0.988619 -1.01242
-0.987598 -1.01107
-0.987445 -1.01104
-0.988647 -1.00908
-0.988098 -1.01173
-0.985402 -1.01424
-0.99001 -1.00808
-0.986264 -1.01074
-0.988948 -1.01115
-0.986753 -1.00961
-0.9874 -1.00874
-0.986286 -1.01215
-0.986585 -1.00832
-0.987523 -1.01034
-0.986346 -1.00894
-0.986511 -1.00963
-0.987868 -1.00717
-0.986088 -1.0106
-0.986315 -1.00909
-0.986713 -1.0074
-0.985412 -1.01002
-0.985677 -1.00997
-0.986014 -1.00978
-0.985438 -1.00955
-0.987936 -1.01005
-0.985073 -1.01002
-0.985592 -1.00889
-0.985087 -1.00643
-0.98407 -1.00936
-0.983397 -1.00956
-0.985234 -1.00766
-0.982767 -1.01008
-0.984521 -1.00861
-0.983955 -1.00978
-0.982772 -1.00844
-0.984079 -1.00383
-0.982577 -1.01115
-0.985216 -1.00299
-0.983288 -1.00903
-0.983734 -1.00686
-0.982799 -1.00712
-0.981809 -1.00975
-0.983369 -1.00671
-0.984596 -1.00545
-0.981602 -1.00999
-0.983817 -1.00667
-0.984879 -1.00662
-0.981668 -1.00779
-0.983705 -1.00537
-0.983238 -1.00702
-0.984058 -1.00645
-0.983019 -1.00761
-0.983319 -1.00772
-0.984052 -1.00429
-0.982381 -1.0071
-0.983282 -1.00434
-0.98283 -1.00574
-0.981719 -1.00439
-0.981403 -1.00569
-0.982344 -1.00407
-0.981041 -1.0059
-0.981782 -1.0042
-0.978592 -1.00819
-0.980808 -1.00565
-0.980398 -1.00271
-0.978631 -1.00619
-0.963042 -0.981947
-0.929269 -0.912662
-0.926245 -0.906153
-0.924985 -0.90781
-0.925714 -0.909151
-0.923244 -0.908129
-0.925071 -0.908141
-0.925026 -0.908013
-0.922858 -0.908404
-0.924987 -0.907489
-0.92466 -0.909343
-0.923475 -0.907028
-0.923853 -0.910779
-0.925804 -0.907012
-0.925163 -0.907574
-0.925465 -0.907906
-0.924492 -0.908357
-0.926361 -0.906804
-0.924451 -0.909489
-0.925116 -0.906442
-0.924277 -0.908767
-0.923796 -0.907151
-0.924821 -0.907675
-0.925045 -0.907545
-0.922471 -0.909053
-0.924536 -0.908152
-0.924491 -0.906765
-0.923344 -0.908924
-0.92529 -0.904248
-0.922051 -0.910251
-0.924351 -0.90566
-0.922948 -0.90768
-0.923044 -0.906008
-0.920761 -0.906536
-0.924067 -0.907599
-0.92236 -0.904677
-0.923118 -0.906636
-0.920837 -0.907058
-0.922891 -0.90691
-0.922899 -0.904589
-0.923213 -0.906937
-0.91943 -0.906059
-0.921897 -0.905792
-0.920167 -0.904901
-0.920294 -0.90622
-0.918939 -0.90521
-0.920376 -0.90331
-0.918288 -0.905568
-0.919382 -0.902466
-0.915916 -0.907607
-0.918578 -0.903565
-0.91679 -0.904482
-0.917682 -0.903955
-0.916522 -0.904561
-0.917396 -0.904615
-0.917025 -0.903049
-0.916365 -0.905048
-0.915169 -0.902768
-0.916996 -0.904627
-0.916443 -0.900551
-0.914372 -0.905336
-0.91641 -0.90304
-0.915681 -0.903252
-0.914655 -0.90482
-0.914888 -0.904564
-0.915494 -0.902175
-0.913692 -0.903697
-0.914204 -0.904059
-0.911845 -0.902654
-0.913826 -0.904219
-0.912249 -0.902073
-0.912146 -0.902541
-0.911599 -0.903382
-0.911109 -0.900379
-0.910925 -0.903571
-0.909669 -0.902938
-0.911134 -0.902486
-0.912031 -0.902535
-0.910639 -0.903482
-0.910352 -0.902919
-0.911212 -0.902398
-0.909505 -0.903129
-0.910223 -0.901459
-0.909118 -0.903556
-0.90802 -0.901393
-0.909269 -0.902079
-0.908503 -0.903314
-0.908886 -0.902189
-0.908481 -0.9007
-0.907277 -0.904084
-0.906956 -0.901095
-0.907579 -0.90001
-0.904289 -0.901596
-0.906187 -0.899957
-0.90658 -0.901714
-0.904301 -0.900528
-0.905975 -0.900508
-0.904722 -0.902042
-0.904635 -0.900635
-0.902864 -0.89781
-0.902056 -0.900781
-0.900367 -0.899541
-0.900931 -0.89857
-0.902307 -0.899018
-0.899597 -0.899168
-0.900968 -0.897804
-0.899852 -0.899257
-0.900357 -0.897997
-0.89897 -0.898165
-0.900052 -0.90016
-0.89798 -0.898354
-0.899486 -0.897571
-0.898229 -0.898297
-0.896322 -0.897367
-0.895016 -0.898882
-0.897495 -0.895057
-0.892632 -0.897415
-0.895912 -0.897582
-0.893778 -0.896047
-0.893621 -0.897443
-0.893938 -0.895433
-0.893479 -0.895276
-0.892479 -0.897056
-0.892607 -0.896781
-0.892917 -0.893834
-0.88965 -0.897539
-0.892622 -0.894206
-0.891841 -0.89431
-0.890995 -0.89633
-0.89216 -0.894084
-0.888899 -0.896678
-0.891213 -0.894157
-0.891329 -0.894366
-0.887733 -0.895534
-0.889445 -0.894212
-0.888684 -0.894537
-0.887672 -0.892712
-0.888859 -0.893235
-0.886098 -0.894994
-0.887263 -0.890496
-0.887833 -0.892831
-0.886441 -0.894001
-0.886498 -0.892411
-0.886653 -0.89286
-0.885849 -0.893178
-0.885598 -0.894177
-0.883678 -0.892283
-0.884727 -0.892129
-0.88318 -0.892867
-0.883284 -0.892518
-0.882497 -0.891901
-0.883594 -0.890654
-0.880849 -0.89183
-0.881996 -0.891068
-0.881471 -0.891594
-0.880611 -0.892011
-0.882226 -0.891461
-0.881974 -0.889752
-0.880644 -0.892903
-0.881206 -0.890431
-0.881369 -0.891128
-0.881043 -0.892602
-0.88068 -0.894722
-0.882234 -0.88911
-0.882128 -0.892094
-0.879882 -0.89347
-0.881519 -0.890616
-0.880439 -0.890842
-0.882589 -0.890583
-0.880498 -0.892388
-0.88117 -0.890532
-0.88317 -0.890457
-0.881455 -0.891503
-0.881299 -0.891726
-0.881532 -0.890768
-0.882087 -0.890846
-0.882146 -0.891207
-0.881885 -0.891222
-0.882603 -0.890862
-0.882994 -0.891118
-0.882472 -0.889835
-0.88246 -0.89201
-0.882165 -0.889927
-0.882349 -0.890607
-0.880946 -0.891201
-0.880969 -0.891741
-0.88215 -0.888965
-0.880456 -0.892978
-0.880772 -0.88914
-0.879535 -0.891099
-0.880639 -0.889494
-0.880876 -0.887828
-0.878586 -0.891483
-0.879726 -0.88928
-0.880712 -0.889204
-0.87921 -0.889991
-0.881389 -0.888759
-0.879329 -0.891393
-0.880777 -0.887516
-0.879713 -0.891849
-0.878419 -0.890333
-0.880024 -0.888904
-0.879384 -0.890809
-0.87984 -0.888709
-0.878766 -0.890527
-0.879954 -0.887437
-0.879707 -0.888937
-0.879005 -0.890623
-0.88067 -0.887492
-0.879304 -0.889573
-0.879082 -0.889598
-0.878621 -0.888972
-0.879531 -0.888884
-0.880585 -0.888423
-0.878873 -0.890589
-0.882498 -0.888033
-0.879527 -0.888816
-0.881499 -0.889071
-0.882692 -0.887555
-0.879926 -0.888903
-0.880976 -0.888773
-0.879808 -0.888582
-0.880071 -0.885531
-0.879581 -0.890758
-0.878464 -0.886195
-0.879841 -0.887635
-0.878877 -0.888237
-0.879342 -0.888028
-0.880306 -0.887354
-0.87986 -0.888628
-0.87819 -0.888641
-0.879603 -0.888637
-0.87914 -0.887454
-0.878648 -0.887126
-0.879967 -0.888607
-0.878562 -0.888185
-0.88009 -0.887062
-0.879251 -0.888287
-0.880602 -0.88748
-0.877593 -0.888367
-0.880873 -0.886078
-0.879367 -0.886065
-0.879221 -0.888938
-0.878781 -0.887199
-0.880006 -0.886932
-0.880583 -0.88665
-0.880032 -0.887229
-0.881031 -0.88854
-0.881882 -0.889272
-0.880819 -0.887008
-0.880703 -0.889808
-0.881084 -0.88921
-0.879918 -0.887593
-0.881827 -0.886898
-0.879696 -0.890061
-0.880354 -0.887304
-0.881622 -0.887525
-0.880083 -0.887215
-0.881087 -0.890254
-0.880784 -0.885952
-0.87906 -0.888196
-0.880091 -0.886388
-0.878335 -0.888784
-0.880211 -0.88714
-0.87924 -0.88711
-0.877802 -0.888498
-0.879389 -0.887128
-0.877286 -0.886923
-0.877351 -0.886413
-0.878497 -0.887466
-0.877172 -0.886334
-0.877117 -0.886115
-0.876107 -0.889059
-0.879089 -0.884423
-0.87598 -0.887931
-0.876133 -0.88487
-0.87815 -0.886987
-0.875185 -0.888222
-0.877255 -0.884623
-0.875145 -0.885313
-0.874649 -0.887503
-0.875755 -0.884891
-0.875404 -0.885724
-0.874415 -0.884842
-0.874595 -0.884406
-0.874253 -0.883775
-0.873603 -0.88747
-0.875691 -0.881681
-0.872806 -0.886267
-0.876548 -0.885193
-0.874223 -0.883987
-0.876205 -0.884832
-0.874627 -0.886454
-0.875781 -0.883474
-0.875549 -0.886432
-0.8765 -0.883623
-0.876744 -0.885713
-0.875024 -0.885701
-0.877407 -0.883251
-0.876229 -0.887063
-0.878356 -0.88468
-0.877143 -0.8845
-0.8763 -0.883923
-0.877784 -0.886088
-0.877592 -0.883532
-0.87613 -0.885596
-0.876776 -0.882652
-0.875664 -0.885375
-0.87713 -0.882814
-0.875448 -0.883255
-0.875502 -0.883658
-0.87599 -0.883825
-0.875896 -0.88371
-0.876455 -0.883455
-0.8768 -0.884499
-0.876721 -0.88448
-0.877175 -0.88495
-0.876165 -0.88593
-0.87848 -0.882588
-0.87492 -0.885075
-0.87544 -0.882513
-0.875307 -0.883232
-0.877056 -0.882926
-0.875173 -0.883403
-0.877791 -0.881965
-0.875832 -0.883702
-0.876227 -0.882617
-0.876638 -0.883633
-0.875005 -0.884413
-0.877304 -0.883736
-0.874994 -0.88323
-0.876493 -0.883763
-0.875208 -0.883004
-0.876187 -0.88286
-0.874915 -0.884952
-0.875148 -0.882475
-0.875818 -0.882912
-0.875092 -0.882875
-0.874025 -0.884436
-0.875498 -0.883734
-0.873481 -0.882635
-0.875304 -0.883381
-0.874471 -0.881565
-0.872406 -0.882418
-0.873158 -0.882456
-0.873951 -0.881063
-0.871262 -0.881892
-0.873393 -0.88303
-0.872823 -0.881316
-0.872594 -0.883845
-0.87416 -0.883003
-0.874478 -0.882384
-0.874004 -0.883684
-0.874708 -0.882752
-0.874174 -0.883237
-0.874687 -0.882127
-0.873635 -0.88379
-0.87613 -0.882071
-0.872234 -0.884594
-0.875531 -0.879354
-0.873014 -0.883159
-0.875028 -0.881781
-0.873423 -0.8826
-0.873833 -0.881242
-0.873874 -0.882921
-0.874739 -0.882059
-0.872627 -0.881787
-0.875779 -0.882104
-0.873323 -0.882863
-0.873329 -0.88388
-0.87501 -0.880625
-0.872055 -0.881487
-0.873166 -0.88307
-0.87355 -0.881152
-0.873986 -0.882595
-0.873805 -0.883516
-0.875934 -0.882034
-0.873687 -0.882145
-0.874953 -0.882192
-0.873445 -0.88282
-0.874998 -0.881008
-0.874892 -0.882101
-0.872915 -0.882563
-0.873354 -0.880523
-0.874088 -0.879131
-0.872809 -0.881168
-0.872853 -0.882089
-0.873578 -0.880148
-0.874639 -0.881404
-0.87323 -0.882009
-0.875262 -0.880635
-0.874057 -0.880795
-0.873624 -0.883474
-0.874176 -0.879653
-0.874832 -0.882753
-0.874755 -0.880127
-0.873552 -0.881782
-0.875094 -0.883545
-0.874458 -0.880055
-0.874705 -0.881896
-0.873356 -0.881973
-0.874647 -0.88085
-0.875895 -0.8821
-0.87321 -0.882785
-0.876073 -0.880915
-0.876552 -0.881466
-0.874682 -0.881113
-0.87485 -0.88368
-0.875681 -0.881433
-0.87504 -0.879528
-0.873729 -0.883873
-0.874137 -0.880555
-0.873924 -0.881354
-0.873855 -0.880359
-0.872603 -0.882287
-0.873524 -0.881915
-0.874182 -0.880088
-0.873207 -0.882567
-0.873281 -0.880737
-0.873052 -0.880983
-0.87214 -0.881147
-0.871699 -0.880869
-0.872103 -0.880196
-0.872706 -0.879522
-0.872801 -0.881085
-0.871686 -0.880928
-0.872962 -0.880541
-0.874157 -0.880385
-0.870865 -0.880477
-0.871865 -0.880582
-0.873445 -0.880015
-0.871133 -0.879236
-0.871498 -0.881975
-0.873398 -0.879958
-0.871448 -0.88147
-0.873711 -0.879559
-0.871619 -0.880548
-0.872509 -0.881061
-0.872375 -0.880247
-0.872346 -0.87982
-0.872283 -0.880079
-0.871993 -0.880988
-0.872435 -0.878647
-0.870749 -0.880416
-0.873957 -0.878277
-0.871082 -0.880336
-0.873009 -0.880291
-0.872981 -0.879139
-0.872321 -0.878147
-0.872307 -0.880165
-0.87261 -0.882126
-0.873066 -0.876996
-0.870813 -0.881792
-0.871775 -0.878911
-0.872335 -0.879599
-0.872044 -0.879679
-0.872809 -0.880054
-0.873129 -0.879795
-0.873935 -0.880099
-0.87305 -0.880332
-0.873373 -0.87985
-0.872589 -0.880257
-0.871933 -0.880545
-0.873888 -0.878774
-0.872761 -0.878641
-0.871801 -0.879885
-0.87228 -0.880741
-0.873037 -0.879595
-0.871974 -0.879842
-0.871965 -0.879251
-0.872535 -0.877828
-0.869421 -0.879826
-0.871658 -0.879399
-0.868553 -0.878392
-0.870004 -0.877866
-0.869602 -0.878142
-0.868899 -0.877996
-0.869566 -0.880005
-0.871571 -0.877879
-0.870177 -0.880781
-0.871321 -0.878181
-0.871163 -0.879858
-0.870105 -0.878627
-0.87083 -0.878273
-0.871944 -0.878372
-0.869288 -0.878143
-0.871302 -0.878544
-0.869034 -0.879231
-0.87087 -0.876907
-0.870867 -0.878172
-0.869531 -0.877652
-0.869334 -0.880666
-0.872923 -0.877526
-0.870228 -0.877628
-0.869604 -0.878573
-0.872902 -0.878793
-0.867919 -0.879529
-0.872275 -0.878414
-0.869603 -0.876651
-0.869943 -0.878337
-0.869652 -0.878242
-0.86913 -0.877399
-0.870819 -0.875834
-0.869318 -0.879183
-0.869623 -0.878647
-0.869729 -0.878311
-0.869921 -0.876977
-0.870897 -0.877466
-0.868599 -0.878403
-0.868922 -0.876307
-0.870289 -0.876816
-0.868246 -0.876636
-0.869374 -0.876657
-0.867636 -0.87839
-0.869283 -0.876054
-0.869599 -0.877938
-0.868726 -0.876726
-0.869824 -0.878795
-0.869574 -0.878604
-0.869503 -0.876934
-0.868789 -0.879634
-0.870676 -0.875703
-0.869128 -0.878348
-0.869303 -0.87739
-0.870438 -0.878519
-0.868175 -0.878783
-0.870442 -0.876101
-0.869328 -0.878445
-0.867825 -0.877909
-0.867863 -0.879107
-0.871416 -0.875718
-0.868709 -0.877875
-0.870676 -0.878014
-0.868353 -0.879145
-0.871388 -0.87605
-0.868634 -0.876503
-0.868376 -0.876781
-0.868811 -0.875682
-0.868232 -0.878277
-0.86839 -0.874862
-0.869418 -0.878585
-0.869242 -0.876069
-0.87061 -0.877693
-0.869015 -0.877654
-0.870545 -0.87746
-0.8722 -0.877622
-0.869707 -0.878412
-0.871067 -0.877372
-0.870072 -0.877169
-0.87054 -0.876374
-0.867912 -0.879551
-0.87029 -0.875091
-0.868284 -0.87753
-0.868517 -0.877172
-0.868928 -0.875495
-0.867396 -0.877253
-0.869037 -0.876745
-0.868835 -0.876501
-0.867648 -0.878289
-0.86959 -0.874503
-0.869097 -0.879439
-0.868385 -0.875612
-0.869225 -0.878568
-0.867826 -0.875515
-0.86929 -0.877633
-0.867533 -0.876078
-0.866994 -0.875584
-0.868323 -0.877579
-0.867459 -0.876189
-0.867229 -0.877482
-0.868667 -0.875373
-0.868175 -0.877509
-0.866708 -0.877872
-0.8682 -0.877524
-0.868542 -0.874012
-0.865492 -0.879876
-0.867005 -0.87612
-0.867685 -0.875098
-0.865935 -0.878564
-0.867638 -0.875027
-0.867181 -0.877575
-0.866858 -0.877219
-0.868 -0.875741
-0.867511 -0.874671
-0.865428 -0.877717
-0.867248 -0.875206
-0.865314 -0.876726
-0.866847 -0.87519
-0.865048 -0.87631
-0.865567 -0.875638
-0.865678 -0.874297
-0.865081 -0.87632
-0.866631 -0.875408
-0.864719 -0.875603
-0.864766 -0.875058
-0.865062 -0.876786
-0.865424 -0.873285
-0.865312 -0.876511
-0.865139 -0.87615
-0.866996 -0.87479
-0.864981 -0.876139
-0.864729 -0.874706
-0.863455 -0.874818
-0.865592 -0.871702
-0.862736 -0.875056
-0.863992 -0.875998
-0.865496 -0.873086
-0.86498 -0.874507
-0.865536 -0.875802
-0.866186 -0.87319
-0.864417 -0.876738
-0.865583 -0.872506
-0.863603 -0.873606
-0.864052 -0.874308
-0.864992 -0.871948
-0.863789 -0.873219
-0.863496 -0.87558
-0.863549 -0.871779
-0.864262 -0.875057
-0.863989 -0.872273
-0.864336 -0.873731
-0.863171 -0.874918
-0.865999 -0.872724
-0.864037 -0.874073
-0.865129 -0.87307
-0.864981 -0.874099
-0.863477 -0.873679
-0.864509 -0.873551
-0.864792 -0.874262
-0.866255 -0.872297
-0.864288 -0.873956
-0.865568 -0.87496
-0.865022 -0.871225
-0.864917 -0.875237
-0.864787 -0.873119
-0.863764 -0.874673
-0.865535 -0.871064
-0.865185 -0.875211
-0.865133 -0.872711
-0.864671 -0.872647
-0.865371 -0.873157
-0.865809 -0.872365
-0.864655 -0.874404
-0.865342 -0.872024
-0.864984 -0.871476
-0.864527 -0.873694
-0.863721 -0.872437
-0.86544 -0.871187
-0.864674 -0.872477
-0.864226 -0.871672
-0.863771 -0.873504
-0.864174 -0.870192
-0.863565 -0.873672
-0.865098 -0.870844
-0.864586 -0.872444
-0.866071 -0.873501
-0.863336 -0.871913
-0.864613 -0.871686
-0.863899 -0.87366
-0.864329 -0.870476
-0.863603 -0.874393
-0.86412 -0.871783
-0.863668 -0.872408
-0.862723 -0.872204
-0.863511 -0.871808
-0.863154 -0.871466
-0.863318 -0.873049
-0.861701 -0.873047
-0.863962 -0.87151
-0.862283 -0.871463
-0.862877 -0.872048
-0.862572 -0.873365
-0.864312 -0.87026
-0.86306 -0.872789
-0.862765 -0.870702
-0.863947 -0.872655
-0.863195 -0.87227
-0.863791 -0.871354
-0.864063 -0.872245
-0.864269 -0.871845
-0.862954 -0.87382
-0.863493 -0.87189
-0.864512 -0.873117
-0.862902 -0.871818
-0.865981 -0.870452
-0.862578 -0.87403
-0.863876 -0.87
-0.864025 -0.871893
-0.862776 -0.871838
-0.863555 -0.871301
-0.863592 -0.870486
-0.863151 -0.872875
-0.863686 -0.87308
-0.864337 -0.870566
-0.863034 -0.871471
-0.862912 -0.873908
-0.8647 -0.870089
-0.862938 -0.872277
-0.863368 -0.87288
-0.862521 -0.869696
-0.862581 -0.87379
-0.861226 -0.871859
-0.863497 -0.870526
-0.861893 -0.873428
-0.862121 -0.871747
-0.86438 -0.870741
-0.863088 -0.873929
-0.864735 -0.870587
-0.864307 -0.873065
-0.863427 -0.873274
-0.862857 -0.870687
-0.863083 -0.872923
-0.86342 -0.870836
-0.861018 -0.872035
-0.863414 -0.871184
-0.860414 -0.871536
-0.863126 -0.871219
-0.860587 -0.872191
-0.861881 -0.870095
-0.861585 -0.871223
-0.86173 -0.871613
-0.862855 -0.871477
-0.862017 -0.871094
-0.862346 -0.872485
-0.862074 -0.87149
-0.862158 -0.870345
-0.862896 -0.871736
-0.861225 -0.87114
-0.860953 -0.872498
-0.862377 -0.870876
-0.862395 -0.869111
-0.859712 -0.87268
-0.859313 -0.870819
-0.86239 -0.869948
-0.860488 -0.87136
-0.859885 -0.870426
-0.862 -0.872004
-0.860007 -0.870986
-0.861513 -0.869256
-0.860684 -0.871655
-0.861406 -0.871051
-0.861557 -0.87267
-0.861432 -0.870528
-0.861405 -0.870945
-0.861828 -0.870656
-0.85985 -0.872695
-0.86156 -0.871628
-0.860691 -0.870485
-0.859715 -0.871983
-0.860516 -0.869766
-0.859838 -0.873278
-0.860892 -0.870328
-0.85983 -0.872063
-0.861137 -0.870743
-0.861001 -0.871167
-0.859701 -0.872937
-0.86128 -0.871811
-0.861161 -0.870284
-0.861103 -0.871449
-0.860511 -0.872882
-0.860451 -0.87156
-0.861348 -0.871059
-0.8581 -0.872341
-0.86224 -0.8706
-0.860084 -0.872661
-0.860179 -0.870164
-0.861716 -0.871681
-0.859158 -0.871139
-0.860536 -0.871747
-0.86115 -0.871396
-0.861245 -0.870356
-0.861832 -0.87143
-0.861415 -0.872101
-0.859636 -0.870389
-0.862433 -0.871257
-0.859702 -0.871364
-0.861343 -0.87012
-0.859972 -0.871293
-0.862367 -0.870076
-0.859974 -0.871368
-0.860667 -0.869307
-0.861658 -0.871176
-0.859873 -0.871901
-0.860723 -0.869972
-0.861019 -0.871146
-0.860079 -0.870584
-0.861561 -0.868617
-0.85901 -0.8727
-0.861013 -0.869394
-0.859642 -0.870557
-0.861608 -0.870235
-0.858602 -0.871988
-0.860324 -0.870056
-0.861326 -0.869891
-0.860223 -0.871963
-0.860183 -0.870702
-0.860228 -0.869946
-0.860914 -0.869823
-0.859816 -0.8705
-0.860012 -0.870654
-0.859605 -0.86991
-0.858715 -0.870254
-0.860174 -0.867874
-0.858527 -0.871022
-0.859479 -0.869265
-0.859905 -0.870948
-0.859792 -0.868741
-0.859292 -0.871363
-0.859263 -0.869261
-0.858133 -0.870601
-0.859495 -0.869794
-0.859218 -0.870406
-0.860254 -0.869323
-0.857738 -0.8719
-0.860168 -0.868901
-0.858192 -0.86936
-0.85852 -0.8706
-0.858563 -0.869966
-0.857944 -0.869959
-0.858925 -0.869119
-0.859216 -0.869927
-0.857293 -0.870722
-0.859195 -0.87035
-0.85997 -0.868114
-0.859132 -0.870708
-0.857738 -0.871078
-0.858377 -0.870807
-0.858486 -0.868709
-0.859034 -0.870117
-0.858802 -0.871841
-0.857882 -0.870799
-0.858429 -0.869565
-0.859757 -0.870142
-0.858171 -0.869897
-0.858948 -0.872002
-0.860403 -0.866983
-0.857534 -0.871633
-0.858838 -0.869889
-0.857812 -0.868666
-0.856562 -0.87068
-0.858848 -0.869163
-0.857071 -0.869121
-0.857258 -0.871439
-0.8583 -0.868185
-0.857699 -0.870703
-0.858768 -0.870197
-0.859304 -0.868005
-0.858629 -0.870488
-0.858249 -0.87063
-0.859738 -0.867199
-0.859123 -0.870246
-0.859198 -0.87003
-0.859012 -0.868823
-0.858584 -0.868805
-0.858616 -0.869163
-0.85792 -0.869007
-0.857526 -0.868015
-0.85703 -0.870554
-0.859516 -0.867592
-0.857109 -0.870908
-0.860807 -0.868183
-0.85781 -0.87119
-0.858949 -0.868446
-0.857594 -0.869578
-0.859417 -0.868792
-0.858161 -0.868876
-0.858972 -0.867841
-0.857622 -0.87042
-0.858278 -0.865954
-0.856205 -0.869704
-0.857849 -0.868585
-0.858388 -0.867842
-0.857076 -0.869651
-0.857623 -0.867872
-0.858549 -0.870509
-0.858395 -0.866806
-0.856939 -0.869232
-0.857429 -0.868435
-0.85862 -0.867441
-0.859236 -0.867834
-0.859668 -0.870054
-0.858099 -0.868586
-0.860595 -0.870137
-0.859759 -0.867632
-0.858991 -0.869789
-0.859442 -0.870786
-0.858708 -0.867709
-0.859297 -0.867841
-0.858693 -0.869315
-0.859241 -0.868122
-0.858404 -0.870105
-0.859885 -0.865981
-0.857965 -0.870648
-0.857955 -0.866695
-0.858471 -0.867168
-0.857566 -0.869701
-0.858037 -0.867947
-0.858487 -0.868812
-0.859147 -0.868075
-0.858333 -0.869097
-0.859652 -0.869987
-0.858283 -0.867012
-0.85966 -0.867999
-0.858921 -0.869993
-0.859299 -0.867017
-0.858851 -0.869806
-0.859457 -0.867211
-0.859084 -0.868901
-0.858255 -0.870036
-0.859548 -0.868559
-0.857154 -0.86805
-0.858831 -0.86821
-0.857899 -0.869427
-0.855885 -0.869027
-0.858962 -0.86604
-0.856875 -0.869581
-0.858354 -0.867816
-0.856664 -0.86839
-0.858442 -0.869609
-0.857963 -0.867777
-0.857497 -0.867771
-0.858571 -0.867799
-0.857383 -0.868206
-0.858833 -0.868747
-0.857475 -0.866914
-0.858471 -0.868269
-0.858725 -0.868079
-0.857218 -0.867687
-0.858932 -0.867847
-0.856826 -0.867638
-0.857927 -0.867098
-0.857282 -0.870104
-0.858567 -0.866422
-0.856293 -0.869427
-0.858663 -0.866747
-0.856824 -0.867044
-0.857698 -0.867551
-0.857238 -0.866435
-0.856289 -0.871622
-0.859559 -0.8636
-0.856961 -0.868274
-0.856801 -0.867372
-0.856991 -0.868462
-0.857168 -0.867108
-0.856017 -0.866869
-0.857886 -0.867521
-0.85637 -0.866807
-0.856844 -0.867094
-0.857603 -0.867458
-0.854744 -0.86628
-0.859005 -0.867597
-0.856985 -0.866159
-0.856941 -0.867911
-0.857211 -0.867926
-0.858416 -0.865584
-0.855573 -0.86715
-0.857804 -0.870147
-0.858344 -0.86487
-0.856917 -0.867452
-0.856897 -0.866917
-0.857978 -0.867283
-0.857538 -0.866647
-0.857275 -0.865838
-0.85807 -0.867848
-0.857475 -0.867994
-0.857211 -0.86626
-0.858164 -0.866047
-0.85734 -0.86524
-0.854982 -0.86864
-0.855702 -0.866059
-0.855636 -0.864205
-0.855076 -0.866292
-0.853215 -0.867129
-0.856299 -0.865696
-0.855398 -0.86641
-0.85571 -0.865374
-0.854475 -0.867106
-0.855353 -0.864888
-0.854252 -0.868769
-0.855382 -0.862066
-0.853177 -0.866648
-0.854626 -0.866113
-0.853781 -0.866727
-0.855744 -0.86431
-0.854518 -0.86756
-0.854208 -0.864557
-0.854571 -0.866423
-0.853105 -0.867929
-0.854335 -0.863385
-0.853627 -0.86724
-0.854812 -0.863339
-0.85305 -0.865869
-0.853827 -0.865293
-0.853 -0.862831
-0.853323 -0.866227
-0.853028 -0.864499
-0.853658 -0.864128
-0.852999 -0.867308
-0.853523 -0.86401
-0.855015 -0.865985
-0.853735 -0.865974
-0.853612 -0.865588
-0.852848 -0.865698
-0.854322 -0.864511
-0.853841 -0.865617
-0.852836 -0.865644
-0.85511 -0.865263
-0.853503 -0.864727
-0.854938 -0.865912
-0.854332 -0.866031
-0.855837 -0.862714
-0.854786 -0.866456
-0.854937 -0.866
-0.85594 -0.863416
-0.854038 -0.86659
-0.855104 -0.86518
-0.855069 -0.862664
-0.853685 -0.867528
-0.854363 -0.864399
-0.853447 -0.863445
-0.85395 -0.865258
-0.852638 -0.865711
-0.854059 -0.865576
-0.853378 -0.863586
-0.853941 -0.863178
-0.851895 -0.866262
-0.854075 -0.863338
-0.85295 -0.86419
-0.852277 -0.863066
-0.852822 -0.864136
-0.85234 -0.864705
-0.851513 -0.861236
-0.853013 -0.864597
-0.851485 -0.864379
-0.851503 -0.863504
-0.851543 -0.863451
-0.85079 -0.863528
-0.851486 -0.864094
-0.851379 -0.863352
-0.850109 -0.863527
-0.852339 -0.863951
-0.850833 -0.863715
-0.85008 -0.862451
-0.850649 -0.863453
-0.8499 -0.863091
-0.85047 -0.860466
-0.850293 -0.862524
-0.849029 -0.862433
-0.850465 -0.863609
-0.850677 -0.860537
-0.84945 -0.862445
-0.849798 -0.86411
-0.851192 -0.861767
-0.851097 -0.86274
-0.852129 -0.862646
-0.850064 -0.864159
-0.853464 -0.862328
-0.851521 -0.863994
-0.851569 -0.86389
-0.85304 -0.862062
-0.851755 -0.864082
-0.851405 -0.863824
-0.852628 -0.862267
-0.851887 -0.863529
-0.852193 -0.863756
-0.851115 -0.862614
-0.852696 -0.86318
-0.852461 -0.863676
-0.852414 -0.862697
-0.8524 -0.863138
-0.854006 -0.863508
-0.851469 -0.863537
-0.853813 -0.862702
-0.851335 -0.864934
-0.852116 -0.862204
-0.852632 -0.863996
-0.852187 -0.861976
-0.852314 -0.862565
-0.852561 -0.863602
-0.852244 -0.863872
-0.853447 -0.862445
-0.852175 -0.864167
-0.852092 -0.863745
-0.852683 -0.862022
-0.852346 -0.866236
-0.852726 -0.861794
-0.8527 -0.862405
-0.852423 -0.864847
-0.851773 -0.863104
-0.852632 -0.862784
-0.851178 -0.863482
-0.851695 -0.863596
-0.851299 -0.862874
-0.852723 -0.859849
-0.84907 -0.86669
-0.851815 -0.861795
-0.851524 -0.862766
-0.85165 -0.861139
-0.850544 -0.863999
-0.852188 -0.862455
-0.851315 -0.861457
-0.85291 -0.861649
-0.851468 -0.864764
-0.852003 -0.861858
-0.851704 -0.861891
-0.8526 -0.863132
-0.851918 -0.861492
-0.850719 -0.862491
-0.852165 -0.862574
-0.851396 -0.860114
-0.852049 -0.860589
-0.850399 -0.863381
-0.850056 -0.863632
-0.85194 -0.859773
-0.850386 -0.863529
-0.850602 -0.861057
-0.851497 -0.863751
-0.85166 -0.862734
-0.851017 -0.862394
-0.851925 -0.861232
-0.852439 -0.86262
-0.849168 -0.864943
-0.851245 -0.860691
-0.850212 -0.863767
-0.851453 -0.861231
-0.85086 -0.865023
-0.851859 -0.861851
-0.851701 -0.862717
-0.851266 -0.863955
-0.851391 -0.861669
-0.851628 -0.862379
-0.850687 -0.861664
-0.849385 -0.863138
-0.851157 -0.861615
-0.850719 -0.86126
-0.850792 -0.862643
-0.850145 -0.862016
-0.850927 -0.861115
-0.851787 -0.861553
-0.850754 -0.863305
-0.850206 -0.862651
-0.851382 -0.861964
-0.849754 -0.860968
-0.851489 -0.860719
-0.84938 -0.861811
-0.849249 -0.862156
-0.851118 -0.860408
-0.850464 -0.861216
-0.850988 -0.861927
-0.850624 -0.860185
-0.851354 -0.862509
-0.852242 -0.861099
-0.849993 -0.862294
-0.852744 -0.860746
-0.850267 -0.862103
-0.850733 -0.86162
-0.850928 -0.862211
-0.849977 -0.861329
-0.851746 -0.862289
-0.849358 -0.862489
-0.851514 -0.860543
-0.850827 -0.862876
-0.85018 -0.86279
-0.850496 -0.862248
-0.849929 -0.860344
-0.851426 -0.860943
-0.849786 -0.86173
-0.849672 -0.862159
-0.848989 -0.861477
-0.850564 -0.860663
-0.849261 -0.862144
-0.849597 -0.86149
-0.849531 -0.861114
-0.851684 -0.861274
-0.849343 -0.861285
-0.850624 -0.862091
-0.850297 -0.862383
-0.851067 -0.862875
-0.849565 -0.861994
-0.850058 -0.861701
-0.850016 -0.862125
-0.850324 -0.86118
-0.84888 -0.861638
-0.850018 -0.860573
-0.849277 -0.861347
-0.850118 -0.86097
-0.849599 -0.861424
-0.848852 -0.860291
-0.850419 -0.860706
-0.848552 -0.861383
-0.848781 -0.860696
-0.849953 -0.861425
-0.847819 -0.861631
-0.848903 -0.861598
-0.848563 -0.861747
-0.847412 -0.859095
-0.848936 -0.860262
-0.847649 -0.86147
-0.848728 -0.860258
-0.845901 -0.861792
-0.847511 -0.859729
-0.846414 -0.860551
-0.847392 -0.859654
-0.846771 -0.861105
-0.848129 -0.861634
-0.847184 -0.858744
-0.848331 -0.863164
-0.847877 -0.86021
-0.846733 -0.860841
-0.848808 -0.860616
-0.845835 -0.861446
-0.848688 -0.859801
-0.845602 -0.862913
-0.847411 -0.859831
-0.846711 -0.862588
-0.847422 -0.858764
-0.848878 -0.860591
-0.8464 -0.863116
-0.848409 -0.859081
-0.848092 -0.861602
-0.847302 -0.859801
-0.84665 -0.860993
-0.846345 -0.86091
-0.847348 -0.859812
-0.845663 -0.861149
-0.846238 -0.860275
-0.844871 -0.861159
-0.846479 -0.860594
-0.845522 -0.86032
-0.844561 -0.859675
