0 0
-0.0525153 -0.0492806
-0.104121 -0.0980947
-0.15481 -0.146681
-0.203976 -0.192059
-0.252634 -0.238325
-0.299913 -0.283579
-0.346042 -0.326769
-0.391549 -0.370571
-0.435748 -0.412681
-0.478867 -0.454195
-0.520784 -0.494294
-0.561667 -0.533962
-0.601852 -0.572514
-0.640118 -0.610639
-0.678507 -0.646812
-0.714566 -0.682607
-0.750322 -0.717274
-0.784303 -0.751824
-0.816936 -0.782956
-0.849797 -0.816697
-0.880362 -0.847585
-0.910633 -0.876576
-0.938243 -0.906995
-0.966499 -0.933353
-0.992277 -0.961192
-1.01714 -0.98705
-1.0395 -1.01309
-1.06452 -1.03804
-1.0835 -1.0611
-1.10315 -1.08096
-1.10427 -1.08237
-1.10418 -1.08256
-1.10522 -1.08284
-1.10421 -1.08307
-1.10389 -1.08082
-1.10218 -1.08537
-1.10381 -1.08105
-1.10305 -1.08303
-1.10292 -1.08246
-1.10333 -1.08295
-1.10184 -1.08229
-1.10486 -1.08191
-1.10193 -1.08521
-1.10475 -1.08336
-1.10139 -1.08191
-1.1027 -1.08303
-1.10305 -1.08179
-1.10286 -1.08301
-1.10111 -1.08354
-1.1025 -1.08227
-1.10063 -1.08213
-1.10219 -1.08427
-1.1024 -1.08142
-1.10175 -1.08235
-1.10284 -1.08334
-1.10191 -1.0798
-1.10119 -1.0819
-1.10074 -1.08207
-1.10265 -1.08143
-1.10008 -1.08215
-1.10145 -1.08035
-1.10208 -1.07889
-1.10041 -1.08244
-1.10154 -1.08143
-1.10184 -1.07991
-1.1022 -1.08159
-1.10124 -1.08051
-1.10511 -1.07936
-1.10015 -1.08243
-1.10526 -1.0781
-1.09878 -1.08137
-1.10359 -1.0781
-1.10305 -1.08239
-1.1018 -1.07931
-1.10219 -1.07958
-1.10403 -1.07993
-1.10258 -1.08089
-1.10406 -1.08021
-1.10339 -1.07783
-1.10151 -1.07992
-1.10209 -1.08057
-1.10288 -1.07877
-1.10185 -1.08066
-1.10453 -1.0781
-1.10057 -1.08175
-1.10384 -1.07728
-1.10055 -1.07999
-1.10337 -1.07728
-1.10065 -1.0831
-1.1039 -1.07615
-1.10137 -1.07967
-1.1042 -1.07669
-1.10065 -1.08183
-1.10392 -1.07793
-1.1018 -1.0794
-1.10472 -1.0779
-1.10083 -1.08073
-1.10289 -1.07764
-1.10268 -1.07816
-1.10289 -1.08203
-1.10164 -1.07952
-1.10241 -1.07795
-1.10235 -1.07928
-1.10344 -1.07794
-1.10108 -1.08071
-1.10291 -1.08018
-1.1038 -1.07721
-1.10207 -1.08082
-1.10376 -1.0779
-1.10001 -1.08189
-1.1032 -1.07802
-1.10367 -1.07931
-1.10163 -1.07963
-1.10437 -1.07912
-1.10254 -1.07741
-1.10218 -1.08087
-1.10239 -1.07657
-1.10144 -1.07865
-1.10326 -1.07935
-1.10244 -1.0774
-1.10256 -1.07978
-1.10247 -1.07689
-1.10228 -1.07892
-1.10186 -1.07783
-1.10081 -1.07751
-1.10293 -1.07738
-1.10032 -1.0811
-1.10403 -1.07615
-1.10139 -1.0764
-1.10111 -1.07935
-1.10142 -1.07775
-1.10258 -1.07701
-1.10094 -1.07996
-1.10217 -1.07658
-1.103 -1.07779
-1.10139 -1.07799
-1.10049 -1.07779
-1.10023 -1.07749
-1.10072 -1.07875
-1.10364 -1.07669
-1.10168 -1.07735
-1.10136 -1.07753
-1.10125 -1.07712
-1.10272 -1.07816
-1.10251 -1.07506
-1.09984 -1.07974
-1.10334 -1.07515
-1.10174 -1.07823
-1.10227 -1.07608
-1.10147 -1.07629
-1.10069 -1.07749
-1.10297 -1.07673
-1.1014 -1.07598
-1.10339 -1.07852
-1.10005 -1.07902
-1.10303 -1.07508
-1.10042 -1.07765
-1.1025 -1.07793
-1.1013 -1.07794
-1.10419 -1.07497
-1.10134 -1.07908
-1.10325 -1.07619
-1.1017 -1.07667
-1.10129 -1.07621
-1.10068 -1.07818
-1.10223 -1.07477
-1.09945 -1.07849
-1.10379 -1.07604
-1.10044 -1.0767
-1.09979 -1.07851
-1.1034 -1.07442
-1.10145 -1.07559
-1.10185 -1.07614
-1.10069 -1.07685
-1.10231 -1.0762
-1.10153 -1.07641
-1.10084 -1.07769
-1.10278 -1.07463
-1.10119 -1.07791
-1.10167 -1.07616
-1.10141 -1.07635
-1.10185 -1.07822
-1.10037 -1.07547
-1.10101 -1.07817
-1.10164 -1.07632
-1.10228 -1.07518
-1.10101 -1.0789
-1.10186 -1.07465
-1.10055 -1.07729
-1.10312 -1.07633
-1.10219 -1.075
-1.1036 -1.07861
-1.10186 -1.07405
-1.10298 -1.07605
-1.10098 -1.07614
-1.10147 -1.07606
-1.1027 -1.07494
-1.10093 -1.07591
-1.10306 -1.07425
-1.10115 -1.07557
-1.09976 -1.07476
-1.10239 -1.0749
-1.10076 -1.07747
-1.10191 -1.07346
-1.1014 -1.07649
-1.10093 -1.07504
-1.10133 -1.07518
-1.10176 -1.07612
-1.10203 -1.07387
-1.10161 -1.07636
-1.10121 -1.07433
-1.10154 -1.07575
-1.09988 -1.07736
-1.0998 -1.07369
-1.10129 -1.07595
-1.10313 -1.07424
-1.10023 -1.07473
-1.10175 -1.07571
-1.1022 -1.07436
-1.10022 -1.07763
-1.10441 -1.07272
-1.1002 -1.0755
-1.10191 -1.07328
-1.10072 -1.07741
-1.10223 -1.07315
-1.09932 -1.07654
-1.10123 -1.07253
-1.09997 -1.07625
-1.10192 -1.07485
-1.10039 -1.07475
-1.10102 -1.07493
-1.10066 -1.07543
-1.10095 -1.07492
-1.10062 -1.07621
-1.10012 -1.07516
-1.10053 -1.07564
-1.09988 -1.07446
-1.10197 -1.07559
-1.09846 -1.07627
-1.09951 -1.07683
-1.10193 -1.07333
-1.09769 -1.07767
-1.10232 -1.07312
-1.09798 -1.07538
-1.09809 -1.07682
-1.10019 -1.07361
-1.09612 -1.0772
-1.10257 -1.07518
-1.0983 -1.07642
-1.09974 -1.07341
-1.09842 -1.07511
-1.09978 -1.07634
-1.09983 -1.07475
-1.09833 -1.07458
-1.09984 -1.07674
-1.10061 -1.07186
-1.09856 -1.07634
-1.0985 -1.07558
-1.10101 -1.0736
-1.09852 -1.07678
-1.10141 -1.07336
-1.10003 -1.07341
-1.09861 -1.07721
-1.09971 -1.07175
-1.09886 -1.07419
-1.09828 -1.0753
-1.10079 -1.07314
-1.09925 -1.07569
-1.09797 -1.07628
-1.10029 -1.07314
-1.09893 -1.07503
-1.09812 -1.07595
-1.09854 -1.07383
-1.09759 -1.07415
-1.09881 -1.07649
-1.10069 -1.07423
-1.0988 -1.07651
-1.09739 -1.07551
-1.09989 -1.07231
-1.09886 -1.07676
-1.09698 -1.07425
-1.10059 -1.07357
-1.09855 -1.07467
-1.09683 -1.07544
-1.09985 -1.07319
-1.09749 -1.0748
-1.09916 -1.07517
-1.09941 -1.07443
-1.10006 -1.07386
-1.09922 -1.07396
-1.09876 -1.07422
-1.0982 -1.07381
-1.10053 -1.07368
-1.09858 -1.07501
-1.10072 -1.07294
-1.09814 -1.07402
-1.09848 -1.07482
-1.10066 -1.07156
-1.09775 -1.07561
-1.09874 -1.07205
-1.0991 -1.07269
-1.09974 -1.075
-1.09695 -1.07369
-1.10287 -1.07167
-1.0975 -1.07395
-1.09823 -1.07562
-1.10068 -1.07185
-1.09762 -1.07411
-1.09915 -1.07276
-1.10036 -1.07338
-1.0959 -1.07533
-1.09928 -1.07351
-1.09891 -1.07473
-1.09996 -1.07332
-1.09796 -1.07356
-1.09831 -1.07292
-1.09855 -1.07293
-1.09613 -1.074
-1.10058 -1.07224
-1.09924 -1.07297
-1.09724 -1.07417
-1.09938 -1.07272
-1.10013 -1.07177
-1.09752 -1.07535
-1.09968 -1.07095
-1.09794 -1.07341
-1.09707 -1.07387
-1.09859 -1.07162
-1.09791 -1.0738
-1.09879 -1.07346
-1.09855 -1.07143
-1.09768 -1.074
-1.1005 -1.07287
-1.09895 -1.07361
-1.09854 -1.0717
-1.09856 -1.07167
-1.09846 -1.07328
-1.09533 -1.07282
-1.10013 -1.07194
-1.09792 -1.0728
-1.09955 -1.07288
-1.09739 -1.07356
-1.09946 -1.07064
-1.0978 -1.07336
-1.09823 -1.07268
-1.0986 -1.07056
-1.0986 -1.07493
-1.09813 -1.07049
-1.09751 -1.07463
-1.09894 -1.07174
-1.0995 -1.07322
-1.09738 -1.07366
-1.09717 -1.07194
-1.09771 -1.07101
-1.09793 -1.07384
-1.09695 -1.07353
-1.09926 -1.07034
-1.09656 -1.07397
-1.09905 -1.07077
-1.09897 -1.07152
-1.09652 -1.0747
-1.10055 -1.06926
-1.09817 -1.07301
-1.09811 -1.06852
-1.09857 -1.07309
-1.09839 -1.07025
-1.09942 -1.06992
-1.09704 -1.0715
-1.09939 -1.06974
-1.09821 -1.07087
-1.09671 -1.07208
-1.09993 -1.06884
-1.09836 -1.07255
-1.09876 -1.06924
-1.0988 -1.07057
-1.0984 -1.0714
-1.09815 -1.06936
-1.09936 -1.07043
-1.09638 -1.07078
-1.09794 -1.07149
-1.09935 -1.06887
-1.09631 -1.07236
-1.09865 -1.0687
-1.09843 -1.07126
-1.09838 -1.0702
-1.09754 -1.07104
-1.09733 -1.07072
-1.09782 -1.07123
-1.09784 -1.06911
-1.09706 -1.07233
-1.0992 -1.0708
-1.09656 -1.07058
-1.0967 -1.06977
-1.09676 -1.07448
-1.09755 -1.07031
-1.0969 -1.0702
-1.09616 -1.07117
-1.09795 -1.07078
-1.09663 -1.07141
-1.09521 -1.07207
-1.09821 -1.0703
-1.0974 -1.07109
-1.09636 -1.07079
-1.09753 -1.06858
-1.09585 -1.07167
-1.09915 -1.06909
-1.09593 -1.07069
-1.09711 -1.06928
-1.09993 -1.07016
-1.09435 -1.07349
-1.09871 -1.06664
-1.09633 -1.07049
-1.09862 -1.06845
-1.09583 -1.07124
-1.09874 -1.06828
-1.0978 -1.07051
-1.09685 -1.07112
-1.09759 -1.06806
-1.09872 -1.0714
-1.09834 -1.06896
-1.09652 -1.06887
-1.09624 -1.07039
-1.09999 -1.068
-1.09649 -1.07124
-1.09869 -1.06985
-1.0961 -1.06973
-1.098 -1.07099
-1.09694 -1.0693
-1.09613 -1.07113
-1.09802 -1.07034
-1.09655 -1.07055
-1.0977 -1.07002
-1.09763 -1.0714
-1.09638 -1.06925
-1.09692 -1.07144
-1.09511 -1.07037
-1.09666 -1.06997
-1.09399 -1.0727
-1.0967 -1.07089
-1.09609 -1.07059
-1.09433 -1.07117
-1.09457 -1.0718
-1.09657 -1.06999
-1.0955 -1.07305
-1.09577 -1.07236
-1.09621 -1.06949
-1.09587 -1.07145
-1.09512 -1.07084
-1.09619 -1.07019
-1.09606 -1.07146
-1.09901 -1.06976
-1.09551 -1.07071
-1.09555 -1.07015
-1.09486 -1.07058
-1.09747 -1.07012
-1.09604 -1.07096
-1.09875 -1.07022
-1.0971 -1.07082
-1.09588 -1.07097
-1.09739 -1.06813
-1.09546 -1.07072
-1.09757 -1.07082
-1.09635 -1.06854
-1.0954 -1.07163
-1.09762 -1.06877
-1.09698 -1.06975
-1.09419 -1.07023
-1.09866 -1.0682
-1.09554 -1.07123
-1.09596 -1.06838
-1.09506 -1.07148
-1.09749 -1.06829
-1.09567 -1.06941
-1.09481 -1.06916
-1.09607 -1.07085
-1.09637 -1.06746
-1.09428 -1.07123
-1.09359 -1.07208
-1.0979 -1.06569
-1.09394 -1.07247
-1.09648 -1.06948
-1.0964 -1.06829
-1.0962 -1.07078
-1.09384 -1.06991
-1.09595 -1.06953
-1.09559 -1.07069
-1.09984 -1.06706
-1.09368 -1.07109
-1.09653 -1.06941
-1.09475 -1.06859
-1.09724 -1.072
-1.09527 -1.06905
-1.09472 -1.06922
-1.09631 -1.06955
-1.09473 -1.07058
-1.09328 -1.07163
-1.09806 -1.06724
-1.09325 -1.07319
-1.0958 -1.0697
-1.09413 -1.06936
-1.09676 -1.0694
-1.09272 -1.07149
-1.09604 -1.07059
-1.09457 -1.07109
-1.09333 -1.0713
-1.09605 -1.06872
-1.0928 -1.07167
-1.09585 -1.06846
-1.09265 -1.07076
-1.09582 -1.06845
-1.09301 -1.072
-1.09486 -1.06788
-1.09415 -1.07007
-1.09368 -1.06781
-1.09437 -1.06987
-1.09427 -1.06956
-1.09296 -1.0692
-1.09572 -1.06867
-1.09335 -1.07017
-1.09146 -1.06958
-1.09601 -1.0663
-1.09283 -1.07141
-1.09486 -1.06914
-1.09323 -1.07011
-1.09328 -1.06964
-1.09438 -1.06891
-1.09174 -1.07166
-1.09273 -1.06595
-1.0923 -1.07086
-1.092 -1.06933
-1.09344 -1.06927
-1.0939 -1.0687
-1.09118 -1.06997
-1.09298 -1.06698
-1.0928 -1.07015
-1.09193 -1.06753
-1.09308 -1.06901
-1.09202 -1.06919
-1.09411 -1.06673
-1.09078 -1.07144
-1.09507 -1.0687
-1.09096 -1.06703
-1.09344 -1.06897
-1.09141 -1.07006
-1.09302 -1.06929
-1.09203 -1.06829
-1.09227 -1.06878
-1.09161 -1.07139
-1.09385 -1.06958
-1.09055 -1.06927
-1.09171 -1.06801
-1.09003 -1.07116
-1.09094 -1.06931
-1.08992 -1.07135
-1.09276 -1.06873
-1.09063 -1.07104
-1.09294 -1.06719
-1.09248 -1.07063
-1.09021 -1.06976
-1.09297 -1.06791
-1.09131 -1.07036
-1.09322 -1.0684
-1.09188 -1.0694
-1.09203 -1.06879
-1.09104 -1.06904
-1.094 -1.06694
-1.09183 -1.07048
-1.09212 -1.06601
-1.0924 -1.0704
-1.0908 -1.06788
-1.0936 -1.06914
-1.09244 -1.06849
-1.0911 -1.06816
-1.09443 -1.06995
-1.09406 -1.06832
-1.09017 -1.0687
-1.09443 -1.06834
-1.09089 -1.06912
-1.09469 -1.06632
-1.09175 -1.0691
-1.09438 -1.06736
-1.09302 -1.0682
-1.09314 -1.06876
-1.09277 -1.06753
-1.09441 -1.0664
-1.09285 -1.06692
-1.09421 -1.06778
-1.09334 -1.06632
-1.09298 -1.06977
-1.09419 -1.06649
-1.09322 -1.0681
-1.09161 -1.06747
-1.09591 -1.06724
-1.09126 -1.06774
-1.09299 -1.06757
-1.09177 -1.06929
-1.09453 -1.06452
-1.09171 -1.07132
-1.09358 -1.06478
-1.0926 -1.06835
-1.09048 -1.06754
-1.09358 -1.06803
-1.09304 -1.06757
-1.09341 -1.06772
-1.09413 -1.06529
-1.09199 -1.06818
-1.0923 -1.06676
-1.09503 -1.06526
-1.09038 -1.06846
-1.09279 -1.06652
-1.09301 -1.06635
-1.09196 -1.06799
-1.09198 -1.06768
-1.09332 -1.06815
-1.09171 -1.06546
-1.09412 -1.06982
-1.09212 -1.06626
-1.09276 -1.06774
-1.0927 -1.06634
-1.09275 -1.06754
-1.09125 -1.06673
-1.09416 -1.06513
-1.09208 -1.06841
-1.09273 -1.06607
-1.09582 -1.06701
-1.09138 -1.06659
-1.09357 -1.06719
-1.09223 -1.06617
-1.09456 -1.06751
-1.09248 -1.06668
-1.09268 -1.06742
-1.09231 -1.06352
-1.09153 -1.06938
-1.09253 -1.06545
-1.09111 -1.06792
-1.09262 -1.06499
-1.0923 -1.06613
-1.09171 -1.06952
-1.09113 -1.06523
-1.09349 -1.06755
-1.091 -1.06706
-1.09178 -1.06618
-1.09156 -1.06559
-1.09165 -1.0664
-1.09025 -1.06682
-1.09067 -1.06661
-1.09148 -1.06527
-1.09083 -1.06722
-1.09134 -1.06581
-1.09131 -1.06659
-1.09035 -1.06507
-1.08927 -1.06681
-1.0918 -1.06466
-1.08966 -1.06423
-1.09018 -1.0687
-1.09216 -1.06353
-1.08988 -1.06564
-1.089 -1.06756
-1.09118 -1.06429
-1.09012 -1.06402
-1.087 -1.06779
-1.09126 -1.06457
-1.09163 -1.06443
-1.08941 -1.06449
-1.08905 -1.06699
-1.09223 -1.06418
-1.08924 -1.06575
-1.08916 -1.06498
-1.09001 -1.06444
-1.08822 -1.06823
-1.08988 -1.06434
-1.09052 -1.06466
-1.08908 -1.06528
-1.09064 -1.06486
-1.0893 -1.06469
-1.09038 -1.06305
-1.09028 -1.06495
-1.0889 -1.06559
-1.08923 -1.06413
-1.09158 -1.06321
-1.08904 -1.06564
-1.09063 -1.06612
-1.08997 -1.06287
-1.08995 -1.06383
-1.08958 -1.06496
-1.0897 -1.0639
-1.08983 -1.06558
-1.08993 -1.06276
-1.08821 -1.06491
-1.08941 -1.06288
-1.08916 -1.06476
-1.09005 -1.06319
-1.08815 -1.06559
-1.0908 -1.06233
-1.08924 -1.06618
-1.09018 -1.06173
-1.08936 -1.0655
-1.08902 -1.06246
-1.08948 -1.06382
-1.09173 -1.06417
-1.08853 -1.06507
-1.09118 -1.06244
-1.08896 -1.06316
-1.08922 -1.06473
-1.09 -1.06217
-1.08882 -1.06392
-1.08784 -1.0637
-1.0916 -1.0628
-1.08628 -1.06385
-1.08903 -1.0634
-1.08853 -1.06496
-1.08987 -1.06399
-1.08688 -1.06407
-1.08815 -1.06195
-1.08763 -1.06375
-1.08895 -1.06364
-1.08833 -1.06388
-1.08759 -1.06292
-1.08782 -1.06436
-1.08835 -1.06448
-1.08854 -1.06231
-1.08587 -1.06469
-1.08863 -1.06319
-1.08861 -1.06244
-1.08778 -1.06389
-1.08965 -1.0618
-1.08881 -1.06518
-1.08748 -1.06175
-1.08819 -1.06479
-1.08858 -1.06144
-1.08978 -1.06506
-1.08662 -1.06375
-1.09133 -1.06114
-1.08764 -1.06422
-1.08922 -1.0634
-1.08778 -1.06173
-1.08968 -1.06431
-1.08652 -1.06375
-1.0891 -1.06164
-1.08807 -1.06263
-1.08769 -1.06385
-1.08728 -1.06432
-1.09007 -1.06259
-1.08728 -1.0625
-1.08722 -1.06425
-1.08812 -1.0637
-1.08798 -1.06139
-1.08642 -1.06445
-1.09042 -1.06122
-1.08448 -1.06428
-1.08953 -1.0638
-1.08647 -1.06401
-1.08768 -1.06214
-1.0886 -1.06365
-1.08746 -1.06362
-1.08774 -1.0633
-1.08988 -1.0621
-1.08892 -1.06437
-1.08772 -1.06101
-1.08719 -1.06474
-1.08726 -1.06214
-1.08862 -1.06385
-1.08818 -1.06193
-1.0871 -1.06294
-1.0884 -1.06163
-1.08985 -1.06174
-1.08723 -1.06511
-1.09064 -1.06035
-1.08623 -1.0641
-1.08872 -1.06273
-1.08793 -1.06283
-1.08922 -1.06319
-1.08674 -1.06147
-1.09044 -1.06199
-1.08723 -1.06427
-1.08634 -1.06335
-1.08932 -1.06061
-1.08597 -1.06434
-1.08875 -1.05949
-1.0877 -1.06181
-1.08744 -1.06379
-1.08943 -1.06038
-1.08798 -1.06277
-1.08709 -1.06309
-1.08826 -1.06081
-1.08743 -1.06277
-1.08582 -1.06433
-1.08913 -1.06093
-1.088 -1.06181
-1.08574 -1.06169
-1.08635 -1.06336
-1.0885 -1.05948
-1.08488 -1.06472
-1.08795 -1.06106
-1.08572 -1.06269
-1.08722 -1.06202
-1.08665 -1.06128
-1.08832 -1.06347
-1.08613 -1.0632
-1.0885 -1.06011
-1.08775 -1.06144
-1.08683 -1.06208
-1.08821 -1.05979
-1.0846 -1.06453
-1.0889 -1.05874
-1.08748 -1.06142
-1.08675 -1.06039
-1.0871 -1.06344
-1.08774 -1.05877
-1.08806 -1.06184
-1.08747 -1.06075
-1.089 -1.05982
-1.08663 -1.06036
-1.08817 -1.06308
-1.08895 -1.05923
-1.08577 -1.06168
-1.08826 -1.06046
-1.08794 -1.06052
-1.08757 -1.05924
-1.08743 -1.0627
-1.08795 -1.05989
-1.08975 -1.06135
-1.08596 -1.06157
-1.08974 -1.05667
-1.08796 -1.06161
-1.08723 -1.06288
-1.08839 -1.05814
-1.0886 -1.05993
-1.08667 -1.06053
-1.08748 -1.06001
-1.08885 -1.06087
-1.08747 -1.05959
-1.08828 -1.06141
-1.08791 -1.05995
-1.08797 -1.0595
-1.08772 -1.05978
-1.08824 -1.06084
-1.08804 -1.05937
-1.08986 -1.05985
-1.08758 -1.0593
-1.08972 -1.0586
-1.08644 -1.05966
-1.08817 -1.05955
-1.09055 -1.05886
-1.08702 -1.06003
-1.0877 -1.0585
-1.08812 -1.06232
-1.09014 -1.05646
-1.08556 -1.06218
-1.08705 -1.05997
-1.0868 -1.05661
-1.08818 -1.0616
-1.08714 -1.05916
-1.09092 -1.05739
-1.08674 -1.06008
-1.0879 -1.06087
-1.08768 -1.05773
-1.09008 -1.05752
-1.08886 -1.0592
-1.08777 -1.05844
-1.08862 -1.05863
-1.08854 -1.05905
-1.08593 -1.05917
-1.09105 -1.05732
-1.08606 -1.06136
-1.08868 -1.05855
-1.08775 -1.05969
-1.08775 -1.05862
-1.08609 -1.06021
-1.08953 -1.05615
-1.08513 -1.06064
-1.08875 -1.05933
-1.08721 -1.05828
-1.0869 -1.05979
-1.08894 -1.05767
-1.08777 -1.05793
-1.08778 -1.05888
-1.087 -1.0587
-1.08982 -1.05806
-1.0863 -1.05983
-1.08823 -1.05701
-1.0883 -1.05907
-1.08466 -1.05895
-1.09043 -1.05645
-1.08602 -1.05925
-1.0886 -1.05621
-1.08745 -1.059
-1.08768 -1.05914
-1.08975 -1.05645
-1.0862 -1.0589
-1.08797 -1.05854
-1.08765 -1.05818
-1.08587 -1.05695
-1.08794 -1.06013
-1.08811 -1.05723
-1.08854 -1.05751
-1.08798 -1.05934
-1.08657 -1.05845
-1.08802 -1.05845
-1.08817 -1.058
-1.08894 -1.05851
-1.08724 -1.06085
-1.08808 -1.05629
-1.08902 -1.05972
-1.08815 -1.05782
-1.08574 -1.0597
-1.08784 -1.05685
-1.089 -1.05824
-1.0873 -1.05848
-1.08948 -1.05732
-1.08798 -1.05714
-1.08753 -1.05866
-1.08929 -1.0568
-1.08631 -1.05844
-1.08901 -1.05779
-1.08979 -1.05615
-1.08648 -1.05896
-1.08771 -1.05779
-1.08904 -1.05615
-1.08777 -1.05806
-1.08978 -1.05673
-1.08803 -1.05809
-1.08757 -1.05822
-1.08809 -1.05647
-1.0876 -1.05731
-1.08741 -1.05791
-1.08994 -1.05684
-1.08613 -1.05742
-1.08971 -1.05619
-1.0889 -1.05822
-1.08805 -1.05663
-1.08701 -1.05735
-1.08908 -1.05686
-1.08691 -1.05695
-1.08711 -1.05759
-1.08944 -1.05652
-1.08632 -1.05849
-1.08947 -1.05566
-1.08624 -1.05907
-1.08764 -1.05583
-1.09023 -1.05571
-1.08686 -1.05933
-1.09042 -1.05533
-1.08812 -1.05699
-1.08751 -1.05777
-1.08673 -1.05677
-1.09063 -1.05538
-1.08619 -1.05992
-1.08969 -1.05375
-1.08616 -1.05752
-1.08854 -1.05626
-1.08866 -1.05769
-1.08716 -1.05654
-1.08973 -1.05669
-1.08725 -1.05671
-1.08975 -1.05706
-1.08606 -1.05609
-1.08888 -1.05691
-1.08679 -1.05671
-1.08594 -1.05772
-1.08876 -1.05386
-1.08491 -1.05808
-1.08873 -1.05578
-1.08751 -1.05724
-1.08802 -1.05609
-1.08617 -1.06041
-1.08823 -1.0551
-1.08841 -1.05756
-1.08612 -1.0559
-1.08905 -1.05657
-1.08542 -1.058
-1.0878 -1.05525
-1.08554 -1.05757
-1.08904 -1.05438
-1.08539 -1.05806
-1.08727 -1.05781
-1.08901 -1.05426
-1.08491 -1.0578
-1.08789 -1.05759
-1.08752 -1.05604
-1.08876 -1.05595
-1.08565 -1.05702
-1.08762 -1.05608
-1.08934 -1.05457
-1.08498 -1.05718
-1.0884 -1.05578
-1.08675 -1.05613
-1.08864 -1.05476
-1.0867 -1.05685
-1.08725 -1.05576
-1.08744 -1.05569
-1.08698 -1.05585
-1.08777 -1.05495
-1.08697 -1.05604
-1.08872 -1.05539
-1.08533 -1.05683
-1.08856 -1.05246
-1.08571 -1.05908
-1.08811 -1.05404
-1.08853 -1.05349
-1.0864 -1.05628
-1.0869 -1.05615
-1.08692 -1.0547
-1.08598 -1.05566
-1.08708 -1.0558
-1.08765 -1.05558
-1.08564 -1.05493
-1.08685 -1.0551
-1.08698 -1.05484
-1.08642 -1.05594
-1.08683 -1.05377
-1.08672 -1.05456
-1.08606 -1.05509
-1.08549 -1.05516
-1.0857 -1.05527
-1.08716 -1.05427
-1.08641 -1.05283
-1.08494 -1.0548
-1.08663 -1.05472
-1.087 -1.05501
-1.08569 -1.05516
-1.08642 -1.05629
-1.08741 -1.05139
-1.08404 -1.05551
-1.08687 -1.05566
-1.08612 -1.05362
-1.08467 -1.05486
-1.08966 -1.05465
-1.08162 -1.05762
-1.08952 -1.05117
-1.08556 -1.05714
-1.08515 -1.05425
-1.08526 -1.05473
-1.08704 -1.05443
-1.08453 -1.05644
-1.08489 -1.0558
-1.08588 -1.05307
-1.08404 -1.05352
-1.08474 -1.0562
-1.08713 -1.0532
-1.084 -1.05536
-1.08541 -1.05387
-1.08678 -1.05224
-1.08581 -1.05411
-1.08655 -1.05559
-1.08754 -1.05446
-1.08667 -1.05361
-1.08587 -1.05557
-1.0883 -1.05317
-1.08449 -1.05641
-1.0868 -1.05121
-1.08671 -1.05578
-1.08658 -1.05305
-1.08564 -1.05636
-1.08662 -1.05398
-1.08765 -1.05255
-1.08623 -1.05579
-1.08517 -1.05411
-1.0894 -1.05392
-1.08418 -1.0532
-1.08699 -1.05444
-1.08651 -1.0535
-1.08653 -1.05476
-1.08558 -1.05589
-1.08608 -1.05337
-1.08574 -1.05485
-1.08705 -1.05318
-1.08702 -1.05402
-1.08365 -1.05364
-1.08728 -1.05294
-1.08586 -1.05436
-1.08551 -1.05225
-1.08515 -1.05725
-1.08826 -1.05277
-1.08348 -1.05608
-1.08747 -1.05307
-1.08599 -1.05351
-1.08671 -1.0541
-1.08606 -1.05349
-1.0862 -1.0547
-1.08694 -1.05045
-1.08614 -1.05601
-1.08829 -1.05138
-1.08547 -1.05419
-1.08786 -1.05229
-1.08516 -1.05373
-1.08702 -1.05352
-1.08691 -1.05189
-1.08767 -1.05369
-1.0857 -1.05306
-1.08726 -1.05157
-1.08614 -1.052
-1.08703 -1.05351
-1.08827 -1.05265
-1.08612 -1.0526
-1.08742 -1.05141
-1.08561 -1.05436
-1.08722 -1.05088
-1.08732 -1.05226
-1.08467 -1.05446
-1.08749 -1.05188
-1.08611 -1.05238
-1.08564 -1.05334
-1.08752 -1.05148
-1.08556 -1.05182
-1.08604 -1.0528
-1.08606 -1.05163
-1.08525 -1.05505
-1.09033 -1.04939
-1.08343 -1.05355
-1.08765 -1.05165
-1.08687 -1.05147
-1.08678 -1.05303
-1.08492 -1.05342
-1.08899 -1.04953
-1.08487 -1.0534
-1.08628 -1.05317
-1.08694 -1.05029
-1.08526 -1.05258
-1.08729 -1.0515
-1.086 -1.05288
-1.0841 -1.05121
-1.08624 -1.0517
-1.08624 -1.05394
-1.08546 -1.0511
-1.08585 -1.05164
-1.08633 -1.05309
-1.08498 -1.0507
-1.08507 -1.05165
-1.08692 -1.05247
-1.0849 -1.05094
-1.0851 -1.05138
-1.08492 -1.05137
-1.0871 -1.05123
-1.08383 -1.05124
-1.0877 -1.04968
-1.08623 -1.05253
-1.08425 -1.05194
-1.08821 -1.04993
-1.083 -1.05174
-1.08816 -1.05066
-1.08461 -1.0512
-1.08671 -1.05052
-1.08466 -1.04996
-1.08533 -1.05153
-1.08591 -1.05089
-1.0859 -1.04998
-1.08627 -1.05076
-1.08522 -1.05071
-1.08559 -1.04938
-1.08667 -1.05055
-1.08365 -1.05084
-1.08672 -1.05111
-1.087 -1.04946
-1.0852 -1.04936
-1.08506 -1.05228
-1.08633 -1.04928
-1.08467 -1.05091
-1.08634 -1.04999
-1.08546 -1.05157
-1.08385 -1.05111
-1.08489 -1.04998
-1.08483 -1.05009
-1.08498 -1.0508
-1.08505 -1.05017
-1.08646 -1.05085
-1.08387 -1.04947
-1.08476 -1.05073
-1.08463 -1.05121
-1.0852 -1.05079
-1.08481 -1.05116
-1.08525 -1.04838
-1.08503 -1.05293
-1.08357 -1.0499
-1.08518 -1.04992
-1.08302 -1.05136
-1.08664 -1.05017
-1.08254 -1.05119
-1.0872 -1.04836
-1.08266 -1.05286
-1.08699 -1.04987
-1.08138 -1.05246
-1.08481 -1.04889
-1.08511 -1.05361
-1.08283 -1.05
-1.08483 -1.05089
-1.08522 -1.04944
-1.08253 -1.05183
-1.08316 -1.05061
-1.08414 -1.04883
-1.08437 -1.05049
-1.08323 -1.05366
-1.08644 -1.04762
-1.08409 -1.05091
-1.08333 -1.05044
-1.08235 -1.05266
-1.08448 -1.04861
-1.08291 -1.0503
-1.08396 -1.05208
-1.08232 -1.05118
-1.08456 -1.04883
-1.08228 -1.05133
-1.08157 -1.05346
-1.08641 -1.04833
-1.08153 -1.0546
-1.08394 -1.05016
-1.0849 -1.04958
-1.08168 -1.05467
-1.08414 -1.04891
-1.08314 -1.05233
-1.08124 -1.05239
-1.08545 -1.05087
-1.08163 -1.05117
-1.08264 -1.05058
-1.08379 -1.05244
-1.08158 -1.04967
-1.08311 -1.0515
-1.08113 -1.05288
-1.08349 -1.05062
-1.08422 -1.05199
-1.08215 -1.05119
-1.0809 -1.05102
-1.08502 -1.04966
-1.08247 -1.05073
-1.08414 -1.05083
-1.0813 -1.05098
-1.08413 -1.04986
-1.08269 -1.05024
-1.0816 -1.05273
-1.08531 -1.04906
-1.08231 -1.05296
-1.08198 -1.05052
-1.08315 -1.04828
-1.08003 -1.05285
-1.08402 -1.04997
-1.08136 -1.05023
-1.08227 -1.05019
-1.08462 -1.05097
-1.0826 -1.04936
-1.08294 -1.0518
-1.08264 -1.04869
-1.08307 -1.05079
-1.08292 -1.04917
-1.08364 -1.0509
-1.08398 -1.04839
-1.0817 -1.05167
-1.08283 -1.04975
-1.08249 -1.04852
-1.0834 -1.05097
-1.08208 -1.0499
-1.08348 -1.05096
-1.08122 -1.04991
-1.0832 -1.04896
-1.08231 -1.0509
-1.08133 -1.04887
-1.08074 -1.05084
-1.08164 -1.05035
-1.08445 -1.04946
-1.08016 -1.05136
-1.08173 -1.05049
-1.08266 -1.04833
-1.07969 -1.05344
-1.08328 -1.04708
-1.08006 -1.05154
-1.08111 -1.04931
-1.08054 -1.05101
-1.08101 -1.04955
-1.08307 -1.04972
-1.08152 -1.04968
-1.08021 -1.05182
-1.08239 -1.04803
-1.07995 -1.04864
-1.08204 -1.04994
-1.08118 -1.0494
-1.08226 -1.04885
-1.08114 -1.0506
-1.08081 -1.04951
-1.08376 -1.04634
-1.08097 -1.05302
-1.08226 -1.04619
-1.08193 -1.04967
-1.0802 -1.05052
-1.08445 -1.04707
-1.07828 -1.0501
-1.08291 -1.04771
-1.08131 -1.04896
-1.08155 -1.04951
-1.08316 -1.04808
-1.07976 -1.04722
-1.08095 -1.05085
-1.08096 -1.0471
-1.08031 -1.04803
-1.08262 -1.04855
-1.08157 -1.04918
-1.08167 -1.04836
-1.08169 -1.04893
-1.08156 -1.0474
-1.08142 -1.04859
-1.08158 -1.04864
-1.08086 -1.0477
-1.08155 -1.04926
-1.07995 -1.04793
-1.08051 -1.04812
-1.07973 -1.04937
-1.08272 -1.04629
-1.08039 -1.04938
-1.08152 -1.04743
-1.08076 -1.04991
-1.08209 -1.04582
-1.08062 -1.04779
-1.0809 -1.04853
-1.08274 -1.04758
-1.07942 -1.04897
-1.08105 -1.04806
-1.08003 -1.04875
-1.08039 -1.0467
-1.08138 -1.04848
-1.07831 -1.0468
-1.0825 -1.04665
-1.07827 -1.04902
-1.08083 -1.04843
-1.07918 -1.04636
-1.0801 -1.04779
-1.08037 -1.04779
-1.07915 -1.04771
-1.07975 -1.04766
-1.08263 -1.04691
-1.07998 -1.04858
-1.07958 -1.04607
-1.08084 -1.04652
-1.07958 -1.04787
-1.08151 -1.04669
-1.07916 -1.04862
-1.08146 -1.04576
-1.08088 -1.04872
-1.0802 -1.04714
-1.07991 -1.04707
-1.07962 -1.04719
-1.08035 -1.0481
-1.08072 -1.04847
-1.08126 -1.04686
-1.0802 -1.04762
-1.07896 -1.04823
-1.07956 -1.04771
-1.08044 -1.04719
-1.07894 -1.04888
-1.082 -1.04682
-1.07995 -1.04864
-1.08029 -1.04651
-1.08008 -1.04831
-1.07978 -1.04821
-1.08219 -1.04699
-1.08061 -1.04613
-1.07834 -1.05165
-1.08229 -1.04524
-1.07923 -1.04912
-1.08013 -1.04694
-1.08127 -1.04716
-1.07974 -1.04744
-1.07906 -1.04792
-1.07983 -1.04718
-1.07968 -1.04882
-1.07935 -1.04754
-1.08162 -1.04729
-1.07935 -1.04816
-1.08163 -1.04856
-1.08208 -1.04723
-1.0783 -1.04906
-1.08261 -1.04489
-1.07891 -1.04937
-1.08191 -1.04928
-1.08075 -1.04601
-1.08093 -1.04767
-1.0803 -1.04813
-1.07999 -1.04824
-1.0814 -1.04801
-1.07846 -1.048
-1.08169 -1.04614
-1.08012 -1.04844
-1.0814 -1.04651
-1.08021 -1.04863
-1.08081 -1.04814
-1.08016 -1.04657
-1.08033 -1.04854
-1.07995 -1.04817
-1.07988 -1.04785
-1.08188 -1.04604
-1.07848 -1.04886
-1.08182 -1.04586
-1.07881 -1.04755
-1.08073 -1.04731
-1.08113 -1.04642
-1.07906 -1.04848
-1.07966 -1.04674
-1.08127 -1.0457
-1.08 -1.04881
-1.07958 -1.046
-1.08174 -1.04613
-1.07915 -1.04873
-1.07989 -1.04647
-1.08038 -1.04948
-1.07936 -1.04583
-1.08098 -1.0467
-1.07741 -1.0494
-1.08295 -1.04724
-1.07862 -1.04623
-1.08187 -1.04746
-1.07845 -1.04724
-1.08009 -1.04541
-1.07989 -1.04813
-1.08163 -1.04763
-1.07872 -1.04541
-1.07994 -1.04758
-1.08036 -1.04704
-1.08185 -1.04565
-1.07896 -1.04801
-1.08109 -1.04525
-1.07912 -1.04734
-1.07905 -1.04735
-1.0817 -1.0452
-1.08131 -1.04651
-1.07974 -1.04557
-1.07864 -1.04817
-1.081 -1.04551
-1.0789 -1.04549
-1.07945 -1.04825
-1.08152 -1.04493
-1.0766 -1.04925
-1.08117 -1.0457
-1.07921 -1.04639
-1.08016 -1.04602
-1.07958 -1.04772
-1.08019 -1.0459
-1.0787 -1.04688
-1.08237 -1.04675
-1.07842 -1.04778
-1.08208 -1.04371
-1.07779 -1.0476
-1.08 -1.0458
-1.08053 -1.04614
-1.08109 -1.04442
-1.07631 -1.04882
-1.0827 -1.04456
-1.08067 -1.04651
-1.07854 -1.04816
-1.0829 -1.04331
-1.07754 -1.04654
-1.08226 -1.04468
-1.07926 -1.04679
-1.08091 -1.04424
-1.07936 -1.04478
-1.07971 -1.04784
-1.08073 -1.04454
-1.07845 -1.04719
-1.07879 -1.04394
-1.07991 -1.04539
-1.07855 -1.04728
-1.08 -1.04585
-1.07936 -1.04785
-1.07974 -1.04338
-1.0797 -1.04793
-1.07803 -1.04573
-1.08011 -1.04641
-1.07865 -1.04557
-1.0781 -1.04715
-1.07742 -1.04551
-1.07951 -1.04709
-1.07962 -1.04466
-1.07966 -1.0458
-1.07796 -1.04557
-1.07851 -1.04698
-1.07941 -1.04578
-1.07973 -1.04368
-1.07886 -1.04452
-1.07735 -1.04622
-1.07939 -1.04606
-1.07947 -1.04369
-1.07871 -1.0459
-1.07915 -1.04515
-1.07749 -1.04527
-1.07882 -1.04483
-1.07792 -1.04693
-1.07966 -1.04433
-1.07846 -1.04551
-1.07889 -1.04612
-1.07978 -1.04456
-1.07875 -1.04524
-1.07805 -1.04489
-1.07906 -1.0459
-1.0793 -1.04426
-1.07803 -1.04686
-1.07793 -1.0454
-1.07853 -1.04542
-1.07893 -1.04546
-1.07806 -1.04629
-1.07752 -1.04511
-1.07939 -1.04441
-1.07741 -1.04695
-1.07888 -1.04397
-1.07855 -1.04327
-1.07919 -1.04414
-1.07757 -1.04525
-1.0785 -1.04586
-1.0782 -1.04604
-1.07914 -1.04632
-1.07728 -1.04376
-1.07842 -1.04498
-1.07921 -1.04677
-1.07701 -1.04539
-1.08031 -1.04477
-1.08055 -1.04375
-1.07734 -1.0464
-1.07983 -1.04434
-1.07879 -1.04491
-1.07896 -1.04404
-1.0786 -1.04531
-1.08002 -1.04497
-1.07924 -1.04486
-1.07808 -1.04756
-1.07887 -1.04435
-1.08047 -1.04632
-1.07758 -1.04673
-1.08025 -1.04386
-1.07922 -1.04481
-1.07857 -1.04766
-1.0798 -1.0445
-1.07922 -1.04499
-1.07854 -1.04646
-1.07788 -1.04403
-1.08022 -1.04628
-1.07821 -1.04592
-1.07884 -1.04349
-1.08041 -1.04419
-1.07699 -1.04579
-1.0798 -1.04491
-1.07948 -1.04434
-1.07793 -1.04549
-1.08012 -1.0445
-1.07788 -1.04533
-1.07917 -1.04411
-1.07851 -1.04549
-1.07829 -1.04561
-1.07781 -1.04474
-1.07725 -1.04489
-1.08095 -1.04567
-1.0772 -1.04524
-1.0771 -1.04549
-1.08018 -1.04387
-1.07857 -1.04343
-1.0775 -1.04659
-1.07743 -1.04524
-1.07796 -1.04486
-1.08001 -1.04439
-1.07648 -1.04564
-1.0787 -1.04379
-1.07841 -1.04471
-1.07851 -1.04481
-1.0777 -1.04525
-1.07697 -1.04403
-1.0792 -1.04377
-1.07796 -1.04531
-1.07796 -1.04418
-1.07764 -1.04463
-1.07642 -1.04342
-1.07738 -1.04456
-1.07834 -1.04395
-1.07633 -1.04495
-1.07767 -1.04239
-1.07568 -1.04715
-1.07936 -1.04342
-1.07532 -1.04455
-1.07793 -1.04364
-1.07669 -1.04524
-1.07683 -1.04366
-1.07483 -1.04517
-1.0794 -1.04565
-1.07789 -1.04224
-1.07449 -1.04628
-1.07853 -1.04324
-1.07404 -1.04547
-1.07746 -1.04563
-1.077 -1.04141
-1.0762 -1.04655
-1.07665 -1.04342
-1.07684 -1.04375
-1.07572 -1.04632
-1.07718 -1.04469
-1.07651 -1.04503
-1.07709 -1.04365
-1.07535 -1.04571
-1.0777 -1.04222
-1.07576 -1.04457
-1.07703 -1.04492
-1.07973 -1.04345
-1.07521 -1.0436
-1.07759 -1.04438
-1.07738 -1.04349
-1.07578 -1.04238
-1.07643 -1.04533
-1.07723 -1.04421
-1.07873 -1.04062
-1.07483 -1.04718
-1.07784 -1.04191
-1.07599 -1.04301
-1.07575 -1.04441
-1.07716 -1.04242
-1.0764 -1.04363
-1.07819 -1.04259
-1.07768 -1.04436
-1.0752 -1.04158
-1.07711 -1.04448
-1.07752 -1.04397
-1.07654 -1.04165
-1.07725 -1.04414
-1.07512 -1.04305
-1.0771 -1.045
-1.07519 -1.04353
-1.0778 -1.04249
-1.0753 -1.0459
-1.07731 -1.04374
-1.07555 -1.04208
-1.07571 -1.04483
-1.07717 -1.04299
-1.07583 -1.04544
-1.07539 -1.04424
-1.07919 -1.04125
-1.07511 -1.04538
-1.07726 -1.04114
-1.07544 -1.04497
-1.07911 -1.04134
-1.07524 -1.04492
-1.07705 -1.04204
-1.07725 -1.04193
-1.07514 -1.04506
-1.07874 -1.04218
-1.07322 -1.04657
-1.07769 -1.04252
-1.07581 -1.04249
-1.07475 -1.04455
-1.07643 -1.04315
-1.07436 -1.04494
-1.07662 -1.04332
-1.0757 -1.0426
-1.07455 -1.0444
-1.07462 -1.04428
-1.07635 -1.04257
-1.07691 -1.04311
-1.07427 -1.04505
-1.0758 -1.04329
-1.07587 -1.04336
-1.07373 -1.04342
-1.07543 -1.04494
-1.07722 -1.0421
-1.07482 -1.04414
-1.07533 -1.0425
-1.07678 -1.04158
-1.07482 -1.04467
-1.07591 -1.04324
-1.07499 -1.04321
-1.07709 -1.04276
-1.07479 -1.04285
-1.07614 -1.0422
-1.07551 -1.04244
-1.07465 -1.04467
-1.07698 -1.04131
-1.0756 -1.04489
-1.07512 -1.04195
-1.07679 -1.0432
-1.07636 -1.04318
-1.07492 -1.04251
-1.07775 -1.04103
-1.07562 -1.04485
-1.07547 -1.04323
-1.0762 -1.04215
-1.07522 -1.04355
-1.07724 -1.04084
-1.0739 -1.04402
-1.07622 -1.04216
-1.07553 -1.04149
-1.07576 -1.04413
-1.07697 -1.04261
-1.07655 -1.042
-1.07703 -1.04362
-1.07507 -1.043
-1.07754 -1.04176
-1.07558 -1.04282
-1.07666 -1.04322
-1.07585 -1.04238
-1.07747 -1.04353
-1.07626 -1.04103
-1.07529 -1.04385
-1.07497 -1.04296
-1.07619 -1.04406
-1.07726 -1.04155
-1.07465 -1.04245
-1.07602 -1.04357
-1.07598 -1.04318
-1.07737 -1.04213
-1.07546 -1.04282
-1.07617 -1.04271
-1.07657 -1.04459
-1.0758 -1.04136
-1.0751 -1.04426
-1.07712 -1.03994
-1.074 -1.04434
-1.07763 -1.04221
-1.07513 -1.04064
-1.07671 -1.04342
-1.07757 -1.04131
-1.07513 -1.0399
-1.07567 -1.04396
-1.07738 -1.04175
-1.07717 -1.04104
-1.07401 -1.04312
-1.07678 -1.04188
-1.07648 -1.04109
-1.07701 -1.04184
-1.07592 -1.04238
-1.07538 -1.04267
-1.07718 -1.03978
-1.07527 -1.04334
-1.07442 -1.04187
-1.07546 -1.04449
-1.07634 -1.04223
-1.07455 -1.04108
-1.07708 -1.04152
-1.07287 -1.04308
-1.07729 -1.03973
-1.07401 -1.04397
-1.07528 -1.03889
-1.0726 -1.04537
-1.07739 -1.04043
-1.07584 -1.04104
-1.07476 -1.04176
-1.07453 -1.0432
-1.07703 -1.04141
-1.07396 -1.04056
-1.07411 -1.04304
-1.07606 -1.04103
-1.07463 -1.04155
-1.0764 -1.04102
-1.07445 -1.04232
-1.07529 -1.04123
-1.07433 -1.0411
-1.07468 -1.03988
-1.07231 -1.04568
-1.07577 -1.03905
-1.07386 -1.04119
-1.07343 -1.04295
-1.07292 -1.04023
-1.07419 -1.04205
-1.07354 -1.03991
-1.07296 -1.04236
-1.07347 -1.04322
-1.07406 -1.0409
-1.07283 -1.04097
-1.07247 -1.04341
-1.07429 -1.04044
-1.07407 -1.04146
-1.07308 -1.04191
-1.0755 -1.04074
-1.07158 -1.04234
-1.07436 -1.03986
-1.07364 -1.04167
-1.07229 -1.04152
-1.07426 -1.04092
-1.07408 -1.04249
-1.07452 -1.04149
-1.07168 -1.04329
-1.0751 -1.04009
-1.07156 -1.04229
-1.0744 -1.04274
-1.07345 -1.03962
-1.07248 -1.04369
-1.07378 -1.04181
-1.0735 -1.04024
-1.07365 -1.04185
-1.07319 -1.04001
-1.07432 -1.04131
-1.07288 -1.04085
-1.07534 -1.04114
-1.07286 -1.03955
-1.07281 -1.04132
-1.07477 -1.04006
-1.07209 -1.04217
-1.07439 -1.04267
-1.07356 -1.03994
-1.075 -1.04155
-1.07289 -1.04204
-1.07541 -1.04005
-1.07367 -1.04043
-1.07436 -1.0411
-1.07374 -1.04162
-1.07501 -1.04096
-1.07294 -1.04305
-1.074 -1.04088
-1.07572 -1.04002
-1.07325 -1.04228
-1.07319 -1.04284
-1.07604 -1.03957
-1.07363 -1.0417
-1.07278 -1.04176
-1.07546 -1.04103
-1.07499 -1.03999
-1.07104 -1.0431
-1.0769 -1.03856
-1.07227 -1.04111
-1.07253 -1.04221
-1.07498 -1.03744
-1.07198 -1.04348
-1.07526 -1.0376
-1.07095 -1.04265
-1.07439 -1.03935
-1.07314 -1.03993
-1.07462 -1.0397
-1.07063 -1.04075
-1.07575 -1.03994
-1.07224 -1.04187
-1.07459 -1.03895
-1.0728 -1.0412
-1.07299 -1.03997
-1.07425 -1.04025
-1.07332 -1.03908
-1.074 -1.04068
-1.07428 -1.04078
-1.07499 -1.03898
-1.07183 -1.04119
-1.07475 -1.03972
-1.07428 -1.04133
-1.07373 -1.03923
-1.07306 -1.04018
-1.0735 -1.04132
-1.07505 -1.03977
-1.07352 -1.03974
-1.07423 -1.03949
-1.07411 -1.04061
-1.07462 -1.03775
-1.07221 -1.0407
-1.07322 -1.04014
-1.07486 -1.03766
-1.0726 -1.04089
-1.07498 -1.0391
-1.07482 -1.04048
-1.07252 -1.04009
-1.07354 -1.0395
-1.0737 -1.04048
-1.07368 -1.03846
-1.07401 -1.03967
-1.07197 -1.03957
-1.07327 -1.04203
-1.07164 -1.0394
-1.07308 -1.04037
-1.0734 -1.04016
-1.07293 -1.04031
-1.07291 -1.04006
-1.0729 -1.03901
-1.0724 -1.04272
-1.07531 -1.03712
-1.07264 -1.04207
-1.07378 -1.03962
-1.07046 -1.04086
-1.0729 -1.03941
-1.07174 -1.04076
-1.07385 -1.03942
-1.07055 -1.04179
-1.07555 -1.03843
-1.07153 -1.04203
-1.07306 -1.03793
-1.0738 -1.04034
-1.07531 -1.0371
-1.06966 -1.04386
-1.07448 -1.03802
-1.07455 -1.03898
-1.07158 -1.04019
-1.07449 -1.03862
-1.0698 -1.04008
-1.07483 -1.03922
-1.07103 -1.04056
-1.07329 -1.03937
-1.07364 -1.03936
-1.07302 -1.04174
-1.07265 -1.03872
-1.07352 -1.0413
-1.07251 -1.03915
-1.07252 -1.03987
-1.07131 -1.0411
-1.07321 -1.03977
-1.0723 -1.03829
-1.07109 -1.04032
-1.07279 -1.04014
-1.07276 -1.03881
-1.07104 -1.0404
-1.07253 -1.04087
-1.0733 -1.03858
-1.06971 -1.0416
-1.07153 -1.03816
-1.07217 -1.03893
-1.07016 -1.04145
-1.07231 -1.03909
-1.07204 -1.03998
-1.07243 -1.03856
-1.07126 -1.04051
-1.07084 -1.04
-1.07028 -1.0401
-1.07188 -1.03742
-1.07007 -1.04044
-1.07204 -1.03932
-1.07115 -1.03944
-1.07209 -1.0395
-1.07018 -1.04052
-1.07286 -1.03913
-1.07276 -1.0407
-1.06992 -1.03875
-1.0707 -1.04106
-1.07262 -1.03755
-1.06979 -1.04093
-1.07136 -1.03904
-1.07145 -1.03848
-1.07177 -1.03988
-1.07189 -1.03843
-1.06949 -1.0414
-1.07419 -1.03579
-1.07014 -1.042
-1.07255 -1.03824
-1.07059 -1.03999
-1.07075 -1.03905
-1.07249 -1.03809
-1.07069 -1.0392
-1.07126 -1.04039
-1.0715 -1.03827
-1.07063 -1.03934
-1.07107 -1.0404
-1.07315 -1.03796
-1.06878 -1.04099
-1.0731 -1.03833
-1.07014 -1.03832
-1.07198 -1.0385
-1.07069 -1.04249
-1.07063 -1.03863
-1.07302 -1.03636
-1.06945 -1.04372
-1.07172 -1.03678
-1.0727 -1.03941
-1.07033 -1.03947
-1.07115 -1.03932
-1.07138 -1.03842
-1.07166 -1.0407
-1.07223 -1.0372
-1.06887 -1.04172
-1.07187 -1.03859
-1.07113 -1.03784
-1.07183 -1.03993
-1.06952 -1.03892
-1.07036 -1.04125
-1.07189 -1.03791
-1.06945 -1.03779
-1.06829 -1.04126
-1.07202 -1.03763
-1.06985 -1.04122
-1.06957 -1.03863
-1.07152 -1.03835
-1.07033 -1.03847
-1.06976 -1.03852
-1.07036 -1.04039
-1.06951 -1.03857
-1.07085 -1.03839
-1.06948 -1.0395
-1.07108 -1.0379
-1.07054 -1.03983
-1.07271 -1.03873
-1.0701 -1.03816
-1.07213 -1.03738
-1.0706 -1.03968
-1.071 -1.03942
-1.0716 -1.03794
-1.0707 -1.03782
-1.07193 -1.03791
-1.07149 -1.03902
-1.07208 -1.03868
-1.07111 -1.03655
-1.07076 -1.04016
-1.07117 -1.03664
-1.07133 -1.03826
-1.07115 -1.03909
-1.07183 -1.03746
-1.07278 -1.03594
-1.07111 -1.04044
-1.0716 -1.03882
-1.07387 -1.03635
-1.06822 -1.0401
-1.07266 -1.03719
-1.07139 -1.03906
-1.07199 -1.03728
-1.07151 -1.03814
-1.07213 -1.03859
-1.07127 -1.03887
-1.07084 -1.03694
-1.07302 -1.03707
-1.07208 -1.03727
-1.07105 -1.04119
