0 0
-0.171163 -0.160908
-0.331134 -0.314239
-0.477 -0.452273
-0.613511 -0.584031
-0.737433 -0.704101
-0.846451 -0.81329
-0.945098 -0.912696
-1.03182 -0.998968
-1.09932 -1.07956
-1.16075 -1.1457
-1.20502 -1.20531
-1.23518 -1.25245
-1.2578 -1.29323
-1.27416 -1.32703
-1.28447 -1.35164
-1.28618 -1.37928
-1.28288 -1.39956
-1.27544 -1.39953
-1.2822 -1.4183
-1.28411 -1.4281
-1.28104 -1.44044
-1.27188 -1.42943
-1.27792 -1.44264
-1.27073 -1.43339
-1.2695 -1.45147
-1.26581 -1.44336
-1.2667 -1.4539
-1.26105 -1.44864
-1.25948 -1.46074
-1.25835 -1.46635
-1.26271 -1.46161
-1.25868 -1.4574
-1.26491 -1.45828
-1.2647 -1.45928
-1.26542 -1.4583
-1.26677 -1.45482
-1.26745 -1.45265
-1.26867 -1.45545
-1.26821 -1.4526
-1.26905 -1.44858
-1.2719 -1.44863
-1.27275 -1.44868
-1.27235 -1.44682
-1.26915 -1.44566
-1.27369 -1.44398
-1.27036 -1.44633
-1.27334 -1.44449
-1.27547 -1.44571
-1.27283 -1.44668
-1.27518 -1.44305
-1.27358 -1.44334
-1.27648 -1.44239
-1.27823 -1.44196
-1.27611 -1.44159
-1.27904 -1.44028
-1.27661 -1.44033
-1.2772 -1.43781
-1.27965 -1.43785
-1.27877 -1.43762
-1.27888 -1.43565
-1.2797 -1.44233
-1.27893 -1.43894
-1.28105 -1.43714
-1.28077 -1.4356
-1.28548 -1.43278
-1.27832 -1.43856
-1.28085 -1.43636
-1.28328 -1.43462
-1.28055 -1.43569
-1.28353 -1.4347
-1.28344 -1.43192
-1.28681 -1.43296
-1.28545 -1.43029
-1.28489 -1.42997
-1.28759 -1.42817
-1.28758 -1.42834
-1.28894 -1.4251
-1.28764 -1.42642
-1.28832 -1.42626
-1.29095 -1.4213
-1.28884 -1.42245
-1.28871 -1.42223
-1.29193 -1.41811
-1.29351 -1.4185
-1.29348 -1.42204
-1.29292 -1.41919
-1.2973 -1.41562
-1.2939 -1.42025
-1.29416 -1.41623
-1.29218 -1.42104
-1.29044 -1.42232
-1.29384 -1.41866
-1.29692 -1.41586
-1.29635 -1.41766
-1.29692 -1.41665
-1.29805 -1.4157
-1.29611 -1.41247
-1.2994 -1.4127
-1.29758 -1.41275
-1.30088 -1.41505
-1.29621 -1.41303
-1.29939 -1.41002
-1.30105 -1.40707
-1.29756 -1.41348
-1.30124 -1.41156
-1.30153 -1.41238
-1.29967 -1.41007
-1.29998 -1.40859
-1.30483 -1.40865
-1.30016 -1.40733
-1.30219 -1.40779
-1.3052 -1.40254
-1.30591 -1.40567
-1.30297 -1.40211
-1.30318 -1.40331
-1.30288 -1.40263
-1.3025 -1.40645
-1.30845 -1.40209
-1.3026 -1.40473
-1.30186 -1.40381
-1.30042 -1.40537
-1.30151 -1.40204
-1.30319 -1.40349
-1.30466 -1.40191
-1.30529 -1.39882
-1.30631 -1.40393
-1.30359 -1.40088
-1.30487 -1.40225
-1.30504 -1.39966
-1.30668 -1.40044
-1.30397 -1.40301
-1.30542 -1.39916
-1.30373 -1.40104
-1.30313 -1.40079
-1.3053 -1.39752
-1.30484 -1.40104
-1.30491 -1.39927
-1.30669 -1.40012
-1.30286 -1.4013
-1.30287 -1.40265
-1.30334 -1.39887
-1.30266 -1.40018
-1.30403 -1.40319
-1.30344 -1.40348
-1.30289 -1.39997
-1.30252 -1.39991
-1.3065 -1.39724
-1.30612 -1.39911
-1.30653 -1.4001
-1.3074 -1.39819
-1.30929 -1.39681
-1.30539 -1.39661
-1.30939 -1.3972
-1.31 -1.39582
-1.30326 -1.39559
-1.30969 -1.39601
-1.30709 -1.39224
-1.30906 -1.39308
-1.30943 -1.3925
-1.31139 -1.39639
-1.30815 -1.3923
-1.30988 -1.39033
-1.31263 -1.38661
-1.3099 -1.38862
-1.31121 -1.38679
-1.30782 -1.39087
-1.30794 -1.3884
-1.31683 -1.38684
-1.31095 -1.38913
-1.31157 -1.38366
-1.30991 -1.3869
-1.31021 -1.38757
-1.30995 -1.39054
-1.31163 -1.38712
-1.31116 -1.38744
-1.31187 -1.38425
-1.31224 -1.38541
-1.30981 -1.38689
-1.30655 -1.38374
-1.31454 -1.38257
-1.31337 -1.38125
-1.3144 -1.38092
-1.31443 -1.38091
-1.31787 -1.37776
-1.31848 -1.38204
-1.3116 -1.38099
-1.31445 -1.37615
-1.3149 -1.37849
-1.31452 -1.3792
-1.31843 -1.37646
-1.31243 -1.37611
-1.31343 -1.37774
-1.31325 -1.37973
-1.31105 -1.38362
-1.31205 -1.37784
-1.31132 -1.37999
-1.31398 -1.37715
-1.31746 -1.37344
-1.31321 -1.37713
-1.3171 -1.37871
-1.3133 -1.379
-1.31469 -1.37789
-1.3127 -1.38256
-1.31623 -1.37615
-1.31508 -1.37651
-1.31336 -1.37709
-1.31709 -1.3758
-1.31393 -1.37565
-1.31689 -1.37283
-1.31466 -1.37334
-1.31807 -1.37588
-1.31598 -1.37116
-1.31745 -1.37223
-1.31685 -1.372
-1.31522 -1.36996
-1.31387 -1.37426
-1.31742 -1.36997
-1.31769 -1.37046
-1.3161 -1.37774
-1.31642 -1.37203
-1.3196 -1.37204
-1.31893 -1.37084
-1.31998 -1.36849
-1.31598 -1.36977
-1.31899 -1.37117
-1.32047 -1.36519
-1.31701 -1.37047
-1.31622 -1.37057
-1.31864 -1.36792
-1.31816 -1.3681
-1.31077 -1.37229
-1.31688 -1.37277
-1.31778 -1.36918
-1.31471 -1.37107
-1.31961 -1.36921
-1.31612 -1.36732
-1.31842 -1.36794
-1.31804 -1.36736
-1.31809 -1.36558
-1.31563 -1.36771
-1.318 -1.36543
-1.31508 -1.36876
-1.31777 -1.36462
-1.3193 -1.36877
-1.31892 -1.36453
-1.31661 -1.36928
-1.31613 -1.36751
-1.31706 -1.36724
-1.31728 -1.3677
-1.31719 -1.36731
-1.31627 -1.36738
-1.31786 -1.36624
-1.31843 -1.36796
-1.31538 -1.36376
-1.31893 -1.36524
-1.31741 -1.36378
-1.31637 -1.36599
-1.31748 -1.36301
-1.31792 -1.36229
-1.31869 -1.36555
-1.31916 -1.36638
-1.31587 -1.3683
-1.31624 -1.36506
-1.31603 -1.36639
-1.31445 -1.36666
-1.31757 -1.36525
-1.31941 -1.36402
-1.31472 -1.36619
-1.31577 -1.36116
-1.31595 -1.36269
-1.31494 -1.36744
-1.31709 -1.36652
-1.31376 -1.36554
-1.3122 -1.36814
-1.31702 -1.3651
-1.31316 -1.36878
-1.31866 -1.36434
-1.31402 -1.36548
-1.31715 -1.36345
-1.31705 -1.3663
-1.31545 -1.36516
-1.31782 -1.36584
-1.31473 -1.36523
-1.31748 -1.36019
-1.3169 -1.36326
-1.3155 -1.36527
-1.31505 -1.36329
-1.31658 -1.35855
-1.31476 -1.36196
-1.314 -1.36038
-1.31186 -1.36531
-1.31414 -1.3642
-1.31494 -1.36158
-1.3169 -1.36287
-1.31635 -1.36317
-1.31546 -1.36417
-1.31497 -1.36133
-1.31386 -1.36379
-1.31495 -1.36102
-1.31442 -1.36231
-1.31731 -1.36143
-1.31517 -1.3643
-1.31549 -1.35906
-1.31342 -1.36254
-1.31614 -1.35975
-1.31545 -1.36016
-1.31406 -1.36183
-1.3146 -1.36411
-1.31673 -1.35586
-1.31583 -1.35677
-1.31868 -1.35816
-1.31506 -1.35749
-1.31455 -1.36136
-1.31376 -1.36202
-1.31427 -1.35993
-1.31432 -1.35958
-1.31217 -1.35945
-1.31532 -1.35639
-1.31602 -1.35983
-1.31224 -1.35836
-1.31521 -1.35814
-1.31229 -1.3595
-1.31456 -1.35912
-1.31591 -1.35714
-1.31511 -1.35937
-1.31338 -1.35819
-1.3161 -1.35964
-1.31611 -1.35731
-1.30837 -1.36121
-1.31424 -1.35716
-1.31571 -1.35638
-1.31569 -1.3564
-1.31176 -1.35767
-1.31605 -1.35964
-1.31246 -1.35867
-1.31404 -1.35749
-1.31538 -1.35982
-1.31225 -1.36243
-1.31436 -1.3557
-1.31093 -1.35993
-1.31325 -1.36289
-1.31139 -1.35916
-1.31089 -1.35614
-1.31416 -1.35889
-1.3116 -1.35732
-1.315 -1.3586
-1.31568 -1.35558
-1.31281 -1.35753
-1.31408 -1.35453
-1.31361 -1.35736
-1.31303 -1.35701
-1.3127 -1.35938
-1.313 -1.35525
-1.31215 -1.35672
-1.31337 -1.35352
-1.31225 -1.35536
-1.31438 -1.35329
-1.31375 -1.35639
-1.31229 -1.35431
-1.30983 -1.35671
-1.3131 -1.35659
-1.31177 -1.35533
-1.31275 -1.35245
-1.31003 -1.35339
-1.31121 -1.35758
-1.31258 -1.35646
-1.31265 -1.35484
-1.3129 -1.35388
-1.31256 -1.35614
-1.31289 -1.35044
-1.31407 -1.34839
-1.3098 -1.35076
-1.31417 -1.35251
-1.31259 -1.35181
-1.31492 -1.35069
-1.30991 -1.35239
-1.31218 -1.35283
-1.3097 -1.35083
-1.31336 -1.35269
-1.31001 -1.35289
-1.31106 -1.35414
-1.3104 -1.35109
-1.30808 -1.35091
-1.31291 -1.35267
-1.30853 -1.35589
-1.3117 -1.34779
-1.30948 -1.35096
-1.31128 -1.34868
-1.30873 -1.35188
-1.30535 -1.35119
-1.31197 -1.3497
-1.30801 -1.35157
-1.30686 -1.34937
-1.31145 -1.35224
-1.30797 -1.34727
-1.30798 -1.34817
-1.30933 -1.35048
-1.31213 -1.34605
-1.30686 -1.34785
-1.31026 -1.34756
-1.30708 -1.34885
-1.30673 -1.34759
-1.31014 -1.34871
-1.30453 -1.34854
-1.30766 -1.34819
-1.30283 -1.34998
-1.30894 -1.34876
-1.30493 -1.35104
-1.30844 -1.35146
-1.30409 -1.34618
-1.3072 -1.34932
-1.30576 -1.34841
-1.30851 -1.34778
-1.30772 -1.35074
-1.30526 -1.34963
-1.31016 -1.34478
-1.30651 -1.35096
-1.31038 -1.34761
-1.30645 -1.34868
-1.30875 -1.34664
-1.30382 -1.34775
-1.30517 -1.34976
-1.30552 -1.34915
-1.30409 -1.34756
-1.30367 -1.34719
-1.30489 -1.34953
-1.30471 -1.3497
-1.30979 -1.35087
-1.30317 -1.34878
-1.30527 -1.34731
-1.30546 -1.3467
-1.30635 -1.34938
-1.30716 -1.34763
-1.30818 -1.34617
-1.30797 -1.34723
-1.30691 -1.34401
-1.30732 -1.34744
-1.30576 -1.34417
-1.30498 -1.34733
-1.30756 -1.34417
-1.30658 -1.34474
-1.30588 -1.34659
-1.30441 -1.34462
-1.3043 -1.34734
-1.30449 -1.34388
-1.30316 -1.34499
-1.30801 -1.34733
-1.30161 -1.34648
-1.29951 -1.34871
-1.30148 -1.34662
-1.29986 -1.34996
-1.30325 -1.35113
-1.30137 -1.34743
-1.30338 -1.34761
-1.30183 -1.34714
-1.30384 -1.34836
-1.30457 -1.34793
-1.30433 -1.3459
-1.30699 -1.34615
-1.30504 -1.34115
-1.3005 -1.34487
-1.30146 -1.34672
-1.30428 -1.34141
-1.29991 -1.34396
-1.30755 -1.34279
-1.30225 -1.34365
-1.30404 -1.34166
-1.30414 -1.34462
-1.30393 -1.34554
-1.30433 -1.34301
-1.30368 -1.34269
-1.30617 -1.34613
-1.30678 -1.34262
-1.30603 -1.33913
-1.30602 -1.3425
-1.30628 -1.34066
-1.30752 -1.34298
-1.30865 -1.3421
-1.30528 -1.34245
-1.30706 -1.34111
-1.30568 -1.34048
-1.30592 -1.34223
-1.30617 -1.34015
-1.30758 -1.33817
-1.30628 -1.34367
-1.30571 -1.34249
-1.30754 -1.33953
-1.30585 -1.34199
-1.3078 -1.3412
-1.30655 -1.34237
-1.30769 -1.33856
-1.30598 -1.34384
-1.30533 -1.34119
-1.30396 -1.34781
-1.30696 -1.34037
-1.30572 -1.33824
-1.30781 -1.34126
-1.30509 -1.33972
-1.30376 -1.33863
-1.30171 -1.33749
-1.30441 -1.34196
-1.3025 -1.34196
-1.30693 -1.34121
-1.30341 -1.34108
-1.30043 -1.34335
-1.30527 -1.341
-1.30333 -1.34193
-1.29879 -1.34463
-1.30395 -1.33867
-1.3006 -1.34442
-1.30488 -1.34011
-1.30289 -1.34329
-1.30486 -1.34169
-1.30178 -1.34321
-1.30033 -1.3454
-1.30052 -1.34424
-1.30327 -1.34295
-1.30258 -1.34335
-1.30204 -1.34045
-1.30346 -1.33968
-1.30186 -1.34249
-1.30296 -1.33963
-1.3016 -1.3368
-1.30183 -1.34115
-1.30227 -1.34152
-1.30026 -1.34011
-1.30309 -1.34017
-1.30372 -1.33998
-1.30318 -1.33679
-1.30314 -1.33707
-1.30261 -1.33697
-1.30195 -1.33924
-1.30185 -1.34049
-1.30201 -1.34021
-1.30517 -1.33641
-1.30085 -1.3377
-1.30457 -1.33842
-1.30252 -1.33713
-1.30292 -1.33312
-1.3048 -1.33665
-1.30746 -1.33433
-1.30298 -1.33266
-1.30759 -1.33462
-1.30223 -1.33517
-1.30465 -1.33419
-1.30506 -1.33313
-1.30297 -1.33237
-1.30484 -1.33481
-1.30567 -1.33363
-1.30409 -1.33225
-1.30307 -1.33446
-1.30187 -1.33332
-1.30442 -1.33453
-1.30337 -1.33438
-1.30096 -1.33069
-1.30648 -1.33066
-1.30223 -1.33109
-1.30442 -1.33264
-1.30636 -1.32884
-1.29968 -1.32932
-1.30382 -1.3328
-1.30443 -1.32893
-1.30281 -1.33374
-1.3021 -1.3299
-1.30637 -1.33245
-1.30169 -1.33338
-1.30311 -1.33301
-1.30281 -1.33422
-1.30328 -1.33505
-1.29932 -1.3335
-1.30304 -1.33509
-1.30207 -1.33349
-1.30142 -1.3333
-1.29956 -1.33585
-1.30204 -1.33587
-1.30372 -1.33351
-1.29879 -1.33436
-1.30113 -1.33391
-1.29995 -1.33281
-1.30146 -1.33289
-1.2988 -1.33342
-1.30042 -1.33597
-1.29842 -1.3325
-1.29987 -1.33395
-1.30098 -1.33369
-1.29881 -1.33292
-1.29983 -1.33548
-1.29972 -1.33055
-1.29848 -1.33235
-1.29895 -1.33103
-1.29939 -1.32751
-1.2994 -1.33294
-1.29818 -1.33058
-1.30444 -1.32854
-1.30005 -1.32951
-1.30097 -1.32942
-1.29959 -1.33215
-1.29842 -1.33106
-1.29892 -1.32985
-1.29807 -1.3304
-1.29973 -1.32856
-1.30061 -1.32763
-1.29573 -1.32805
-1.29858 -1.33194
-1.30248 -1.3269
-1.30029 -1.32761
-1.29979 -1.32717
-1.30227 -1.33006
-1.30386 -1.32611
-1.30278 -1.32917
-1.30026 -1.329
-1.30165 -1.32453
-1.30217 -1.32686
-1.30296 -1.32864
-1.30067 -1.32627
-1.30233 -1.32713
-1.30339 -1.32613
-1.30156 -1.32424
-1.30271 -1.32354
-1.30187 -1.32674
-1.30372 -1.32529
-1.30163 -1.32544
-1.30178 -1.32329
-1.30132 -1.32418
-1.30184 -1.32388
-1.30606 -1.32417
-1.29978 -1.32266
-1.30099 -1.32523
-1.30506 -1.32244
-1.29934 -1.32511
-1.3013 -1.32556
-1.30262 -1.32606
-1.30319 -1.32551
-1.30131 -1.32531
-1.29927 -1.32592
-1.30137 -1.32271
-1.29773 -1.33028
-1.30175 -1.32432
-1.29941 -1.32634
-1.29813 -1.32807
-1.30273 -1.32494
-1.29935 -1.32314
-1.30041 -1.32476
-1.30189 -1.32551
-1.30375 -1.32138
-1.30041 -1.32956
-1.29979 -1.32269
-1.29764 -1.32581
-1.3008 -1.32306
-1.30121 -1.32435
-1.29895 -1.32096
-1.29991 -1.32366
-1.3011 -1.31992
-1.29856 -1.32366
-1.29612 -1.32573
-1.29654 -1.32249
-1.29797 -1.32453
-1.29915 -1.32623
-1.29855 -1.32568
-1.29494 -1.32483
-1.29968 -1.32126
-1.29987 -1.32533
-1.29775 -1.32265
-1.29706 -1.32808
-1.29843 -1.32575
-1.29814 -1.32526
-1.29684 -1.3257
-1.29477 -1.32645
-1.29633 -1.32713
-1.29857 -1.32551
-1.29616 -1.32806
-1.295 -1.32421
-1.29922 -1.32836
-1.29654 -1.32574
-1.29913 -1.32493
-1.29481 -1.32637
-1.2971 -1.32652
-1.29869 -1.32501
-1.29428 -1.32907
-1.29762 -1.32772
-1.29658 -1.32687
-1.29693 -1.32584
-1.29271 -1.32577
-1.29476 -1.33024
-1.29355 -1.32631
-1.29753 -1.32169
-1.2947 -1.32576
-1.29717 -1.32312
-1.29908 -1.32032
-1.29828 -1.32353
-1.30111 -1.32441
-1.29626 -1.32236
-1.29839 -1.32266
-1.29855 -1.32154
-1.2962 -1.32544
-1.29674 -1.3206
-1.29838 -1.32222
-1.29685 -1.32081
-1.29751 -1.32039
-1.29377 -1.32387
-1.29351 -1.32245
-1.2967 -1.32152
-1.29505 -1.3226
-1.30004 -1.32198
-1.29758 -1.32037
-1.29672 -1.31785
-1.29785 -1.32374
-1.29616 -1.31837
-1.29682 -1.32003
-1.29618 -1.31841
-1.296 -1.32265
-1.29392 -1.32089
-1.29392 -1.32312
-1.29637 -1.32163
-1.29661 -1.32372
-1.29593 -1.31916
-1.29439 -1.32337
-1.29652 -1.32106
-1.2933 -1.32025
-1.29494 -1.32357
-1.29516 -1.32041
-1.29306 -1.3241
-1.29464 -1.32267
-1.29404 -1.32119
-1.2943 -1.32104
-1.29484 -1.32305
-1.29379 -1.31991
-1.29479 -1.31737
-1.29627 -1.32302
-1.29269 -1.32169
-1.29336 -1.32116
-1.29592 -1.31946
-1.29287 -1.32186
-1.29613 -1.32009
-1.29448 -1.31806
-1.29465 -1.31833
-1.29487 -1.32006
-1.29396 -1.32049
-1.29239 -1.32218
-1.29631 -1.32087
-1.29233 -1.31675
-1.29251 -1.32044
-1.29519 -1.31968
-1.29474 -1.31944
-1.29165 -1.32042
-1.29131 -1.32031
-1.2952 -1.31914
-1.29227 -1.31786
-1.29351 -1.31751
-1.2961 -1.31688
-1.29115 -1.32174
-1.29093 -1.31941
-1.29511 -1.3198
-1.29161 -1.31745
-1.28968 -1.32172
-1.28917 -1.31988
-1.29271 -1.32139
-1.28819 -1.31888
-1.29252 -1.32284
-1.2919 -1.31821
-1.29384 -1.31886
-1.29175 -1.31717
-1.29353 -1.3206
-1.2943 -1.31622
-1.29131 -1.31886
-1.29479 -1.31916
-1.28834 -1.32134
-1.29466 -1.31827
-1.28988 -1.32142
-1.28963 -1.31862
-1.29156 -1.32046
-1.28868 -1.32066
-1.29164 -1.32224
-1.28868 -1.31897
-1.28698 -1.31837
-1.28824 -1.32444
-1.28974 -1.31852
-1.28837 -1.31762
-1.28948 -1.32147
-1.28947 -1.31805
-1.29259 -1.31941
-1.28775 -1.32065
-1.28802 -1.32153
-1.28767 -1.31633
-1.28854 -1.31732
-1.28854 -1.31906
-1.29261 -1.32097
-1.28891 -1.31915
-1.29235 -1.31583
-1.28817 -1.31844
-1.28863 -1.31971
-1.28964 -1.31715
-1.28873 -1.31721
-1.28843 -1.3196
-1.29209 -1.31719
-1.2897 -1.3158
-1.29186 -1.31342
-1.29138 -1.3176
-1.28589 -1.32006
-1.28936 -1.31873
-1.28774 -1.31642
-1.29025 -1.31606
-1.29038 -1.31807
-1.28773 -1.31958
-1.28842 -1.3186
-1.28755 -1.31566
-1.29027 -1.31585
-1.29234 -1.31483
-1.29105 -1.31296
-1.28871 -1.31591
-1.28719 -1.31877
-1.28963 -1.31658
-1.28918 -1.31498
-1.29025 -1.31486
-1.29093 -1.31473
-1.28902 -1.31594
-1.2897 -1.31466
-1.29066 -1.31746
-1.28972 -1.31551
-1.28646 -1.31737
-1.28869 -1.3169
-1.28791 -1.31568
-1.288 -1.31472
-1.29061 -1.31573
-1.28779 -1.31385
-1.28794 -1.31581
-1.28935 -1.31457
-1.28806 -1.31774
-1.28445 -1.31649
-1.28695 -1.31645
-1.28503 -1.3155
-1.28524 -1.31718
-1.28383 -1.31416
-1.28533 -1.31477
-1.28565 -1.3137
-1.28524 -1.31476
-1.28404 -1.31697
-1.28429 -1.31522
-1.28616 -1.31606
-1.28587 -1.31414
-1.28596 -1.31515
-1.28558 -1.3188
-1.28775 -1.31361
-1.28668 -1.31528
-1.28622 -1.31442
-1.28638 -1.3147
-1.28296 -1.31301
-1.28351 -1.31753
-1.2856 -1.31419
-1.28777 -1.31365
-1.28188 -1.31462
-1.28604 -1.31879
-1.2834 -1.31478
-1.28422 -1.31614
-1.28456 -1.31583
-1.28148 -1.31696
-1.28653 -1.31348
-1.28653 -1.31526
-1.28648 -1.31223
-1.28403 -1.31543
-1.28729 -1.31064
-1.28608 -1.31276
-1.28753 -1.31605
-1.28405 -1.31574
-1.28411 -1.31469
-1.28502 -1.31466
-1.2838 -1.31696
-1.28353 -1.31596
-1.28439 -1.31557
-1.28643 -1.31714
-1.28274 -1.31646
-1.28642 -1.31683
-1.28289 -1.31643
-1.28215 -1.31423
-1.28343 -1.31634
-1.28051 -1.31734
-1.28346 -1.31478
-1.2823 -1.31657
-1.28498 -1.3123
-1.28207 -1.31509
-1.28427 -1.31424
-1.28484 -1.31207
-1.28486 -1.31207
-1.28241 -1.31418
-1.28274 -1.31421
-1.2803 -1.31835
-1.2834 -1.31393
-1.28351 -1.31459
-1.28058 -1.3183
-1.28366 -1.31385
-1.28139 -1.31326
-1.28305 -1.31428
-1.28399 -1.31189
-1.28214 -1.31045
-1.28132 -1.31148
-1.28535 -1.31138
-1.28308 -1.31115
-1.2823 -1.30883
-1.28264 -1.31106
-1.28264 -1.31418
-1.28121 -1.30992
-1.28433 -1.31041
-1.28622 -1.30964
-1.28011 -1.31065
-1.28244 -1.31186
-1.28428 -1.31054
-1.28449 -1.30872
-1.28208 -1.31064
-1.28544 -1.3109
-1.28468 -1.30897
-1.28242 -1.31449
-1.28072 -1.31147
-1.28171 -1.31335
-1.28304 -1.30946
-1.27902 -1.3129
-1.27858 -1.31306
-1.28163 -1.31224
-1.27799 -1.31559
-1.27811 -1.31255
-1.28219 -1.31254
-1.27947 -1.31731
-1.27615 -1.31855
-1.27712 -1.31532
-1.27839 -1.31239
-1.27948 -1.31297
-1.27816 -1.31352
-1.27846 -1.3123
-1.27727 -1.31451
-1.28077 -1.31272
-1.27991 -1.31413
-1.27634 -1.31064
-1.28163 -1.31229
-1.27724 -1.31168
-1.28214 -1.314
-1.28215 -1.31168
-1.28206 -1.31049
-1.28037 -1.31131
-1.28124 -1.3112
-1.28232 -1.30924
-1.28268 -1.31049
-1.28013 -1.31009
-1.27726 -1.31029
-1.28072 -1.30892
-1.28046 -1.3117
-1.28053 -1.30959
-1.27977 -1.3099
-1.28188 -1.30658
-1.27835 -1.31106
-1.28007 -1.30732
-1.27774 -1.31162
-1.27937 -1.31243
-1.2799 -1.30449
-1.28184 -1.30947
-1.2818 -1.30952
-1.28148 -1.3066
-1.27915 -1.30985
-1.28101 -1.30529
-1.27915 -1.31075
-1.2798 -1.31047
-1.27977 -1.30779
-1.28082 -1.30672
-1.28289 -1.30898
-1.28296 -1.30678
-1.27976 -1.30833
-1.28343 -1.30672
-1.28072 -1.30627
-1.28066 -1.30775
-1.28222 -1.30834
-1.27846 -1.30715
-1.28065 -1.30664
-1.28131 -1.307
-1.28051 -1.30811
-1.27904 -1.30867
-1.28022 -1.30764
-1.27943 -1.30673
-1.27994 -1.30848
-1.28231 -1.30568
-1.27605 -1.30972
-1.27936 -1.30786
-1.28175 -1.30615
-1.28077 -1.30446
-1.27821 -1.30793
-1.27973 -1.30506
-1.28093 -1.30665
-1.28016 -1.30494
-1.28167 -1.30554
-1.28131 -1.3066
-1.27726 -1.31052
-1.2822 -1.30766
-1.27907 -1.30739
-1.28086 -1.30659
-1.27923 -1.30599
-1.27951 -1.30673
-1.28076 -1.30653
-1.28022 -1.30171
-1.27866 -1.30283
-1.27997 -1.30338
-1.27943 -1.30485
-1.27832 -1.30414
-1.27797 -1.30503
-1.27567 -1.30664
-1.27833 -1.30619
-1.27628 -1.30663
-1.27588 -1.30657
-1.27638 -1.30445
-1.27934 -1.30393
-1.27743 -1.30652
-1.27918 -1.30138
-1.2759 -1.3045
-1.27862 -1.30517
-1.27582 -1.30435
-1.27719 -1.30391
-1.27779 -1.30935
-1.27734 -1.30358
-1.27497 -1.30276
-1.27684 -1.30843
-1.27542 -1.30259
-1.2783 -1.30582
-1.27525 -1.30805
-1.27856 -1.30403
-1.27763 -1.30761
-1.27962 -1.30495
-1.27706 -1.30439
-1.27682 -1.3072
-1.27859 -1.3031
-1.2787 -1.30652
-1.27651 -1.3051
-1.27908 -1.30553
-1.27714 -1.30346
-1.27544 -1.30512
-1.27543 -1.30695
-1.27818 -1.30441
-1.27388 -1.30717
-1.27479 -1.30736
-1.2755 -1.30397
-1.27391 -1.30698
-1.27545 -1.30619
-1.27379 -1.30665
-1.27517 -1.30261
-1.27491 -1.30289
-1.2777 -1.30615
-1.27765 -1.30678
-1.27725 -1.30397
-1.27456 -1.30747
-1.27516 -1.30352
-1.2791 -1.30233
-1.27537 -1.30553
-1.27584 -1.30675
-1.27541 -1.30591
-1.27358 -1.30579
-1.27734 -1.30529
-1.27453 -1.30559
-1.27339 -1.30715
-1.2773 -1.30355
-1.27441 -1.30682
-1.27495 -1.30653
-1.27688 -1.30389
-1.27707 -1.30384
-1.27472 -1.305
-1.2751 -1.30669
-1.2775 -1.30579
-1.27395 -1.30345
-1.2747 -1.30543
-1.27661 -1.30292
-1.27409 -1.30374
-1.27447 -1.30588
-1.27552 -1.30318
-1.27424 -1.30523
-1.27469 -1.30462
-1.2721 -1.308
-1.2746 -1.30513
-1.27137 -1.31079
-1.27504 -1.30486
-1.27155 -1.30997
-1.27198 -1.30561
-1.27082 -1.30622
-1.27172 -1.30685
-1.27298 -1.30694
-1.27067 -1.30589
-1.27146 -1.30341
-1.26846 -1.30568
-1.27008 -1.3064
-1.26763 -1.30493
-1.27179 -1.30986
-1.2696 -1.30528
-1.27218 -1.30672
-1.27062 -1.3067
-1.27156 -1.30788
-1.27352 -1.30629
-1.27303 -1.30819
-1.26941 -1.30618
-1.27015 -1.30846
-1.2703 -1.30603
-1.26967 -1.30798
-1.27067 -1.3064
-1.2741 -1.30359
-1.27134 -1.3054
-1.26967 -1.30535
-1.27038 -1.3057
-1.27077 -1.30518
-1.27052 -1.30871
-1.27533 -1.30288
-1.2717 -1.30227
-1.27145 -1.30735
-1.27095 -1.30577
-1.27099 -1.30175
-1.27109 -1.30704
-1.27137 -1.30419
-1.27274 -1.30419
-1.27058 -1.30575
-1.26894 -1.30321
-1.27137 -1.30453
-1.27268 -1.30636
-1.27104 -1.30315
-1.27218 -1.30403
-1.26971 -1.30696
-1.27122 -1.30368
-1.27063 -1.30478
-1.26917 -1.30679
-1.27285 -1.30295
-1.27055 -1.30672
-1.26723 -1.30638
-1.27233 -1.30564
-1.26906 -1.30947
-1.27064 -1.30594
-1.27059 -1.30383
-1.26946 -1.30611
-1.27108 -1.30307
-1.2684 -1.30444
-1.2699 -1.30538
-1.27102 -1.30215
-1.27144 -1.30683
-1.26847 -1.30241
-1.27096 -1.30322
-1.2674 -1.30613
-1.26863 -1.30243
-1.27023 -1.30323
-1.27196 -1.30221
-1.26937 -1.30444
-1.2718 -1.30059
-1.27139 -1.29967
-1.26832 -1.30065
-1.26898 -1.30198
-1.27072 -1.30293
-1.26876 -1.30076
-1.27045 -1.30009
-1.27107 -1.30101
-1.26831 -1.29969
-1.26958 -1.30087
-1.27377 -1.30009
-1.26855 -1.30182
-1.27212 -1.29836
-1.26725 -1.30222
-1.27036 -1.30153
-1.27069 -1.30077
-1.26945 -1.302
-1.26886 -1.30246
-1.27025 -1.30303
-1.26909 -1.303
-1.27227 -1.30308
-1.26932 -1.30275
-1.27216 -1.30082
-1.27095 -1.3017
-1.26968 -1.30065
-1.26863 -1.30532
-1.26874 -1.3025
-1.26927 -1.30111
-1.26901 -1.30332
-1.27162 -1.29856
-1.27036 -1.30046
-1.26778 -1.30269
-1.26901 -1.30259
-1.26837 -1.30123
-1.2699 -1.30058
-1.26812 -1.30246
-1.26768 -1.30296
-1.26995 -1.29959
-1.26896 -1.30392
-1.26856 -1.30104
-1.26783 -1.30218
-1.26807 -1.29882
-1.26875 -1.3021
-1.26911 -1.3001
-1.27008 -1.30041
-1.26721 -1.29951
-1.2706 -1.29886
-1.266 -1.30155
-1.26953 -1.30158
-1.27202 -1.29867
-1.2678 -1.30024
-1.26927 -1.30083
-1.27029 -1.29778
-1.26868 -1.29872
-1.26915 -1.29808
-1.26877 -1.29907
-1.26667 -1.29863
-1.2681 -1.30124
-1.26867 -1.29998
-1.26938 -1.2985
-1.27001 -1.29887
-1.2686 -1.29828
-1.26744 -1.30127
-1.2686 -1.29913
-1.26829 -1.29942
-1.26532 -1.30065
-1.2643 -1.3003
-1.26871 -1.29791
-1.26573 -1.30091
-1.26402 -1.29941
-1.26449 -1.30224
-1.26561 -1.29861
-1.26595 -1.30351
-1.26737 -1.30141
-1.2642 -1.30018
-1.27096 -1.29628
-1.26476 -1.30059
-1.26759 -1.30302
-1.26718 -1.29611
-1.26797 -1.29968
-1.26739 -1.29874
-1.2691 -1.30013
-1.26507 -1.3037
-1.26789 -1.29626
-1.26566 -1.3003
-1.26765 -1.29971
-1.26527 -1.29973
-1.26924 -1.30053
-1.26642 -1.29988
-1.26955 -1.30071
-1.26569 -1.29985
-1.26863 -1.30202
-1.26544 -1.29944
-1.26815 -1.30003
-1.26578 -1.30118
-1.26568 -1.302
-1.26467 -1.30202
-1.26664 -1.30318
-1.26668 -1.30252
-1.2658 -1.30249
-1.2639 -1.30158
-1.26509 -1.30258
-1.26778 -1.29946
-1.26618 -1.30029
-1.26816 -1.30198
-1.26594 -1.30096
-1.26596 -1.29747
-1.26433 -1.30354
-1.26351 -1.29782
-1.26348 -1.30204
-1.26596 -1.30134
-1.26695 -1.30013
-1.26548 -1.3011
-1.26538 -1.30082
-1.26455 -1.29957
-1.26288 -1.3024
-1.26546 -1.30121
-1.26415 -1.30097
-1.26407 -1.29835
-1.26486 -1.30039
-1.26447 -1.29888
-1.26239 -1.30246
-1.26459 -1.29625
-1.2627 -1.2992
-1.26549 -1.29889
-1.26452 -1.30151
-1.26503 -1.29849
-1.26224 -1.30192
-1.26348 -1.29812
-1.26449 -1.30005
-1.2625 -1.29911
-1.26061 -1.3007
-1.26258 -1.29989
-1.26214 -1.30277
-1.26349 -1.29987
-1.26435 -1.29929
-1.26363 -1.29774
-1.26229 -1.30213
-1.26207 -1.29637
-1.26308 -1.3001
-1.26652 -1.29746
-1.26015 -1.29761
-1.26448 -1.29967
-1.26281 -1.29989
-1.26199 -1.30227
-1.26192 -1.30027
-1.26155 -1.29937
-1.26225 -1.29774
-1.2601 -1.30041
-1.26394 -1.29865
-1.26108 -1.30002
-1.26481 -1.29769
-1.26265 -1.29889
-1.26055 -1.30035
-1.26267 -1.30033
-1.26512 -1.29463
-1.26423 -1.29736
-1.26203 -1.29949
-1.26276 -1.29881
-1.26345 -1.2987
-1.25981 -1.30108
-1.26375 -1.29881
-1.26128 -1.29625
-1.25995 -1.29973
-1.26148 -1.29772
-1.26073 -1.30008
-1.26052 -1.29825
-1.26233 -1.29739
-1.26034 -1.29992
-1.2593 -1.29806
-1.26244 -1.29634
-1.25967 -1.29917
-1.26086 -1.29766
-1.25863 -1.30179
-1.26268 -1.29847
-1.26229 -1.29832
-1.26051 -1.2973
-1.25942 -1.29887
-1.25932 -1.29758
-1.26094 -1.29635
-1.25815 -1.30088
-1.2611 -1.29906
-1.25695 -1.30244
-1.26063 -1.29657
-1.26162 -1.29932
-1.25564 -1.30207
-1.26018 -1.29704
-1.26045 -1.30002
-1.25762 -1.29793
-1.25873 -1.29933
-1.25922 -1.29808
-1.25931 -1.29778
-1.2599 -1.29958
-1.25848 -1.30213
-1.25948 -1.29433
-1.25708 -1.29976
-1.25889 -1.30025
-1.25699 -1.30217
-1.25854 -1.30009
-1.25579 -1.29941
-1.26133 -1.29752
-1.25685 -1.30197
-1.25917 -1.30197
-1.25853 -1.2984
-1.25796 -1.29828
-1.25795 -1.29728
-1.25899 -1.2962
-1.25948 -1.29757
-1.25865 -1.29925
-1.25518 -1.29852
-1.26132 -1.29574
-1.25619 -1.29778
-1.25715 -1.29586
-1.25926 -1.29775
-1.25657 -1.29887
-1.25614 -1.29674
-1.25724 -1.29739
-1.25615 -1.29771
-1.25763 -1.29696
-1.26016 -1.29742
-1.26061 -1.29454
-1.25954 -1.29721
-1.25983 -1.29597
-1.2571 -1.2941
-1.26025 -1.29886
-1.26104 -1.29318
-1.25969 -1.29808
-1.25939 -1.29684
-1.25908 -1.29403
-1.25945 -1.29406
-1.25641 -1.2966
-1.25912 -1.29629
-1.2566 -1.29777
-1.25932 -1.297
-1.25717 -1.29788
-1.26061 -1.29243
-1.25834 -1.29834
-1.25641 -1.29657
-1.25947 -1.29526
-1.25483 -1.29621
-1.25909 -1.29624
-1.25715 -1.29487
-1.25937 -1.29678
-1.25656 -1.29643
-1.25736 -1.29525
-1.25835 -1.2983
-1.2565 -1.29531
-1.2552 -1.29706
-1.25315 -1.30023
-1.25574 -1.29659
-1.25256 -1.2951
-1.25326 -1.29848
-1.25397 -1.29791
-1.25136 -1.29557
-1.25255 -1.29864
-1.25682 -1.29506
-1.25361 -1.29682
-1.25546 -1.29622
-1.25345 -1.29675
-1.25401 -1.29567
-1.25314 -1.29864
-1.25224 -1.29473
-1.2511 -1.29921
-1.24869 -1.29445
-1.25104 -1.29733
-1.25143 -1.29502
-1.25012 -1.29782
-1.25625 -1.29141
-1.24957 -1.29938
-1.25264 -1.29552
-1.25255 -1.29686
-1.25379 -1.29451
-1.25274 -1.29386
-1.25222 -1.29482
-1.25311 -1.29346
-1.2531 -1.29227
-1.24865 -1.29447
-1.25268 -1.29073
-1.25048 -1.29536
-1.25291 -1.29069
-1.25457 -1.29337
-1.25133 -1.29391
-1.25408 -1.29155
-1.25504 -1.29216
-1.25128 -1.29185
-1.2542 -1.28979
-1.25189 -1.29269
-1.2542 -1.29229
-1.25408 -1.28935
-1.25375 -1.29366
-1.25368 -1.28892
-1.25294 -1.29126
-1.25151 -1.29179
-1.25378 -1.28998
-1.25126 -1.29511
-1.25337 -1.29128
-1.25091 -1.29755
-1.25385 -1.29076
-1.25113 -1.29415
-1.25284 -1.29003
-1.25391 -1.29148
-1.25295 -1.29157
-1.25132 -1.29355
-1.2536 -1.28668
-1.2514 -1.29119
-1.25137 -1.29109
-1.25192 -1.28967
-1.2548 -1.29242
-1.25297 -1.28905
-1.25185 -1.28999
-1.25095 -1.29194
-1.25208 -1.28893
-1.25201 -1.29071
-1.25408 -1.29144
-1.25124 -1.29332
-1.25039 -1.29097
-1.25237 -1.29111
-1.25323 -1.28875
-1.25281 -1.29009
-1.25157 -1.29001
-1.25066 -1.29203
-1.25332 -1.28947
-1.25434 -1.28796
-1.25138 -1.29129
-1.252 -1.28964
-1.25317 -1.28811
-1.24991 -1.29083
-1.25264 -1.29042
-1.25182 -1.28755
-1.25246 -1.29076
-1.25104 -1.289
-1.25004 -1.29244
-1.25166 -1.28918
-1.24753 -1.29383
-1.25184 -1.28948
-1.25182 -1.29125
-1.25119 -1.29057
-1.24794 -1.29147
-1.25312 -1.29013
-1.24952 -1.29256
-1.25392 -1.28698
-1.25446 -1.29021
-1.25082 -1.29163
-1.25085 -1.29128
-1.25434 -1.28958
-1.25254 -1.29235
-1.25504 -1.28817
-1.25161 -1.29162
-1.25189 -1.29178
-1.25577 -1.28996
-1.25044 -1.28986
-1.24986 -1.29455
-1.25407 -1.289
-1.24978 -1.28981
-1.24889 -1.28915
-1.25222 -1.28895
-1.25017 -1.29204
-1.25122 -1.29032
-1.25169 -1.28533
-1.25154 -1.28976
-1.25222 -1.29046
-1.25401 -1.28393
-1.25199 -1.29086
-1.25015 -1.29081
-1.25171 -1.28942
-1.25192 -1.2895
-1.24937 -1.29033
-1.25112 -1.28872
-1.25157 -1.28933
-1.25245 -1.28995
-1.25006 -1.29215
-1.25339 -1.28893
-1.25278 -1.28967
-1.25093 -1.28861
-1.25158 -1.28976
-1.25375 -1.28946
-1.25227 -1.28792
-1.25208 -1.29028
-1.25102 -1.28847
-1.25148 -1.28828
-1.25141 -1.28778
-1.25202 -1.28957
-1.25123 -1.28918
-1.25014 -1.28704
-1.2501 -1.28952
-1.25208 -1.28962
-1.2511 -1.29025
-1.25144 -1.28953
-1.24944 -1.28872
-1.25029 -1.28741
-1.24968 -1.29063
-1.24907 -1.28938
-1.25058 -1.28882
-1.25063 -1.28623
-1.25294 -1.28687
-1.25138 -1.28669
-1.25152 -1.28959
-1.25026 -1.28665
-1.25353 -1.28694
-1.24986 -1.29057
-1.24853 -1.28555
-1.248 -1.28729
-1.25002 -1.28842
-1.24974 -1.28799
-1.24973 -1.28634
-1.25162 -1.28652
-1.24815 -1.28872
-1.24933 -1.28901
-1.24936 -1.28422
-1.25045 -1.28996
-1.24779 -1.28474
-1.24887 -1.28836
-1.25321 -1.28658
-1.24918 -1.28515
-1.25248 -1.28354
-1.24915 -1.28958
-1.25363 -1.28276
-1.24899 -1.28953
-1.25328 -1.28461
-1.25144 -1.28491
-1.25175 -1.28644
-1.25163 -1.28603
-1.25091 -1.28271
-1.25165 -1.28574
-1.25319 -1.28494
-1.24978 -1.28513
-1.24988 -1.28481
-1.25212 -1.2865
-1.25121 -1.2848
-1.25014 -1.28438
-1.24983 -1.28442
-1.24881 -1.28793
-1.2518 -1.28382
-1.24879 -1.28962
-1.24887 -1.28655
-1.24941 -1.28528
-1.25007 -1.2828
-1.24817 -1.28959
-1.24703 -1.28558
-1.2483 -1.28715
-1.25115 -1.28527
-1.24454 -1.28912
-1.25159 -1.284
-1.24487 -1.28791
-1.24744 -1.28599
-1.24823 -1.28754
-1.24868 -1.28728
-1.24892 -1.28739
-1.24927 -1.28701
-1.24794 -1.28975
-1.24895 -1.28434
-1.24773 -1.29175
-1.25056 -1.28356
-1.24933 -1.28603
-1.24762 -1.28616
-1.24915 -1.28509
-1.24848 -1.28299
-1.24942 -1.28302
-1.24637 -1.28577
-1.24676 -1.28462
-1.24826 -1.28313
-1.24539 -1.28485
-1.24678 -1.28246
-1.24912 -1.28465
-1.2485 -1.28591
-1.24991 -1.28357
-1.24878 -1.28311
-1.24913 -1.28633
-1.24858 -1.2827
-1.24713 -1.28442
-1.25039 -1.2805
-1.24746 -1.2883
-1.24841 -1.28284
-1.25266 -1.28209
-1.25004 -1.28047
-1.25086 -1.28501
-1.25188 -1.27956
-1.24943 -1.28198
-1.2486 -1.2816
-1.25072 -1.27978
-1.24839 -1.28468
-1.25036 -1.28242
-1.25208 -1.28123
-1.24927 -1.28256
-1.24813 -1.28058
-1.24938 -1.28191
-1.25212 -1.27888
-1.25166 -1.28306
-1.24974 -1.28059
-1.25046 -1.28098
-1.24854 -1.28031
-1.25276 -1.28112
-1.24965 -1.28081
-1.24836 -1.28128
-1.24831 -1.28129
-1.25192 -1.27854
-1.24781 -1.28197
-1.24835 -1.28182
-1.24773 -1.28299
-1.25046 -1.28445
-1.24918 -1.27979
-1.24914 -1.28213
-1.24624 -1.28288
-1.24732 -1.28144
-1.24862 -1.28323
-1.24739 -1.28212
-1.24737 -1.28099
-1.24778 -1.28383
-1.24928 -1.28228
-1.2491 -1.27953
-1.24611 -1.28042
-1.24805 -1.27933
-1.24789 -1.28178
-1.24837 -1.27909
-1.24733 -1.28077
-1.24813 -1.27897
-1.24779 -1.28251
-1.24656 -1.28072
-1.24716 -1.27944
-1.24756 -1.27955
-1.24643 -1.28415
-1.24657 -1.27794
-1.24888 -1.27955
-1.24769 -1.28137
-1.24359 -1.28298
-1.24517 -1.27926
-1.24575 -1.28194
-1.24917 -1.27982
-1.24739 -1.28137
-1.2481 -1.28161
-1.24616 -1.2812
-1.24772 -1.2824
-1.24549 -1.28137
-1.24608 -1.28358
-1.24602 -1.2829
-1.24839 -1.28137
-1.24242 -1.28468
-1.24496 -1.28017
-1.24649 -1.28314
-1.24424 -1.2841
-1.24669 -1.28198
-1.24471 -1.2824
-1.24621 -1.28146
-1.24057 -1.28512
-1.24381 -1.28194
-1.24297 -1.28286
-1.2444 -1.27976
-1.24271 -1.28561
-1.24387 -1.28408
-1.24207 -1.28486
-1.24433 -1.2823
-1.24484 -1.28599
-1.24045 -1.28261
-1.24213 -1.28451
-1.24455 -1.28009
-1.24241 -1.28514
-1.24211 -1.28377
-1.24237 -1.28103
-1.2427 -1.28228
-1.24244 -1.28351
-1.24239 -1.28373
-1.24182 -1.28246
-1.24178 -1.28444
-1.24502 -1.28283
-1.24167 -1.28085
-1.24361 -1.28446
-1.24463 -1.28269
-1.24116 -1.28225
-1.2437 -1.28195
-1.24212 -1.27841
-1.24378 -1.2828
-1.24498 -1.2791
-1.24386 -1.28106
-1.24465 -1.27871
-1.24236 -1.28167
-1.24354 -1.28336
-1.24482 -1.27548
-1.24331 -1.28353
-1.2441 -1.28012
-1.24312 -1.28139
-1.24487 -1.28028
-1.24455 -1.28038
-1.24088 -1.27999
-1.24265 -1.28208
-1.24677 -1.27719
-1.24358 -1.28301
-1.24628 -1.28202
-1.24363 -1.28026
-1.24544 -1.28301
-1.24317 -1.28101
-1.24433 -1.28118
-1.24519 -1.27729
-1.24397 -1.28139
-1.24171 -1.28071
-1.24289 -1.2822
-1.24269 -1.27949
-1.24264 -1.27868
-1.24017 -1.2827
-1.24448 -1.28065
-1.24202 -1.28046
-1.24235 -1.28196
-1.24474 -1.27835
-1.24125 -1.28154
-1.23911 -1.28366
-1.24312 -1.28191
-1.24038 -1.28389
-1.24327 -1.27969
-1.24323 -1.27851
-1.24361 -1.27902
-1.24322 -1.28057
-1.24297 -1.28017
-1.24368 -1.27698
-1.24381 -1.27968
-1.24255 -1.27876
-1.24127 -1.27925
-1.24322 -1.27801
-1.24354 -1.27972
-1.24495 -1.27808
-1.24198 -1.28148
-1.24473 -1.2779
-1.2429 -1.27834
-1.24319 -1.28041
-1.23936 -1.28097
-1.24263 -1.27929
-1.24299 -1.27895
-1.24427 -1.28129
-1.24004 -1.27974
-1.24575 -1.28031
-1.24298 -1.279
-1.24352 -1.27966
-1.24274 -1.27692
-1.23954 -1.28256
-1.24197 -1.28029
-1.24135 -1.28018
-1.24187 -1.27816
-1.24435 -1.27831
-1.2446 -1.27923
-1.24318 -1.28141
-1.2432 -1.27772
-1.2423 -1.27757
-1.24466 -1.28092
-1.24132 -1.27683
-1.24292 -1.28
-1.23775 -1.28315
-1.24441 -1.27722
-1.24457 -1.28104
-1.24162 -1.27749
-1.24142 -1.28057
-1.24041 -1.27789
-1.23999 -1.28221
-1.24134 -1.27809
-1.24231 -1.28039
-1.23957 -1.28008
-1.2414 -1.28011
-1.23966 -1.27868
-1.2421 -1.27911
-1.24305 -1.27889
-1.24183 -1.27986
-1.24025 -1.27807
-1.23903 -1.27953
-1.2425 -1.27766
-1.24029 -1.28187
-1.24137 -1.27969
-1.24131 -1.28375
-1.23942 -1.27675
-1.23991 -1.28034
-1.2383 -1.27897
-1.24007 -1.28077
-1.23883 -1.27934
-1.24166 -1.2795
-1.23916 -1.27806
-1.23935 -1.27999
-1.24037 -1.27757
-1.23909 -1.27765
-1.24357 -1.27855
-1.23947 -1.2806
-1.24326 -1.27836
-1.24065 -1.27927
-1.24071 -1.28022
-1.24198 -1.27857
-1.24076 -1.2819
-1.24061 -1.27895
-1.2421 -1.28069
-1.23926 -1.28274
-1.24141 -1.27733
-1.24234 -1.28225
-1.2419 -1.28019
-1.24148 -1.28036
-1.23993 -1.28105
-1.24321 -1.27938
-1.2404 -1.2792
-1.24235 -1.27635
-1.24287 -1.27901
-1.2412 -1.27834
-1.2405 -1.2809
-1.23954 -1.28031
-1.2404 -1.28102
-1.24003 -1.2778
-1.23694 -1.2813
-1.23869 -1.28085
-1.23934 -1.28193
-1.24132 -1.27958
-1.23978 -1.2807
-1.23899 -1.28042
-1.23913 -1.27786
-1.24036 -1.27653
-1.24026 -1.28292
-1.24205 -1.27525
-1.24004 -1.27877
-1.24115 -1.27702
-1.23971 -1.27882
-1.24301 -1.27695
-1.24091 -1.27986
-1.24316 -1.27668
-1.24312 -1.27659
-1.24062 -1.27873
-1.24329 -1.27513
-1.24044 -1.27893
-1.24252 -1.27772
-1.24182 -1.2775
-1.24183 -1.27557
-1.24201 -1.27544
-1.24304 -1.27858
-1.24433 -1.27408
-1.24274 -1.27902
-1.24174 -1.27506
-1.24128 -1.2756
-1.24132 -1.27408
-1.24171 -1.27826
-1.24171 -1.27548
-1.24105 -1.27768
-1.2411 -1.27431
-1.24168 -1.27692
-1.2427 -1.27405
-1.24107 -1.27542
-1.24165 -1.27708
-1.24017 -1.27617
-1.24441 -1.27194
-1.24291 -1.27873
-1.24369 -1.27305
-1.24027 -1.27464
-1.23913 -1.27725
-1.24215 -1.27341
-1.23883 -1.27707
-1.23998 -1.27784
-1.23964 -1.27511
-1.2386 -1.27813
-1.2382 -1.27589
-1.2406 -1.27714
-1.24104 -1.27582
-1.23848 -1.27673
-1.24138 -1.27623
-1.23758 -1.27971
-1.23959 -1.27776
-1.24168 -1.27447
-1.23865 -1.27559
-1.23715 -1.27628
-1.24249 -1.27459
-1.23942 -1.27799
-1.23772 -1.27746
-1.24044 -1.27571
-1.23778 -1.2762
-1.24147 -1.27784
-1.24075 -1.27571
-1.23986 -1.27857
-1.24177 -1.27526
-1.23833 -1.27481
-1.23797 -1.2757
-1.23929 -1.27995
-1.23891 -1.27477
-1.23814 -1.27612
-1.23819 -1.27687
-1.23991 -1.27784
-1.23758 -1.27569
-1.23851 -1.27857
-1.23781 -1.27861
-1.23847 -1.27862
-1.23882 -1.27737
-1.23824 -1.27696
-1.2392 -1.27559
-1.23534 -1.27906
-1.23885 -1.27589
-1.23581 -1.27976
-1.23585 -1.27556
-1.23485 -1.27795
-1.23732 -1.27809
-1.23608 -1.27679
-1.23607 -1.277
-1.23586 -1.27724
-1.23664 -1.27546
-1.23578 -1.28016
-1.23651 -1.27569
-1.23656 -1.27884
-1.23466 -1.2777
-1.23565 -1.27682
-1.23708 -1.27623
-1.23654 -1.27643
-1.23689 -1.27695
-1.2372 -1.27617
-1.23764 -1.27372
-1.23587 -1.27598
-1.23506 -1.27755
-1.2374 -1.2731
-1.23397 -1.27717
-1.23519 -1.27588
-1.23863 -1.2777
-1.2352 -1.27347
-1.23477 -1.27536
-1.23738 -1.27412
-1.23958 -1.2761
-1.23656 -1.27623
-1.23756 -1.27548
-1.23867 -1.27366
-1.23535 -1.27796
-1.23547 -1.27538
-1.23754 -1.2717
-1.23837 -1.27815
-1.23711 -1.27394
-1.2378 -1.27663
-1.23716 -1.275
-1.23968 -1.27418
-1.23893 -1.27435
-1.23786 -1.27278
-1.23988 -1.27499
-1.23857 -1.27154
-1.23918 -1.27351
-1.23516 -1.27645
-1.2375 -1.27272
-1.23658 -1.27796
-1.23673 -1.27413
-1.23499 -1.27407
-1.23598 -1.2749
-1.23493 -1.27593
-1.23561 -1.27462
-1.23384 -1.27606
-1.24056 -1.271
-1.23576 -1.27704
-1.23842 -1.27425
-1.24111 -1.27231
-1.23499 -1.2784
-1.23779 -1.27277
-1.2346 -1.27724
-1.23515 -1.2774
-1.23558 -1.27426
-1.23864 -1.27403
-1.23629 -1.27666
-1.2329 -1.2733
-1.23299 -1.27749
-1.23462 -1.27512
-1.23325 -1.27635
-1.23104 -1.27878
-1.234 -1.27497
-1.23349 -1.27802
-1.23092 -1.27608
-1.23506 -1.27243
-1.23154 -1.27722
-1.23394 -1.27723
-1.23 -1.27783
-1.2377 -1.27406
-1.23257 -1.27504
-1.23422 -1.27493
