0 0
-0.0526321 -0.0495173
-0.104281 -0.0982301
-0.154837 -0.145894
-0.204412 -0.192709
-0.252958 -0.238767
-0.300275 -0.283783
-0.346554 -0.327569
-0.391975 -0.371227
-0.436283 -0.413245
-0.479372 -0.4549
-0.521371 -0.495018
-0.562468 -0.534736
-0.602342 -0.573334
-0.640756 -0.610732
-0.679159 -0.648314
-0.715619 -0.683114
-0.750633 -0.717695
-0.784924 -0.752241
-0.818863 -0.784067
-0.84935 -0.817353
-0.881856 -0.847156
-0.910767 -0.877604
-0.939061 -0.907791
-0.967268 -0.934405
-0.993006 -0.962807
-1.01946 -0.986347
-1.04007 -1.01402
-1.0657 -1.03775
-1.08511 -1.06113
-1.10489 -1.08357
-1.10667 -1.0825
-1.10621 -1.08448
-1.10633 -1.08361
-1.1057 -1.08406
-1.10634 -1.08228
-1.1062 -1.08598
-1.10581 -1.08124
-1.10599 -1.08287
-1.10314 -1.08558
-1.10567 -1.08372
-1.1055 -1.08291
-1.10604 -1.08314
-1.10336 -1.08458
-1.10644 -1.08069
-1.10287 -1.08504
-1.10461 -1.08202
-1.10409 -1.08357
-1.10422 -1.08228
-1.10438 -1.08288
-1.10456 -1.08352
-1.10418 -1.08026
-1.10395 -1.08465
-1.10435 -1.08268
-1.10521 -1.08274
-1.10178 -1.08354
-1.10586 -1.08228
-1.10474 -1.08287
-1.10277 -1.08401
-1.10602 -1.08222
-1.10272 -1.08289
-1.10238 -1.08533
-1.10481 -1.08071
-1.10369 -1.08445
-1.10312 -1.08276
-1.10183 -1.08336
-1.10284 -1.08333
-1.10388 -1.08454
-1.10361 -1.08356
-1.10358 -1.08349
-1.10214 -1.08422
-1.10409 -1.08065
-1.10266 -1.08389
-1.10438 -1.0818
-1.10248 -1.08354
-1.10302 -1.08246
-1.10387 -1.08473
-1.10341 -1.08205
-1.10251 -1.08199
-1.10442 -1.0833
-1.10216 -1.08358
-1.10335 -1.08015
-1.10286 -1.08274
-1.10348 -1.0845
-1.10577 -1.0803
-1.10134 -1.08437
-1.10492 -1.08131
-1.10367 -1.08297
-1.10449 -1.08052
-1.10347 -1.08367
-1.10515 -1.08012
-1.10358 -1.08089
-1.10184 -1.08462
-1.10437 -1.08087
-1.10271 -1.08272
-1.1024 -1.0818
-1.10283 -1.08357
-1.10412 -1.08158
-1.10132 -1.08386
-1.1032 -1.08186
-1.10135 -1.0837
-1.10368 -1.0813
-1.10053 -1.08426
-1.10432 -1.0809
-1.10083 -1.08185
-1.10312 -1.08398
-1.10221 -1.08333
-1.10096 -1.08125
-1.10131 -1.08384
-1.10145 -1.08373
-1.10209 -1.08148
-1.10089 -1.08362
-1.10388 -1.08169
-1.10054 -1.08333
-1.09999 -1.0827
-1.10228 -1.08248
-1.10238 -1.08102
-1.1015 -1.08394
-1.10162 -1.08314
-1.10018 -1.0821
-1.10111 -1.08114
-1.10319 -1.08345
-1.10265 -1.08244
-1.10322 -1.08094
-1.10076 -1.0816
-1.10351 -1.08153
-1.10061 -1.08386
-1.10256 -1.08043
-1.10069 -1.0832
-1.10156 -1.08259
-1.10276 -1.08179
-1.10098 -1.08168
-1.10289 -1.08181
-1.10187 -1.08174
-1.10118 -1.08254
-1.10282 -1.08147
-1.10298 -1.08297
-1.10058 -1.08319
-1.10162 -1.08167
-1.1026 -1.08174
-1.1018 -1.08303
-1.10081 -1.08183
-1.10195 -1.08242
-1.10235 -1.08046
-1.10204 -1.08304
-1.10056 -1.08327
-1.10147 -1.08049
-1.10123 -1.08154
-1.10283 -1.08124
-1.10101 -1.08193
-1.10095 -1.08128
-1.10148 -1.08227
-1.10197 -1.0799
-1.10185 -1.08201
-1.09921 -1.08325
-1.10359 -1.07858
-1.10022 -1.08365
-1.10294 -1.07892
-1.10119 -1.08203
-1.10229 -1.08036
-1.10043 -1.07961
-1.1006 -1.08278
-1.10259 -1.08031
-1.10096 -1.07995
-1.101 -1.08228
-1.10176 -1.07916
-1.101 -1.08204
-1.10032 -1.08048
-1.10041 -1.08148
-1.10238 -1.08158
-1.10169 -1.08069
-1.10103 -1.08186
-1.10326 -1.07921
-1.0981 -1.08195
-1.10208 -1.07968
-1.09989 -1.08238
-1.10162 -1.08003
-1.09953 -1.08154
-1.10221 -1.07957
-1.10064 -1.08034
-1.10167 -1.07958
-1.10108 -1.07953
-1.09867 -1.08328
-1.10251 -1.08
-1.09963 -1.08056
-1.10007 -1.07914
-1.10104 -1.08081
-1.10036 -1.08168
-1.09931 -1.07941
-1.09982 -1.08068
-1.10046 -1.07966
-1.09977 -1.08145
-1.10241 -1.07903
-1.09985 -1.08078
-1.09961 -1.0802
-1.10071 -1.07862
-1.09865 -1.08151
-1.09881 -1.0788
-1.10054 -1.07889
-1.09876 -1.08098
-1.10082 -1.07816
-1.09977 -1.0829
-1.10082 -1.07776
-1.09766 -1.08066
-1.10197 -1.07916
-1.09736 -1.07977
-1.1002 -1.08036
-1.09825 -1.07782
-1.09912 -1.08033
-1.10019 -1.07804
-1.09816 -1.07949
-1.09898 -1.07905
-1.10057 -1.08104
-1.09959 -1.07885
-1.09868 -1.07883
-1.09876 -1.0818
-1.09966 -1.07975
-1.09907 -1.08186
-1.09939 -1.07907
-1.09917 -1.08032
-1.10032 -1.07856
-1.09783 -1.08013
-1.09977 -1.07795
-1.09957 -1.07828
-1.09886 -1.07955
-1.09848 -1.07997
-1.09839 -1.0799
-1.09968 -1.07645
-1.09789 -1.08096
-1.09865 -1.07809
-1.09841 -1.08033
-1.09902 -1.07727
-1.09807 -1.07889
-1.09885 -1.07926
-1.09775 -1.07913
-1.09834 -1.07838
-1.09761 -1.07867
-1.09773 -1.08069
-1.09885 -1.07806
-1.0966 -1.07919
-1.09775 -1.07824
-1.09896 -1.07792
-1.09684 -1.08036
-1.09781 -1.07742
-1.09708 -1.07884
-1.09809 -1.07769
-1.09735 -1.07781
-1.09714 -1.07869
-1.09931 -1.07648
-1.09683 -1.0793
-1.09915 -1.07805
-1.0987 -1.07956
-1.09677 -1.07714
-1.09702 -1.07697
-1.09986 -1.07835
-1.09697 -1.07884
-1.09765 -1.07675
-1.09889 -1.07769
-1.09663 -1.07748
-1.09884 -1.07744
-1.09728 -1.07878
-1.09847 -1.07539
-1.09827 -1.07846
-1.09613 -1.07871
-1.09799 -1.07717
-1.0968 -1.07637
-1.09771 -1.07867
-1.09995 -1.07799
-1.09886 -1.07443
-1.09568 -1.08065
-1.10107 -1.07314
-1.09646 -1.07846
-1.09714 -1.07603
-1.1007 -1.07631
-1.09815 -1.0766
-1.10008 -1.07708
-1.09741 -1.07653
-1.09771 -1.07816
-1.09904 -1.07608
-1.09916 -1.07552
-1.09645 -1.07714
-1.09736 -1.07681
-1.09876 -1.07672
-1.09684 -1.07681
-1.09927 -1.07777
-1.09905 -1.07628
-1.0984 -1.07678
-1.09861 -1.07587
-1.09728 -1.07638
-1.09815 -1.07692
-1.09842 -1.07602
-1.09842 -1.07651
-1.09784 -1.07701
-1.09895 -1.07732
-1.09831 -1.07606
-1.09902 -1.07709
-1.10105 -1.0751
-1.0949 -1.07994
-1.10071 -1.07283
-1.09903 -1.07735
-1.09656 -1.07537
-1.09832 -1.07695
-1.09891 -1.07511
-1.09804 -1.0777
-1.09866 -1.07356
-1.09647 -1.07687
-1.10053 -1.07316
-1.09865 -1.07767
-1.09735 -1.07548
-1.10047 -1.07339
-1.09549 -1.07943
-1.10172 -1.0736
-1.09759 -1.075
-1.09926 -1.07697
-1.09717 -1.07454
-1.09852 -1.07339
-1.09617 -1.07797
-1.09929 -1.07499
-1.09843 -1.07353
-1.09395 -1.07867
-1.09921 -1.07447
-1.0974 -1.0766
-1.09502 -1.07642
-1.09698 -1.0753
-1.09576 -1.07547
-1.09764 -1.07638
-1.09475 -1.0753
-1.09714 -1.07474
-1.09593 -1.07722
-1.09696 -1.07494
-1.09738 -1.07495
-1.09476 -1.07615
-1.09684 -1.07498
-1.09595 -1.07613
-1.0965 -1.07444
-1.09459 -1.07654
-1.09767 -1.07288
-1.09476 -1.0783
-1.09624 -1.07442
-1.09469 -1.07683
-1.09768 -1.07489
-1.09611 -1.07451
-1.09399 -1.07731
-1.09722 -1.07391
-1.09552 -1.07507
-1.09493 -1.07703
-1.09626 -1.07491
-1.09762 -1.07389
-1.0949 -1.07511
-1.09617 -1.07584
-1.09658 -1.07546
-1.09548 -1.07534
-1.09694 -1.07538
-1.09633 -1.07561
-1.09524 -1.0741
-1.0969 -1.07433
-1.09351 -1.0786
-1.09649 -1.07478
-1.09644 -1.07425
-1.0939 -1.0766
-1.09774 -1.07625
-1.09568 -1.0732
-1.09584 -1.0764
-1.09694 -1.07361
-1.09423 -1.07595
-1.09734 -1.07316
-1.09484 -1.076
-1.09571 -1.07525
-1.09669 -1.07315
-1.09479 -1.07517
-1.09718 -1.07548
-1.09613 -1.07435
-1.09606 -1.07357
-1.09487 -1.07403
-1.09636 -1.07676
-1.09599 -1.07234
-1.09677 -1.07393
-1.0952 -1.07343
-1.09555 -1.07482
-1.09517 -1.07432
-1.09702 -1.07277
-1.09322 -1.07475
-1.09634 -1.07449
-1.09551 -1.073
-1.09477 -1.07472
-1.09762 -1.07181
-1.09351 -1.07728
-1.09612 -1.07178
-1.0954 -1.07518
-1.09414 -1.07571
-1.09479 -1.07223
-1.0939 -1.0754
-1.09543 -1.07534
-1.09642 -1.07281
-1.09444 -1.07451
-1.0958 -1.07385
-1.09318 -1.0746
-1.09711 -1.07227
-1.09417 -1.07476
-1.0937 -1.0743
-1.09637 -1.07459
-1.09556 -1.07285
-1.0939 -1.07522
-1.09681 -1.07563
-1.09223 -1.0751
-1.09398 -1.07276
-1.09503 -1.07463
-1.09396 -1.07402
-1.09504 -1.07418
-1.09456 -1.07492
-1.09494 -1.07366
-1.09386 -1.07483
-1.09386 -1.07333
-1.09349 -1.07387
-1.09484 -1.07298
-1.09268 -1.07588
-1.09395 -1.07313
-1.0942 -1.07307
-1.09355 -1.07295
-1.09328 -1.07474
-1.09516 -1.07306
-1.09347 -1.07395
-1.09268 -1.07484
-1.09628 -1.07308
-1.09357 -1.07485
-1.09479 -1.07244
-1.09263 -1.07537
-1.09502 -1.07189
-1.094 -1.07542
-1.09471 -1.0719
-1.09397 -1.07332
-1.09475 -1.07459
-1.09087 -1.07397
-1.09483 -1.07171
-1.09306 -1.07513
-1.09287 -1.07266
-1.09372 -1.07497
-1.09335 -1.07411
-1.09474 -1.07148
-1.09238 -1.07571
-1.09361 -1.07354
-1.09414 -1.07419
-1.09237 -1.07302
-1.09117 -1.07495
-1.09346 -1.07391
-1.09208 -1.07528
-1.0927 -1.07384
-1.09232 -1.07337
-1.09221 -1.07403
-1.09461 -1.07364
-1.09184 -1.0737
-1.09448 -1.0732
-1.09291 -1.07358
-1.09501 -1.07385
-1.09156 -1.07435
-1.09643 -1.07131
-1.09075 -1.07491
-1.09342 -1.07256
-1.09215 -1.07386
-1.09448 -1.07229
-1.09218 -1.07261
-1.09374 -1.07281
-1.09447 -1.07405
-1.09421 -1.07218
-1.09464 -1.07095
-1.09513 -1.07252
-1.09372 -1.07301
-1.09555 -1.07307
-1.09495 -1.07078
-1.09295 -1.07555
-1.09636 -1.07072
-1.09233 -1.07236
-1.09555 -1.07537
-1.09405 -1.07071
-1.09558 -1.07239
-1.09403 -1.07261
-1.09618 -1.07165
-1.09299 -1.07557
-1.09519 -1.06954
-1.09403 -1.0736
-1.09501 -1.07185
-1.0936 -1.07434
-1.09538 -1.072
-1.09197 -1.07313
-1.0961 -1.07182
-1.0948 -1.07315
-1.09459 -1.07146
-1.09448 -1.07044
-1.09379 -1.07416
-1.09431 -1.07071
-1.09375 -1.07326
-1.09538 -1.07287
-1.09381 -1.07228
-1.09567 -1.07272
-1.09556 -1.07225
-1.09287 -1.07176
-1.09482 -1.0718
-1.09233 -1.07262
-1.09491 -1.07199
-1.09198 -1.07325
-1.09483 -1.07131
-1.09261 -1.0743
-1.09381 -1.07102
-1.09237 -1.07331
-1.09451 -1.07151
-1.09193 -1.07429
-1.09496 -1.0694
-1.09243 -1.07474
-1.0925 -1.07144
-1.09413 -1.07345
-1.09469 -1.07211
-1.08992 -1.07566
-1.09567 -1.06921
-1.09039 -1.07379
-1.09363 -1.07273
-1.09323 -1.07225
-1.09172 -1.07359
-1.0939 -1.07149
-1.09124 -1.07351
-1.09366 -1.07198
-1.09206 -1.07258
-1.09252 -1.07235
-1.09306 -1.07459
-1.09183 -1.07161
-1.09287 -1.07299
-1.09217 -1.07443
-1.09395 -1.07215
-1.09405 -1.0721
-1.09201 -1.07453
-1.09312 -1.07304
-1.09314 -1.0723
-1.09416 -1.07227
-1.093 -1.07349
-1.09263 -1.07162
-1.09147 -1.07485
-1.09392 -1.07136
-1.09313 -1.07336
-1.09264 -1.07088
-1.09333 -1.07459
-1.0923 -1.07331
-1.09203 -1.07283
-1.09409 -1.07417
-1.09261 -1.07312
-1.09478 -1.07158
-1.09216 -1.07409
-1.09412 -1.06996
-1.09252 -1.0746
-1.0928 -1.07151
-1.09467 -1.07028
-1.09091 -1.07386
-1.09338 -1.07135
-1.09242 -1.0712
-1.09278 -1.07324
-1.09199 -1.07225
-1.09141 -1.07336
-1.09375 -1.07024
-1.09027 -1.07578
-1.0916 -1.07085
-1.09234 -1.07001
-1.08999 -1.0735
-1.0928 -1.07003
-1.09196 -1.07162
-1.09228 -1.07209
-1.09219 -1.0722
-1.09042 -1.07115
-1.09112 -1.07253
-1.09242 -1.07085
-1.09177 -1.07293
-1.09024 -1.071
-1.09486 -1.07057
-1.09075 -1.07238
-1.09089 -1.0698
-1.09317 -1.07014
-1.09002 -1.07286
-1.09189 -1.07072
-1.09089 -1.07206
-1.09047 -1.07136
-1.09043 -1.07432
-1.09216 -1.06973
-1.08944 -1.07404
-1.09262 -1.07089
-1.0903 -1.07312
-1.09073 -1.07049
-1.09068 -1.07138
-1.09074 -1.07327
-1.08998 -1.07013
-1.0909 -1.07241
-1.08952 -1.07183
-1.0914 -1.07077
-1.09119 -1.07139
-1.09041 -1.07179
-1.09202 -1.07195
-1.08937 -1.0722
-1.09078 -1.07215
-1.09171 -1.07036
-1.08989 -1.07268
-1.09103 -1.07367
-1.09159 -1.07196
-1.09033 -1.07139
-1.0904 -1.07137
-1.08904 -1.07347
-1.09093 -1.07035
-1.08954 -1.07241
-1.08956 -1.0711
-1.09059 -1.07291
-1.08979 -1.07203
-1.09151 -1.07089
-1.08766 -1.07277
-1.08982 -1.07241
-1.08814 -1.07258
-1.08911 -1.07172
-1.08927 -1.07104
-1.08956 -1.0709
-1.08821 -1.07472
-1.08837 -1.06959
-1.08959 -1.07328
-1.08961 -1.07098
-1.08902 -1.07456
-1.0898 -1.07223
-1.08849 -1.07313
-1.08975 -1.07293
-1.08861 -1.07135
-1.09058 -1.07117
-1.08927 -1.07312
-1.08909 -1.07266
-1.08854 -1.07166
-1.09021 -1.07322
-1.08887 -1.0724
-1.09001 -1.07174
-1.08898 -1.0731
-1.08998 -1.07172
-1.08785 -1.07445
-1.09137 -1.06947
-1.08787 -1.07232
-1.08989 -1.07306
-1.0899 -1.07156
-1.08913 -1.07
-1.08885 -1.07206
-1.08944 -1.07014
-1.08801 -1.073
-1.08898 -1.06989
-1.08897 -1.07116
-1.08862 -1.07216
-1.08915 -1.07065
-1.08663 -1.07295
-1.09161 -1.06858
-1.08673 -1.07296
-1.08888 -1.06972
-1.08795 -1.07004
-1.0898 -1.0739
-1.08878 -1.0694
-1.08792 -1.07202
-1.08883 -1.0699
-1.08754 -1.07347
-1.08987 -1.06885
-1.08585 -1.07316
-1.0896 -1.06991
-1.09033 -1.06805
-1.08733 -1.07375
-1.08987 -1.06865
-1.08797 -1.07276
-1.09013 -1.06874
-1.08674 -1.07241
-1.09024 -1.06757
-1.08781 -1.07228
-1.09017 -1.06941
-1.08848 -1.07077
-1.09067 -1.07018
-1.08687 -1.07215
-1.08876 -1.06931
-1.09084 -1.06966
-1.08454 -1.07254
-1.09185 -1.06916
-1.08852 -1.0715
-1.0881 -1.06834
-1.08617 -1.07227
-1.0898 -1.06993
-1.08763 -1.06994
-1.08721 -1.07125
-1.08781 -1.07095
-1.08781 -1.07096
-1.08784 -1.07071
-1.08741 -1.06975
-1.08756 -1.07132
-1.0868 -1.07024
-1.08721 -1.07138
-1.08852 -1.06864
-1.0859 -1.07223
-1.08632 -1.06955
-1.08721 -1.07162
-1.08774 -1.06946
-1.08575 -1.07264
-1.08926 -1.06902
-1.08558 -1.07132
-1.08948 -1.06854
-1.08495 -1.07332
-1.08993 -1.06886
-1.08718 -1.0694
-1.08833 -1.07157
-1.08793 -1.06923
-1.0864 -1.071
-1.08815 -1.06937
-1.08837 -1.07022
-1.08859 -1.06929
-1.08871 -1.07026
-1.08867 -1.07053
-1.08718 -1.0691
-1.08777 -1.07085
-1.08711 -1.06992
-1.08723 -1.06927
-1.08766 -1.06939
-1.08659 -1.0694
-1.08812 -1.06887
-1.08645 -1.06987
-1.08444 -1.0706
-1.08825 -1.06915
-1.08675 -1.06973
-1.08716 -1.07
-1.0862 -1.07002
-1.08785 -1.06874
-1.08646 -1.06935
-1.08626 -1.06848
-1.08877 -1.07023
-1.08499 -1.06897
-1.08763 -1.06836
-1.0842 -1.06974
-1.08592 -1.07045
-1.0872 -1.06701
-1.08331 -1.07079
-1.0881 -1.06719
-1.08616 -1.07003
-1.08551 -1.06985
-1.08595 -1.06853
-1.08766 -1.06666
-1.08548 -1.07174
-1.08707 -1.06677
-1.08507 -1.07156
-1.08749 -1.06651
-1.08672 -1.06877
-1.08406 -1.07054
-1.08799 -1.06798
-1.08572 -1.06858
-1.08572 -1.07061
-1.08478 -1.06723
-1.08705 -1.06888
-1.08409 -1.06853
-1.08705 -1.06909
-1.08609 -1.07168
-1.08605 -1.0674
-1.08682 -1.0704
-1.08706 -1.06837
-1.08486 -1.07005
-1.08685 -1.06857
-1.08546 -1.06973
-1.08561 -1.06919
-1.08731 -1.06778
-1.08607 -1.06968
-1.0862 -1.06877
-1.08558 -1.06645
-1.08647 -1.06977
-1.0868 -1.06849
-1.08628 -1.06978
-1.08415 -1.06997
-1.08764 -1.06747
-1.08473 -1.07035
-1.08779 -1.06824
-1.08527 -1.06786
-1.08661 -1.06866
-1.08518 -1.06956
-1.08478 -1.0675
-1.08561 -1.06938
-1.08447 -1.0695
-1.08596 -1.06691
-1.08474 -1.06926
-1.08534 -1.06815
-1.08618 -1.06753
-1.08492 -1.07101
-1.08449 -1.06926
-1.0872 -1.06674
-1.0844 -1.07041
-1.08436 -1.06781
-1.08586 -1.06866
-1.08427 -1.07003
-1.08417 -1.06812
-1.0847 -1.06902
-1.08539 -1.07015
-1.08299 -1.06962
-1.08668 -1.0684
-1.08352 -1.07044
-1.08321 -1.0697
-1.08518 -1.0674
-1.08246 -1.07003
-1.08519 -1.06766
-1.08207 -1.07027
-1.08473 -1.06753
-1.08354 -1.07043
-1.08475 -1.06754
-1.08319 -1.07139
-1.08454 -1.06662
-1.08273 -1.06851
-1.08423 -1.06869
-1.08444 -1.06824
-1.08257 -1.06958
-1.08425 -1.0679
-1.083 -1.07087
-1.08288 -1.06953
-1.08585 -1.06863
-1.08322 -1.06745
-1.08386 -1.0693
-1.08416 -1.06858
-1.08367 -1.0684
-1.08351 -1.0689
-1.08386 -1.06863
-1.08431 -1.06744
-1.0846 -1.07016
-1.08293 -1.06731
-1.0839 -1.06849
-1.08196 -1.06996
-1.08422 -1.06663
-1.08428 -1.06978
-1.08223 -1.0684
-1.08378 -1.06833
-1.08376 -1.07021
-1.08437 -1.06602
-1.08253 -1.06918
-1.08294 -1.06879
-1.08356 -1.06696
-1.08206 -1.0689
-1.08435 -1.06811
-1.08235 -1.06829
-1.08343 -1.06859
-1.08329 -1.06881
-1.08223 -1.06691
-1.08344 -1.07035
-1.08388 -1.06548
-1.08313 -1.06983
-1.08243 -1.06832
-1.08251 -1.06724
-1.08365 -1.06725
-1.08283 -1.06757
-1.08478 -1.06696
-1.08253 -1.06756
-1.08277 -1.06709
-1.0829 -1.06717
-1.08579 -1.06434
-1.08307 -1.06743
-1.08234 -1.0678
-1.08442 -1.06563
-1.08533 -1.06612
-1.08329 -1.06729
-1.08436 -1.06597
-1.08255 -1.06753
-1.08451 -1.06592
-1.08492 -1.06762
-1.08452 -1.06584
-1.08258 -1.06833
-1.08273 -1.06553
-1.08481 -1.06768
-1.08206 -1.06623
-1.08339 -1.0677
-1.083 -1.06656
-1.08321 -1.06538
-1.08082 -1.06874
-1.08394 -1.06437
-1.08451 -1.06628
-1.08119 -1.06736
-1.08367 -1.06585
-1.08373 -1.06522
-1.08248 -1.06783
-1.08421 -1.06536
-1.08479 -1.06471
-1.08254 -1.06518
-1.08241 -1.06544
-1.08421 -1.06481
-1.08244 -1.06701
-1.08498 -1.06526
-1.08342 -1.06454
-1.08218 -1.06732
-1.08614 -1.06501
-1.08321 -1.06555
-1.08386 -1.06671
-1.08438 -1.06521
-1.08317 -1.0653
-1.08402 -1.06387
-1.08455 -1.06748
-1.08322 -1.06426
-1.0862 -1.06539
-1.07989 -1.0673
-1.08607 -1.06283
-1.08198 -1.06584
-1.08585 -1.06369
-1.08253 -1.06638
-1.08453 -1.06456
-1.08415 -1.06355
-1.08564 -1.0646
-1.08404 -1.0643
-1.08413 -1.06541
-1.08278 -1.06537
-1.08342 -1.06327
-1.08356 -1.06531
-1.08424 -1.06253
-1.08143 -1.06606
-1.08252 -1.06452
-1.08302 -1.06278
-1.08328 -1.06297
-1.08258 -1.06458
-1.08422 -1.06325
-1.08265 -1.0645
-1.08501 -1.06498
-1.08362 -1.06294
-1.08341 -1.06289
-1.08145 -1.06434
-1.08509 -1.06241
-1.08145 -1.06421
-1.08471 -1.06252
-1.08143 -1.06464
-1.08466 -1.06187
-1.08064 -1.06465
-1.08403 -1.06172
-1.08239 -1.06354
-1.08059 -1.06384
-1.08452 -1.06454
-1.08123 -1.06373
-1.0847 -1.06175
-1.08028 -1.06602
-1.08304 -1.06214
-1.08258 -1.06557
-1.08207 -1.0646
-1.08105 -1.06278
-1.08172 -1.06587
-1.08265 -1.06232
-1.08029 -1.06507
-1.08216 -1.06447
-1.08158 -1.06179
-1.08046 -1.06753
-1.08354 -1.0626
-1.07962 -1.06533
-1.08308 -1.06311
-1.08142 -1.06266
-1.08281 -1.06409
-1.08207 -1.06232
-1.08339 -1.06404
-1.0812 -1.06247
-1.08242 -1.06439
-1.08051 -1.06432
-1.08286 -1.06197
-1.08158 -1.06405
-1.08144 -1.06339
-1.08367 -1.0611
-1.08 -1.06401
-1.08175 -1.06438
-1.08185 -1.0624
-1.08157 -1.06134
-1.08024 -1.06524
-1.08154 -1.06091
-1.07809 -1.06508
-1.08183 -1.06402
-1.07845 -1.06413
-1.0797 -1.0651
-1.08086 -1.06229
-1.07922 -1.06555
-1.08104 -1.06224
-1.08008 -1.0639
-1.07911 -1.06361
-1.08122 -1.06206
-1.08202 -1.06362
-1.07972 -1.06371
-1.08078 -1.06246
-1.08093 -1.06268
-1.0808 -1.06423
-1.07934 -1.06227
-1.08232 -1.06281
-1.08097 -1.06433
-1.08215 -1.06229
-1.0811 -1.06188
-1.08182 -1.06308
-1.08133 -1.06124
-1.08197 -1.06442
-1.08201 -1.06184
-1.08066 -1.0611
-1.08217 -1.06073
-1.08099 -1.0628
-1.0822 -1.06227
-1.08236 -1.06131
-1.07993 -1.06351
-1.08163 -1.06092
-1.08139 -1.06163
-1.07891 -1.06288
-1.08245 -1.05988
-1.07906 -1.06441
-1.08159 -1.06019
-1.08027 -1.0635
-1.08224 -1.06191
-1.08061 -1.06192
-1.08168 -1.06172
-1.08035 -1.06189
-1.08185 -1.0598
-1.08009 -1.06185
-1.07948 -1.06322
-1.08266 -1.06098
-1.07855 -1.06206
-1.08116 -1.06284
-1.08112 -1.06139
-1.08074 -1.05959
-1.07994 -1.06367
-1.08086 -1.06192
-1.07973 -1.06123
-1.07905 -1.06427
-1.07923 -1.05955
-1.07991 -1.06275
-1.08151 -1.06078
-1.07892 -1.06216
-1.08106 -1.06078
-1.078 -1.06315
-1.08205 -1.06019
-1.07948 -1.0603
-1.08077 -1.06131
-1.07925 -1.06165
-1.08058 -1.06038
-1.08155 -1.05938
-1.07981 -1.06323
-1.08102 -1.05978
-1.07972 -1.06068
-1.08193 -1.05947
-1.08023 -1.06322
-1.07945 -1.05832
-1.08193 -1.06284
-1.08134 -1.05838
-1.07962 -1.06252
-1.08292 -1.05818
-1.08126 -1.06061
-1.08191 -1.06031
-1.08014 -1.06122
-1.0819 -1.05896
-1.07975 -1.06203
-1.08271 -1.06066
-1.07958 -1.05926
-1.08104 -1.06192
-1.08032 -1.05858
-1.08031 -1.05956
-1.0789 -1.06076
-1.08158 -1.06033
-1.08173 -1.06047
-1.0799 -1.05907
-1.07957 -1.05989
-1.08205 -1.0592
-1.07864 -1.06146
-1.08103 -1.05877
-1.08041 -1.06029
-1.08114 -1.05981
-1.07918 -1.06123
-1.08264 -1.05884
-1.07935 -1.06199
-1.08217 -1.05909
-1.08027 -1.06016
-1.07924 -1.06158
-1.08103 -1.05873
-1.07795 -1.06297
-1.0813 -1.05824
-1.08034 -1.06029
-1.07886 -1.06132
-1.08144 -1.05944
-1.08052 -1.06026
-1.08176 -1.06125
-1.07864 -1.06083
-1.08067 -1.05866
-1.08052 -1.06117
-1.08058 -1.06086
-1.07818 -1.06078
-1.08231 -1.05863
-1.08002 -1.06241
-1.07925 -1.05985
-1.07997 -1.06102
-1.07976 -1.05971
-1.08072 -1.05861
-1.07904 -1.06109
-1.07935 -1.06064
-1.08013 -1.06007
-1.0807 -1.05956
-1.07992 -1.06056
-1.07977 -1.05848
-1.08087 -1.06092
-1.07946 -1.05933
-1.08 -1.05855
-1.07907 -1.06101
-1.08097 -1.05875
-1.07755 -1.06001
-1.07902 -1.05901
-1.08068 -1.05934
-1.07927 -1.05823
-1.07571 -1.06149
-1.08146 -1.05812
-1.07837 -1.05935
-1.07888 -1.05867
-1.07903 -1.06021
-1.07875 -1.05777
-1.07973 -1.06105
-1.0786 -1.05859
-1.07919 -1.05923
-1.07904 -1.0601
-1.07834 -1.05829
-1.07874 -1.06016
-1.07746 -1.05933
-1.07839 -1.05903
-1.07972 -1.05923
-1.07973 -1.05722
-1.07958 -1.05944
-1.08066 -1.05894
-1.07751 -1.05974
-1.08123 -1.05765
-1.0796 -1.05945
-1.07839 -1.05834
-1.07912 -1.05761
-1.07963 -1.05905
-1.0788 -1.05797
-1.07917 -1.05765
-1.07795 -1.06074
-1.07818 -1.05735
-1.07985 -1.05809
-1.07795 -1.05851
-1.07995 -1.0574
-1.07835 -1.0597
-1.07996 -1.05681
-1.08068 -1.05754
-1.07616 -1.05999
-1.08061 -1.05736
-1.07924 -1.05793
-1.07843 -1.05699
-1.07684 -1.0597
-1.08003 -1.05573
-1.0772 -1.0606
-1.07819 -1.05661
-1.07773 -1.05906
-1.07724 -1.05864
-1.0797 -1.0569
-1.0763 -1.05871
-1.07761 -1.0593
-1.07851 -1.05914
-1.07906 -1.05601
-1.0764 -1.05993
-1.07795 -1.058
-1.07797 -1.05806
-1.07679 -1.06017
-1.07769 -1.05724
-1.07738 -1.0583
-1.07917 -1.05813
-1.07597 -1.05799
-1.07638 -1.05817
-1.07812 -1.05809
-1.07713 -1.05804
-1.07754 -1.05815
-1.07561 -1.05915
-1.07823 -1.05864
-1.07635 -1.05751
-1.07722 -1.05862
-1.07718 -1.05823
-1.07837 -1.05851
-1.07726 -1.05678
-1.07548 -1.0582
-1.07777 -1.05903
-1.07779 -1.05723
-1.0731 -1.06028
-1.07874 -1.05683
-1.07493 -1.06034
-1.07661 -1.05769
-1.07532 -1.05797
-1.07719 -1.05864
-1.076 -1.05607
-1.07709 -1.05993
-1.07635 -1.05592
-1.07619 -1.05902
-1.07767 -1.05768
-1.07544 -1.05855
-1.07607 -1.05732
-1.07693 -1.05844
-1.07569 -1.05805
-1.07541 -1.05994
-1.07612 -1.05842
-1.07643 -1.05755
-1.07505 -1.05848
-1.07789 -1.05772
-1.07332 -1.06239
-1.07731 -1.05691
-1.07413 -1.05857
-1.07561 -1.05921
-1.07564 -1.05801
-1.07754 -1.05595
-1.07251 -1.06149
-1.07691 -1.05705
-1.0771 -1.05823
-1.0769 -1.05709
-1.07348 -1.05885
-1.07736 -1.05769
-1.07559 -1.05783
-1.07504 -1.0574
-1.07519 -1.05872
-1.0765 -1.05721
-1.07442 -1.05793
-1.0749 -1.05611
-1.07678 -1.05809
-1.07423 -1.05736
-1.07719 -1.05811
-1.07426 -1.05831
-1.07672 -1.05677
-1.07524 -1.05607
-1.07514 -1.05868
-1.07527 -1.05619
-1.07549 -1.05818
-1.07505 -1.05664
-1.07292 -1.058
-1.0759 -1.05763
-1.0746 -1.05806
-1.07588 -1.05585
-1.07539 -1.05578
-1.07559 -1.05904
-1.07585 -1.0553
-1.07486 -1.05847
-1.07475 -1.055
-1.07451 -1.05766
-1.07397 -1.05708
-1.07581 -1.05661
-1.0732 -1.05729
-1.07522 -1.05621
-1.07312 -1.05816
-1.07712 -1.05577
-1.0738 -1.05675
-1.0743 -1.05772
-1.07449 -1.056
-1.07399 -1.05577
-1.07523 -1.05652
-1.07406 -1.05968
-1.07478 -1.05514
-1.07441 -1.05714
-1.07358 -1.05744
-1.07328 -1.05747
-1.07507 -1.05518
-1.0729 -1.05911
-1.07567 -1.05745
-1.0747 -1.05648
-1.07328 -1.05594
-1.07356 -1.05695
-1.07494 -1.05987
-1.07432 -1.05416
-1.07386 -1.05874
-1.07397 -1.05578
-1.07285 -1.0563
-1.07357 -1.0575
-1.0751 -1.05626
-1.07184 -1.05815
-1.07619 -1.05571
-1.07258 -1.05851
-1.07346 -1.05764
-1.07471 -1.05504
-1.07372 -1.05805
-1.07364 -1.05704
-1.07199 -1.05704
-1.07425 -1.05634
-1.07318 -1.05822
-1.07259 -1.05677
-1.07469 -1.05653
-1.07096 -1.05869
-1.07553 -1.05592
-1.0712 -1.05774
-1.0758 -1.05627
-1.07074 -1.05758
-1.07237 -1.05786
-1.07426 -1.05784
-1.07366 -1.05559
-1.0741 -1.05722
-1.07355 -1.05726
-1.07371 -1.05669
-1.07366 -1.05669
-1.07479 -1.05584
-1.07249 -1.05972
-1.07593 -1.05398
-1.07366 -1.05636
-1.07456 -1.05581
-1.07301 -1.06002
-1.07434 -1.05508
-1.07534 -1.05583
-1.07318 -1.0592
-1.07595 -1.05471
-1.07326 -1.0561
-1.07529 -1.05578
-1.07446 -1.05888
-1.07293 -1.05611
-1.07478 -1.05696
-1.07334 -1.05639
-1.07394 -1.05567
-1.07361 -1.05727
-1.07568 -1.05401
-1.07075 -1.05935
-1.07711 -1.05469
-1.0719 -1.05704
-1.07601 -1.05559
-1.07266 -1.05582
-1.07441 -1.05515
-1.07493 -1.05612
-1.07346 -1.05552
-1.07449 -1.0565
-1.07357 -1.05513
-1.07283 -1.05769
-1.0748 -1.05456
-1.0729 -1.05691
-1.07484 -1.05688
-1.07329 -1.05487
-1.07346 -1.05566
-1.07379 -1.05641
-1.07358 -1.05483
-1.07275 -1.05588
-1.07348 -1.05519
-1.07498 -1.05769
-1.07394 -1.05335
-1.0735 -1.0576
-1.07541 -1.05357
-1.07602 -1.05429
-1.07334 -1.05644
-1.07533 -1.05392
-1.07473 -1.05442
-1.0744 -1.05555
-1.07512 -1.05494
-1.07382 -1.05346
-1.07391 -1.05638
-1.07296 -1.05447
-1.07689 -1.05418
-1.07401 -1.055
-1.07565 -1.05346
-1.07435 -1.05489
-1.07347 -1.05545
-1.07369 -1.05477
-1.07331 -1.05515
-1.07358 -1.05316
-1.07375 -1.05507
-1.07282 -1.05501
-1.07471 -1.05471
-1.07318 -1.05405
-1.07422 -1.0541
-1.07414 -1.05473
-1.07293 -1.05567
-1.07508 -1.05222
-1.0733 -1.05491
-1.07265 -1.05471
-1.0746 -1.05425
-1.07339 -1.05452
-1.07341 -1.0543
-1.07189 -1.0557
-1.07528 -1.05167
-1.07277 -1.05454
-1.07329 -1.05505
-1.0757 -1.05262
-1.07331 -1.05529
-1.07525 -1.05185
-1.07349 -1.05538
-1.07498 -1.05269
-1.07532 -1.05242
-1.07489 -1.05569
-1.07423 -1.05181
-1.07515 -1.05292
-1.0749 -1.05409
-1.07429 -1.05287
-1.07598 -1.05299
-1.07593 -1.05377
-1.07442 -1.05278
-1.07569 -1.05371
-1.07641 -1.05227
-1.07524 -1.05302
-1.07447 -1.05445
-1.07421 -1.05498
-1.07608 -1.05171
-1.07458 -1.05235
-1.07528 -1.05395
-1.07387 -1.05392
-1.07709 -1.0506
-1.07407 -1.05563
-1.0751 -1.05324
-1.07606 -1.05296
-1.07424 -1.05358
-1.07593 -1.05187
-1.07359 -1.05319
-1.07632 -1.05308
-1.07456 -1.051
-1.07632 -1.0548
-1.07467 -1.05237
-1.07579 -1.05175
-1.0742 -1.05236
-1.07561 -1.05219
-1.07581 -1.05249
-1.07609 -1.05171
-1.07293 -1.05445
-1.07542 -1.05153
-1.07459 -1.05403
-1.07596 -1.05021
-1.0741 -1.05432
-1.0746 -1.05311
-1.07588 -1.05184
-1.07696 -1.05112
-1.07473 -1.05463
-1.07418 -1.0523
-1.07711 -1.05206
-1.07337 -1.05362
-1.07544 -1.05388
-1.07487 -1.05253
-1.07347 -1.05299
-1.07608 -1.05179
-1.07418 -1.05322
-1.07468 -1.05118
-1.07503 -1.05132
-1.07329 -1.05333
-1.07482 -1.05313
-1.07275 -1.05219
-1.07719 -1.05178
-1.07399 -1.05343
-1.07512 -1.05036
-1.07571 -1.05235
-1.07488 -1.05235
-1.07497 -1.05358
-1.07641 -1.05174
-1.07512 -1.05209
-1.07329 -1.05321
-1.07772 -1.05038
-1.07322 -1.05341
-1.07656 -1.05098
-1.07409 -1.05079
-1.07462 -1.05189
-1.07534 -1.0515
-1.07589 -1.04974
-1.07537 -1.05369
-1.07695 -1.04901
-1.07448 -1.05238
-1.07635 -1.05137
-1.07695 -1.04999
-1.07386 -1.05003
-1.07622 -1.05278
-1.07702 -1.04886
-1.0741 -1.05132
-1.0759 -1.05055
-1.0763 -1.05011
-1.07543 -1.05154
-1.07578 -1.05181
-1.07516 -1.05017
-1.07593 -1.05055
-1.07369 -1.05323
-1.07594 -1.05038
-1.07559 -1.05081
-1.07466 -1.0512
-1.07394 -1.05229
-1.0766 -1.05081
-1.07582 -1.04942
-1.07351 -1.05362
-1.0786 -1.04983
-1.07447 -1.0526
-1.07555 -1.04985
-1.07647 -1.05164
-1.07626 -1.05049
-1.07639 -1.05194
-1.0761 -1.05006
-1.07636 -1.05228
-1.07776 -1.04958
-1.0754 -1.05174
-1.07801 -1.05106
-1.07578 -1.04938
-1.07704 -1.04885
-1.07551 -1.05304
-1.07668 -1.04874
-1.07852 -1.04982
-1.07626 -1.05011
-1.07624 -1.05221
-1.07785 -1.04741
-1.07628 -1.05176
-1.07812 -1.0498
-1.07754 -1.0495
-1.07722 -1.05145
-1.07781 -1.04888
-1.07642 -1.04974
-1.07567 -1.05302
-1.08 -1.04896
-1.07664 -1.04934
-1.07552 -1.05459
-1.07721 -1.04889
-1.075 -1.0513
-1.07671 -1.05154
-1.07657 -1.0496
-1.07706 -1.05113
-1.07718 -1.04789
-1.07644 -1.05121
-1.07786 -1.04848
-1.07677 -1.05202
-1.07629 -1.05103
-1.07908 -1.04791
-1.07636 -1.05275
-1.07804 -1.04914
-1.07649 -1.05173
-1.07781 -1.05005
-1.07762 -1.04982
-1.07559 -1.05015
-1.07732 -1.04924
-1.07633 -1.05044
-1.07632 -1.05082
-1.07488 -1.0505
-1.07841 -1.04839
-1.07401 -1.05244
-1.07838 -1.0482
-1.07517 -1.0494
-1.07768 -1.05072
-1.0756 -1.05013
-1.07423 -1.05177
-1.07693 -1.04959
-1.07556 -1.05088
-1.07617 -1.05047
-1.07615 -1.04935
-1.07665 -1.05083
-1.07558 -1.05087
-1.07698 -1.05022
-1.07523 -1.05093
-1.07752 -1.04924
-1.07545 -1.05096
-1.07784 -1.05118
-1.07561 -1.04888
-1.076 -1.04976
-1.07725 -1.04962
-1.07523 -1.04992
-1.07469 -1.04962
-1.07734 -1.048
-1.07414 -1.05169
-1.07718 -1.04806
-1.07582 -1.0514
-1.07602 -1.04795
-1.07549 -1.05
-1.07673 -1.04844
-1.07447 -1.05105
-1.07739 -1.04754
-1.07625 -1.05122
-1.07653 -1.04832
-1.0747 -1.05082
-1.0754 -1.04955
-1.07925 -1.04609
-1.07439 -1.05105
-1.07628 -1.0482
-1.07697 -1.05056
-1.07608 -1.04655
-1.07776 -1.04971
-1.07439 -1.05135
-1.078 -1.0476
-1.07457 -1.05013
-1.07638 -1.04922
-1.07654 -1.04689
-1.07668 -1.04994
-1.07649 -1.04987
-1.07644 -1.04718
-1.07585 -1.04817
-1.07683 -1.04956
-1.0761 -1.04668
-1.07408 -1.04912
-1.0762 -1.04871
-1.07537 -1.04853
-1.07572 -1.04779
-1.07669 -1.04835
-1.0763 -1.04889
-1.07364 -1.04697
-1.07569 -1.0493
-1.07545 -1.04697
-1.07386 -1.0488
-1.0752 -1.04989
-1.07595 -1.04708
-1.07483 -1.04994
-1.07538 -1.0483
-1.07683 -1.04855
-1.07649 -1.04923
-1.07628 -1.04977
-1.07598 -1.0485
-1.07437 -1.0488
-1.07705 -1.04723
-1.07447 -1.05059
-1.07571 -1.04737
-1.07507 -1.04885
-1.07452 -1.04764
-1.07576 -1.04922
-1.07457 -1.04763
-1.07469 -1.0493
-1.07439 -1.04934
-1.0767 -1.04798
-1.07539 -1.04782
-1.07451 -1.04855
-1.07652 -1.04901
-1.07433 -1.04983
-1.07767 -1.04517
-1.07367 -1.0507
-1.0776 -1.04672
-1.07427 -1.04963
-1.07603 -1.04681
-1.07527 -1.04776
-1.0735 -1.05119
-1.07601 -1.0453
-1.07548 -1.04739
-1.07503 -1.04824
-1.07584 -1.04838
-1.07421 -1.04673
-1.07463 -1.0483
-1.07531 -1.04854
-1.07469 -1.04741
-1.07304 -1.04957
-1.07505 -1.04805
-1.07411 -1.04877
-1.07477 -1.04734
-1.07305 -1.05063
-1.07334 -1.04875
-1.07553 -1.04777
-1.0752 -1.04755
-1.0718 -1.0511
-1.07573 -1.04542
-1.07411 -1.05008
-1.07368 -1.04779
-1.07382 -1.04874
-1.07603 -1.04729
-1.07264 -1.04947
-1.07393 -1.04767
-1.07408 -1.04723
-1.07323 -1.05139
-1.07482 -1.04478
-1.07162 -1.05127
-1.07403 -1.04794
-1.07456 -1.04879
-1.07533 -1.0491
-1.07418 -1.04803
-1.07235 -1.05088
-1.07622 -1.04625
-1.07314 -1.0505
-1.07581 -1.04688
-1.07416 -1.04714
-1.07314 -1.05071
-1.07518 -1.04646
-1.0741 -1.04817
-1.07504 -1.04809
-1.07327 -1.0474
-1.07643 -1.04666
-1.07293 -1.05058
-1.07666 -1.04672
-1.07584 -1.04724
-1.07287 -1.04968
-1.07772 -1.04647
-1.07409 -1.04805
-1.0737 -1.04713
-1.0759 -1.04751
-1.07439 -1.04782
-1.07552 -1.04784
-1.07411 -1.04656
-1.07633 -1.04964
-1.07256 -1.04646
-1.07574 -1.05003
-1.07386 -1.0454
-1.07468 -1.04862
-1.07244 -1.04892
-1.07446 -1.04698
-1.07524 -1.0471
-1.07287 -1.05045
-1.07485 -1.04703
-1.07415 -1.04724
-1.07247 -1.05094
-1.07477 -1.04681
-1.07308 -1.04863
-1.07462 -1.04781
-1.07294 -1.04899
-1.07389 -1.04949
-1.0747 -1.04685
-1.07425 -1.04743
-1.07344 -1.04977
-1.07562 -1.0474
-1.074 -1.04856
-1.0763 -1.04584
-1.07447 -1.04996
-1.07431 -1.04572
-1.07453 -1.04951
-1.07435 -1.0465
-1.07443 -1.04886
-1.07709 -1.04478
-1.07298 -1.04992
-1.07616 -1.04525
-1.0731 -1.04735
-1.07392 -1.04766
-1.07307 -1.04733
-1.0753 -1.04515
-1.07259 -1.04836
-1.07427 -1.04848
-1.07302 -1.04594
-1.07456 -1.0486
-1.07442 -1.0464
-1.0748 -1.04632
-1.07265 -1.04934
-1.07547 -1.04541
-1.07186 -1.04859
-1.07552 -1.04533
-1.07409 -1.04789
-1.07467 -1.04717
-1.07371 -1.0468
-1.0742 -1.04672
-1.07335 -1.04794
-1.0737 -1.04788
-1.07495 -1.04663
-1.07387 -1.04606
-1.07485 -1.04665
-1.07298 -1.04885
-1.07445 -1.0446
-1.07383 -1.04817
-1.07406 -1.04667
-1.07342 -1.0461
-1.07497 -1.04663
-1.07248 -1.04766
-1.07407 -1.04569
-1.07401 -1.04668
-1.07279 -1.04839
-1.07478 -1.04525
-1.07458 -1.04717
-1.07314 -1.04798
-1.07462 -1.04555
-1.07314 -1.0472
-1.07479 -1.04593
-1.07223 -1.047
-1.07324 -1.04648
-1.07319 -1.046
-1.07391 -1.04688
-1.07144 -1.04597
-1.07403 -1.04613
-1.07212 -1.04712
-1.07514 -1.04505
-1.07151 -1.04653
-1.07279 -1.04702
-1.07414 -1.04434
-1.07008 -1.04853
-1.074 -1.04534
-1.0737 -1.04438
-1.07172 -1.04775
-1.07277 -1.04823
-1.07534 -1.04329
-1.0712 -1.0475
-1.07526 -1.04503
-1.07298 -1.0465
-1.07385 -1.04563
-1.07243 -1.04715
-1.07297 -1.04581
-1.07311 -1.04665
-1.07307 -1.04614
-1.07347 -1.04626
-1.07275 -1.04685
-1.07409 -1.04458
-1.07044 -1.04809
-1.07343 -1.04403
-1.07474 -1.04677
-1.07252 -1.04528
-1.07332 -1.04446
-1.07364 -1.04723
-1.07129 -1.04788
-1.07462 -1.044
-1.07369 -1.04596
-1.07359 -1.04744
-1.07418 -1.04325
-1.0728 -1.04646
-1.07394 -1.04553
-1.07277 -1.04483
-1.07211 -1.04772
-1.0752 -1.04301
-1.07205 -1.04395
-1.074 -1.0453
-1.07121 -1.04676
-1.07358 -1.04518
-1.0728 -1.04338
-1.07044 -1.04672
-1.07281 -1.04571
-1.0742 -1.04424
-1.07247 -1.04576
-1.07244 -1.04425
-1.07159 -1.04683
-1.07165 -1.04608
-1.07329 -1.0454
-1.07151 -1.04634
-1.07132 -1.04536
-1.07265 -1.04438
-1.07071 -1.04828
-1.07307 -1.04515
-1.0709 -1.04749
-1.07422 -1.04334
-1.07221 -1.04802
-1.07261 -1.04552
-1.07247 -1.04475
-1.07156 -1.04519
-1.07238 -1.0468
-1.07379 -1.04339
-1.07156 -1.0447
-1.07227 -1.04587
-1.0722 -1.04478
-1.07268 -1.04337
-1.07241 -1.04507
-1.07157 -1.04419
-1.07271 -1.04425
-1.07381 -1.04265
-1.07012 -1.04814
-1.07342 -1.04262
-1.07169 -1.04441
-1.0706 -1.04598
-1.07335 -1.0438
-1.07163 -1.04607
-1.06883 -1.04691
-1.07365 -1.04221
-1.0695 -1.04599
-1.07123 -1.04659
-1.07085 -1.04294
-1.07051 -1.04671
-1.07239 -1.04656
-1.06965 -1.04369
-1.07062 -1.0472
-1.07171 -1.04385
-1.07136 -1.04516
-1.07039 -1.04715
-1.07071 -1.04382
-1.07131 -1.04572
-1.07015 -1.04463
-1.07104 -1.04712
-1.07068 -1.04522
-1.07095 -1.04362
-1.06959 -1.04823
-1.07098 -1.04432
-1.07203 -1.0452
-1.0704 -1.04521
-1.07072 -1.04598
-1.06998 -1.04566
-1.07144 -1.04477
-1.0697 -1.04443
-1.0702 -1.04647
-1.0709 -1.0429
-1.06966 -1.04755
-1.07027 -1.04545
-1.0705 -1.04445
-1.06969 -1.04534
-1.0728 -1.04376
-1.06914 -1.0457
-1.06937 -1.04587
-1.07141 -1.04349
-1.06948 -1.04587
-1.07115 -1.04508
-1.06864 -1.0466
-1.07108 -1.04346
-1.06915 -1.04513
-1.06946 -1.04508
-1.06993 -1.04463
-1.06999 -1.04589
-1.06903 -1.04663
-1.06914 -1.04414
-1.07212 -1.04525
-1.06723 -1.0475
-1.07024 -1.0429
-1.07201 -1.04591
-1.0691 -1.04512
-1.0694 -1.04446
-1.07169 -1.04451
-1.07023 -1.04532
-1.07005 -1.04517
-1.07211 -1.04418
-1.07001 -1.04544
-1.07052 -1.04449
-1.07059 -1.04446
-1.07014 -1.04513
-1.0714 -1.04428
-1.07037 -1.04435
-1.07117 -1.04369
-1.07065 -1.04575
-1.07128 -1.04181
-1.07097 -1.04513
-1.07086 -1.04358
-1.07163 -1.04293
-1.0704 -1.04525
-1.07058 -1.04396
-1.06893 -1.04292
-1.07089 -1.04468
-1.07233 -1.04292
-1.07018 -1.04455
-1.06897 -1.04469
-1.07254 -1.04272
-1.06911 -1.04602
-1.0702 -1.04377
-1.07158 -1.04248
-1.06849 -1.04487
-1.07147 -1.04475
-1.07113 -1.04352
-1.07178 -1.04296
-1.06789 -1.0464
-1.07075 -1.04352
-1.07117 -1.0437
-1.06937 -1.04408
-1.06935 -1.04609
-1.07272 -1.04041
-1.06853 -1.0471
-1.07048 -1.04307
-1.0711 -1.04369
-1.07248 -1.04428
-1.07068 -1.04307
-1.06965 -1.04417
-1.0709 -1.04379
-1.07063 -1.04486
-1.07247 -1.04153
-1.06802 -1.04583
-1.07236 -1.04115
-1.06985 -1.04539
-1.07098 -1.04385
-1.06979 -1.04306
-1.07054 -1.04592
-1.07284 -1.03896
-1.07146 -1.0448
-1.07169 -1.04226
-1.07105 -1.04348
-1.0714 -1.04354
-1.07183 -1.04233
-1.06931 -1.04525
-1.073 -1.04158
-1.06756 -1.04535
-1.07317 -1.04308
-1.0684 -1.04473
-1.07074 -1.04468
-1.06971 -1.04363
-1.06916 -1.04591
-1.07083 -1.0418
-1.06928 -1.04544
-1.06989 -1.04313
-1.06966 -1.04588
-1.07107 -1.0421
-1.07222 -1.04515
-1.06937 -1.04464
-1.07147 -1.04418
-1.0723 -1.04335
-1.07012 -1.04449
-1.06925 -1.04307
-1.07168 -1.04255
-1.07083 -1.04285
-1.06993 -1.0442
-1.07111 -1.04285
-1.07045 -1.04246
-1.07022 -1.04474
-1.07235 -1.04347
-1.07145 -1.04364
-1.0717 -1.04116
-1.07066 -1.04445
-1.07071 -1.04424
-1.07193 -1.04319
-1.06958 -1.04549
-1.07109 -1.04201
-1.06888 -1.04495
-1.07147 -1.04364
-1.06917 -1.04347
-1.07222 -1.04328
-1.06947 -1.04433
-1.0705 -1.04431
-1.07093 -1.044
-1.07067 -1.04315
-1.07048 -1.04286
-1.07029 -1.04514
-1.0719 -1.0426
-1.06969 -1.04565
-1.07019 -1.04285
-1.07009 -1.04338
-1.07017 -1.04311
-1.07041 -1.04396
-1.06928 -1.04475
-1.07121 -1.04095
-1.0697 -1.04415
-1.07029 -1.04343
-1.07109 -1.0417
-1.07102 -1.04247
-1.07025 -1.04407
-1.07049 -1.04154
-1.07019 -1.04321
-1.06982 -1.04167
-1.06964 -1.04424
-1.07192 -1.04413
-1.07021 -1.04159
-1.06947 -1.04401
-1.07026 -1.0421
-1.06986 -1.04436
-1.07057 -1.0411
-1.06937 -1.04302
-1.07046 -1.04375
-1.07026 -1.04178
-1.06956 -1.04413
-1.07098 -1.04073
-1.06793 -1.04371
-1.07189 -1.04134
-1.06865 -1.04308
-1.07075 -1.04287
-1.07072 -1.04299
-1.0708 -1.04194
-1.07051 -1.04294
-1.0703 -1.0428
-1.07156 -1.04333
-1.07105 -1.04148
-1.06753 -1.04548
-1.07279 -1.04026
-1.0715 -1.04189
-1.06891 -1.04308
-1.07112 -1.04137
-1.071 -1.04223
-1.06967 -1.04357
-1.071 -1.04046
-1.07108 -1.04275
-1.07172 -1.04148
