0 0
-0.17145 -0.161479
-0.331188 -0.313253
-0.478298 -0.454173
-0.614538 -0.584865
-0.738744 -0.705419
-0.847646 -0.814382
-0.946208 -0.913162
-1.03298 -0.999937
-1.10123 -1.08062
-1.16114 -1.1451
-1.20665 -1.2038
-1.23702 -1.25127
-1.2627 -1.29409
-1.2759 -1.32372
-1.28467 -1.35572
-1.29093 -1.37876
-1.28865 -1.40193
-1.28745 -1.42046
-1.28471 -1.43722
-1.28127 -1.45139
-1.27267 -1.46066
-1.26982 -1.47231
-1.26097 -1.48388
-1.25641 -1.48626
-1.24275 -1.48504
-1.23963 -1.49386
-1.24333 -1.51086
-1.22999 -1.4938
-1.2272 -1.50886
-1.22241 -1.51064
-1.22966 -1.51882
-1.23164 -1.51125
-1.23014 -1.51006
-1.23353 -1.50867
-1.23015 -1.50629
-1.23125 -1.50845
-1.23371 -1.50733
-1.23291 -1.50715
-1.23059 -1.50723
-1.23389 -1.50649
-1.23425 -1.50578
-1.23409 -1.50586
-1.23209 -1.5046
-1.23321 -1.50465
-1.23488 -1.50246
-1.23398 -1.50341
-1.23269 -1.5044
-1.23567 -1.50393
-1.23452 -1.50081
-1.2344 -1.50561
-1.23415 -1.50395
-1.23314 -1.50465
-1.23449 -1.50179
-1.23397 -1.50344
-1.23423 -1.50298
-1.23881 -1.49851
-1.23277 -1.50462
-1.23401 -1.5017
-1.23479 -1.5016
-1.23609 -1.50206
-1.23468 -1.50256
-1.23414 -1.5017
-1.23499 -1.49903
-1.2367 -1.49723
-1.23591 -1.49788
-1.2362 -1.50006
-1.23703 -1.49768
-1.23626 -1.49842
-1.23472 -1.50273
-1.2378 -1.49622
-1.23554 -1.50002
-1.23574 -1.50121
-1.23619 -1.50065
-1.23693 -1.49988
-1.23615 -1.50184
-1.23789 -1.49889
-1.23609 -1.50129
-1.24029 -1.49707
-1.23539 -1.49612
-1.23805 -1.49596
-1.23733 -1.49775
-1.23967 -1.4963
-1.23734 -1.49541
-1.23792 -1.4959
-1.23929 -1.4924
-1.23792 -1.49663
-1.23989 -1.49336
-1.23889 -1.49348
-1.23662 -1.49482
-1.23838 -1.49682
-1.23703 -1.49301
-1.23932 -1.49497
-1.23755 -1.49481
-1.24136 -1.49371
-1.23772 -1.49583
-1.23172 -1.48539
-1.24422 -1.49881
-1.24339 -1.4892
-1.23982 -1.48609
-1.24176 -1.4862
-1.24106 -1.48668
-1.24172 -1.48502
-1.24128 -1.48652
-1.24342 -1.4864
-1.24512 -1.48103
-1.24256 -1.48791
-1.2429 -1.48514
-1.24341 -1.48427
-1.24407 -1.48557
-1.24585 -1.48088
-1.24254 -1.48337
-1.244 -1.48265
-1.24288 -1.48698
-1.24665 -1.4832
-1.24428 -1.48202
-1.24449 -1.48406
-1.24433 -1.48354
-1.24496 -1.4842
-1.24478 -1.47972
-1.24554 -1.48133
-1.2454 -1.48127
-1.2448 -1.48266
-1.24669 -1.48168
-1.24621 -1.48305
-1.2452 -1.47959
-1.24652 -1.48048
-1.24875 -1.48052
-1.24567 -1.48151
-1.24898 -1.4789
-1.24916 -1.47979
-1.24499 -1.4787
-1.24864 -1.47613
-1.24826 -1.47893
-1.2483 -1.47439
-1.24725 -1.48057
-1.2481 -1.47586
-1.24677 -1.47939
-1.25082 -1.47499
-1.25034 -1.4737
-1.2484 -1.47878
-1.24782 -1.47666
-1.24841 -1.48061
-1.25214 -1.47379
-1.24706 -1.48044
-1.24695 -1.47849
-1.25037 -1.4747
-1.24774 -1.47874
-1.25084 -1.47653
-1.24993 -1.47779
-1.24873 -1.47599
-1.24931 -1.47511
-1.25104 -1.47515
-1.25074 -1.4752
-1.2512 -1.4748
-1.24984 -1.4764
-1.24997 -1.47712
-1.25148 -1.47442
-1.24986 -1.47166
-1.25277 -1.47365
-1.25119 -1.47066
-1.25002 -1.47689
-1.2534 -1.4715
-1.25574 -1.46797
-1.25194 -1.475
-1.25303 -1.47025
-1.25388 -1.47308
-1.25294 -1.47082
-1.25528 -1.46843
-1.2512 -1.47148
-1.25542 -1.47002
-1.25357 -1.47077
-1.25307 -1.47162
-1.25251 -1.47353
-1.25329 -1.47321
-1.25488 -1.47086
-1.25411 -1.47174
-1.25311 -1.46828
-1.25639 -1.47256
-1.25541 -1.46995
-1.25538 -1.46793
-1.25338 -1.47279
-1.25603 -1.46812
-1.25613 -1.46782
-1.25401 -1.47051
-1.25497 -1.47021
-1.25797 -1.46852
-1.25575 -1.47058
-1.25477 -1.46845
-1.25653 -1.47094
-1.25728 -1.46944
-1.25888 -1.46671
-1.25487 -1.46911
-1.25587 -1.47248
-1.25648 -1.46368
-1.25787 -1.47093
-1.25662 -1.46995
-1.2591 -1.46336
-1.25543 -1.47157
-1.25821 -1.46608
-1.25643 -1.46891
-1.25888 -1.46866
-1.2578 -1.46478
-1.26001 -1.46349
-1.25781 -1.46678
-1.25699 -1.46786
-1.25737 -1.46822
-1.2584 -1.4683
-1.25523 -1.46671
-1.2587 -1.46598
-1.25765 -1.46588
-1.25926 -1.46591
-1.25902 -1.46391
-1.25689 -1.46521
-1.25978 -1.46673
-1.25894 -1.4636
-1.25806 -1.46453
-1.25858 -1.46849
-1.2593 -1.46595
-1.25855 -1.46409
-1.25728 -1.46463
-1.25785 -1.4654
-1.25783 -1.46414
-1.25859 -1.46359
-1.25843 -1.46783
-1.26013 -1.46227
-1.25798 -1.46311
-1.25937 -1.4637
-1.25901 -1.46196
-1.2592 -1.46281
-1.25988 -1.4643
-1.25849 -1.46468
-1.26059 -1.46113
-1.25874 -1.46349
-1.2611 -1.45917
-1.26199 -1.46091
-1.26115 -1.46021
-1.26137 -1.45997
-1.26049 -1.45869
-1.26121 -1.46209
-1.26455 -1.45788
-1.26221 -1.45949
-1.26079 -1.45788
-1.2608 -1.4604
-1.26382 -1.45925
-1.26156 -1.46022
-1.26292 -1.46046
-1.26403 -1.46063
-1.26294 -1.46029
-1.26476 -1.45811
-1.26185 -1.46128
-1.26291 -1.46183
-1.26506 -1.45692
-1.26372 -1.45873
-1.26431 -1.45733
-1.2655 -1.4587
-1.26523 -1.45614
-1.26688 -1.45654
-1.26508 -1.45623
-1.26674 -1.45705
-1.26659 -1.45405
-1.26733 -1.45606
-1.26746 -1.45535
-1.26554 -1.45854
-1.26848 -1.45656
-1.26825 -1.45494
-1.26805 -1.45616
-1.26781 -1.45247
-1.26673 -1.45949
-1.26865 -1.45633
-1.26958 -1.45376
-1.26843 -1.45456
-1.26807 -1.4571
-1.26739 -1.45647
-1.26978 -1.45693
-1.26819 -1.45209
-1.2693 -1.45728
-1.27009 -1.4542
-1.27051 -1.45235
-1.26858 -1.45156
-1.27051 -1.45132
-1.26805 -1.45322
-1.27029 -1.45109
-1.26796 -1.45223
-1.27156 -1.45178
-1.26967 -1.45524
-1.26829 -1.45472
-1.26914 -1.45152
-1.27038 -1.45152
-1.26849 -1.45465
-1.26969 -1.45061
-1.26939 -1.45189
-1.27129 -1.45189
-1.27064 -1.4507
-1.27403 -1.4493
-1.26938 -1.45524
-1.27019 -1.44895
-1.26959 -1.45264
-1.27357 -1.45089
-1.2712 -1.4524
-1.26991 -1.45195
-1.27118 -1.45104
-1.27345 -1.45019
-1.26909 -1.45227
-1.27018 -1.45338
-1.27139 -1.44999
-1.27125 -1.45067
-1.2705 -1.45111
-1.2726 -1.44922
-1.27296 -1.44775
-1.27448 -1.44532
-1.27262 -1.44724
-1.27428 -1.44651
-1.27339 -1.44833
-1.27314 -1.44549
-1.27483 -1.44512
-1.27113 -1.45239
-1.27093 -1.44639
-1.27589 -1.4503
-1.2706 -1.44905
-1.27338 -1.44986
-1.27448 -1.44905
-1.27331 -1.44875
-1.27375 -1.44756
-1.27447 -1.45031
-1.27418 -1.44858
-1.27259 -1.44748
-1.27564 -1.4482
-1.27387 -1.44943
-1.27282 -1.44707
-1.27444 -1.44915
-1.27634 -1.44456
-1.27564 -1.45061
-1.27013 -1.45094
-1.27448 -1.45159
-1.27607 -1.44797
-1.27396 -1.44661
-1.27289 -1.45028
-1.27501 -1.44579
-1.27496 -1.44698
-1.27476 -1.44633
-1.2759 -1.44854
-1.27462 -1.44621
-1.2775 -1.44866
-1.27619 -1.44478
-1.2769 -1.4477
-1.27583 -1.44617
-1.27727 -1.44504
-1.27723 -1.44483
-1.27724 -1.44397
-1.27728 -1.44758
-1.27782 -1.44055
-1.27752 -1.44535
-1.27763 -1.44661
-1.27791 -1.44616
-1.27701 -1.44366
-1.27848 -1.44444
-1.27641 -1.44671
-1.27909 -1.44097
-1.27715 -1.44652
-1.27756 -1.44361
-1.28049 -1.4444
-1.27541 -1.44329
-1.27828 -1.44514
-1.27854 -1.4436
-1.27931 -1.44211
-1.27821 -1.44465
-1.27882 -1.44439
-1.27905 -1.44333
-1.27917 -1.44135
-1.27972 -1.44401
-1.28039 -1.44028
-1.27758 -1.44086
-1.27938 -1.44283
-1.28187 -1.43981
-1.27731 -1.44191
-1.28157 -1.44117
-1.27929 -1.43838
-1.27897 -1.44232
-1.28019 -1.44282
-1.28084 -1.4408
-1.28281 -1.43795
-1.27833 -1.44112
-1.28298 -1.43965
-1.28025 -1.43996
-1.2816 -1.43921
-1.28073 -1.44014
-1.28171 -1.43812
-1.28347 -1.44053
-1.28288 -1.43765
-1.28129 -1.44081
-1.28198 -1.43973
-1.28328 -1.4382
-1.28132 -1.43908
-1.28362 -1.44046
-1.28151 -1.43918
-1.28308 -1.43883
-1.28211 -1.43901
-1.28142 -1.43939
-1.28413 -1.44113
-1.28012 -1.43964
-1.28334 -1.43877
-1.28253 -1.4396
-1.28233 -1.43957
-1.28339 -1.43539
-1.28271 -1.43897
-1.28166 -1.43826
-1.28496 -1.43577
-1.28271 -1.44024
-1.28576 -1.43842
-1.28336 -1.43643
-1.28266 -1.43795
-1.28325 -1.43936
-1.28451 -1.43636
-1.28497 -1.43807
-1.2866 -1.4343
-1.28284 -1.43947
-1.28419 -1.43608
-1.28674 -1.43546
-1.28292 -1.43651
-1.28776 -1.43471
-1.28579 -1.43458
-1.28555 -1.43256
-1.2827 -1.4348
-1.28895 -1.43155
-1.28858 -1.43363
-1.2877 -1.43268
-1.28764 -1.43073
-1.28526 -1.43522
-1.28825 -1.43242
-1.2899 -1.43128
-1.28568 -1.4327
-1.2887 -1.43263
-1.28705 -1.4328
-1.28754 -1.43402
-1.28633 -1.43441
-1.28617 -1.43089
-1.28901 -1.43605
-1.28647 -1.43319
-1.28689 -1.43502
-1.2878 -1.43507
-1.28583 -1.43122
-1.28726 -1.43426
-1.28546 -1.43724
-1.28995 -1.43352
-1.28494 -1.43306
-1.28514 -1.43589
-1.28709 -1.43309
-1.28382 -1.43734
-1.28794 -1.43599
-1.28618 -1.43557
-1.28531 -1.43754
-1.28611 -1.43404
-1.28714 -1.43474
-1.2855 -1.43833
-1.28364 -1.43977
-1.28832 -1.43483
-1.28928 -1.43463
-1.28568 -1.43607
-1.2879 -1.43387
-1.28775 -1.43585
-1.28672 -1.4308
-1.28831 -1.43391
-1.29036 -1.43489
-1.28777 -1.43326
-1.28959 -1.42977
-1.28912 -1.43077
-1.29124 -1.43313
-1.29097 -1.43397
-1.28779 -1.43154
-1.29117 -1.43057
-1.28756 -1.4338
-1.2901 -1.4316
-1.29188 -1.42874
-1.29016 -1.43043
-1.28986 -1.4276
-1.29111 -1.43102
-1.29003 -1.42759
-1.29102 -1.42904
-1.28936 -1.43073
-1.28925 -1.43083
-1.29196 -1.42798
-1.2895 -1.43021
-1.28942 -1.4294
-1.29025 -1.42823
-1.29105 -1.42898
-1.29259 -1.42644
-1.29031 -1.42564
-1.28904 -1.42805
-1.29231 -1.42661
-1.29092 -1.4286
-1.29088 -1.4295
-1.29094 -1.42944
-1.29163 -1.42673
-1.29058 -1.42854
-1.2916 -1.42858
-1.28819 -1.42849
-1.29339 -1.42735
-1.29089 -1.42633
-1.28842 -1.42734
-1.2894 -1.42817
-1.29181 -1.42723
-1.29028 -1.42988
-1.2938 -1.42541
-1.29248 -1.42849
-1.29117 -1.42455
-1.29318 -1.42717
-1.29213 -1.42726
-1.29223 -1.42696
-1.29386 -1.42132
-1.29011 -1.4279
-1.29467 -1.42326
-1.29147 -1.4252
-1.29272 -1.4244
-1.2931 -1.42466
-1.2922 -1.42196
-1.29343 -1.42965
-1.2908 -1.42346
-1.29496 -1.42743
-1.29168 -1.4252
-1.29287 -1.42659
-1.29558 -1.4215
-1.29408 -1.42774
-1.2928 -1.42482
-1.29444 -1.4224
-1.29437 -1.42599
-1.29304 -1.42656
-1.29279 -1.42568
-1.29361 -1.42513
-1.29417 -1.42621
-1.29377 -1.42273
-1.29443 -1.42622
-1.29278 -1.42631
-1.29543 -1.42484
-1.2925 -1.42483
-1.29166 -1.43052
-1.29468 -1.42622
-1.29142 -1.42516
-1.29515 -1.42533
-1.29355 -1.4258
-1.29512 -1.42725
-1.29214 -1.42624
-1.29501 -1.42558
-1.29326 -1.4265
-1.29455 -1.42689
-1.29463 -1.42471
-1.29389 -1.42673
-1.2929 -1.42967
-1.29212 -1.42574
-1.29218 -1.42915
-1.29374 -1.42906
-1.29091 -1.42725
-1.29125 -1.43211
-1.29321 -1.42718
-1.29242 -1.42879
-1.29404 -1.42731
-1.29322 -1.42555
-1.29298 -1.42702
-1.29427 -1.42412
-1.29461 -1.42701
-1.29304 -1.42476
-1.29325 -1.42535
-1.29585 -1.42574
-1.29711 -1.42261
-1.29356 -1.42803
-1.29692 -1.42511
-1.29198 -1.42727
-1.29667 -1.42405
-1.29454 -1.4274
-1.2932 -1.42477
-1.29365 -1.42675
-1.29541 -1.42455
-1.29191 -1.42593
-1.29539 -1.421
-1.29309 -1.42585
-1.29352 -1.4274
-1.29379 -1.42392
-1.29601 -1.42509
-1.29398 -1.42776
-1.29296 -1.42675
-1.29336 -1.42505
-1.29327 -1.42805
-1.29397 -1.42535
-1.29288 -1.42804
-1.29153 -1.42886
-1.29335 -1.42738
-1.29213 -1.42817
-1.29274 -1.43012
-1.29687 -1.41963
-1.29336 -1.43048
-1.29262 -1.42784
-1.29196 -1.42531
-1.29159 -1.43027
-1.29132 -1.42854
-1.29201 -1.42563
-1.29456 -1.42609
-1.29131 -1.42595
-1.29253 -1.4275
-1.29581 -1.42617
-1.29062 -1.42299
-1.29059 -1.42804
-1.2949 -1.42661
-1.29235 -1.425
-1.29061 -1.42909
-1.29497 -1.42423
-1.29142 -1.42577
-1.2948 -1.42396
-1.29329 -1.42683
-1.29203 -1.42527
-1.29536 -1.42488
-1.29123 -1.42752
-1.29492 -1.42287
-1.29362 -1.42546
-1.29327 -1.42656
-1.29247 -1.42358
-1.29454 -1.42422
-1.2948 -1.4223
-1.29298 -1.42684
-1.2953 -1.41918
-1.29141 -1.42598
-1.29175 -1.42162
-1.29738 -1.42283
-1.29262 -1.42271
-1.29154 -1.42406
-1.29373 -1.42547
-1.29586 -1.42235
-1.29322 -1.42462
-1.29463 -1.42162
-1.29211 -1.4237
-1.29551 -1.42459
-1.29272 -1.42143
-1.29601 -1.42212
-1.29502 -1.42456
-1.29462 -1.42547
-1.29561 -1.42401
-1.29354 -1.42419
-1.29458 -1.42328
-1.29499 -1.42469
-1.29246 -1.42811
-1.29267 -1.42408
-1.29459 -1.42383
-1.29284 -1.42506
-1.29549 -1.42516
-1.29485 -1.42432
-1.29496 -1.42733
-1.29365 -1.42429
-1.2929 -1.42497
-1.29446 -1.42703
-1.29474 -1.42215
-1.29468 -1.42312
-1.29227 -1.42824
-1.29502 -1.42339
-1.29453 -1.42631
-1.29493 -1.4242
-1.2957 -1.42213
-1.29536 -1.42665
-1.29408 -1.42337
-1.29722 -1.42198
-1.29392 -1.4233
-1.29458 -1.42363
-1.29731 -1.4232
-1.29213 -1.42424
-1.29529 -1.42369
-1.29352 -1.42286
-1.29702 -1.42408
-1.29508 -1.42626
-1.29461 -1.423
-1.29664 -1.42397
-1.29508 -1.42133
-1.29721 -1.42264
-1.29672 -1.42133
-1.29613 -1.42368
-1.2954 -1.42102
-1.29855 -1.41923
-1.29733 -1.42541
-1.29268 -1.42216
-1.29755 -1.42158
-1.2943 -1.42445
-1.29776 -1.42111
-1.29417 -1.4215
-1.29736 -1.4208
-1.29488 -1.42172
-1.2931 -1.42235
-1.29817 -1.42167
-1.2963 -1.41995
-1.29721 -1.42492
-1.29499 -1.42145
-1.29634 -1.42243
-1.29453 -1.42228
-1.29782 -1.42146
-1.29627 -1.42265
-1.29615 -1.42112
-1.29311 -1.42333
-1.29532 -1.4224
-1.29852 -1.41922
-1.29228 -1.42484
-1.29678 -1.42299
-1.29943 -1.41956
-1.29623 -1.4195
-1.29591 -1.42087
-1.2976 -1.42111
-1.29653 -1.42042
-1.29759 -1.41701
-1.29683 -1.41843
-1.29423 -1.42203
-1.29815 -1.41589
-1.29689 -1.42299
-1.29521 -1.42052
-1.29821 -1.41988
-1.29642 -1.41901
-1.29651 -1.42065
-1.29487 -1.42075
-1.2964 -1.42034
-1.29758 -1.42157
-1.29547 -1.42181
-1.29743 -1.42011
-1.29481 -1.41774
-1.29404 -1.42258
-1.29616 -1.41752
-1.29902 -1.41819
-1.29611 -1.41996
-1.29536 -1.42115
-1.29612 -1.42039
-1.29728 -1.41802
-1.29633 -1.42023
-1.29464 -1.41965
-1.2945 -1.42173
-1.29764 -1.41522
-1.29395 -1.42378
-1.29739 -1.4182
-1.2971 -1.4207
-1.29334 -1.41888
-1.30093 -1.41836
-1.29511 -1.41849
-1.29754 -1.42059
-1.29729 -1.41868
-1.29863 -1.41716
-1.2962 -1.41883
-1.29845 -1.41882
-1.29632 -1.41858
-1.29905 -1.41746
-1.29678 -1.41933
-1.29861 -1.41981
-1.29485 -1.41898
-1.29698 -1.4185
-1.29467 -1.41935
-1.2998 -1.41905
-1.29517 -1.41773
-1.29595 -1.41611
-1.29767 -1.41712
-1.2973 -1.41706
-1.29816 -1.41498
-1.29934 -1.41557
-1.29819 -1.41657
-1.29848 -1.41667
-1.29672 -1.41827
-1.29858 -1.41731
-1.29918 -1.41609
-1.29954 -1.41703
-1.29905 -1.41861
-1.29975 -1.41946
-1.29617 -1.41916
-1.29736 -1.41669
-1.29745 -1.41775
-1.29706 -1.41683
-1.29848 -1.41412
-1.29542 -1.42175
-1.30066 -1.41555
-1.29628 -1.41885
-1.29573 -1.42137
-1.29757 -1.41581
-1.2966 -1.41811
-1.29517 -1.41901
-1.29794 -1.41713
-1.29534 -1.41823
-1.29851 -1.42062
-1.29662 -1.41645
-1.29631 -1.41769
-1.29892 -1.41646
-1.29289 -1.41892
-1.2962 -1.41847
-1.29524 -1.4202
-1.29629 -1.4168
-1.29502 -1.41876
-1.29462 -1.41781
-1.29439 -1.41954
-1.29426 -1.41896
-1.29599 -1.42005
-1.29389 -1.4191
-1.29565 -1.41789
-1.29965 -1.41599
-1.29798 -1.41711
-1.29796 -1.41917
-1.29616 -1.4181
-1.297 -1.41784
-1.29817 -1.41867
-1.29658 -1.41738
-1.29672 -1.42035
-1.2963 -1.42083
-1.2968 -1.4188
-1.29584 -1.41911
-1.29816 -1.41791
-1.29698 -1.41974
-1.29663 -1.41595
-1.29585 -1.41715
-1.29586 -1.41762
-1.29916 -1.41505
-1.29608 -1.41873
-1.29335 -1.42068
-1.2959 -1.41884
-1.2962 -1.41529
-1.29453 -1.41843
-1.29703 -1.42001
-1.29692 -1.41891
-1.29797 -1.41623
-1.29532 -1.41964
-1.29609 -1.41892
-1.29731 -1.41715
-1.29527 -1.41894
-1.29642 -1.41505
-1.29422 -1.42137
-1.29694 -1.41733
-1.29466 -1.41901
-1.29697 -1.41634
-1.29449 -1.41762
-1.29773 -1.41844
-1.29473 -1.42017
-1.29437 -1.41699
-1.29641 -1.41615
-1.29681 -1.41516
-1.29714 -1.41565
-1.2972 -1.41537
-1.29684 -1.41562
-1.29383 -1.41742
-1.29784 -1.41601
-1.29673 -1.4152
-1.29576 -1.41807
-1.29666 -1.41478
-1.29642 -1.41871
-1.29502 -1.41591
-1.29724 -1.41659
-1.29588 -1.41528
-1.29697 -1.41882
-1.29661 -1.41374
-1.29648 -1.41553
-1.2995 -1.41403
-1.29387 -1.41633
-1.29791 -1.41514
-1.29492 -1.41556
-1.29692 -1.41121
-1.29585 -1.42022
-1.29646 -1.41193
-1.29353 -1.41649
-1.29909 -1.41252
-1.29274 -1.41232
-1.29878 -1.41734
-1.29439 -1.41209
-1.29471 -1.41554
-1.29544 -1.41367
-1.29742 -1.41219
-1.29539 -1.41447
-1.29708 -1.41075
-1.29845 -1.41417
-1.2974 -1.41276
-1.29861 -1.4112
-1.29592 -1.41463
-1.29637 -1.41244
-1.29649 -1.40994
-1.29759 -1.41583
-1.29863 -1.41121
-1.29612 -1.41271
-1.29648 -1.41389
-1.30251 -1.41188
-1.29937 -1.41259
-1.29639 -1.41076
-1.29864 -1.41069
-1.29812 -1.41408
-1.29862 -1.4112
-1.29884 -1.40971
-1.29632 -1.41243
-1.29989 -1.41041
-1.29908 -1.41375
-1.29764 -1.41108
-1.29778 -1.41086
-1.29959 -1.40876
-1.29705 -1.41134
-1.29431 -1.4125
-1.30121 -1.40862
-1.29369 -1.41196
-1.29752 -1.41059
-1.29982 -1.4111
-1.2961 -1.41074
-1.29839 -1.40892
-1.29672 -1.41093
-1.29903 -1.41014
-1.29739 -1.40964
-1.29617 -1.40939
-1.30011 -1.40994
-1.29907 -1.40909
-1.29788 -1.41005
-1.29736 -1.40732
-1.29563 -1.41198
-1.29787 -1.41008
-1.29714 -1.40829
-1.29688 -1.41097
-1.29581 -1.40566
-1.29938 -1.41096
-1.29541 -1.40965
-1.29751 -1.41204
-1.29706 -1.40775
-1.2956 -1.41276
-1.29741 -1.40771
-1.29854 -1.40965
-1.29741 -1.41034
-1.29639 -1.40957
-1.295 -1.40966
-1.29709 -1.40677
-1.29762 -1.41048
-1.29706 -1.40932
-1.29818 -1.40878
-1.29559 -1.41011
-1.30021 -1.40714
-1.29791 -1.40835
-1.29747 -1.40895
-1.29689 -1.40609
-1.29615 -1.41102
-1.29699 -1.40796
-1.2982 -1.40848
-1.29385 -1.41149
-1.29851 -1.40849
-1.30069 -1.4098
-1.29497 -1.40659
-1.29853 -1.40665
-1.29758 -1.4092
-1.29913 -1.40753
-1.29646 -1.40915
-1.29664 -1.40897
-1.29692 -1.40928
-1.29759 -1.40739
-1.29566 -1.40733
-1.30013 -1.40678
-1.29597 -1.4113
-1.29992 -1.40593
-1.29649 -1.41142
-1.29699 -1.408
-1.29886 -1.40813
-1.29667 -1.40728
-1.30217 -1.40599
-1.29593 -1.40971
-1.30092 -1.40884
-1.29859 -1.4082
-1.29992 -1.40673
-1.29699 -1.40803
-1.30038 -1.40688
-1.29661 -1.40856
-1.29839 -1.40615
-1.2993 -1.40691
-1.29823 -1.41207
-1.30023 -1.40889
-1.29828 -1.40873
-1.29901 -1.40483
-1.29968 -1.41105
-1.2981 -1.41013
-1.29793 -1.40732
-1.30008 -1.40879
-1.30102 -1.40716
-1.29735 -1.40925
-1.30008 -1.40733
-1.29758 -1.40556
-1.3001 -1.4057
-1.29688 -1.40832
-1.29915 -1.40942
-1.29919 -1.40385
-1.29792 -1.40964
-1.29891 -1.40456
-1.29692 -1.4103
-1.29752 -1.4057
-1.2969 -1.40782
-1.29886 -1.40647
-1.29716 -1.40866
-1.29755 -1.40861
-1.29738 -1.40728
-1.29902 -1.40635
-1.29658 -1.40856
-1.29785 -1.40748
-1.29893 -1.40527
-1.29903 -1.40539
-1.29816 -1.40949
-1.29939 -1.40391
-1.29732 -1.40521
-1.30148 -1.40476
-1.30158 -1.40538
-1.29855 -1.40789
-1.29741 -1.40807
-1.30372 -1.40368
-1.29986 -1.40743
-1.29947 -1.40273
-1.30064 -1.408
-1.29856 -1.40705
-1.29912 -1.40697
-1.30403 -1.40352
-1.30029 -1.40761
-1.30236 -1.40609
-1.29846 -1.40656
-1.3024 -1.40558
-1.29882 -1.40743
-1.30124 -1.40544
-1.30081 -1.40474
-1.29673 -1.40769
-1.29867 -1.4054
-1.30063 -1.40387
-1.29755 -1.40608
-1.30023 -1.40605
-1.3 -1.40461
-1.2975 -1.40405
-1.29879 -1.40587
-1.30077 -1.40458
-1.29789 -1.40536
-1.29828 -1.40598
-1.29953 -1.40616
-1.29869 -1.40359
-1.2974 -1.40965
-1.29721 -1.4053
-1.29956 -1.40253
-1.29774 -1.40624
-1.29934 -1.40209
-1.298 -1.40582
-1.2998 -1.40507
-1.29729 -1.4038
-1.3001 -1.40393
-1.29973 -1.40409
-1.29842 -1.40295
-1.2995 -1.40282
-1.30072 -1.40245
-1.2986 -1.40533
-1.29787 -1.40335
-1.30088 -1.40182
-1.2981 -1.40621
-1.29704 -1.40266
-1.2987 -1.40667
-1.30207 -1.40216
-1.29866 -1.40454
-1.29726 -1.40272
-1.29972 -1.40299
-1.3003 -1.40452
-1.30104 -1.4038
-1.29892 -1.40106
-1.29814 -1.40371
-1.29865 -1.4057
-1.2983 -1.4004
-1.29969 -1.40433
-1.29966 -1.40371
-1.29977 -1.40188
-1.2965 -1.40177
-1.29813 -1.40164
-1.29731 -1.4035
-1.29921 -1.40258
-1.29979 -1.40257
-1.29896 -1.40437
-1.29856 -1.40252
-1.29673 -1.40546
-1.29674 -1.40118
-1.30267 -1.40185
-1.29728 -1.40399
-1.29816 -1.40204
-1.29882 -1.40222
-1.29797 -1.39989
-1.29872 -1.40089
-1.29768 -1.40222
-1.30016 -1.40043
-1.29839 -1.40258
-1.2988 -1.40274
-1.29739 -1.40233
-1.30035 -1.40074
-1.29784 -1.40067
-1.29732 -1.40229
-1.29726 -1.40306
-1.29847 -1.4037
-1.2943 -1.40444
-1.29571 -1.40585
-1.29386 -1.40542
-1.30048 -1.40643
-1.29631 -1.40345
-1.29895 -1.40117
-1.29416 -1.40401
-1.29651 -1.40718
-1.29966 -1.40082
-1.29588 -1.40455
-1.29645 -1.40587
-1.30002 -1.39611
-1.29647 -1.40624
-1.29801 -1.4039
-1.29781 -1.40421
-1.29786 -1.40106
-1.29779 -1.40373
-1.30065 -1.40067
-1.29556 -1.40584
-1.29951 -1.4016
-1.29818 -1.4038
-1.29817 -1.40313
-1.29829 -1.40178
-1.29925 -1.39835
-1.29908 -1.40272
-1.29755 -1.40123
-1.29991 -1.40114
-1.30064 -1.40043
-1.30093 -1.40068
-1.30096 -1.40136
-1.29776 -1.40196
-1.29994 -1.40266
-1.29794 -1.40239
-1.30046 -1.40258
-1.29941 -1.39864
-1.30355 -1.39983
-1.29668 -1.40284
-1.30154 -1.40471
-1.30006 -1.40128
-1.29871 -1.40001
-1.30468 -1.39985
-1.29559 -1.39948
-1.30502 -1.40295
-1.29953 -1.39842
-1.30003 -1.40211
-1.30109 -1.40122
-1.30049 -1.3977
-1.30202 -1.40318
-1.30001 -1.39653
-1.30116 -1.39801
-1.30147 -1.40053
-1.30039 -1.39807
-1.30086 -1.39878
-1.30006 -1.39907
-1.30163 -1.40106
-1.29809 -1.39944
-1.3005 -1.39734
-1.30236 -1.39492
-1.29947 -1.3976
-1.30211 -1.39846
-1.29735 -1.39851
-1.29957 -1.39819
-1.29857 -1.39789
-1.301 -1.39669
-1.29635 -1.40091
-1.30062 -1.39861
-1.29992 -1.39545
-1.29881 -1.39658
-1.29817 -1.3989
-1.30178 -1.39488
-1.29804 -1.39965
-1.2991 -1.39706
-1.29885 -1.39706
-1.30007 -1.39794
-1.2994 -1.39617
-1.29989 -1.39711
-1.30274 -1.3953
-1.30026 -1.39651
-1.29894 -1.39681
-1.30101 -1.39743
-1.30242 -1.39795
-1.2993 -1.39903
-1.30115 -1.39799
-1.30125 -1.39645
-1.30091 -1.39635
-1.29963 -1.39488
-1.30115 -1.39499
-1.29883 -1.39839
-1.3007 -1.39622
-1.29814 -1.39765
-1.30032 -1.3961
-1.29681 -1.39833
-1.30086 -1.39717
-1.29983 -1.39487
-1.29912 -1.39625
-1.3006 -1.39419
-1.30084 -1.39563
-1.30247 -1.39509
-1.29852 -1.39441
-1.30007 -1.39625
-1.29737 -1.39674
-1.30362 -1.39378
-1.29793 -1.39461
-1.30196 -1.3964
-1.30047 -1.39219
-1.29984 -1.39674
-1.29782 -1.39589
-1.30289 -1.39406
-1.29768 -1.39556
-1.30135 -1.39574
-1.29983 -1.39337
-1.30025 -1.39836
-1.29986 -1.39546
-1.29905 -1.39951
-1.30169 -1.39328
-1.30029 -1.39638
-1.29609 -1.39981
-1.30225 -1.39629
-1.2985 -1.39604
-1.29899 -1.39771
-1.29896 -1.39785
-1.29662 -1.39808
-1.3006 -1.39563
-1.30075 -1.39746
-1.29724 -1.39352
-1.29941 -1.39436
-1.30095 -1.39592
-1.29869 -1.39468
-1.29854 -1.39562
-1.29814 -1.39571
-1.30076 -1.39513
-1.29892 -1.39758
-1.29794 -1.39524
-1.2994 -1.39389
-1.30209 -1.39622
-1.29833 -1.39407
-1.3002 -1.39749
-1.30144 -1.39608
-1.29803 -1.39211
-1.30017 -1.39656
-1.29933 -1.39553
-1.29954 -1.39391
-1.29805 -1.39443
-1.29946 -1.39487
-1.29966 -1.39614
-1.30003 -1.3968
-1.2955 -1.39332
-1.30196 -1.39275
-1.29988 -1.39201
-1.29967 -1.39567
-1.29909 -1.38938
-1.29785 -1.39804
-1.29655 -1.39582
-1.29992 -1.39196
-1.29822 -1.39365
-1.29858 -1.39276
-1.30085 -1.39525
-1.29801 -1.39307
-1.30083 -1.39405
-1.29773 -1.39404
-1.30021 -1.39691
-1.29667 -1.39362
-1.30086 -1.39482
-1.29685 -1.39453
-1.29781 -1.39632
-1.29886 -1.3947
-1.29942 -1.39574
-1.29894 -1.39229
-1.29936 -1.39509
-1.29615 -1.39758
-1.30011 -1.39077
-1.29642 -1.39771
-1.30045 -1.39579
-1.29736 -1.39326
-1.29722 -1.3932
-1.2969 -1.39459
-1.30012 -1.39293
-1.29643 -1.39707
-1.29947 -1.39113
-1.29858 -1.39218
-1.29957 -1.39201
-1.29575 -1.39473
-1.29654 -1.39295
-1.29634 -1.39297
-1.29748 -1.39499
-1.2977 -1.39442
-1.29579 -1.39471
-1.29689 -1.39458
-1.29866 -1.39338
-1.29579 -1.39423
-1.29912 -1.3923
-1.29648 -1.39448
-1.29707 -1.39733
-1.30042 -1.39042
-1.29647 -1.39621
-1.30005 -1.39478
-1.29334 -1.39479
-1.29823 -1.39735
-1.29344 -1.39309
-1.29869 -1.39195
-1.29626 -1.3968
-1.29598 -1.39058
-1.29861 -1.39185
-1.29894 -1.39265
-1.29876 -1.39225
-1.29683 -1.3947
-1.29686 -1.3949
-1.2966 -1.39344
-1.29774 -1.39108
-1.2961 -1.39512
-1.29812 -1.39131
-1.29797 -1.39394
-1.29983 -1.39329
-1.29532 -1.39542
-1.29563 -1.39209
-1.29797 -1.39198
-1.29887 -1.39314
-1.30035 -1.39256
-1.29908 -1.39074
-1.29519 -1.39054
-1.29884 -1.39047
-1.2978 -1.39305
-1.3 -1.39089
-1.29562 -1.3951
-1.30036 -1.39181
-1.29902 -1.38819
-1.29728 -1.39287
-1.3004 -1.3897
-1.29813 -1.39197
-1.29968 -1.39179
-1.29897 -1.3934
-1.29575 -1.3928
-1.30054 -1.39043
-1.29926 -1.39293
-1.29688 -1.3951
-1.3017 -1.38955
-1.29863 -1.39307
-1.29791 -1.39092
-1.29978 -1.39252
-1.2979 -1.39521
-1.29518 -1.39288
-1.30002 -1.38913
-1.29944 -1.39036
-1.29858 -1.3916
-1.30147 -1.38995
-1.30053 -1.39244
-1.29855 -1.389
-1.30283 -1.38695
-1.30283 -1.3889
-1.29867 -1.38948
-1.29837 -1.39185
-1.30433 -1.38826
-1.29873 -1.39051
-1.29733 -1.38996
-1.30168 -1.38868
-1.30194 -1.38851
-1.29811 -1.39159
-1.30077 -1.38987
-1.3 -1.38786
-1.30086 -1.38664
-1.29879 -1.3889
-1.30431 -1.38769
-1.29958 -1.38702
-1.29992 -1.38915
-1.30105 -1.38649
-1.30128 -1.38851
-1.30283 -1.38667
-1.30108 -1.38602
-1.30203 -1.38653
-1.29993 -1.38978
-1.29734 -1.39129
-1.29856 -1.38932
-1.29809 -1.38923
-1.30033 -1.39122
-1.30171 -1.39072
-1.2975 -1.38577
-1.30125 -1.39057
-1.30062 -1.38803
-1.29677 -1.39168
-1.30388 -1.38567
-1.30098 -1.38571
-1.29971 -1.39042
-1.2986 -1.38724
-1.29781 -1.39152
-1.29911 -1.38856
-1.30082 -1.38734
-1.29922 -1.39007
-1.29911 -1.38943
-1.30015 -1.39032
-1.29783 -1.38862
-1.29771 -1.39121
-1.29638 -1.3899
-1.29876 -1.3888
-1.29699 -1.38818
-1.29536 -1.39276
-1.30241 -1.38528
-1.29862 -1.38934
-1.29693 -1.38918
-1.29666 -1.39163
-1.3007 -1.38867
-1.29612 -1.38813
-1.29742 -1.39033
-1.30094 -1.38775
-1.29748 -1.39081
-1.29985 -1.38967
-1.29914 -1.38806
-1.29916 -1.39012
-1.29673 -1.38874
-1.30147 -1.39211
-1.29975 -1.38609
-1.29898 -1.38862
-1.29793 -1.3881
-1.29973 -1.39103
-1.29967 -1.38656
-1.29897 -1.39014
-1.29874 -1.3892
-1.29805 -1.38943
-1.29915 -1.38856
-1.29753 -1.38754
-1.30362 -1.38696
-1.29942 -1.38859
-1.29864 -1.38852
-1.2984 -1.38826
-1.29913 -1.38588
-1.30004 -1.38911
-1.29921 -1.38675
-1.29697 -1.38437
-1.29704 -1.38835
-1.29802 -1.38787
-1.29935 -1.38472
-1.29763 -1.38971
-1.29898 -1.38396
-1.29719 -1.39266
-1.29762 -1.38687
-1.29865 -1.38812
-1.30111 -1.38636
-1.29982 -1.38676
-1.2978 -1.38589
-1.29973 -1.38525
-1.29955 -1.38966
-1.29753 -1.38571
-1.29768 -1.38729
-1.29707 -1.38911
-1.29948 -1.38635
-1.29693 -1.38576
-1.29647 -1.38487
-1.29703 -1.38653
-1.29849 -1.38577
-1.29446 -1.38815
-1.29584 -1.38793
-1.29738 -1.38453
-1.29668 -1.38775
-1.29613 -1.38409
-1.29804 -1.3837
-1.29516 -1.38717
-1.29929 -1.38758
-1.29744 -1.38266
-1.29591 -1.38676
-1.29995 -1.38554
-1.29674 -1.38595
-1.29554 -1.38827
-1.29586 -1.38777
-1.29907 -1.38339
-1.29748 -1.38492
-1.29597 -1.38277
-1.29846 -1.38556
-1.29635 -1.386
-1.29707 -1.38555
-1.2971 -1.38714
-1.29738 -1.3864
-1.29548 -1.38537
-1.29872 -1.38305
-1.29727 -1.38549
-1.29654 -1.38518
-1.29731 -1.38555
-1.29794 -1.38461
-1.29701 -1.38822
-1.29388 -1.38528
-1.29723 -1.38202
-1.29631 -1.38721
-1.29691 -1.38416
-1.29635 -1.38546
-1.29704 -1.38178
-1.29511 -1.38642
-1.29674 -1.37943
-1.29691 -1.3844
-1.29658 -1.38109
-1.29574 -1.38631
-1.29551 -1.38259
-1.30245 -1.37993
-1.29515 -1.384
-1.29557 -1.384
-1.29807 -1.38168
-1.29971 -1.37988
-1.29705 -1.38108
-1.29641 -1.38209
-1.2977 -1.38394
-1.29743 -1.38192
-1.29857 -1.38075
-1.29842 -1.38324
-1.2974 -1.37966
-1.29841 -1.38288
-1.29515 -1.38154
-1.30006 -1.37832
-1.29755 -1.38243
-1.29626 -1.37977
-1.29793 -1.38086
-1.29879 -1.38227
-1.2987 -1.3774
-1.29689 -1.38228
-1.29726 -1.38306
-1.29966 -1.37949
-1.29612 -1.38059
-1.297 -1.3837
-1.29812 -1.38225
-1.30134 -1.38092
-1.29605 -1.38171
-1.29785 -1.37975
-1.29797 -1.37843
-1.29907 -1.38135
-1.29403 -1.38282
-1.30194 -1.37863
-1.29775 -1.37969
-1.29713 -1.37993
-1.3003 -1.37734
-1.29632 -1.38412
-1.29892 -1.37785
-1.29922 -1.37955
-1.29768 -1.379
-1.30035 -1.37947
-1.29782 -1.38013
-1.30047 -1.37991
-1.30092 -1.37744
-1.2967 -1.38148
-1.30104 -1.3787
-1.30062 -1.37577
-1.29747 -1.38178
-1.29915 -1.37994
-1.29989 -1.37817
-1.29841 -1.3794
-1.29835 -1.37792
-1.29745 -1.3827
-1.30117 -1.37453
-1.30021 -1.37687
-1.29731 -1.37897
-1.2986 -1.37829
-1.29782 -1.37637
-1.29793 -1.37506
-1.29784 -1.37681
-1.29793 -1.37651
-1.29925 -1.37165
-1.29675 -1.37957
-1.29907 -1.37509
-1.29589 -1.37674
-1.29468 -1.3765
-1.29819 -1.37709
-1.29481 -1.37537
-1.29731 -1.37801
-1.29627 -1.37548
-1.29776 -1.37554
-1.29539 -1.3786
-1.29507 -1.37863
-1.29876 -1.37482
-1.29688 -1.37585
-1.29885 -1.37804
-1.29687 -1.37593
-1.29801 -1.37759
-1.29833 -1.379
-1.29152 -1.37761
-1.30014 -1.37863
-1.29228 -1.3815
-1.29627 -1.37963
-1.29694 -1.37627
-1.29525 -1.37727
-1.29445 -1.3794
-1.29749 -1.37649
-1.29701 -1.3756
-1.2972 -1.37712
-1.29739 -1.3774
-1.29499 -1.37547
-1.29596 -1.38174
-1.29793 -1.37536
-1.29556 -1.37576
-1.29539 -1.37837
-1.29653 -1.37556
-1.29604 -1.3725
-1.2955 -1.37717
-1.30027 -1.37579
-1.29643 -1.37583
-1.29317 -1.37754
-1.29825 -1.37624
-1.29437 -1.37763
-1.29618 -1.37573
-1.29629 -1.37679
-1.29326 -1.37556
-1.29443 -1.37916
-1.29726 -1.37407
-1.29636 -1.37544
-1.29692 -1.37569
-1.29614 -1.37313
-1.29534 -1.3757
-1.29453 -1.37602
-1.29713 -1.37175
-1.29674 -1.37194
-1.29488 -1.37731
-1.29516 -1.37528
-1.30145 -1.37273
-1.29685 -1.37246
-1.29436 -1.37394
-1.29302 -1.37636
-1.29681 -1.37317
-1.29625 -1.37356
-1.29274 -1.37466
-1.29258 -1.37392
-1.29646 -1.37341
-1.29273 -1.37235
-1.29526 -1.37486
-1.29404 -1.37339
-1.29126 -1.37372
-1.29284 -1.37656
-1.29437 -1.37291
-1.29373 -1.37321
-1.29445 -1.37514
-1.29166 -1.37592
-1.29191 -1.37508
-1.29252 -1.37502
-1.29404 -1.37149
-1.29321 -1.37217
-1.29115 -1.37635
-1.29563 -1.37257
-1.29221 -1.37405
-1.29398 -1.37109
-1.29069 -1.37795
-1.29178 -1.3743
-1.29245 -1.37321
-1.29246 -1.374
-1.29142 -1.37302
-1.29356 -1.37283
-1.28995 -1.37217
-1.29031 -1.37336
-1.29288 -1.37204
-1.29065 -1.36856
-1.2943 -1.37014
-1.29191 -1.37599
-1.29237 -1.36846
-1.29263 -1.3748
-1.29188 -1.37032
-1.29457 -1.37336
-1.29048 -1.36969
-1.29126 -1.37519
-1.29293 -1.37282
-1.29129 -1.36909
-1.29203 -1.37251
-1.29231 -1.37139
-1.28944 -1.37229
-1.29094 -1.37229
-1.28871 -1.3736
-1.29077 -1.37354
-1.2893 -1.36981
-1.29312 -1.37156
-1.28816 -1.37388
-1.29221 -1.36764
-1.29079 -1.37663
-1.29111 -1.36822
-1.29193 -1.37225
-1.28955 -1.36921
-1.29178 -1.37058
-1.29009 -1.37087
-1.29128 -1.37031
-1.29041 -1.37034
-1.29134 -1.37009
-1.28975 -1.37246
-1.29157 -1.36898
-1.28868 -1.36946
-1.28926 -1.37151
-1.29086 -1.36772
-1.29086 -1.36702
-1.29213 -1.36827
-1.2877 -1.36898
-1.29272 -1.36915
-1.28903 -1.36968
-1.29068 -1.36955
-1.28941 -1.36735
-1.29097 -1.36761
-1.29528 -1.36844
-1.29013 -1.36636
-1.29598 -1.36651
-1.29007 -1.36726
-1.29368 -1.36611
-1.29199 -1.36884
-1.29283 -1.36647
-1.2917 -1.37049
-1.29434 -1.36312
-1.28936 -1.36917
-1.29124 -1.36432
-1.29083 -1.36835
-1.29429 -1.36429
-1.29018 -1.36672
-1.29266 -1.3685
-1.29134 -1.36786
-1.29332 -1.36597
-1.2928 -1.36718
-1.29295 -1.36602
-1.28971 -1.36573
-1.29164 -1.36924
-1.28982 -1.36681
-1.29081 -1.36506
-1.28974 -1.36777
-1.29055 -1.36431
-1.28942 -1.36658
-1.28863 -1.369
-1.28741 -1.36818
-1.28971 -1.36756
-1.28802 -1.3656
-1.29022 -1.36579
-1.28558 -1.36923
-1.29021 -1.36483
-1.29107 -1.36745
-1.2893 -1.3652
-1.29108 -1.36394
-1.29021 -1.36569
-1.28871 -1.36442
-1.29195 -1.36271
-1.287 -1.36335
-1.28693 -1.36724
-1.28973 -1.36501
-1.28869 -1.3659
-1.2894 -1.36225
-1.28853 -1.36478
-1.29225 -1.36171
-1.28889 -1.36539
-1.28889 -1.36714
-1.29035 -1.36454
-1.28875 -1.36474
-1.28782 -1.36761
-1.28717 -1.36634
-1.29097 -1.36517
-1.28828 -1.36733
-1.28895 -1.36236
-1.28867 -1.36699
-1.28751 -1.36577
-1.28785 -1.36667
-1.29085 -1.36575
-1.28552 -1.36478
-1.28976 -1.36756
-1.28701 -1.3679
-1.28807 -1.3645
-1.28818 -1.36879
-1.28626 -1.36585
-1.29019 -1.36759
-1.28677 -1.36596
-1.28758 -1.36644
-1.28782 -1.36896
-1.29133 -1.36899
-1.28474 -1.36568
-1.28801 -1.3663
-1.2875 -1.36889
-1.28522 -1.36508
-1.29078 -1.36787
-1.28529 -1.36744
-1.28667 -1.368
-1.28545 -1.36919
-1.28623 -1.36485
-1.28669 -1.36819
-1.28528 -1.36728
-1.28675 -1.36788
-1.28619 -1.36549
-1.28748 -1.36975
-1.28248 -1.3707
-1.28691 -1.36732
-1.28353 -1.36981
-1.2844 -1.37028
-1.28419 -1.36822
-1.28688 -1.37005
-1.28479 -1.37084
-1.28626 -1.36464
-1.28399 -1.37268
-1.28237 -1.36827
-1.28352 -1.37092
-1.28554 -1.37175
-1.28427 -1.3684
-1.28441 -1.36864
-1.28615 -1.3672
-1.28508 -1.3669
-1.28355 -1.37202
-1.28576 -1.36705
-1.28341 -1.36872
-1.28701 -1.36751
-1.2861 -1.36536
-1.28308 -1.36733
-1.28508 -1.36811
-1.28399 -1.36864
-1.28459 -1.37016
-1.28532 -1.36904
-1.28533 -1.36548
-1.28281 -1.36793
-1.2848 -1.36911
-1.28345 -1.36453
-1.28609 -1.36706
-1.28606 -1.3673
-1.28289 -1.36697
-1.28519 -1.36403
-1.28437 -1.36758
-1.28448 -1.36727
-1.28361 -1.36497
-1.28674 -1.36298
-1.28255 -1.36784
-1.2854 -1.36728
-1.28288 -1.36723
-1.28666 -1.36314
-1.28511 -1.3675
-1.28243 -1.36464
-1.28311 -1.36931
-1.2849 -1.36615
-1.28566 -1.36702
-1.28098 -1.36582
-1.28612 -1.36658
-1.28482 -1.36475
-1.28118 -1.36622
-1.28637 -1.36288
-1.28658 -1.366
-1.28298 -1.36387
-1.28613 -1.3623
-1.2834 -1.36734
-1.28721 -1.36382
-1.28323 -1.36571
-1.28623 -1.36212
-1.28759 -1.36504
-1.2826 -1.36183
-1.28575 -1.36514
-1.28464 -1.36359
-1.28446 -1.36526
-1.2831 -1.3609
-1.2839 -1.36372
-1.28689 -1.36346
-1.28328 -1.36649
-1.28287 -1.36404
-1.28509 -1.36564
-1.28141 -1.36299
-1.28292 -1.36804
-1.28497 -1.36408
-1.28441 -1.36389
-1.28692 -1.36138
-1.28299 -1.36122
-1.28449 -1.36241
-1.2835 -1.36153
-1.28184 -1.36502
-1.28618 -1.35997
-1.28318 -1.36388
-1.28352 -1.36566
-1.28129 -1.36346
-1.28357 -1.36045
-1.28474 -1.36229
-1.28196 -1.36703
-1.28172 -1.36412
-1.28154 -1.36494
-1.28307 -1.36418
-1.28479 -1.36274
-1.28299 -1.36255
-1.28282 -1.36714
-1.2821 -1.36088
-1.28064 -1.3626
-1.28794 -1.36315
-1.28343 -1.36116
-1.28031 -1.36241
-1.28788 -1.3642
-1.28279 -1.36183
-1.28492 -1.36121
-1.28365 -1.3633
-1.28287 -1.36354
-1.2825 -1.3622
-1.28295 -1.36128
-1.28487 -1.36222
-1.28357 -1.36244
-1.28179 -1.36172
-1.28526 -1.3628
-1.28586 -1.36113
-1.28179 -1.36182
-1.28686 -1.3624
-1.28323 -1.36378
-1.28415 -1.36161
-1.28211 -1.36487
-1.2857 -1.36046
-1.28109 -1.36105
-1.28497 -1.36288
-1.28286 -1.36127
-1.28137 -1.36235
-1.2834 -1.35974
-1.28381 -1.3606
-1.28515 -1.36386
-1.28483 -1.36157
-1.28302 -1.3602
-1.28198 -1.3568
-1.2852 -1.3613
-1.2818 -1.35981
-1.28333 -1.36235
-1.28404 -1.35666
-1.2824 -1.35874
-1.28449 -1.36052
-1.28625 -1.35895
-1.28348 -1.36054
-1.28224 -1.35867
-1.28358 -1.3577
-1.284 -1.35857
-1.28295 -1.36096
-1.28444 -1.35684
-1.28224 -1.35757
-1.28184 -1.36078
-1.28307 -1.36132
-1.2819 -1.35879
-1.28136 -1.35612
-1.2845 -1.36059
-1.28357 -1.35848
-1.28062 -1.36133
-1.28554 -1.35762
-1.2831 -1.35838
-1.28176 -1.35907
-1.28342 -1.3597
-1.28304 -1.35799
-1.28173 -1.36377
-1.28418 -1.35837
-1.28463 -1.36036
-1.27948 -1.35843
-1.28487 -1.35961
-1.28039 -1.36209
-1.28434 -1.35728
-1.28244 -1.35697
-1.2845 -1.36007
-1.2805 -1.36031
-1.28453 -1.35758
-1.28286 -1.36017
-1.28212 -1.35778
-1.28206 -1.35882
-1.28186 -1.35848
-1.28295 -1.35789
-1.28337 -1.35509
-1.28195 -1.35893
-1.28311 -1.35696
-1.28481 -1.35853
-1.27995 -1.3593
-1.28143 -1.35833
-1.28369 -1.35629
-1.28174 -1.35653
-1.28178 -1.35643
-1.28118 -1.35909
-1.28395 -1.35397
-1.28097 -1.35715
-1.28184 -1.35535
-1.28376 -1.35494
-1.28187 -1.35753
-1.28332 -1.35453
-1.27956 -1.35767
-1.28618 -1.35441
-1.27954 -1.35595
-1.28267 -1.35314
-1.27991 -1.35775
-1.28317 -1.35308
-1.28325 -1.35353
-1.28199 -1.3565
-1.28053 -1.35447
-1.28422 -1.35152
-1.28419 -1.3548
-1.27835 -1.35482
-1.2836 -1.35629
-1.28368 -1.3507
-1.28287 -1.35537
-1.28264 -1.3517
-1.28204 -1.35658
-1.28019 -1.35345
-1.28277 -1.35215
-1.28622 -1.3541
-1.27913 -1.35237
-1.28515 -1.35488
-1.28032 -1.35232
-1.28206 -1.35461
-1.28322 -1.35325
-1.2842 -1.35107
-1.28291 -1.35048
-1.28041 -1.35392
-1.28683 -1.35465
-1.27948 -1.35319
-1.28656 -1.34919
-1.27978 -1.35276
-1.28371 -1.35267
-1.28297 -1.35328
-1.28236 -1.35119
-1.28099 -1.35455
-1.28488 -1.35071
-1.28237 -1.35251
-1.28255 -1.35051
-1.28394 -1.35223
-1.28016 -1.35434
-1.28356 -1.35085
-1.28157 -1.35139
-1.28237 -1.35049
-1.27815 -1.35611
-1.28053 -1.35067
-1.28091 -1.35361
-1.28216 -1.35029
-1.28098 -1.35635
-1.28224 -1.35178
-1.27953 -1.35353
-1.28228 -1.35636
-1.27885 -1.35091
-1.28131 -1.35483
-1.27982 -1.35423
-1.28101 -1.35327
-1.2798 -1.35532
-1.27895 -1.35214
-1.28184 -1.35049
-1.278 -1.35722
-1.28226 -1.34965
-1.28063 -1.3515
-1.28094 -1.35287
-1.28149 -1.34785
-1.28207 -1.35331
-1.27922 -1.35389
-1.27994 -1.35047
-1.28122 -1.35146
-1.28105 -1.35569
-1.28103 -1.34814
-1.28234 -1.35451
-1.28033 -1.35028
