0 0
-0.171472 -0.161569
-0.331171 -0.313275
-0.478213 -0.454115
-0.614475 -0.584846
-0.7387 -0.705399
-0.847478 -0.814369
-0.946224 -0.913354
-1.0327 -1.00008
-1.10091 -1.0814
-1.16002 -1.14563
-1.2049 -1.2063
-1.2381 -1.25009
-1.26027 -1.29483
-1.27329 -1.3289
-1.286 -1.35701
-1.28907 -1.38186
-1.2889 -1.40364
-1.28781 -1.42197
-1.28543 -1.43294
-1.2784 -1.45211
-1.27377 -1.46235
-1.25577 -1.44675
-1.26426 -1.47284
-1.25399 -1.46418
-1.25409 -1.48176
-1.24935 -1.48855
-1.24442 -1.4943
-1.21165 -1.46681
-1.24229 -1.47274
-1.23822 -1.49591
-1.23959 -1.49282
-1.242 -1.48859
-1.2433 -1.48926
-1.24129 -1.49042
-1.24458 -1.4864
-1.2423 -1.48672
-1.24395 -1.48754
-1.24356 -1.48684
-1.24669 -1.48641
-1.24356 -1.48511
-1.24508 -1.48472
-1.24823 -1.48373
-1.24668 -1.4835
-1.24667 -1.48504
-1.24676 -1.48304
-1.24866 -1.48068
-1.24574 -1.48406
-1.24634 -1.48263
-1.24654 -1.48533
-1.24856 -1.4812
-1.24357 -1.48659
-1.24647 -1.47972
-1.24776 -1.48352
-1.24874 -1.4794
-1.24724 -1.48134
-1.24801 -1.48295
-1.24756 -1.48182
-1.25077 -1.4788
-1.25051 -1.48079
-1.24881 -1.48287
-1.24848 -1.47903
-1.25022 -1.47819
-1.24931 -1.4787
-1.24954 -1.47911
-1.25013 -1.47454
-1.25128 -1.4788
-1.25114 -1.47837
-1.24937 -1.48009
-1.24958 -1.4752
-1.2517 -1.47551
-1.25133 -1.47573
-1.25084 -1.47718
-1.24917 -1.47864
-1.25247 -1.47271
-1.25092 -1.47573
-1.25335 -1.47221
-1.2514 -1.47431
-1.25248 -1.47443
-1.25521 -1.47002
-1.25363 -1.47031
-1.25294 -1.47743
-1.2566 -1.46822
-1.25396 -1.47223
-1.25585 -1.47137
-1.25413 -1.47166
-1.25468 -1.47029
-1.25546 -1.46839
-1.25709 -1.47073
-1.25799 -1.46781
-1.25525 -1.47131
-1.25605 -1.47216
-1.25704 -1.46975
-1.25516 -1.46932
-1.25835 -1.46984
-1.25691 -1.46901
-1.25694 -1.46859
-1.25719 -1.46705
-1.25573 -1.46777
-1.26171 -1.46871
-1.25787 -1.46663
-1.25811 -1.4682
-1.25953 -1.46461
-1.25775 -1.46506
-1.2569 -1.4666
-1.26235 -1.46298
-1.25939 -1.46901
-1.25742 -1.46895
-1.25957 -1.46439
-1.25869 -1.46698
-1.26056 -1.46417
-1.25962 -1.46544
-1.25853 -1.4629
-1.26042 -1.46554
-1.25938 -1.46386
-1.26067 -1.46265
-1.2589 -1.46771
-1.26066 -1.46356
-1.25943 -1.46682
-1.26083 -1.46485
-1.26304 -1.4634
-1.26095 -1.46385
-1.26021 -1.46276
-1.26049 -1.46095
-1.26317 -1.46223
-1.26004 -1.46069
-1.26007 -1.4627
-1.25918 -1.46242
-1.26148 -1.45813
-1.26413 -1.46049
-1.25951 -1.46083
-1.26149 -1.46189
-1.2611 -1.45801
-1.26397 -1.46102
-1.26178 -1.45941
-1.26471 -1.46076
-1.26241 -1.45635
-1.26356 -1.46001
-1.26397 -1.45697
-1.26251 -1.46067
-1.26456 -1.45957
-1.26511 -1.45789
-1.26348 -1.45681
-1.26157 -1.45905
-1.26667 -1.45735
-1.26286 -1.4572
-1.26478 -1.45737
-1.26551 -1.45774
-1.26525 -1.45648
-1.26591 -1.45711
-1.2666 -1.45557
-1.26482 -1.45865
-1.26433 -1.45642
-1.26326 -1.45866
-1.26572 -1.45617
-1.26677 -1.45624
-1.26654 -1.45588
-1.26464 -1.45678
-1.26807 -1.45522
-1.26901 -1.45678
-1.26889 -1.45287
-1.26618 -1.45491
-1.26663 -1.45693
-1.27155 -1.45084
-1.26613 -1.45418
-1.26916 -1.45507
-1.26985 -1.45174
-1.26553 -1.4548
-1.27044 -1.45423
-1.26825 -1.45404
-1.26941 -1.44957
-1.27103 -1.44853
-1.26761 -1.45269
-1.27225 -1.45225
-1.2689 -1.45165
-1.27079 -1.45494
-1.27131 -1.44945
-1.27269 -1.45224
-1.2694 -1.44831
-1.27208 -1.44825
-1.27097 -1.45173
-1.27223 -1.45134
-1.27174 -1.45237
-1.27282 -1.45131
-1.26991 -1.45062
-1.27352 -1.44712
-1.27509 -1.44777
-1.2718 -1.44767
-1.27268 -1.44526
-1.27223 -1.44933
-1.27539 -1.44626
-1.27416 -1.44798
-1.27536 -1.44557
-1.27351 -1.44639
-1.27424 -1.44459
-1.27579 -1.44351
-1.27374 -1.44481
-1.27435 -1.44552
-1.27283 -1.4444
-1.27499 -1.44691
-1.27691 -1.44043
-1.27303 -1.44308
-1.27776 -1.44811
-1.27633 -1.44345
-1.2764 -1.44148
-1.27675 -1.44315
-1.27631 -1.44493
-1.27449 -1.4432
-1.27784 -1.44278
-1.27366 -1.44078
-1.27633 -1.44384
-1.27779 -1.44393
-1.27601 -1.44418
-1.27791 -1.44068
-1.27774 -1.44551
-1.27703 -1.44525
-1.27544 -1.44395
-1.2781 -1.44476
-1.27567 -1.44751
-1.27525 -1.44317
-1.27753 -1.44718
-1.27714 -1.44445
-1.27758 -1.44601
-1.28018 -1.44006
-1.27688 -1.44343
-1.27932 -1.44192
-1.27917 -1.44493
-1.27902 -1.44182
-1.279 -1.4422
-1.27849 -1.44486
-1.2773 -1.44372
-1.27944 -1.44142
-1.27922 -1.44414
-1.28034 -1.4405
-1.2813 -1.44324
-1.2796 -1.43939
-1.27923 -1.44176
-1.27771 -1.44212
-1.27826 -1.44378
-1.27867 -1.43893
-1.27997 -1.4416
-1.27954 -1.43839
-1.28136 -1.44008
-1.27783 -1.4411
-1.28057 -1.43765
-1.27634 -1.44366
-1.27948 -1.43929
-1.28247 -1.43825
-1.28038 -1.43886
-1.28111 -1.43886
-1.28102 -1.4358
-1.2829 -1.43534
-1.27979 -1.43815
-1.2812 -1.44014
-1.28196 -1.43809
-1.27889 -1.44168
-1.2782 -1.4401
-1.28268 -1.43986
-1.27928 -1.43985
-1.28484 -1.43782
-1.2808 -1.43719
-1.28229 -1.4391
-1.28163 -1.43725
-1.2828 -1.44005
-1.2832 -1.43537
-1.28097 -1.43684
-1.28273 -1.43773
-1.28147 -1.43854
-1.28367 -1.43777
-1.28593 -1.43279
-1.28367 -1.4412
-1.28405 -1.43599
-1.28479 -1.43877
-1.28344 -1.43844
-1.28544 -1.43676
-1.28405 -1.44081
-1.28554 -1.43665
-1.2836 -1.43598
-1.28541 -1.4398
-1.28255 -1.43793
-1.28655 -1.43543
-1.28409 -1.43847
-1.28562 -1.43853
-1.28402 -1.43425
-1.28457 -1.43713
-1.28272 -1.43762
-1.28202 -1.4378
-1.28626 -1.43843
-1.2866 -1.43325
-1.28772 -1.43628
-1.28581 -1.43384
-1.28669 -1.43765
-1.2864 -1.43408
-1.28573 -1.43822
-1.28788 -1.43657
-1.28763 -1.43409
-1.28609 -1.43659
-1.28771 -1.43303
-1.29046 -1.43561
-1.2855 -1.43597
-1.29037 -1.43259
-1.28666 -1.43481
-1.28953 -1.43419
-1.28876 -1.43209
-1.29034 -1.42969
-1.28844 -1.43126
-1.29237 -1.42972
-1.28639 -1.43053
-1.28922 -1.42838
-1.29081 -1.43008
-1.28983 -1.43134
-1.28988 -1.42872
-1.29052 -1.42946
-1.29061 -1.42883
-1.28679 -1.43235
-1.29187 -1.42864
-1.29056 -1.42766
-1.29082 -1.42797
-1.29319 -1.42519
-1.29023 -1.42931
-1.29232 -1.42595
-1.29128 -1.42604
-1.29255 -1.42706
-1.29058 -1.42784
-1.29126 -1.42647
-1.29178 -1.42824
-1.28982 -1.42995
-1.29183 -1.42612
-1.29221 -1.42922
-1.28945 -1.42686
-1.29176 -1.42905
-1.29071 -1.42843
-1.29051 -1.42574
-1.29202 -1.42745
-1.29021 -1.42952
-1.29103 -1.42689
-1.2882 -1.42889
-1.29327 -1.42431
-1.29398 -1.42306
-1.29296 -1.42268
-1.2936 -1.42755
-1.29117 -1.42578
-1.29216 -1.42571
-1.29033 -1.42729
-1.2926 -1.42593
-1.29122 -1.42831
-1.29442 -1.42516
-1.29273 -1.4253
-1.28942 -1.43063
-1.29181 -1.42866
-1.29268 -1.42632
-1.29384 -1.42591
-1.29192 -1.42789
-1.29353 -1.42522
-1.29066 -1.42714
-1.29263 -1.4285
-1.29032 -1.42689
-1.29035 -1.42823
-1.29078 -1.42937
-1.29012 -1.42812
-1.29133 -1.42966
-1.29235 -1.42855
-1.29244 -1.42711
-1.29078 -1.42962
-1.28661 -1.43061
-1.29428 -1.42374
-1.28806 -1.42822
-1.29137 -1.42633
-1.29168 -1.42662
-1.29203 -1.42953
-1.29155 -1.42483
-1.28979 -1.42867
-1.29393 -1.4261
-1.2918 -1.42759
-1.29264 -1.42397
-1.28898 -1.42885
-1.292 -1.42509
-1.29133 -1.42782
-1.29173 -1.42616
-1.29581 -1.42463
-1.29005 -1.42879
-1.29254 -1.42649
-1.29319 -1.42774
-1.29618 -1.42633
-1.29147 -1.42776
-1.29544 -1.42902
-1.29018 -1.42985
-1.29286 -1.42659
-1.29248 -1.42463
-1.29503 -1.42204
-1.29237 -1.43164
-1.29341 -1.4233
-1.29294 -1.42674
-1.29379 -1.42438
-1.29222 -1.42461
-1.29599 -1.42472
-1.29273 -1.42131
-1.2907 -1.42818
-1.2954 -1.42335
-1.29226 -1.42334
-1.29373 -1.42458
-1.29407 -1.42525
-1.29454 -1.42434
-1.29251 -1.42507
-1.29545 -1.42328
-1.2948 -1.4211
-1.29511 -1.42322
-1.2962 -1.42443
-1.29596 -1.42458
-1.29619 -1.42459
-1.29818 -1.42278
-1.29809 -1.42078
-1.29455 -1.42658
-1.29817 -1.42099
-1.29775 -1.42307
-1.29481 -1.42734
-1.29887 -1.4197
-1.29668 -1.42396
-1.29513 -1.42562
-1.30072 -1.42415
-1.29234 -1.42327
-1.29871 -1.42266
-1.29613 -1.42094
-1.29873 -1.4218
-1.29679 -1.4198
-1.29668 -1.42005
-1.29597 -1.4234
-1.29564 -1.4242
-1.29524 -1.42162
-1.29726 -1.42185
-1.29488 -1.4207
-1.29599 -1.42359
-1.29829 -1.42246
-1.29561 -1.42384
-1.29788 -1.42151
-1.29648 -1.41905
-1.29492 -1.42347
-1.29581 -1.42262
-1.29639 -1.41992
-1.29633 -1.41862
-1.29419 -1.42333
-1.29692 -1.42258
-1.29584 -1.42119
-1.29602 -1.42098
-1.29577 -1.42045
-1.29548 -1.41708
-1.29742 -1.41926
-1.29618 -1.41885
-1.2937 -1.4217
-1.29602 -1.41966
-1.29703 -1.41829
-1.29739 -1.42027
-1.29786 -1.41507
-1.29581 -1.42044
-1.29718 -1.41668
-1.29904 -1.41696
-1.29466 -1.42072
-1.29865 -1.41914
-1.29589 -1.41933
-1.29891 -1.42032
-1.2984 -1.41841
-1.29641 -1.4208
-1.29688 -1.41539
-1.29884 -1.41458
-1.29675 -1.41963
-1.29967 -1.41539
-1.29735 -1.4178
-1.29941 -1.41458
-1.29709 -1.41457
-1.30118 -1.41393
-1.29648 -1.41531
-1.29765 -1.41696
-1.29942 -1.41529
-1.29576 -1.41673
-1.29834 -1.41411
-1.29852 -1.41299
-1.30046 -1.41205
-1.29738 -1.41579
-1.30068 -1.41619
-1.29901 -1.41588
-1.29495 -1.4138
-1.29926 -1.41471
-1.29696 -1.4189
-1.29869 -1.41598
-1.29816 -1.41679
-1.3009 -1.41507
-1.29659 -1.41584
-1.29841 -1.41627
-1.29654 -1.41545
-1.29803 -1.41707
-1.29947 -1.4149
-1.29693 -1.41677
-1.29695 -1.41311
-1.29764 -1.41625
-1.29917 -1.41477
-1.3007 -1.41403
-1.29542 -1.41652
-1.29772 -1.4146
-1.29743 -1.41441
-1.29622 -1.41699
-1.29523 -1.41489
-1.29671 -1.41456
-1.29583 -1.41503
-1.29654 -1.41485
-1.29809 -1.41315
-1.29414 -1.41412
-1.29789 -1.41476
-1.2985 -1.41268
-1.29693 -1.41227
-1.29531 -1.41533
-1.29542 -1.41394
-1.29859 -1.41017
-1.29862 -1.41461
-1.29658 -1.41092
-1.29644 -1.41362
-1.29427 -1.41468
-1.29524 -1.41522
-1.29718 -1.41591
-1.2981 -1.41371
-1.29623 -1.4138
-1.29667 -1.41552
-1.29878 -1.41305
-1.29625 -1.41315
-1.29676 -1.41786
-1.2947 -1.41435
-1.29839 -1.41604
-1.29773 -1.41402
-1.29693 -1.41745
-1.30026 -1.41301
-1.29802 -1.41163
-1.29953 -1.41506
-1.30138 -1.40921
-1.29969 -1.41029
-1.30012 -1.41141
-1.30017 -1.41024
-1.29769 -1.41407
-1.29868 -1.41271
-1.30235 -1.4084
-1.29889 -1.41024
-1.30221 -1.41262
-1.30152 -1.40834
-1.30106 -1.4089
-1.301 -1.41157
-1.30192 -1.4083
-1.30004 -1.40909
-1.30216 -1.4087
-1.30247 -1.40841
-1.30004 -1.40981
-1.3009 -1.41094
-1.30051 -1.40872
-1.30083 -1.41207
-1.29756 -1.41176
-1.29903 -1.41019
-1.3014 -1.41063
-1.30154 -1.41151
-1.29897 -1.40974
-1.29882 -1.41101
-1.29784 -1.41385
-1.30125 -1.40791
-1.30026 -1.40975
-1.29902 -1.41177
-1.29952 -1.41097
-1.30096 -1.41099
-1.29656 -1.41049
-1.29922 -1.41123
-1.29914 -1.41206
-1.2996 -1.41209
-1.30017 -1.40861
-1.29679 -1.41176
-1.30105 -1.40715
-1.2992 -1.40853
-1.30112 -1.40752
-1.29615 -1.41063
-1.2992 -1.41139
-1.30113 -1.40638
-1.30254 -1.40825
-1.29939 -1.41174
-1.29832 -1.40753
-1.29923 -1.40735
-1.29905 -1.41047
-1.29853 -1.41276
-1.29838 -1.40963
-1.29807 -1.40828
-1.29683 -1.40953
-1.29779 -1.41139
-1.30053 -1.40706
-1.29825 -1.40717
-1.29685 -1.40715
-1.29897 -1.40842
-1.29663 -1.40971
-1.29859 -1.40885
-1.3012 -1.40909
-1.29637 -1.40843
-1.29897 -1.40902
-1.29895 -1.40705
-1.29599 -1.40864
-1.30114 -1.40856
-1.29735 -1.40622
-1.29976 -1.40833
-1.29743 -1.40822
-1.29974 -1.40467
-1.29943 -1.40924
-1.29999 -1.40409
-1.3017 -1.40529
-1.30059 -1.40206
-1.30077 -1.405
-1.30139 -1.40465
-1.29871 -1.40551
-1.30289 -1.40249
-1.30166 -1.40491
-1.29881 -1.40351
-1.30222 -1.40407
-1.2986 -1.40165
-1.30157 -1.40562
-1.30002 -1.40679
-1.30016 -1.40455
-1.3006 -1.40718
-1.29763 -1.40705
-1.30062 -1.40829
-1.29858 -1.40712
-1.29847 -1.40764
-1.29997 -1.40533
-1.29899 -1.40717
-1.30244 -1.40568
-1.29735 -1.40656
-1.30023 -1.40458
-1.30023 -1.40817
-1.30232 -1.40501
-1.29993 -1.40706
-1.3004 -1.4074
-1.30073 -1.40624
-1.29877 -1.4109
-1.29904 -1.40712
-1.30263 -1.40494
-1.29865 -1.40574
-1.30066 -1.40962
-1.29739 -1.40972
-1.30072 -1.40537
-1.30262 -1.40744
-1.29882 -1.40639
-1.29866 -1.40584
-1.30364 -1.40537
-1.29821 -1.40541
-1.30066 -1.40832
-1.30105 -1.40356
-1.3027 -1.40583
-1.30116 -1.40446
-1.30339 -1.40571
-1.30005 -1.40334
-1.29964 -1.40514
-1.30107 -1.40648
-1.30123 -1.4053
-1.30327 -1.40381
-1.30169 -1.40427
-1.29976 -1.4063
-1.30035 -1.40705
-1.30115 -1.40383
-1.30285 -1.40344
-1.30336 -1.40455
-1.3013 -1.40733
-1.30138 -1.40412
-1.30193 -1.40685
-1.30229 -1.40727
-1.30388 -1.40301
-1.29973 -1.40724
-1.29815 -1.40665
-1.30006 -1.40485
-1.30184 -1.40553
-1.3011 -1.40428
-1.30136 -1.40226
-1.29744 -1.40438
-1.2998 -1.40341
-1.299 -1.40436
-1.29978 -1.40369
-1.29785 -1.40589
-1.29869 -1.40389
-1.29758 -1.40521
-1.29983 -1.40409
-1.29855 -1.40467
-1.29781 -1.40284
-1.30081 -1.40206
-1.29769 -1.40486
-1.29971 -1.40035
-1.30007 -1.40458
-1.2985 -1.39917
-1.29748 -1.40491
-1.30075 -1.40121
-1.29961 -1.40368
-1.29862 -1.4012
-1.29873 -1.3982
-1.29898 -1.40517
-1.29462 -1.40369
-1.30163 -1.40328
-1.29641 -1.40402
-1.30167 -1.40395
-1.29619 -1.404
-1.3024 -1.40227
-1.29643 -1.4036
-1.2991 -1.40297
-1.30113 -1.40389
-1.30046 -1.40021
-1.29948 -1.4016
-1.29764 -1.40748
-1.2995 -1.40394
-1.30155 -1.40331
-1.29624 -1.40538
-1.30167 -1.40323
-1.29895 -1.40316
-1.3001 -1.4048
-1.29917 -1.40477
-1.29923 -1.40132
-1.29902 -1.40594
-1.29803 -1.40264
-1.2986 -1.40499
-1.29638 -1.40316
-1.29687 -1.40165
-1.29788 -1.4026
-1.29725 -1.40184
-1.29577 -1.40424
-1.29762 -1.40062
-1.2961 -1.40361
-1.29566 -1.40614
-1.29972 -1.39987
-1.30052 -1.40232
-1.29416 -1.40278
-1.29825 -1.40157
-1.2984 -1.39956
-1.29803 -1.40342
-1.29838 -1.3993
-1.29835 -1.40481
-1.29675 -1.40252
-1.30012 -1.39854
-1.29639 -1.4043
-1.29935 -1.39987
-1.29951 -1.4004
-1.29927 -1.39869
-1.3 -1.4
-1.29707 -1.39969
-1.30138 -1.39677
-1.29964 -1.39702
-1.29969 -1.39885
-1.3007 -1.39795
-1.3006 -1.39765
-1.29929 -1.40211
-1.29986 -1.40054
-1.29831 -1.39775
-1.29967 -1.39779
-1.30194 -1.39701
-1.29775 -1.39982
-1.29991 -1.39688
-1.29714 -1.39711
-1.29862 -1.39989
-1.3001 -1.39659
-1.29803 -1.39569
-1.29976 -1.39614
-1.29621 -1.39828
-1.29916 -1.39865
-1.2993 -1.39684
-1.3016 -1.39802
-1.2958 -1.40102
-1.29805 -1.39749
-1.29946 -1.40059
-1.30039 -1.39851
-1.29877 -1.3956
-1.29719 -1.39804
-1.29985 -1.39806
-1.29797 -1.39656
-1.29779 -1.40238
-1.30368 -1.39304
-1.29799 -1.3977
-1.29901 -1.40046
-1.29543 -1.39917
-1.30153 -1.39508
-1.29952 -1.39853
-1.29768 -1.39981
-1.29842 -1.39854
-1.29977 -1.39844
-1.29879 -1.39793
-1.30123 -1.39614
-1.2979 -1.39839
-1.29964 -1.3979
-1.30056 -1.39812
-1.2987 -1.39978
-1.29772 -1.40086
-1.29892 -1.39999
-1.29952 -1.40001
-1.30015 -1.39914
-1.29677 -1.40041
-1.30059 -1.40141
-1.30009 -1.39916
-1.29794 -1.39942
-1.30104 -1.39519
-1.29865 -1.39999
-1.29782 -1.39964
-1.30341 -1.39398
-1.30069 -1.39598
-1.29538 -1.40097
-1.30044 -1.39678
-1.29759 -1.39878
-1.29643 -1.3992
-1.29926 -1.39797
-1.29743 -1.3978
-1.2946 -1.40056
-1.29635 -1.39919
-1.29959 -1.40372
-1.29478 -1.39855
-1.30023 -1.39755
-1.29661 -1.3978
-1.29745 -1.39873
-1.29626 -1.39644
-1.29988 -1.39859
-1.29671 -1.39973
-1.29938 -1.39703
-1.29787 -1.40025
-1.29585 -1.3999
-1.29888 -1.39734
-1.29479 -1.39935
-1.29858 -1.39748
-1.29871 -1.39864
-1.29848 -1.40029
-1.29626 -1.39793
-1.2988 -1.39609
-1.29726 -1.39704
-1.29825 -1.39853
-1.29859 -1.39719
-1.29597 -1.3965
-1.30039 -1.394
-1.29586 -1.39842
-1.30003 -1.39484
-1.30318 -1.394
-1.29535 -1.39686
-1.29724 -1.39587
-1.2998 -1.39617
-1.29727 -1.39627
-1.29646 -1.39903
-1.29344 -1.3971
-1.30109 -1.39385
-1.29699 -1.39675
-1.29541 -1.39688
-1.30025 -1.39468
-1.29636 -1.39457
-1.29782 -1.39653
-1.29953 -1.39357
-1.29767 -1.39515
-1.29861 -1.3946
-1.29737 -1.39283
-1.30085 -1.39433
-1.2978 -1.39179
-1.30052 -1.39186
-1.29778 -1.39418
-1.30012 -1.39139
-1.30042 -1.3937
-1.29906 -1.39411
-1.30206 -1.39232
-1.29834 -1.39415
-1.30045 -1.39245
-1.30143 -1.39333
-1.29952 -1.39264
-1.30141 -1.39005
-1.29955 -1.39312
-1.30104 -1.39112
-1.29789 -1.39317
-1.30082 -1.39272
-1.29844 -1.39143
-1.30394 -1.39308
-1.29713 -1.39271
-1.30473 -1.38866
-1.29787 -1.39428
-1.29825 -1.39278
-1.29787 -1.39232
-1.30153 -1.39173
-1.29617 -1.39411
-1.29705 -1.39266
-1.29996 -1.39246
-1.29964 -1.39221
-1.29693 -1.39342
-1.3012 -1.38872
-1.29928 -1.39301
-1.29787 -1.39498
-1.30046 -1.39139
-1.30106 -1.39153
-1.2988 -1.39258
-1.2973 -1.39025
-1.29736 -1.39288
-1.29867 -1.39451
-1.29923 -1.39011
-1.29742 -1.39223
-1.29834 -1.39165
-1.29736 -1.3883
-1.29723 -1.38907
-1.29924 -1.38972
-1.29777 -1.39342
-1.29823 -1.39032
-1.29927 -1.39115
-1.29885 -1.38939
-1.30057 -1.38973
-1.29665 -1.39067
-1.29895 -1.39212
-1.30001 -1.39084
-1.29856 -1.39097
-1.30165 -1.38838
-1.297 -1.39336
-1.29662 -1.38693
-1.29952 -1.39334
-1.2977 -1.38952
-1.29767 -1.39211
-1.29938 -1.39
-1.29952 -1.38674
-1.29667 -1.38818
-1.29789 -1.38892
-1.29721 -1.39069
-1.29605 -1.39141
-1.29372 -1.38833
-1.29891 -1.38978
-1.29233 -1.39129
-1.29596 -1.3939
-1.29426 -1.39154
-1.29454 -1.39147
-1.29931 -1.388
-1.29212 -1.39151
-1.29533 -1.38822
-1.29713 -1.39117
-1.29445 -1.39343
-1.29564 -1.39096
-1.2992 -1.38807
-1.29494 -1.39106
-1.29593 -1.39042
-1.29806 -1.38977
-1.29611 -1.38758
-1.29703 -1.39234
-1.29756 -1.387
-1.2967 -1.39076
-1.29584 -1.39002
-1.29443 -1.39323
-1.2986 -1.38679
-1.29352 -1.39094
-1.29743 -1.39065
-1.29638 -1.38955
-1.29797 -1.3893
-1.29632 -1.38894
-1.29678 -1.38768
-1.29732 -1.38966
-1.29685 -1.38855
-1.29631 -1.38578
-1.29745 -1.38584
-1.29418 -1.3895
-1.29438 -1.38927
-1.29907 -1.38602
-1.29375 -1.38693
-1.29327 -1.39236
-1.29254 -1.3904
-1.29587 -1.39228
-1.29574 -1.38912
-1.29323 -1.39185
-1.29708 -1.38728
-1.29539 -1.3891
-1.29462 -1.38692
-1.29571 -1.38936
-1.29566 -1.39069
-1.29438 -1.39051
-1.29686 -1.38852
-1.29596 -1.38853
-1.29569 -1.38823
-1.2968 -1.38559
-1.29572 -1.38832
-1.2986 -1.38727
-1.29621 -1.39313
-1.29404 -1.38734
-1.29403 -1.38907
-1.29423 -1.39035
-1.29361 -1.39043
-1.29571 -1.38684
-1.29357 -1.39056
-1.29255 -1.38926
-1.29286 -1.39015
-1.29615 -1.38954
-1.29326 -1.39046
-1.29544 -1.39052
-1.29434 -1.3885
-1.29331 -1.38978
-1.29626 -1.38891
-1.29445 -1.39117
-1.29464 -1.38972
-1.29401 -1.38772
-1.29377 -1.39247
-1.29265 -1.39188
-1.29617 -1.38938
-1.29405 -1.39077
-1.29319 -1.39017
-1.29405 -1.38945
-1.29457 -1.38926
-1.29639 -1.38737
-1.29622 -1.38686
-1.29439 -1.38615
-1.29517 -1.38595
-1.29564 -1.38537
-1.29382 -1.38622
-1.29358 -1.38648
-1.29741 -1.38714
-1.29747 -1.38198
-1.29356 -1.38696
-1.29608 -1.38306
-1.29897 -1.38439
-1.29525 -1.38424
-1.29733 -1.38334
-1.29487 -1.38527
-1.29859 -1.38228
-1.29474 -1.38691
-1.29493 -1.38285
-1.29326 -1.38675
-1.29678 -1.38428
-1.29502 -1.38571
-1.29288 -1.38248
-1.29408 -1.38612
-1.29478 -1.38798
-1.29304 -1.38507
-1.29601 -1.3846
-1.29551 -1.38577
-1.29653 -1.38212
-1.29432 -1.38509
-1.2934 -1.38413
-1.2982 -1.38394
-1.2936 -1.38665
-1.29525 -1.38304
-1.2962 -1.38627
-1.2956 -1.38446
-1.29654 -1.38312
-1.29669 -1.3815
-1.29506 -1.3847
-1.29386 -1.38257
-1.29536 -1.38368
-1.29654 -1.38332
-1.29457 -1.38278
-1.29414 -1.38205
-1.29329 -1.38367
-1.29484 -1.38163
-1.29765 -1.38605
-1.293 -1.37934
-1.29611 -1.38096
-1.29495 -1.38166
-1.29453 -1.38374
-1.29618 -1.37935
-1.29595 -1.37812
-1.29438 -1.38362
-1.29468 -1.37924
-1.2926 -1.37985
-1.29475 -1.38322
-1.29489 -1.38148
-1.29592 -1.38013
-1.29324 -1.38104
-1.29707 -1.37851
-1.29335 -1.38176
-1.29534 -1.38148
-1.29428 -1.37774
-1.29372 -1.37962
-1.29408 -1.37916
-1.29491 -1.37915
-1.29611 -1.37876
-1.29513 -1.37958
-1.29128 -1.38285
-1.29667 -1.38021
-1.29471 -1.37771
-1.29465 -1.37905
-1.29309 -1.38172
-1.29337 -1.37982
-1.29 -1.38243
-1.29572 -1.38189
-1.29196 -1.37985
-1.29419 -1.37966
-1.29352 -1.3785
-1.29398 -1.3788
-1.29335 -1.37825
-1.29441 -1.37597
-1.29371 -1.37868
-1.29431 -1.37945
-1.29303 -1.37764
-1.29703 -1.3811
-1.2933 -1.37744
-1.29344 -1.37913
-1.29452 -1.37757
-1.29224 -1.37961
-1.29405 -1.37605
-1.29209 -1.37896
-1.29675 -1.37751
-1.29267 -1.38077
-1.29243 -1.37364
-1.29807 -1.37696
-1.29331 -1.37804
-1.29581 -1.37346
-1.29408 -1.37939
-1.29501 -1.37767
-1.29645 -1.37607
-1.29379 -1.37579
-1.29518 -1.37542
-1.29657 -1.37348
-1.29306 -1.37903
-1.29603 -1.3766
-1.29151 -1.37906
-1.29766 -1.37636
-1.29102 -1.37643
-1.29502 -1.37477
-1.29313 -1.37778
-1.29634 -1.376
-1.29205 -1.37808
-1.29454 -1.37657
-1.29144 -1.37854
-1.29101 -1.37504
-1.29281 -1.3771
-1.29457 -1.37232
-1.29301 -1.37911
-1.29525 -1.37424
-1.29317 -1.37426
-1.2948 -1.37123
-1.29224 -1.378
-1.29548 -1.37701
-1.29421 -1.37196
-1.29355 -1.37371
-1.29263 -1.37492
-1.29334 -1.37403
-1.29546 -1.37712
-1.29208 -1.37513
-1.29525 -1.37054
-1.29282 -1.37516
-1.29122 -1.37848
-1.29259 -1.37431
-1.29375 -1.37398
-1.29238 -1.37266
-1.2968 -1.37194
-1.28992 -1.37415
-1.29423 -1.37263
-1.294 -1.37264
-1.29459 -1.36988
-1.29376 -1.37137
-1.29074 -1.37617
-1.29231 -1.37227
-1.29108 -1.37619
-1.29342 -1.37211
-1.29125 -1.37409
-1.29227 -1.37368
-1.29116 -1.37364
-1.28994 -1.37586
-1.29141 -1.37525
-1.29268 -1.37376
-1.29078 -1.37596
-1.28776 -1.37715
-1.29035 -1.37561
-1.29008 -1.37776
-1.29087 -1.3726
-1.29197 -1.37922
-1.28883 -1.37534
-1.29278 -1.37392
-1.28537 -1.37612
-1.29361 -1.37325
-1.28956 -1.37184
-1.28888 -1.37762
-1.29207 -1.37389
-1.28648 -1.37646
-1.2938 -1.37581
-1.29086 -1.37275
-1.29027 -1.37508
-1.29121 -1.37431
-1.28997 -1.37855
-1.29395 -1.37267
-1.29066 -1.37608
-1.29228 -1.37236
-1.28861 -1.37381
-1.28971 -1.37439
-1.28937 -1.37382
-1.29 -1.3767
-1.29037 -1.37435
-1.29068 -1.37469
-1.28937 -1.37092
-1.29241 -1.37507
-1.29044 -1.37032
-1.29083 -1.37348
-1.29146 -1.37101
-1.28938 -1.37066
-1.29166 -1.37555
-1.29024 -1.37235
-1.29268 -1.3687
-1.29141 -1.37356
-1.29075 -1.37136
-1.29363 -1.36982
-1.29198 -1.37129
-1.28906 -1.37169
-1.29495 -1.37076
-1.29076 -1.37127
-1.28846 -1.37119
-1.29253 -1.37279
-1.2924 -1.37372
-1.28942 -1.37098
-1.29076 -1.37358
-1.29209 -1.37261
-1.2886 -1.37154
-1.28941 -1.37628
-1.28822 -1.37098
-1.29269 -1.37218
-1.28956 -1.37218
-1.28886 -1.37449
-1.28968 -1.37179
-1.29151 -1.37524
-1.28942 -1.37448
-1.28949 -1.37085
-1.2927 -1.37398
-1.29038 -1.37141
-1.29051 -1.37093
-1.29404 -1.37252
-1.28847 -1.37191
-1.29213 -1.36664
-1.28886 -1.37447
-1.29017 -1.37252
-1.28944 -1.37201
-1.29099 -1.37127
-1.289 -1.36979
-1.29018 -1.36891
-1.28756 -1.37277
-1.28719 -1.37463
-1.28908 -1.3705
-1.29033 -1.37092
-1.28735 -1.37167
-1.29272 -1.36752
-1.28777 -1.37057
-1.28947 -1.36827
-1.29209 -1.37072
-1.28997 -1.37073
-1.29089 -1.36774
-1.28977 -1.37246
-1.2901 -1.36991
-1.28845 -1.36905
-1.28852 -1.36914
-1.29112 -1.37141
-1.2864 -1.36997
-1.29169 -1.36863
-1.2854 -1.37162
-1.29036 -1.37162
-1.28845 -1.37177
-1.28984 -1.36972
-1.28961 -1.36906
-1.28794 -1.3694
-1.28642 -1.37429
-1.28857 -1.37003
-1.28743 -1.37211
-1.28873 -1.37341
-1.28923 -1.37362
-1.28883 -1.37129
-1.28677 -1.37101
-1.28617 -1.37216
-1.28614 -1.37278
-1.2903 -1.36995
-1.28893 -1.37319
-1.28829 -1.36932
-1.28626 -1.37066
-1.28871 -1.37298
-1.28728 -1.37263
-1.28784 -1.37034
-1.28719 -1.37039
-1.28848 -1.37235
-1.28606 -1.37006
-1.28599 -1.37334
-1.28737 -1.36908
-1.28841 -1.3761
-1.2894 -1.37195
-1.28748 -1.36901
-1.28826 -1.3716
-1.28758 -1.37192
-1.28483 -1.3707
-1.28789 -1.36773
-1.28709 -1.37398
-1.28847 -1.37066
-1.29131 -1.36624
-1.28484 -1.36991
-1.28878 -1.36818
-1.28928 -1.3697
-1.29006 -1.36985
-1.28706 -1.36846
-1.28612 -1.37254
-1.29103 -1.36935
-1.2867 -1.36834
-1.28857 -1.36674
-1.2872 -1.36865
-1.28905 -1.36846
-1.28818 -1.36865
-1.28847 -1.36829
-1.2885 -1.36668
-1.28584 -1.37096
-1.28952 -1.368
-1.28582 -1.37103
-1.28932 -1.36534
-1.28832 -1.36727
-1.28618 -1.36719
-1.2874 -1.36848
-1.28767 -1.36969
-1.28768 -1.36687
-1.28811 -1.36973
-1.28505 -1.36883
-1.29031 -1.36723
-1.28916 -1.36879
-1.28536 -1.36976
-1.28772 -1.36969
-1.29177 -1.36318
-1.28419 -1.3716
-1.28854 -1.36995
-1.28756 -1.36596
-1.2867 -1.369
-1.2869 -1.37123
-1.28453 -1.36878
-1.28632 -1.36699
-1.28552 -1.36813
-1.28844 -1.36542
-1.28639 -1.36472
-1.28889 -1.36763
-1.28871 -1.36422
-1.28455 -1.37175
-1.28935 -1.36665
-1.28695 -1.36611
-1.29052 -1.36545
-1.28724 -1.36707
-1.28711 -1.36684
-1.28744 -1.3683
-1.28741 -1.36457
-1.28541 -1.36572
-1.28699 -1.36866
-1.28715 -1.36999
-1.28745 -1.36657
-1.28372 -1.36848
-1.28641 -1.36631
-1.28814 -1.36463
-1.28776 -1.36637
-1.28748 -1.36756
-1.28627 -1.36587
-1.28608 -1.36531
-1.28647 -1.3661
-1.28797 -1.36422
-1.28606 -1.36654
-1.29003 -1.36476
-1.28788 -1.36486
-1.28719 -1.36584
-1.28772 -1.36661
-1.28703 -1.36409
-1.28934 -1.366
-1.28547 -1.36491
-1.28484 -1.36627
-1.28807 -1.36289
-1.28717 -1.36475
-1.28831 -1.36492
-1.28654 -1.36657
-1.28931 -1.36423
-1.28733 -1.36503
-1.29003 -1.36255
-1.28765 -1.36638
-1.28571 -1.3679
-1.28695 -1.36536
-1.28763 -1.36518
-1.28572 -1.36756
-1.28712 -1.36852
-1.28485 -1.36703
-1.28678 -1.36633
-1.29033 -1.3617
-1.28399 -1.36886
-1.28983 -1.36629
-1.28561 -1.36355
-1.28994 -1.36677
-1.28605 -1.36222
-1.28764 -1.36613
-1.28577 -1.3633
-1.28626 -1.3651
-1.2901 -1.36256
-1.2853 -1.36455
-1.28618 -1.36401
-1.28708 -1.36277
-1.28691 -1.36523
-1.2841 -1.36354
-1.29065 -1.36461
-1.28381 -1.36413
-1.28806 -1.36531
-1.28724 -1.36299
-1.28819 -1.36045
-1.28596 -1.36351
-1.28991 -1.36302
-1.28625 -1.36398
-1.28636 -1.36162
-1.28542 -1.36363
-1.28672 -1.36268
-1.28466 -1.36287
-1.28647 -1.36385
-1.28404 -1.36264
-1.28578 -1.36224
-1.28445 -1.36815
-1.28602 -1.35991
-1.28793 -1.36069
-1.28381 -1.36273
-1.28711 -1.36133
-1.28873 -1.36236
-1.28239 -1.36389
-1.28579 -1.36031
-1.28566 -1.36106
-1.2868 -1.36005
-1.28384 -1.36231
-1.28683 -1.35933
-1.28554 -1.36176
-1.28694 -1.36154
-1.28421 -1.36334
-1.28536 -1.35972
-1.28471 -1.36219
-1.28563 -1.3599
-1.28812 -1.35788
-1.28408 -1.36092
-1.2848 -1.36095
-1.28323 -1.35997
-1.2844 -1.36057
-1.28508 -1.35969
-1.28713 -1.36097
-1.28276 -1.35855
-1.28368 -1.36192
-1.28436 -1.36372
-1.28765 -1.35825
-1.28521 -1.35983
-1.28633 -1.36249
-1.283 -1.3623
-1.28727 -1.35982
-1.28425 -1.36102
-1.28623 -1.36129
-1.28197 -1.36127
-1.28347 -1.35962
-1.28553 -1.36069
-1.28506 -1.3603
-1.28386 -1.36169
-1.28326 -1.36126
-1.28456 -1.35702
-1.28471 -1.35927
-1.28546 -1.36051
-1.28422 -1.36124
-1.28397 -1.36012
-1.28786 -1.35826
-1.28145 -1.36313
-1.28477 -1.36146
-1.28523 -1.36222
-1.284 -1.36154
-1.28351 -1.36095
-1.28467 -1.35952
-1.28604 -1.35982
-1.28292 -1.35889
-1.28871 -1.35753
-1.28308 -1.36101
-1.28289 -1.35956
-1.28743 -1.35866
-1.28138 -1.36103
-1.28527 -1.35759
-1.28381 -1.36043
-1.28262 -1.36073
-1.28347 -1.35829
-1.28373 -1.3584
-1.28097 -1.36289
-1.28448 -1.36012
-1.28236 -1.35666
-1.28328 -1.35719
-1.28604 -1.35675
-1.28494 -1.35906
-1.28312 -1.3587
-1.28456 -1.35753
-1.28684 -1.3585
-1.28404 -1.35713
-1.2831 -1.35726
-1.28699 -1.35966
-1.28565 -1.35731
-1.2834 -1.3577
-1.28464 -1.35433
-1.29033 -1.35591
-1.28423 -1.35835
-1.28623 -1.35502
-1.28606 -1.3577
-1.28745 -1.35706
-1.28267 -1.35431
-1.28627 -1.35389
-1.28835 -1.35317
-1.28601 -1.35397
-1.28386 -1.35705
-1.28712 -1.35506
-1.28783 -1.35419
-1.28778 -1.3502
-1.28616 -1.35655
-1.28852 -1.35229
-1.28747 -1.35355
-1.28848 -1.35236
-1.28689 -1.35319
-1.28697 -1.3527
-1.28688 -1.35522
-1.28641 -1.355
-1.28893 -1.35337
-1.28456 -1.35542
-1.28719 -1.3513
-1.28568 -1.35556
-1.28902 -1.35
-1.2886 -1.35448
-1.283 -1.35247
-1.28876 -1.35108
-1.28712 -1.35096
-1.28981 -1.35432
-1.28534 -1.3499
-1.28729 -1.34783
-1.28721 -1.35159
-1.28648 -1.35195
-1.28604 -1.34783
-1.28847 -1.35236
-1.28654 -1.35007
-1.285 -1.35117
-1.28485 -1.35331
-1.28356 -1.34901
-1.28461 -1.35183
-1.28495 -1.35051
-1.28589 -1.34995
-1.28271 -1.35307
-1.28401 -1.35149
-1.28473 -1.34962
-1.28503 -1.35293
-1.28241 -1.34978
-1.28724 -1.35165
-1.27987 -1.35448
-1.28617 -1.34883
-1.28417 -1.35181
-1.28074 -1.35361
-1.28412 -1.34904
-1.28284 -1.35163
-1.28481 -1.35004
-1.28266 -1.35288
-1.28173 -1.35003
-1.28649 -1.35215
-1.28083 -1.35046
-1.28597 -1.34947
-1.28307 -1.35163
-1.28414 -1.34997
-1.28355 -1.35066
-1.28379 -1.35262
-1.28516 -1.34965
-1.2815 -1.3504
-1.28549 -1.35086
-1.28355 -1.3523
-1.28351 -1.35114
-1.28457 -1.34731
-1.28212 -1.35488
-1.28463 -1.35153
-1.28143 -1.3513
-1.28317 -1.3518
-1.28182 -1.35333
-1.28286 -1.35013
-1.28237 -1.35257
-1.28177 -1.3529
-1.28351 -1.34981
-1.28141 -1.35222
-1.28088 -1.35292
-1.27969 -1.35281
-1.28432 -1.34813
-1.28139 -1.35515
-1.2821 -1.34775
-1.28351 -1.35077
-1.28122 -1.34886
-1.2838 -1.35033
-1.28058 -1.35052
-1.28361 -1.35231
-1.28294 -1.34824
-1.28273 -1.35191
-1.27907 -1.35259
-1.28467 -1.34924
-1.27942 -1.35166
-1.28377 -1.35073
-1.2782 -1.35179
-1.28314 -1.34993
-1.28187 -1.35
-1.27939 -1.3536
-1.28345 -1.34885
-1.28194 -1.35156
-1.27796 -1.35041
-1.28107 -1.34996
-1.28086 -1.35043
-1.2812 -1.35071
-1.28188 -1.34949
-1.27971 -1.35277
-1.28171 -1.35315
-1.279 -1.35087
-1.2791 -1.35336
-1.28361 -1.34884
-1.27769 -1.35371
-1.28134 -1.34897
-1.27939 -1.3502
-1.28169 -1.35023
-1.27969 -1.34988
-1.28286 -1.34893
-1.28012 -1.34983
-1.27864 -1.35282
-1.28031 -1.34874
-1.27938 -1.35186
-1.28027 -1.3475
-1.27966 -1.34896
-1.27894 -1.35002
-1.27846 -1.35081
-1.28033 -1.34741
-1.27968 -1.3477
-1.27768 -1.3524
-1.27924 -1.34911
-1.27833 -1.34889
-1.28025 -1.34854
-1.28106 -1.3479
-1.27717 -1.34899
-1.28101 -1.34589
-1.27628 -1.35034
-1.28186 -1.34735
-1.27926 -1.35219
-1.28034 -1.34411
-1.27885 -1.34878
-1.27933 -1.34642
-1.27624 -1.3486
-1.27818 -1.34997
-1.27755 -1.34841
-1.27957 -1.34825
-1.27729 -1.35271
-1.27484 -1.35021
-1.27883 -1.34802
-1.28041 -1.34467
-1.27621 -1.34754
-1.27822 -1.34967
-1.27589 -1.34927
-1.27964 -1.34529
-1.27912 -1.34677
-1.27452 -1.34817
-1.27795 -1.34815
-1.27651 -1.34688
-1.27629 -1.34815
-1.27667 -1.3489
-1.27533 -1.3486
-1.27937 -1.34772
-1.27377 -1.34861
-1.27853 -1.34994
-1.27702 -1.34766
-1.27932 -1.34397
-1.27691 -1.34803
-1.27729 -1.34656
-1.27896 -1.34587
-1.27916 -1.34323
-1.2788 -1.34366
-1.27864 -1.34564
-1.27658 -1.34517
-1.27904 -1.34698
-1.279 -1.34648
-1.27938 -1.3463
-1.27862 -1.34501
-1.27789 -1.34873
-1.27596 -1.34511
-1.27884 -1.34374
-1.27883 -1.34474
-1.27428 -1.34846
-1.27799 -1.34201
-1.2787 -1.34545
-1.27594 -1.34349
-1.27488 -1.34642
-1.27688 -1.34269
-1.27828 -1.34531
-1.27827 -1.34159
-1.277 -1.34819
-1.27904 -1.34567
-1.27759 -1.34402
-1.27696 -1.34442
-1.27888 -1.34633
-1.28032 -1.34331
-1.27665 -1.34554
-1.28002 -1.34449
-1.27605 -1.3448
-1.27734 -1.34553
-1.27845 -1.34517
-1.28202 -1.34329
-1.27733 -1.34598
-1.27752 -1.34564
-1.27851 -1.34674
-1.27963 -1.34108
-1.27759 -1.34679
-1.27943 -1.3461
-1.27643 -1.34572
-1.27685 -1.34385
-1.27761 -1.34884
-1.27908 -1.34383
-1.27476 -1.34563
-1.27809 -1.34673
-1.27686 -1.34636
-1.27662 -1.34517
-1.27519 -1.34535
-1.27715 -1.34644
-1.27659 -1.34591
-1.27681 -1.34427
-1.27623 -1.34694
-1.27809 -1.34746
-1.27456 -1.34575
-1.27736 -1.34344
-1.27598 -1.3463
-1.27604 -1.34732
-1.27641 -1.34663
-1.27391 -1.34534
-1.27693 -1.34607
-1.276 -1.3454
-1.2752 -1.34771
-1.27569 -1.34561
-1.27486 -1.35097
-1.27728 -1.34312
-1.27377 -1.34554
-1.27791 -1.34326
-1.27577 -1.3483
-1.27472 -1.34536
-1.27752 -1.34484
-1.2733 -1.34904
-1.27781 -1.34452
-1.27586 -1.34278
-1.27412 -1.34679
-1.27542 -1.34301
-1.27266 -1.34512
-1.27539 -1.34381
-1.27471 -1.3447
-1.2731 -1.34426
-1.27494 -1.34544
-1.27401 -1.34336
-1.27425 -1.3444
-1.27784 -1.34142
-1.27517 -1.34609
-1.27499 -1.34291
-1.27518 -1.3421
-1.27508 -1.3421
-1.2745 -1.34415
-1.2777 -1.33953
-1.27694 -1.34301
-1.27374 -1.34536
-1.27357 -1.34315
-1.27526 -1.34124
-1.27371 -1.3441
-1.2775 -1.34284
-1.27246 -1.34425
-1.27385 -1.34419
-1.27187 -1.34278
-1.27359 -1.34319
-1.2743 -1.34371
-1.27179 -1.34333
-1.273 -1.34023
-1.27591 -1.34364
-1.27166 -1.34479
-1.27148 -1.3421
-1.27581 -1.34032
-1.27205 -1.34498
-1.27146 -1.34431
-1.2725 -1.34036
-1.27289 -1.34247
-1.27396 -1.34274
-1.2717 -1.34275
-1.27355 -1.33846
-1.27204 -1.3446
-1.2734 -1.34175
-1.27117 -1.34275
-1.27595 -1.34075
-1.27457 -1.33803
-1.27494 -1.34115
-1.27273 -1.3427
-1.27409 -1.34123
-1.27464 -1.34043
-1.27353 -1.34265
-1.2765 -1.3391
-1.27226 -1.34069
-1.27349 -1.34043
-1.27401 -1.34359
-1.27173 -1.33978
-1.27513 -1.34046
-1.2757 -1.33797
-1.27461 -1.343
-1.27321 -1.34157
-1.27417 -1.33968
-1.27563 -1.34246
-1.27481 -1.33931
-1.27519 -1.34048
-1.27333 -1.34293
-1.27645 -1.33932
-1.27535 -1.33991
-1.27715 -1.33976
-1.27454 -1.34209
-1.27642 -1.33915
-1.27522 -1.33985
-1.27469 -1.33979
-1.27588 -1.34258
-1.27425 -1.34011
-1.27573 -1.34326
-1.27387 -1.3418
-1.27114 -1.3436
-1.27312 -1.34195
-1.27247 -1.34038
-1.27298 -1.34496
-1.27214 -1.3412
-1.27194 -1.34324
-1.27293 -1.34356
-1.27365 -1.34356
-1.26888 -1.34253
-1.27464 -1.34315
-1.27462 -1.34299
-1.27021 -1.34398
-1.27225 -1.34063
-1.27241 -1.34109
-1.27227 -1.34034
-1.26933 -1.34148
-1.27575 -1.34335
-1.27197 -1.34139
-1.27618 -1.33918
-1.27023 -1.34399
-1.27363 -1.34127
-1.27069 -1.34179
-1.27409 -1.33938
-1.27206 -1.34415
-1.272 -1.34053
-1.27119 -1.33984
-1.27412 -1.34189
-1.27008 -1.3415
-1.27013 -1.34186
-1.27245 -1.34331
-1.27148 -1.34023
-1.27212 -1.34031
-1.27063 -1.34022
-1.27097 -1.33868
-1.27241 -1.34132
-1.27129 -1.34176
-1.27176 -1.33888
-1.2715 -1.34113
-1.27066 -1.34364
-1.27094 -1.34112
-1.26964 -1.34057
-1.27195 -1.34243
-1.2694 -1.34149
-1.26909 -1.3452
-1.2704 -1.34101
-1.27426 -1.33856
-1.26718 -1.34335
-1.27139 -1.34009
-1.27057 -1.3414
-1.27242 -1.34002
-1.26778 -1.34304
-1.27296 -1.33795
-1.27193 -1.34089
-1.27105 -1.33866
-1.27044 -1.33838
-1.27297 -1.33954
-1.27345 -1.33876
-1.27344 -1.33506
-1.26943 -1.34085
-1.27156 -1.33674
-1.27286 -1.33833
-1.27213 -1.34015
-1.26952 -1.33563
-1.27405 -1.34157
-1.27124 -1.33846
-1.27111 -1.336
-1.27052 -1.33861
-1.27324 -1.33732
-1.27169 -1.33697
-1.27098 -1.33813
-1.27211 -1.33595
-1.27224 -1.3357
-1.27229 -1.3371
-1.27305 -1.33832
-1.26984 -1.33642
-1.27448 -1.33681
-1.27112 -1.33542
-1.27293 -1.33834
-1.27156 -1.33786
-1.27198 -1.3368
-1.27028 -1.33735
-1.27321 -1.33817
-1.27026 -1.3364
-1.2709 -1.33837
-1.27076 -1.33716
-1.27125 -1.34006
-1.26884 -1.33717
-1.27029 -1.3379
-1.27214 -1.33795
-1.2709 -1.33791
-1.26914 -1.33741
-1.27125 -1.33741
-1.27061 -1.3382
-1.2704 -1.33705
-1.26786 -1.33781
-1.27165 -1.33861
-1.26874 -1.34126
-1.27165 -1.33501
-1.2715 -1.33456
-1.26693 -1.34118
-1.27218 -1.33289
-1.26931 -1.33769
-1.26893 -1.33536
-1.27125 -1.33538
-1.27019 -1.336
-1.27159 -1.33304
-1.26984 -1.33734
-1.27074 -1.33774
-1.26844 -1.33463
-1.27124 -1.33445
-1.26911 -1.33801
-1.27071 -1.33377
-1.26933 -1.33822
-1.27267 -1.33454
-1.27132 -1.33529
-1.26985 -1.33395
-1.2721 -1.33532
-1.27074 -1.3341
-1.27033 -1.33366
-1.27075 -1.33167
-1.27047 -1.33628
-1.27176 -1.33183
-1.27214 -1.33364
-1.27119 -1.33273
-1.27018 -1.33466
-1.27194 -1.33207
-1.27312 -1.3343
-1.27231 -1.33509
-1.27209 -1.33241
-1.27025 -1.33417
-1.27023 -1.33424
-1.26922 -1.33705
-1.27539 -1.33314
-1.26798 -1.33538
-1.27113 -1.3364
-1.27087 -1.33597
-1.27193 -1.33218
-1.27332 -1.33471
-1.26932 -1.3333
-1.27183 -1.33582
-1.27272 -1.33162
-1.26922 -1.33553
-1.27259 -1.33259
-1.27071 -1.33163
-1.27278 -1.33455
-1.26816 -1.33431
-1.2706 -1.33157
-1.27092 -1.3345
-1.27212 -1.33213
-1.26964 -1.33599
-1.27184 -1.33043
-1.2684 -1.33638
-1.27153 -1.33264
-1.26885 -1.33519
-1.27289 -1.33041
-1.26943 -1.33497
-1.27235 -1.33268
-1.26968 -1.3308
-1.27123 -1.33094
-1.27232 -1.3299
-1.26782 -1.33452
-1.27064 -1.33341
-1.26973 -1.33259
-1.26622 -1.33287
-1.27018 -1.33417
-1.26954 -1.33285
-1.26977 -1.33403
-1.26563 -1.33334
-1.27188 -1.33098
-1.26812 -1.33714
-1.26709 -1.3323
-1.26922 -1.3315
-1.2674 -1.33346
-1.26769 -1.33273
-1.26802 -1.33287
-1.26783 -1.3313
-1.27071 -1.33117
-1.26611 -1.33349
-1.26891 -1.32975
-1.26888 -1.33225
-1.26744 -1.33098
-1.26964 -1.3312
-1.2697 -1.33379
-1.26834 -1.33099
-1.26839 -1.33132
-1.26562 -1.33297
-1.2685 -1.33193
-1.26936 -1.33352
-1.26645 -1.32924
-1.26932 -1.33264
-1.2656 -1.33103
-1.26702 -1.32991
-1.26777 -1.33553
-1.26632 -1.32962
-1.26763 -1.32941
-1.27059 -1.32983
-1.26372 -1.33324
-1.26555 -1.3329
-1.26905 -1.33004
-1.26589 -1.33524
-1.26551 -1.33046
-1.26783 -1.32946
-1.26281 -1.33354
-1.26779 -1.32912
-1.26634 -1.33107
-1.2658 -1.33274
-1.26281 -1.33063
-1.26857 -1.3326
-1.2643 -1.33684
-1.26612 -1.3323
-1.26491 -1.33093
-1.26487 -1.33473
-1.26861 -1.33064
-1.26578 -1.3323
-1.26761 -1.33013
-1.26757 -1.33136
-1.26804 -1.33273
