0 0
-0.0526324 -0.0495093
-0.104264 -0.0981696
-0.154861 -0.145932
-0.204448 -0.192751
-0.252938 -0.238662
-0.300347 -0.283916
-0.346584 -0.327545
-0.392007 -0.37124
-0.436358 -0.413279
-0.47941 -0.454899
-0.52144 -0.49505
-0.562541 -0.534714
-0.602394 -0.573322
-0.640838 -0.610673
-0.679255 -0.648313
-0.715616 -0.682954
-0.750793 -0.717717
-0.785125 -0.752184
-0.818907 -0.783668
-0.849551 -0.817419
-0.882191 -0.846813
-0.910892 -0.877288
-0.939114 -0.907398
-0.968072 -0.934381
-0.992373 -0.961643
-1.01944 -0.986129
-1.04075 -1.01262
-1.06522 -1.03716
-1.0861 -1.05918
-1.10528 -1.08278
-1.10632 -1.08095
-1.10596 -1.0819
-1.10561 -1.08058
-1.10615 -1.08199
-1.10411 -1.0794
-1.10588 -1.08163
-1.10493 -1.08014
-1.10214 -1.08212
-1.10621 -1.07851
-1.10232 -1.08294
-1.10244 -1.08164
-1.1054 -1.08191
-1.10457 -1.08152
-1.10478 -1.08035
-1.103 -1.08211
-1.10333 -1.0799
-1.10542 -1.08166
-1.10288 -1.08166
-1.10393 -1.08139
-1.10446 -1.07966
-1.10352 -1.08236
-1.10501 -1.07875
-1.10364 -1.08105
-1.10426 -1.07977
-1.1031 -1.08101
-1.10326 -1.08042
-1.10374 -1.07877
-1.1028 -1.07937
-1.10253 -1.08164
-1.10323 -1.07888
-1.10189 -1.08077
-1.10237 -1.08028
-1.1031 -1.07973
-1.10026 -1.08114
-1.10457 -1.07748
-1.10069 -1.0808
-1.10128 -1.08072
-1.10218 -1.07799
-1.10137 -1.08202
-1.10189 -1.08082
-1.10105 -1.07755
-1.10314 -1.08104
-1.10168 -1.07837
-1.10182 -1.07825
-1.10111 -1.08144
-1.10242 -1.08055
-1.10032 -1.07929
-1.10272 -1.07855
-1.10141 -1.08108
-1.10338 -1.07846
-1.10141 -1.08081
-1.10082 -1.07881
-1.10031 -1.07998
-1.1028 -1.0807
-1.10077 -1.08133
-1.10243 -1.07762
-1.09888 -1.08121
-1.10283 -1.07939
-1.10096 -1.07848
-1.09953 -1.07963
-1.10208 -1.078
-1.10104 -1.07984
-1.09988 -1.07997
-1.10244 -1.07855
-1.09996 -1.07917
-1.09962 -1.0801
-1.10273 -1.07764
-1.10055 -1.07987
-1.10062 -1.07934
-1.10088 -1.07767
-1.0999 -1.08067
-1.10059 -1.07753
-1.10004 -1.07903
-1.10067 -1.0789
-1.10098 -1.07832
-1.09958 -1.07998
-1.10096 -1.07703
-1.09849 -1.07771
-1.10051 -1.0789
-1.09929 -1.07821
-1.10037 -1.07997
-1.09931 -1.07535
-1.09817 -1.0796
-1.09922 -1.07571
-1.1 -1.07807
-1.09967 -1.07866
-1.09856 -1.07591
-1.09891 -1.07898
-1.10146 -1.0766
-1.09879 -1.07646
-1.09906 -1.07836
-1.10075 -1.07618
-1.09916 -1.0788
-1.09848 -1.0775
-1.1007 -1.07715
-1.09996 -1.07695
-1.09811 -1.07879
-1.09941 -1.0769
-1.09943 -1.0777
-1.09851 -1.07832
-1.09917 -1.07525
-1.0982 -1.07978
-1.09808 -1.07605
-1.09884 -1.07828
-1.09917 -1.07804
-1.10143 -1.07541
-1.09552 -1.08137
-1.10095 -1.07539
-1.0982 -1.07893
-1.10019 -1.07433
-1.09776 -1.07937
-1.09883 -1.0767
-1.10018 -1.0779
-1.09778 -1.07912
-1.09934 -1.07577
-1.09869 -1.08041
-1.09825 -1.07601
-1.09893 -1.07733
-1.09665 -1.07839
-1.09947 -1.07969
-1.09679 -1.07753
-1.0967 -1.07922
-1.09722 -1.07947
-1.09685 -1.07637
-1.09681 -1.08033
-1.09846 -1.07554
-1.0948 -1.07961
-1.09689 -1.07855
-1.09666 -1.0784
-1.09859 -1.07622
-1.09525 -1.07922
-1.09844 -1.07736
-1.09546 -1.07664
-1.09646 -1.07851
-1.0964 -1.07726
-1.09479 -1.07721
-1.09644 -1.07684
-1.09478 -1.07912
-1.09581 -1.07704
-1.09635 -1.0763
-1.09539 -1.07925
-1.09565 -1.07787
-1.0961 -1.07618
-1.09519 -1.07853
-1.09633 -1.07702
-1.09695 -1.07805
-1.09566 -1.07742
-1.09695 -1.07777
-1.09472 -1.07668
-1.09641 -1.07782
-1.09682 -1.07677
-1.0962 -1.07796
-1.09376 -1.07807
-1.09657 -1.07642
-1.09487 -1.07856
-1.09675 -1.07852
-1.09365 -1.07834
-1.09863 -1.07641
-1.09556 -1.07824
-1.09598 -1.07852
-1.09561 -1.07712
-1.0961 -1.07928
-1.09545 -1.07922
-1.09529 -1.07812
-1.09618 -1.07816
-1.09501 -1.07857
-1.09584 -1.07891
-1.09583 -1.078
-1.09458 -1.07823
-1.09435 -1.07783
-1.09513 -1.07751
-1.0949 -1.07941
-1.09532 -1.07781
-1.09465 -1.07841
-1.09389 -1.07722
-1.09766 -1.07753
-1.09279 -1.07798
-1.09578 -1.07649
-1.09408 -1.07675
-1.09638 -1.07594
-1.09317 -1.07914
-1.09716 -1.07471
-1.09279 -1.07854
-1.0945 -1.07617
-1.09478 -1.07695
-1.09616 -1.07613
-1.09412 -1.07592
-1.09437 -1.07531
-1.09433 -1.07692
-1.09535 -1.07612
-1.09315 -1.07711
-1.09458 -1.07529
-1.09545 -1.07559
-1.09275 -1.07731
-1.09637 -1.07393
-1.09359 -1.07739
-1.09482 -1.07497
-1.09451 -1.07617
-1.09454 -1.07383
-1.09422 -1.07565
-1.09168 -1.07713
-1.09578 -1.073
-1.09335 -1.07556
-1.09284 -1.07577
-1.09602 -1.07224
-1.09207 -1.07771
-1.09217 -1.07513
-1.09401 -1.07448
-1.09416 -1.07421
-1.09154 -1.07355
-1.09078 -1.07713
-1.09354 -1.07291
-1.0922 -1.07358
-1.0939 -1.07453
-1.09273 -1.07451
-1.09195 -1.07423
-1.09233 -1.07548
-1.09267 -1.07157
-1.09073 -1.07512
-1.0919 -1.07357
-1.09047 -1.07246
-1.09248 -1.07293
-1.09219 -1.07547
-1.09088 -1.07222
-1.09206 -1.07237
-1.09138 -1.07441
-1.09118 -1.07133
-1.09314 -1.07534
-1.08967 -1.07185
-1.09199 -1.0728
-1.09383 -1.07171
-1.09108 -1.07296
-1.09322 -1.07413
-1.0944 -1.06975
-1.09082 -1.07398
-1.09361 -1.07198
-1.09481 -1.06957
-1.09213 -1.07326
-1.09326 -1.07211
-1.09123 -1.07309
-1.09327 -1.07172
-1.0907 -1.07142
-1.09302 -1.07071
-1.09146 -1.0719
-1.09361 -1.07142
-1.09029 -1.07318
-1.09398 -1.06943
-1.09124 -1.07389
-1.09146 -1.07161
-1.09447 -1.07051
-1.09193 -1.07188
-1.09228 -1.07251
-1.09119 -1.07184
-1.09083 -1.0721
-1.09278 -1.07131
-1.0907 -1.07387
-1.09158 -1.07071
-1.0913 -1.07293
-1.09269 -1.07113
-1.09009 -1.07284
-1.09147 -1.07251
-1.09142 -1.07024
-1.09016 -1.0745
-1.09123 -1.07167
-1.09345 -1.06975
-1.08934 -1.0723
-1.09127 -1.07161
-1.09234 -1.07104
-1.09101 -1.07378
-1.09193 -1.07059
-1.08929 -1.07442
-1.0922 -1.07046
-1.09358 -1.07291
-1.08937 -1.07254
-1.09108 -1.07211
-1.09134 -1.07184
-1.09116 -1.07227
-1.08954 -1.0726
-1.09211 -1.07004
-1.09058 -1.07333
-1.08956 -1.07296
-1.09169 -1.06977
-1.08916 -1.07507
-1.09103 -1.07176
-1.09106 -1.06982
-1.08835 -1.07299
-1.0927 -1.07048
-1.08943 -1.07072
-1.09154 -1.07227
-1.08967 -1.07082
-1.0882 -1.07361
-1.09075 -1.0706
-1.08986 -1.07273
-1.09195 -1.07025
-1.08827 -1.07208
-1.09014 -1.07174
-1.09068 -1.07004
-1.09041 -1.07201
-1.09132 -1.07073
-1.08895 -1.07079
-1.08991 -1.07119
-1.08903 -1.07165
-1.09067 -1.07017
-1.0901 -1.07033
-1.0904 -1.06989
-1.09116 -1.07287
-1.09063 -1.06976
-1.09027 -1.07268
-1.09003 -1.06999
-1.08948 -1.07103
-1.0905 -1.07097
-1.08883 -1.06946
-1.09169 -1.07291
-1.09012 -1.06979
-1.089 -1.07161
-1.09056 -1.06955
-1.09001 -1.07337
-1.0898 -1.07022
-1.09034 -1.06931
-1.08892 -1.073
-1.08846 -1.06933
-1.08914 -1.06995
-1.0898 -1.07016
-1.08907 -1.06986
-1.08858 -1.07166
-1.09073 -1.0671
-1.08777 -1.07281
-1.09016 -1.06785
-1.08887 -1.07061
-1.09027 -1.07011
-1.08877 -1.07046
-1.0909 -1.0672
-1.08818 -1.06941
-1.09053 -1.0689
-1.08943 -1.06949
-1.08805 -1.07122
-1.08989 -1.06782
-1.08995 -1.06857
-1.08857 -1.07037
-1.08965 -1.06804
-1.089 -1.07146
-1.08876 -1.06963
-1.08801 -1.07141
-1.08823 -1.0685
-1.0896 -1.07035
-1.08967 -1.06999
-1.08888 -1.07059
-1.08932 -1.06804
-1.08815 -1.07118
-1.08726 -1.07257
-1.08922 -1.06808
-1.08989 -1.06931
-1.08775 -1.07184
-1.08806 -1.07074
-1.08698 -1.07257
-1.08792 -1.06792
-1.08922 -1.07109
-1.08562 -1.07147
-1.0887 -1.06948
-1.08615 -1.0688
-1.088 -1.07176
-1.08771 -1.06926
-1.08807 -1.0686
-1.08528 -1.06985
-1.0894 -1.06838
-1.08602 -1.06936
-1.08715 -1.07049
-1.08764 -1.06763
-1.08527 -1.06969
-1.08812 -1.06929
-1.08789 -1.06755
-1.08575 -1.07101
-1.08671 -1.06716
-1.08507 -1.07139
-1.08782 -1.06733
-1.08821 -1.068
-1.08442 -1.07032
-1.08848 -1.06857
-1.08584 -1.06869
-1.08612 -1.07049
-1.08847 -1.0677
-1.08341 -1.07037
-1.08773 -1.06961
-1.08691 -1.06666
-1.08503 -1.06908
-1.08722 -1.07102
-1.0884 -1.06683
-1.08583 -1.0706
-1.08751 -1.06762
-1.087 -1.06991
-1.08721 -1.06794
-1.08725 -1.06967
-1.0874 -1.06814
-1.08664 -1.07038
-1.08611 -1.06714
-1.08861 -1.06844
-1.08605 -1.06956
-1.08693 -1.06742
-1.08457 -1.06987
-1.08763 -1.06651
-1.08567 -1.06965
-1.08641 -1.06868
-1.08662 -1.06794
-1.08828 -1.06631
-1.08554 -1.07081
-1.08779 -1.06586
-1.08816 -1.06699
-1.08626 -1.06946
-1.08785 -1.06703
-1.08593 -1.07019
-1.08926 -1.06428
-1.08577 -1.06936
-1.08858 -1.06741
-1.08752 -1.06653
-1.08502 -1.06816
-1.08784 -1.06695
-1.08714 -1.06623
-1.08706 -1.06868
-1.08687 -1.06761
-1.08577 -1.06718
-1.08765 -1.06558
-1.0847 -1.06993
-1.0871 -1.06526
-1.08432 -1.06696
-1.08763 -1.06752
-1.08578 -1.06683
-1.08524 -1.06798
-1.08597 -1.06673
-1.08534 -1.0656
-1.08501 -1.06692
-1.08596 -1.06738
-1.08561 -1.06732
-1.08576 -1.06552
-1.08636 -1.0659
-1.08479 -1.06674
-1.08625 -1.06757
-1.0856 -1.06687
-1.08481 -1.06756
-1.08581 -1.06576
-1.08434 -1.0673
-1.08838 -1.06577
-1.0839 -1.06637
-1.08391 -1.06769
-1.08743 -1.06425
-1.08424 -1.06776
-1.08617 -1.06667
-1.08533 -1.06512
-1.0835 -1.06725
-1.0865 -1.0651
-1.08581 -1.0656
-1.08376 -1.06411
-1.08585 -1.06451
-1.08565 -1.06643
-1.085 -1.06317
-1.08334 -1.06561
-1.0854 -1.06542
-1.08489 -1.06734
-1.08432 -1.06369
-1.0832 -1.06567
-1.0842 -1.06481
-1.08282 -1.06626
-1.08546 -1.06344
-1.08457 -1.06481
-1.08273 -1.06752
-1.08572 -1.06386
-1.08288 -1.06511
-1.08473 -1.06487
-1.08512 -1.06419
-1.08427 -1.06431
-1.08403 -1.06638
-1.08338 -1.06445
-1.08414 -1.06367
-1.08483 -1.06618
-1.08515 -1.0644
-1.08529 -1.06405
-1.08298 -1.06553
-1.08513 -1.06199
-1.08277 -1.06562
-1.08339 -1.06587
-1.08449 -1.0637
-1.0834 -1.06415
-1.08278 -1.06586
-1.08333 -1.06437
-1.08385 -1.06268
-1.08324 -1.06679
-1.08358 -1.06233
-1.08272 -1.06664
-1.08328 -1.06416
-1.08388 -1.06263
-1.08188 -1.06486
-1.08306 -1.06386
-1.08348 -1.06363
-1.08358 -1.06413
-1.08219 -1.06299
-1.08453 -1.06307
-1.08147 -1.06429
-1.08459 -1.06297
-1.08255 -1.06198
-1.08085 -1.06445
-1.08568 -1.06147
-1.08176 -1.06386
-1.08227 -1.06158
-1.08453 -1.06158
-1.08172 -1.06326
-1.08352 -1.06041
-1.08386 -1.06468
-1.08178 -1.06127
-1.08251 -1.06179
-1.08229 -1.06291
-1.08375 -1.06107
-1.08096 -1.06428
-1.08386 -1.05877
-1.08178 -1.06161
-1.08216 -1.06271
-1.08194 -1.06173
-1.08307 -1.06166
-1.08108 -1.06206
-1.08311 -1.06177
-1.08113 -1.06179
-1.0808 -1.06183
-1.08417 -1.06162
-1.08018 -1.06213
-1.08435 -1.06173
-1.08033 -1.06302
-1.08489 -1.0583
-1.08173 -1.06512
-1.08197 -1.05986
-1.08064 -1.06254
-1.08272 -1.05937
-1.08041 -1.06341
-1.08203 -1.06066
-1.08238 -1.06127
-1.08188 -1.06061
-1.08098 -1.06245
-1.08116 -1.06213
-1.0819 -1.0596
-1.07952 -1.06335
-1.0824 -1.05893
-1.07995 -1.0632
-1.08113 -1.06008
-1.08081 -1.0619
-1.08031 -1.06278
-1.08062 -1.06126
-1.0819 -1.06034
-1.08125 -1.06206
-1.08173 -1.06195
-1.08193 -1.06116
-1.08173 -1.06153
-1.08195 -1.06089
-1.08169 -1.06205
-1.08107 -1.06266
-1.08395 -1.0621
-1.08044 -1.06107
-1.082 -1.06092
-1.0819 -1.06102
-1.08166 -1.0596
-1.08102 -1.06271
-1.08174 -1.06112
-1.08128 -1.06062
-1.08105 -1.06252
-1.08002 -1.06099
-1.08157 -1.06319
-1.0806 -1.06072
-1.08357 -1.061
-1.07881 -1.06223
-1.08227 -1.05939
-1.08143 -1.06281
-1.08109 -1.06109
-1.0823 -1.06191
-1.08116 -1.06044
-1.08174 -1.06176
-1.08102 -1.06068
-1.08166 -1.06193
-1.08121 -1.05995
-1.08243 -1.0602
-1.08164 -1.06131
-1.08228 -1.06264
-1.08195 -1.06
-1.0823 -1.05977
-1.08266 -1.06059
-1.08183 -1.06134
-1.08268 -1.0601
-1.0828 -1.05889
-1.08112 -1.06167
-1.08137 -1.06214
-1.08374 -1.05832
-1.08044 -1.06307
-1.08297 -1.05926
-1.08177 -1.06055
-1.08143 -1.0604
-1.08342 -1.05998
-1.08085 -1.06048
-1.08254 -1.05834
-1.08103 -1.06192
-1.08238 -1.05748
-1.07966 -1.06208
-1.08294 -1.05824
-1.07969 -1.0611
-1.08231 -1.05961
-1.08156 -1.06075
-1.08085 -1.06086
-1.08159 -1.05973
-1.08178 -1.05934
-1.08226 -1.05866
-1.08014 -1.06127
-1.08096 -1.06022
-1.08126 -1.06013
-1.08021 -1.0614
-1.08135 -1.05871
-1.08088 -1.05915
-1.08018 -1.06063
-1.0804 -1.05818
-1.08144 -1.06157
-1.08085 -1.06146
-1.08091 -1.05868
-1.07837 -1.06184
-1.08256 -1.05913
-1.08015 -1.05955
-1.08174 -1.05919
-1.08089 -1.05962
-1.07804 -1.06205
-1.08225 -1.05883
-1.07808 -1.06154
-1.08145 -1.05754
-1.08164 -1.05809
-1.08001 -1.05956
-1.08042 -1.05739
-1.0811 -1.05942
-1.08049 -1.06076
-1.08158 -1.05862
-1.08013 -1.05873
-1.08056 -1.05928
-1.0814 -1.05816
-1.07958 -1.05861
-1.08084 -1.05874
-1.07958 -1.05912
-1.08238 -1.05494
-1.07956 -1.05929
-1.08016 -1.0599
-1.08117 -1.05649
-1.07822 -1.06004
-1.08206 -1.05589
-1.07948 -1.05876
-1.08004 -1.05911
-1.07994 -1.05515
-1.08 -1.06029
-1.08041 -1.05691
-1.0825 -1.05796
-1.07885 -1.05902
-1.07975 -1.05787
-1.08073 -1.0555
-1.08029 -1.05976
-1.079 -1.05621
-1.07848 -1.05829
-1.08211 -1.05594
-1.07916 -1.0588
-1.07983 -1.05736
-1.08082 -1.05743
-1.07854 -1.05819
-1.08129 -1.05826
-1.07985 -1.05629
-1.0804 -1.0579
-1.07997 -1.05712
-1.08033 -1.05754
-1.07828 -1.0578
-1.08087 -1.05772
-1.0799 -1.05627
-1.07912 -1.05739
-1.08029 -1.05816
-1.08008 -1.05702
-1.08019 -1.05793
-1.0788 -1.05656
-1.08032 -1.05774
-1.08076 -1.05659
-1.07958 -1.05701
-1.07966 -1.05721
-1.07811 -1.05818
-1.08071 -1.05498
-1.07891 -1.0593
-1.07845 -1.05765
-1.07906 -1.05705
-1.07992 -1.05598
-1.07821 -1.05942
-1.07862 -1.05703
-1.0774 -1.05771
-1.07878 -1.06066
-1.08113 -1.05387
-1.07826 -1.06066
-1.07949 -1.05707
-1.07971 -1.05666
-1.07823 -1.06022
-1.08053 -1.0557
-1.07912 -1.05858
-1.07834 -1.05789
-1.07971 -1.05741
-1.07858 -1.05935
-1.08003 -1.05666
-1.0797 -1.05915
-1.07753 -1.05858
-1.08091 -1.05669
-1.0786 -1.05735
-1.07961 -1.05857
-1.0784 -1.05811
-1.07863 -1.05582
-1.08038 -1.05695
-1.07693 -1.05868
-1.08054 -1.05595
-1.0793 -1.05851
-1.07838 -1.05593
-1.07962 -1.05801
-1.07775 -1.05647
-1.08015 -1.05643
-1.07957 -1.0583
-1.07724 -1.0578
-1.07986 -1.05751
-1.0803 -1.05602
-1.07625 -1.05917
-1.07939 -1.05601
-1.07759 -1.05708
-1.07925 -1.05492
-1.0783 -1.05847
-1.07749 -1.05665
-1.07789 -1.05711
-1.0789 -1.05517
-1.07785 -1.05732
-1.07904 -1.05713
-1.07861 -1.05576
-1.08052 -1.05551
-1.07685 -1.05727
-1.0801 -1.05443
-1.07759 -1.05757
-1.07975 -1.0532
-1.07782 -1.05597
-1.07818 -1.05702
-1.07704 -1.05652
-1.07898 -1.05603
-1.07731 -1.05515
-1.07715 -1.05761
-1.0785 -1.05513
-1.07877 -1.05665
-1.07704 -1.05765
-1.08033 -1.05407
-1.07673 -1.05658
-1.07822 -1.05526
-1.0792 -1.05594
-1.07771 -1.05545
-1.07823 -1.05708
-1.07764 -1.055
-1.07687 -1.05642
-1.0797 -1.05405
-1.07696 -1.05601
-1.07826 -1.0572
-1.07989 -1.05401
-1.07592 -1.05569
-1.07987 -1.05542
-1.07688 -1.05605
-1.07966 -1.05205
-1.07632 -1.05716
-1.07944 -1.05448
-1.07864 -1.05543
-1.07703 -1.05516
-1.07913 -1.05429
-1.07917 -1.05372
-1.07621 -1.05542
-1.07791 -1.05535
-1.07818 -1.05478
-1.07754 -1.05526
-1.07849 -1.053
-1.07602 -1.05608
-1.07844 -1.05431
-1.0771 -1.05645
-1.07925 -1.05485
-1.07575 -1.05713
-1.08059 -1.05281
-1.07636 -1.0554
-1.0773 -1.05631
-1.07943 -1.05271
-1.07716 -1.05626
-1.07786 -1.05327
-1.07671 -1.0544
-1.07718 -1.05517
-1.07678 -1.05488
-1.07805 -1.05201
-1.07614 -1.0563
-1.07899 -1.05351
-1.07731 -1.05343
-1.07555 -1.05529
-1.07775 -1.05229
-1.07647 -1.05424
-1.07709 -1.05522
-1.07595 -1.05268
-1.07644 -1.05486
-1.07529 -1.05331
-1.07831 -1.05363
-1.07466 -1.05507
-1.07801 -1.05209
-1.07664 -1.05333
-1.07346 -1.05524
-1.07755 -1.05205
-1.07666 -1.0522
-1.07526 -1.05388
-1.07445 -1.05377
-1.07655 -1.05138
-1.07602 -1.05254
-1.0739 -1.05266
-1.07558 -1.05278
-1.0756 -1.05259
-1.07477 -1.05069
-1.07574 -1.05517
-1.07565 -1.05281
-1.07302 -1.05163
-1.07563 -1.05372
-1.07486 -1.0513
-1.07618 -1.05373
-1.07455 -1.05264
-1.0764 -1.05163
-1.0758 -1.0533
-1.07533 -1.05165
-1.07442 -1.05187
-1.07454 -1.05335
-1.07537 -1.05296
-1.07432 -1.05156
-1.07448 -1.05303
-1.07627 -1.05223
-1.07622 -1.0502
-1.07272 -1.05496
-1.07636 -1.05118
-1.07375 -1.05323
-1.0771 -1.05163
-1.07463 -1.05349
-1.07545 -1.05232
-1.07515 -1.05104
-1.07396 -1.05018
-1.07409 -1.05453
-1.07611 -1.05039
-1.0739 -1.05126
-1.07457 -1.05246
-1.07549 -1.05054
-1.07419 -1.05266
-1.07455 -1.05003
-1.07412 -1.05369
-1.07379 -1.04967
-1.07343 -1.05144
-1.07603 -1.05166
-1.07263 -1.05188
-1.07403 -1.05164
-1.07463 -1.05106
-1.0742 -1.04988
-1.07355 -1.05151
-1.07349 -1.05206
-1.07322 -1.04997
-1.07413 -1.05058
-1.07173 -1.05156
-1.07389 -1.04912
-1.07256 -1.05189
-1.07242 -1.04955
-1.07291 -1.04982
-1.07188 -1.05076
-1.07325 -1.05103
-1.07244 -1.05081
-1.07459 -1.04858
-1.07118 -1.05117
-1.07299 -1.0499
-1.0726 -1.04935
-1.07355 -1.04965
-1.07277 -1.04874
-1.07402 -1.05033
-1.0728 -1.05066
-1.07259 -1.04899
-1.0726 -1.0484
-1.07296 -1.05043
-1.07226 -1.05009
-1.07206 -1.05089
-1.07332 -1.04847
-1.07287 -1.05113
-1.07226 -1.05055
-1.07306 -1.04944
-1.07252 -1.05028
-1.07185 -1.05029
-1.07317 -1.04981
-1.07169 -1.04917
-1.07337 -1.04782
-1.07132 -1.05184
-1.07336 -1.04756
-1.07275 -1.0502
-1.07172 -1.05061
-1.0738 -1.04829
-1.07424 -1.04962
-1.07134 -1.05015
-1.07173 -1.05092
-1.07262 -1.0506
-1.0746 -1.049
-1.07097 -1.05072
-1.07248 -1.05046
-1.07306 -1.04828
-1.07139 -1.05067
-1.07446 -1.04924
-1.07377 -1.04914
-1.07146 -1.05102
-1.07251 -1.04931
-1.07524 -1.04863
-1.07165 -1.05033
-1.07311 -1.04825
-1.07245 -1.05083
-1.07393 -1.04708
-1.07161 -1.04861
-1.0739 -1.05038
-1.07219 -1.04728
-1.07234 -1.04861
-1.0724 -1.04894
-1.0738 -1.04769
-1.07184 -1.04869
-1.07304 -1.04838
-1.07277 -1.04786
-1.07216 -1.05065
-1.07181 -1.04746
-1.07229 -1.04904
-1.07192 -1.04819
-1.07165 -1.04947
-1.07293 -1.04683
-1.07192 -1.04926
-1.07179 -1.04872
-1.07132 -1.04845
-1.07333 -1.04893
-1.07212 -1.04864
-1.07103 -1.04979
-1.07416 -1.04642
-1.07249 -1.04739
-1.0724 -1.05057
-1.0733 -1.04587
-1.07222 -1.04982
-1.07294 -1.04715
-1.07293 -1.04739
-1.07141 -1.04846
-1.07283 -1.0475
-1.07245 -1.04694
-1.07053 -1.04711
-1.07286 -1.04787
-1.07283 -1.04585
-1.06991 -1.04937
-1.07424 -1.04734
-1.07069 -1.04852
-1.07194 -1.04491
-1.06878 -1.04999
-1.07234 -1.04545
-1.07253 -1.04687
-1.06809 -1.04898
-1.0724 -1.045
-1.0708 -1.04685
-1.0704 -1.04662
-1.07063 -1.04606
-1.07059 -1.0459
-1.07006 -1.0461
-1.07106 -1.04512
-1.06964 -1.04669
-1.06973 -1.04603
-1.07154 -1.0446
-1.06926 -1.04465
-1.07198 -1.0462
-1.06885 -1.04616
-1.07133 -1.04389
-1.06949 -1.04624
-1.07188 -1.04522
-1.07079 -1.0451
-1.06965 -1.04754
-1.0704 -1.04277
-1.07054 -1.04615
-1.06961 -1.04479
-1.07186 -1.04615
-1.06931 -1.04486
-1.06849 -1.04656
-1.06905 -1.04565
-1.07231 -1.04322
-1.06786 -1.04487
-1.06776 -1.0478
-1.07219 -1.04031
-1.06855 -1.04779
-1.06963 -1.04472
-1.06958 -1.04278
-1.06911 -1.04623
-1.06958 -1.04338
-1.06825 -1.04571
-1.0696 -1.04435
-1.06867 -1.04456
-1.06851 -1.04287
-1.06789 -1.04594
-1.06994 -1.04351
-1.0698 -1.04261
-1.06848 -1.04556
-1.06739 -1.04523
-1.07136 -1.04129
-1.06872 -1.04607
-1.06946 -1.04223
-1.06768 -1.04468
-1.07016 -1.04358
-1.0691 -1.04231
-1.07005 -1.04318
-1.06824 -1.04438
-1.06889 -1.04322
-1.07016 -1.04276
-1.06665 -1.04473
-1.07075 -1.04249
-1.06869 -1.04324
-1.06915 -1.04419
-1.06848 -1.04265
-1.06948 -1.04471
-1.06863 -1.04421
-1.06954 -1.04243
-1.06757 -1.04396
-1.06937 -1.04217
-1.0695 -1.0433
-1.06825 -1.04408
-1.0695 -1.04371
-1.06935 -1.04252
-1.07043 -1.04491
-1.07038 -1.04284
-1.0685 -1.04497
-1.07033 -1.04364
-1.06793 -1.04434
-1.07073 -1.04321
-1.06858 -1.04438
-1.07027 -1.04333
-1.06858 -1.04353
-1.06967 -1.04293
-1.06862 -1.04449
-1.06986 -1.04318
-1.06707 -1.04404
-1.07023 -1.04299
-1.06942 -1.04363
-1.06976 -1.04196
-1.06816 -1.04556
-1.06923 -1.04308
-1.06966 -1.04171
-1.06842 -1.04461
-1.06838 -1.04405
-1.07161 -1.04127
-1.0675 -1.04339
-1.06993 -1.04409
-1.06776 -1.04306
-1.07095 -1.04171
-1.06674 -1.04428
-1.06944 -1.04314
-1.07011 -1.04084
-1.06858 -1.04358
-1.06842 -1.04192
-1.06923 -1.0437
-1.06939 -1.0395
-1.06763 -1.04326
-1.0688 -1.0413
-1.06989 -1.04114
-1.06819 -1.04185
-1.06771 -1.04213
-1.06909 -1.04217
-1.07026 -1.0395
-1.06611 -1.04291
-1.06771 -1.04167
-1.069 -1.0414
-1.06905 -1.04001
-1.06651 -1.04449
-1.06728 -1.04255
-1.06835 -1.03947
-1.06631 -1.04292
-1.06617 -1.04036
-1.06872 -1.04141
-1.06721 -1.04116
-1.06642 -1.04169
-1.06807 -1.0421
-1.0669 -1.04031
-1.06673 -1.0406
-1.06598 -1.04269
-1.06953 -1.03957
-1.06587 -1.0429
-1.06662 -1.04132
-1.06868 -1.04114
-1.06633 -1.0406
-1.06762 -1.04189
-1.06662 -1.03946
-1.06811 -1.03919
-1.0657 -1.04289
-1.06756 -1.03825
-1.06675 -1.0397
-1.06636 -1.03863
-1.06623 -1.04174
-1.06519 -1.03985
-1.06936 -1.03772
-1.06423 -1.04162
-1.06839 -1.03774
-1.0664 -1.04155
-1.06594 -1.04011
-1.0662 -1.03809
-1.06554 -1.03931
-1.06616 -1.03926
-1.06472 -1.03959
-1.06499 -1.03952
-1.06719 -1.03722
-1.0634 -1.04229
-1.06812 -1.03528
-1.06379 -1.04069
-1.06671 -1.03849
-1.06466 -1.04003
-1.06707 -1.03936
-1.066 -1.03851
-1.0652 -1.03877
-1.06598 -1.03936
-1.06586 -1.03888
-1.0658 -1.0395
-1.06587 -1.03961
-1.06803 -1.03735
-1.06468 -1.04103
-1.0658 -1.03812
-1.06635 -1.03855
-1.06406 -1.04101
-1.06604 -1.03686
-1.06499 -1.04031
-1.0655 -1.0396
-1.06563 -1.04083
-1.06507 -1.03812
-1.06451 -1.03985
-1.06605 -1.03836
-1.06551 -1.03842
-1.06428 -1.04188
-1.06549 -1.03761
-1.06546 -1.03925
-1.06447 -1.03862
-1.06589 -1.0378
-1.06543 -1.0393
-1.06477 -1.03927
-1.06384 -1.03779
-1.06673 -1.03986
-1.06549 -1.03868
-1.06254 -1.03982
-1.06661 -1.03647
-1.06488 -1.04078
-1.06495 -1.03746
-1.06522 -1.03831
-1.06537 -1.03978
-1.06404 -1.03863
-1.06407 -1.03915
-1.06637 -1.03815
-1.06375 -1.03807
-1.06523 -1.03837
-1.06393 -1.03945
-1.06615 -1.03904
-1.06467 -1.03775
-1.06598 -1.03814
-1.06408 -1.03989
-1.06564 -1.03684
-1.06503 -1.03911
-1.06387 -1.03983
-1.06678 -1.03734
-1.06434 -1.03757
-1.06369 -1.0393
-1.06396 -1.03991
-1.06522 -1.03734
-1.06494 -1.03729
-1.06443 -1.0376
-1.06393 -1.03949
-1.06458 -1.03758
-1.06591 -1.03637
-1.06531 -1.0382
-1.06408 -1.03638
-1.06492 -1.03831
-1.06574 -1.03614
-1.06455 -1.03653
-1.06354 -1.03812
-1.06366 -1.03641
-1.06353 -1.03871
-1.06456 -1.03653
-1.064 -1.03449
-1.06503 -1.03751
-1.06376 -1.03692
-1.06492 -1.03595
-1.06459 -1.03607
-1.06271 -1.03841
-1.06511 -1.03544
-1.0634 -1.03619
-1.06537 -1.0362
-1.06374 -1.03792
-1.06422 -1.03511
-1.06643 -1.03622
-1.06254 -1.03584
-1.06415 -1.03695
-1.06417 -1.0366
-1.06367 -1.03607
-1.06411 -1.03641
-1.0649 -1.03622
-1.06176 -1.03667
-1.06576 -1.03627
-1.06373 -1.03482
-1.06328 -1.03742
-1.063 -1.03696
-1.06525 -1.03259
-1.0625 -1.03897
-1.06386 -1.03495
-1.06571 -1.03402
-1.06317 -1.03594
-1.06435 -1.03678
-1.06536 -1.03546
-1.06356 -1.03559
-1.06578 -1.0348
-1.0632 -1.03625
-1.06457 -1.03446
-1.06418 -1.03536
-1.06597 -1.03437
-1.06373 -1.03518
-1.06433 -1.03617
-1.06662 -1.03385
-1.06124 -1.03703
-1.06642 -1.03242
-1.06441 -1.03697
-1.06357 -1.0344
-1.06692 -1.03268
-1.06275 -1.03659
-1.0668 -1.03457
-1.06461 -1.03517
-1.06458 -1.03327
-1.06516 -1.03492
-1.06506 -1.03512
-1.064 -1.03466
-1.06496 -1.03486
-1.06666 -1.0346
-1.06447 -1.03385
-1.06429 -1.03647
-1.06481 -1.03362
-1.06501 -1.03433
-1.06543 -1.03542
-1.0653 -1.03324
-1.06462 -1.03582
-1.06652 -1.03363
-1.0648 -1.03507
-1.06536 -1.0356
-1.0655 -1.03277
-1.06489 -1.03571
-1.06526 -1.03354
-1.06532 -1.03576
-1.0678 -1.03283
-1.06315 -1.0357
-1.06591 -1.03372
-1.06474 -1.03482
-1.06412 -1.03359
-1.06371 -1.03602
-1.06658 -1.03258
-1.0649 -1.03524
-1.06294 -1.0346
-1.06576 -1.03308
-1.06422 -1.0338
-1.06378 -1.03536
-1.06527 -1.0329
-1.06518 -1.03327
-1.06228 -1.03477
-1.06542 -1.0316
-1.06246 -1.03464
-1.06529 -1.03379
-1.06369 -1.03197
-1.06352 -1.03363
-1.06647 -1.03335
-1.06325 -1.03523
-1.06442 -1.03376
-1.06581 -1.0324
-1.0635 -1.03438
-1.06744 -1.03354
-1.06239 -1.03378
-1.06531 -1.03253
-1.06473 -1.03565
-1.06448 -1.03239
-1.06462 -1.03323
-1.06523 -1.03468
-1.06563 -1.03245
-1.06261 -1.03548
-1.06489 -1.03169
-1.06487 -1.03463
-1.06293 -1.03279
-1.06465 -1.03295
-1.06193 -1.03458
-1.0639 -1.03221
-1.06438 -1.03347
-1.06354 -1.03343
-1.06474 -1.03156
-1.06094 -1.03423
-1.0648 -1.03253
-1.06261 -1.03177
-1.06292 -1.03357
-1.06306 -1.0337
-1.06213 -1.03183
-1.06407 -1.03243
-1.062 -1.03397
-1.06437 -1.03136
-1.0626 -1.0331
-1.06255 -1.03142
-1.06228 -1.03224
-1.06393 -1.03017
-1.06206 -1.03258
-1.06353 -1.03215
-1.062 -1.03086
-1.06124 -1.03203
-1.061 -1.03221
-1.06479 -1.03088
-1.06035 -1.03304
-1.06272 -1.03055
-1.06099 -1.03199
-1.06253 -1.03012
-1.06169 -1.03352
-1.06325 -1.02996
-1.0617 -1.03097
-1.06096 -1.03247
-1.06415 -1.02759
-1.06007 -1.0343
-1.06486 -1.0282
-1.06206 -1.03133
-1.06281 -1.0312
-1.06052 -1.03082
-1.06341 -1.0307
-1.0624 -1.03057
-1.062 -1.03178
-1.06221 -1.03129
-1.06278 -1.0304
-1.06196 -1.03083
-1.06346 -1.0317
-1.06228 -1.03189
-1.06208 -1.02972
-1.06278 -1.02958
-1.06185 -1.03297
-1.06167 -1.03236
-1.06258 -1.02851
-1.0611 -1.03065
-1.06149 -1.03137
-1.06295 -1.0305
-1.06133 -1.03135
-1.05992 -1.03088
-1.06292 -1.03007
-1.06057 -1.03315
-1.06108 -1.02958
-1.0606 -1.03131
-1.05938 -1.03184
-1.06259 -1.03029
-1.0612 -1.03024
-1.0595 -1.03155
-1.06118 -1.03155
-1.06136 -1.02941
-1.06068 -1.03087
-1.0604 -1.03074
-1.06125 -1.02964
-1.06236 -1.02912
-1.0613 -1.03167
-1.06075 -1.02981
-1.06175 -1.02964
-1.06179 -1.03018
-1.06083 -1.03127
-1.06278 -1.02804
-1.05926 -1.03194
-1.06254 -1.02786
-1.06191 -1.02955
-1.06182 -1.03041
-1.06062 -1.0294
-1.06314 -1.03053
-1.05961 -1.02915
-1.06394 -1.02894
-1.0583 -1.03198
-1.06305 -1.02722
-1.06083 -1.02948
-1.05994 -1.03082
-1.06062 -1.02886
-1.06154 -1.03055
-1.06104 -1.02708
-1.06017 -1.03128
-1.06024 -1.03039
-1.06105 -1.02849
-1.05833 -1.034
-1.06175 -1.02595
-1.06041 -1.03022
-1.05859 -1.03153
-1.06127 -1.0281
-1.06008 -1.03148
-1.06046 -1.02802
-1.05892 -1.03115
-1.06046 -1.02895
-1.06008 -1.03026
-1.06032 -1.03042
-1.05821 -1.03065
-1.06198 -1.02883
-1.05984 -1.03168
-1.05972 -1.02954
-1.06079 -1.02945
-1.06109 -1.03118
-1.06019 -1.03105
-1.06162 -1.02904
-1.06129 -1.03022
-1.05973 -1.03041
-1.0617 -1.0293
-1.05999 -1.03208
-1.06056 -1.03116
-1.06246 -1.02952
-1.05874 -1.03047
-1.06046 -1.03337
-1.06173 -1.0291
-1.05922 -1.03062
-1.06113 -1.03125
-1.05941 -1.0309
-1.06174 -1.03096
-1.05991 -1.02993
-1.06131 -1.03221
-1.06046 -1.03055
-1.06141 -1.0306
-1.06015 -1.0292
-1.05887 -1.03257
-1.06029 -1.02949
-1.05982 -1.03171
-1.06026 -1.03024
-1.06173 -1.02965
-1.05786 -1.03247
-1.06148 -1.02871
-1.05993 -1.03101
-1.05947 -1.03117
-1.05872 -1.0306
-1.06011 -1.03049
-1.05988 -1.0299
-1.05854 -1.03278
-1.06198 -1.02918
-1.05881 -1.03112
-1.05955 -1.03153
-1.06241 -1.02856
-1.05847 -1.03246
-1.0615 -1.02848
-1.05969 -1.03008
-1.06058 -1.03186
-1.05975 -1.03067
-1.05904 -1.03058
-1.06094 -1.02979
-1.05974 -1.03144
-1.06222 -1.02797
-1.05773 -1.0328
-1.0591 -1.03044
-1.0609 -1.02951
-1.05975 -1.03216
-1.05834 -1.03236
-1.05992 -1.02885
-1.05903 -1.03005
-1.0574 -1.03243
-1.05982 -1.02745
-1.05789 -1.0337
-1.05967 -1.02774
-1.05833 -1.03028
-1.05781 -1.03038
-1.05924 -1.02915
-1.05689 -1.02968
-1.05905 -1.02922
-1.05746 -1.03107
-1.05833 -1.02817
-1.05888 -1.02939
-1.05729 -1.03061
-1.05905 -1.02811
-1.05518 -1.03235
-1.0575 -1.02781
-1.05804 -1.02971
-1.05719 -1.02933
-1.05634 -1.02912
-1.05726 -1.02987
-1.05873 -1.02981
-1.05386 -1.03187
-1.05991 -1.02587
-1.05479 -1.03164
-1.05766 -1.02932
-1.05635 -1.03011
-1.05682 -1.02829
-1.05711 -1.03077
-1.05634 -1.02851
-1.0553 -1.03019
-1.05753 -1.02847
-1.057 -1.02984
-1.05735 -1.02859
-1.05576 -1.03054
-1.05656 -1.03101
-1.05743 -1.02725
-1.05705 -1.02882
-1.05437 -1.03191
-1.05753 -1.02956
-1.05868 -1.02808
-1.05419 -1.03094
-1.05635 -1.02903
-1.05834 -1.02895
-1.05563 -1.03243
-1.05717 -1.02725
-1.0557 -1.03009
-1.05672 -1.02932
-1.05659 -1.02892
-1.05648 -1.03047
-1.05726 -1.0292
-1.05589 -1.02817
-1.05484 -1.03223
-1.05703 -1.02802
-1.05526 -1.02853
-1.05537 -1.02839
-1.05744 -1.03022
-1.05513 -1.02741
-1.05587 -1.02979
-1.05536 -1.02762
-1.05483 -1.02885
-1.05576 -1.02744
-1.05598 -1.0302
-1.05449 -1.02835
-1.0544 -1.02855
-1.05651 -1.0288
-1.05397 -1.03084
-1.05537 -1.02819
-1.0544 -1.03111
-1.05555 -1.02783
-1.05529 -1.02722
-1.05435 -1.03081
-1.05543 -1.02758
-1.05494 -1.02803
-1.05488 -1.02994
-1.05493 -1.02869
-1.05507 -1.02683
-1.05445 -1.0289
-1.0545 -1.02943
-1.05536 -1.028
-1.05481 -1.02794
-1.05358 -1.02974
-1.05538 -1.02727
-1.05595 -1.02899
-1.05268 -1.02971
-1.05573 -1.02713
-1.05525 -1.02791
-1.05412 -1.02921
-1.05427 -1.03039
-1.05564 -1.02592
-1.05348 -1.0298
-1.05562 -1.02923
-1.05524 -1.02834
-1.05268 -1.02951
-1.05695 -1.02772
-1.05321 -1.02949
-1.05552 -1.0265
-1.0544 -1.02879
-1.05581 -1.02713
-1.05337 -1.03052
-1.05602 -1.02441
-1.05409 -1.03036
-1.05653 -1.02609
-1.05482 -1.02869
-1.05435 -1.0281
-1.05553 -1.02664
-1.05479 -1.02886
-1.05637 -1.02664
-1.05537 -1.02756
-1.05469 -1.02731
-1.05573 -1.02763
-1.05436 -1.02727
-1.05465 -1.02816
-1.05674 -1.0269
-1.05579 -1.02666
-1.05354 -1.0289
-1.05728 -1.02558
-1.05596 -1.02588
-1.05497 -1.02767
-1.05401 -1.02735
-1.05635 -1.02525
-1.05355 -1.02707
-1.0551 -1.02624
-1.05531 -1.0271
-1.05416 -1.02591
-1.05537 -1.02775
-1.05506 -1.02519
-1.05522 -1.02812
-1.05443 -1.02674
-1.05643 -1.02472
-1.05381 -1.02534
-1.05415 -1.02826
-1.0566 -1.02292
-1.05424 -1.02628
-1.05388 -1.02745
-1.05561 -1.02671
-1.05393 -1.02591
-1.05583 -1.02533
-1.05342 -1.02735
-1.05501 -1.02491
-1.05402 -1.02777
-1.0555 -1.02512
-1.05395 -1.02569
-1.05221 -1.02665
-1.05635 -1.02721
-1.05295 -1.02343
-1.05329 -1.0268
-1.05471 -1.02729
-1.05374 -1.02311
-1.05288 -1.02778
-1.05439 -1.02443
-1.05391 -1.02494
-1.05357 -1.02642
-1.05317 -1.02605
-1.05362 -1.02479
-1.05305 -1.02532
-1.05334 -1.02519
-1.05359 -1.02493
-1.05192 -1.02697
-1.05428 -1.02375
-1.05242 -1.02435
-1.05129 -1.02798
-1.05445 -1.02615
-1.05355 -1.02333
-1.05085 -1.02712
-1.05306 -1.02524
-1.05362 -1.02441
-1.05172 -1.02844
-1.0534 -1.02179
-1.05243 -1.02766
-1.05353 -1.02288
-1.05359 -1.02542
-1.05286 -1.02615
-1.05306 -1.02392
-1.05351 -1.02519
-1.05373 -1.02514
-1.05248 -1.02688
-1.05405 -1.02395
-1.05093 -1.0275
-1.05389 -1.02392
-1.05374 -1.02325
-1.05282 -1.02524
-1.05255 -1.02548
-1.05216 -1.02501
-1.05239 -1.02409
-1.0538 -1.02453
-1.05122 -1.02451
-1.05195 -1.02552
-1.05254 -1.02448
-1.05091 -1.0255
-1.05274 -1.02397
-1.05038 -1.02703
-1.05287 -1.02301
-1.05126 -1.02608
-1.05139 -1.02345
-1.05356 -1.02434
-1.05176 -1.0244
-1.05289 -1.02417
-1.05218 -1.02333
-1.05215 -1.02607
-1.05209 -1.02347
-1.05217 -1.02328
-1.05135 -1.02466
-1.05308 -1.02321
-1.05118 -1.02466
-1.05129 -1.02259
-1.05308 -1.02424
-1.05238 -1.02339
-1.05215 -1.02409
-1.0514 -1.02342
-1.05314 -1.02518
-1.05233 -1.02356
-1.05174 -1.02169
-1.05203 -1.02551
-1.05116 -1.02411
-1.05309 -1.02267
-1.05134 -1.0221
-1.05204 -1.02622
-1.05353 -1.02173
-1.04965 -1.02446
-1.05236 -1.02462
-1.05282 -1.02212
-1.05212 -1.02301
-1.05074 -1.02509
-1.05266 -1.02243
-1.05139 -1.02196
-1.0516 -1.02381
-1.05142 -1.02257
-1.05217 -1.02417
-1.05097 -1.02133
-1.05238 -1.02383
-1.0513 -1.02287
-1.05067 -1.02422
-1.05271 -1.02187
-1.05003 -1.02429
-1.05342 -1.02047
-1.05186 -1.02414
-1.05009 -1.02316
-1.05322 -1.0222
-1.05222 -1.02324
-1.05048 -1.0228
-1.05323 -1.02269
-1.05271 -1.023
-1.05101 -1.02215
-1.05239 -1.02422
-1.0536 -1.01942
-1.05055 -1.02321
-1.05292 -1.02231
-1.05259 -1.02344
-1.05199 -1.02354
-1.05196 -1.02324
-1.05133 -1.02375
-1.05203 -1.02387
-1.05168 -1.02203
-1.05209 -1.02214
-1.04995 -1.02448
-1.05284 -1.02087
-1.05095 -1.0243
-1.05004 -1.02209
-1.05047 -1.02328
-1.0519 -1.02217
-1.05093 -1.02345
-1.05139 -1.02218
-1.05113 -1.02225
-1.05148 -1.02244
-1.05141 -1.02273
-1.04985 -1.0239
-1.05161 -1.02275
-1.051 -1.02252
-1.04959 -1.02237
-1.05379 -1.02124
-1.04985 -1.02512
-1.05173 -1.02059
-1.05065 -1.02321
-1.05038 -1.02287
-1.05249 -1.02043
-1.05013 -1.02346
-1.05254 -1.022
-1.04925 -1.02348
-1.05088 -1.02034
-1.0528 -1.02285
-1.05135 -1.0228
-1.04999 -1.02222
-1.05171 -1.02098
-1.05145 -1.02212
-1.05268 -1.02365
-1.05189 -1.01998
-1.05081 -1.02155
-1.05142 -1.0234
-1.05221 -1.0208
-1.0523 -1.02309
-1.05127 -1.0215
-1.05066 -1.02046
-1.05283 -1.02322
-1.05119 -1.02071
-1.04908 -1.02408
-1.05391 -1.02052
-1.05159 -1.02318
-1.05062 -1.02029
-1.05224 -1.02336
-1.0506 -1.02202
-1.05173 -1.02258
-1.04977 -1.02046
-1.0516 -1.02252
-1.05103 -1.02378
-1.05222 -1.01987
-1.05065 -1.02176
-1.05064 -1.02271
-1.05121 -1.02245
-1.05102 -1.0209
-1.05067 -1.0242
-1.05115 -1.02129
-1.05231 -1.02021
-1.05159 -1.02202
-1.05113 -1.02235
-1.05246 -1.02056
-1.05052 -1.02319
-1.05078 -1.02104
-1.05123 -1.02123
-1.05079 -1.02108
-1.04969 -1.02292
-1.0513 -1.02186
-1.05153 -1.02116
-1.04899 -1.02172
-1.05107 -1.0211
-1.04819 -1.02235
-1.05019 -1.02086
-1.05042 -1.02133
-1.05018 -1.02194
-1.04981 -1.01999
-1.0492 -1.02236
-1.0513 -1.01872
-1.04972 -1.02317
-1.04957 -1.02033
-1.05065 -1.0206
-1.05206 -1.01986
-1.04956 -1.02131
-1.0502 -1.02008
-1.04931 -1.02008
-1.04977 -1.0211
-1.05091 -1.01991
-1.05075 -1.01852
-1.04935 -1.02371
-1.05045 -1.01662
-1.05015 -1.02232
-1.05036 -1.02238
-1.04946 -1.02083
-1.05004 -1.01972
-1.04989 -1.02121
-1.05036 -1.0211
-1.0506 -1.02046
-1.04915 -1.02078
-1.05049 -1.02081
-1.05025 -1.01953
-1.05089 -1.02144
-1.04871 -1.02159
-1.05228 -1.01953
-1.04833 -1.02176
-1.0499 -1.02058
-1.05011 -1.01962
-1.04953 -1.02033
-1.04813 -1.02193
-1.05054 -1.01877
-1.04815 -1.02148
-1.04859 -1.02016
-1.04774 -1.02157
-1.04907 -1.02056
-1.04894 -1.02052
-1.04901 -1.02008
-1.04673 -1.02212
-1.05114 -1.01985
-1.04712 -1.02227
-1.04898 -1.01918
-1.0488 -1.02135
-1.04787 -1.022
-1.04915 -1.02087
-1.0494 -1.01989
-1.04799 -1.02147
-1.04688 -1.02286
-1.05087 -1.01881
-1.04763 -1.02242
-1.04943 -1.01976
-1.04801 -1.02116
-1.05064 -1.01939
-1.04687 -1.02328
-1.0486 -1.0214
-1.05071 -1.01752
-1.04664 -1.02402
-1.05025 -1.01881
-1.04715 -1.02165
-1.05098 -1.01924
-1.04676 -1.02092
-1.05026 -1.01933
-1.04893 -1.02108
-1.04752 -1.02059
-1.04978 -1.01894
-1.05031 -1.02119
-1.04773 -1.01846
-1.04869 -1.02117
-1.04855 -1.01862
-1.04884 -1.01995
-1.04798 -1.0192
-1.04763 -1.02123
-1.0494 -1.01895
-1.04818 -1.01719
-1.04632 -1.02074
-1.04959 -1.01871
-1.04789 -1.01984
-1.04826 -1.01904
-1.04666 -1.02152
-1.04822 -1.0193
-1.04997 -1.01609
-1.04667 -1.02201
-1.04845 -1.01907
-1.05002 -1.01812
-1.0474 -1.01992
-1.04764 -1.01887
-1.04945 -1.01893
-1.04691 -1.01809
-1.04781 -1.01924
-1.04778 -1.01787
-1.04755 -1.01694
-1.0471 -1.02068
-1.04696 -1.01761
-1.04783 -1.01803
-1.04726 -1.01914
-1.04593 -1.01801
-1.04845 -1.01826
-1.04555 -1.01916
-1.0489 -1.0162
-1.04597 -1.02135
-1.04744 -1.01613
-1.04569 -1.01955
-1.04776 -1.01678
-1.04758 -1.01747
-1.0452 -1.02091
-1.05109 -1.01404
-1.04465 -1.01945
-1.04762 -1.01664
-1.04756 -1.01885
-1.04819 -1.01697
-1.04597 -1.02114
-1.04826 -1.01486
-1.04646 -1.01885
-1.04755 -1.01789
-1.04727 -1.01699
-1.04405 -1.02108
-1.05032 -1.01536
-1.04521 -1.01809
-1.04631 -1.01768
-1.04572 -1.01886
-1.0483 -1.01681
-1.04517 -1.01955
-1.04758 -1.01779
-1.04631 -1.01826
-1.04538 -1.01708
-1.04602 -1.01842
-1.04782 -1.01732
-1.04454 -1.0189
-1.04631 -1.01851
-1.04688 -1.01614
-1.04484 -1.01921
-1.04632 -1.01601
-1.0439 -1.01902
-1.04459 -1.01688
-1.04819 -1.0177
-1.04581 -1.01893
-1.04348 -1.01841
-1.04807 -1.01546
-1.04354 -1.01915
-1.04667 -1.0165
-1.04622 -1.0162
-1.04374 -1.01974
-1.04559 -1.01527
-1.04606 -1.01726
-1.04529 -1.01654
-1.04484 -1.01906
-1.04509 -1.01493
-1.04453 -1.01742
-1.04618 -1.01581
-1.04382 -1.01973
-1.04594 -1.01451
-1.04598 -1.01713
-1.04489 -1.01579
-1.04466 -1.01849
-1.04608 -1.016
-1.04545 -1.01621
-1.04375 -1.01754
-1.04569 -1.01606
-1.04601 -1.01465
-1.04519 -1.0171
-1.04409 -1.01523
-1.04604 -1.01728
-1.04367 -1.01499
-1.04403 -1.01579
-1.04436 -1.01662
-1.04295 -1.0161
-1.04636 -1.01615
-1.04504 -1.01408
-1.04267 -1.01561
-1.04528 -1.01626
-1.04331 -1.01357
-1.04394 -1.01607
-1.04511 -1.01406
-1.0445 -1.01484
-1.0438 -1.01643
-1.04302 -1.01331
-1.04529 -1.01485
-1.04445 -1.01479
-1.04271 -1.01467
-1.04479 -1.01528
-1.04465 -1.01534
-1.04347 -1.01577
-1.04527 -1.01362
-1.04361 -1.01508
-1.04268 -1.01663
-1.04487 -1.01379
-1.0436 -1.01637
-1.04379 -1.01268
-1.04326 -1.01779
-1.04579 -1.01155
-1.0436 -1.01606
-1.04498 -1.01451
-1.04366 -1.01471
-1.04342 -1.01446
-1.0445 -1.01454
-1.04468 -1.01467
-1.04516 -1.01262
-1.04371 -1.01666
-1.04463 -1.01471
-1.04314 -1.01455
-1.04496 -1.0138
-1.04391 -1.01702
-1.04622 -1.01393
