0 0
-0.0870438 -0.0820079
-0.17119 -0.161621
-0.252189 -0.238346
-0.330281 -0.312917
-0.404784 -0.384333
-0.476266 -0.453376
-0.544126 -0.519204
-0.609018 -0.583147
-0.671285 -0.642176
-0.730398 -0.701854
-0.786332 -0.754774
-0.839297 -0.807424
-0.887963 -0.857751
-0.935876 -0.904137
-0.978079 -0.946735
-1.01745 -0.988506
-1.05532 -1.02673
-1.0879 -1.05944
-1.11792 -1.09556
-1.14301 -1.11885
-1.16656 -1.1532
-1.18725 -1.17531
-1.20643 -1.19971
-1.22327 -1.21867
-1.23378 -1.23938
-1.24477 -1.254
-1.25618 -1.26626
-1.26165 -1.284
-1.27255 -1.29523
-1.27157 -1.31565
-1.27281 -1.30778
-1.2717 -1.30673
-1.27386 -1.30607
-1.27282 -1.30463
-1.27004 -1.3093
-1.27302 -1.3068
-1.26979 -1.30742
-1.26952 -1.30465
-1.27103 -1.30612
-1.26792 -1.30602
-1.26838 -1.30697
-1.2684 -1.30268
-1.27031 -1.30146
-1.26712 -1.29921
-1.26898 -1.29661
-1.26943 -1.29854
-1.27008 -1.29353
-1.26546 -1.30037
-1.2693 -1.29502
-1.27143 -1.29336
-1.26749 -1.29867
-1.26985 -1.29668
-1.26993 -1.298
-1.26911 -1.29436
-1.26588 -1.29401
-1.26491 -1.29219
-1.26702 -1.28639
-1.2647 -1.29304
-1.26459 -1.29037
-1.26656 -1.28781
-1.2646 -1.29157
-1.26549 -1.28947
-1.26496 -1.29265
-1.26432 -1.28892
-1.26154 -1.29132
-1.26408 -1.29117
-1.26468 -1.28956
-1.26417 -1.28817
-1.26242 -1.28887
-1.26371 -1.28457
-1.2591 -1.28687
-1.2618 -1.28408
-1.25912 -1.28495
-1.26142 -1.28261
-1.26212 -1.28185
-1.26069 -1.28195
-1.25939 -1.27919
-1.25875 -1.28447
-1.26381 -1.27706
-1.25854 -1.28095
-1.26109 -1.27596
-1.2592 -1.27856
-1.26201 -1.27569
-1.26042 -1.27386
-1.26117 -1.27716
-1.25835 -1.27373
-1.25789 -1.27462
-1.25885 -1.27976
-1.25661 -1.27185
-1.25608 -1.27358
-1.25682 -1.27304
-1.2572 -1.26673
-1.25592 -1.26912
-1.25752 -1.2688
-1.25463 -1.27122
-1.25658 -1.26992
-1.25603 -1.26642
-1.25468 -1.2691
-1.25261 -1.27327
-1.25525 -1.26652
-1.25583 -1.26841
-1.25357 -1.26717
-1.25336 -1.26538
-1.25425 -1.26627
-1.25258 -1.26972
-1.25303 -1.26921
-1.25443 -1.26709
-1.25261 -1.26669
-1.25307 -1.27011
-1.25066 -1.26716
-1.25273 -1.26546
-1.25079 -1.26805
-1.25181 -1.26452
-1.25388 -1.26507
-1.25044 -1.26749
-1.25531 -1.26295
-1.24928 -1.26665
-1.2585 -1.26185
-1.24829 -1.26793
-1.25109 -1.26334
-1.25116 -1.26475
-1.25091 -1.26302
-1.2516 -1.26011
-1.25025 -1.26114
-1.2523 -1.26051
-1.25254 -1.26394
-1.24961 -1.26232
-1.24939 -1.26381
-1.24833 -1.26259
-1.25145 -1.26011
-1.24775 -1.25889
-1.24717 -1.26156
-1.24852 -1.2604
-1.24934 -1.26043
-1.24815 -1.25868
-1.24794 -1.25879
-1.24909 -1.25684
-1.24672 -1.25728
-1.24871 -1.25198
-1.24883 -1.25741
-1.24388 -1.25412
-1.24687 -1.25623
-1.2435 -1.25842
-1.24239 -1.25771
-1.24487 -1.26095
-1.24367 -1.25401
-1.24137 -1.25995
-1.244 -1.25641
-1.24315 -1.25441
-1.24287 -1.2535
-1.24316 -1.25225
-1.24074 -1.25394
-1.24358 -1.25627
-1.2414 -1.25706
-1.24039 -1.25389
-1.24046 -1.25336
-1.23884 -1.25472
-1.24091 -1.25471
-1.24023 -1.25389
-1.24169 -1.25262
-1.2413 -1.25336
-1.23975 -1.2517
-1.24163 -1.25179
-1.23812 -1.25297
-1.23928 -1.25287
-1.23921 -1.24931
-1.238 -1.25363
-1.23928 -1.24975
-1.23775 -1.25087
-1.24003 -1.24919
-1.23913 -1.24947
-1.23673 -1.24938
-1.23734 -1.25027
-1.23656 -1.25059
-1.235 -1.25345
-1.2386 -1.24822
-1.23769 -1.24617
-1.23911 -1.24777
-1.23746 -1.24717
-1.23944 -1.24372
-1.23718 -1.24556
-1.23553 -1.24805
-1.23663 -1.24483
-1.23598 -1.2445
-1.23766 -1.24328
-1.2371 -1.24427
-1.235 -1.24302
-1.23474 -1.24548
-1.23618 -1.24227
-1.23398 -1.24587
-1.2336 -1.24245
-1.23304 -1.24044
-1.23221 -1.24613
-1.23291 -1.23994
-1.23161 -1.24369
-1.2309 -1.24556
-1.23562 -1.23893
-1.23041 -1.24605
-1.23544 -1.24322
-1.23128 -1.24472
-1.2357 -1.24063
-1.23327 -1.24359
-1.23429 -1.24163
-1.23026 -1.2412
-1.23452 -1.23895
-1.23288 -1.24026
-1.2335 -1.23632
-1.23031 -1.24145
-1.23558 -1.23489
-1.23194 -1.23865
-1.23151 -1.24278
-1.23216 -1.23664
-1.23104 -1.2397
-1.23184 -1.23853
-1.2281 -1.23927
-1.23014 -1.23864
-1.23025 -1.23692
-1.2316 -1.23814
-1.23108 -1.23805
-1.23003 -1.23628
-1.22992 -1.23489
-1.22963 -1.23918
-1.23003 -1.23584
-1.22916 -1.23959
-1.22885 -1.23803
-1.2294 -1.23998
-1.22864 -1.23786
-1.22614 -1.24039
-1.22663 -1.23609
-1.22536 -1.24079
-1.22811 -1.23349
-1.2244 -1.23797
-1.22653 -1.23736
-1.2276 -1.23539
-1.2252 -1.23425
-1.22551 -1.23577
-1.22857 -1.23764
-1.22413 -1.2377
-1.22762 -1.23508
-1.22559 -1.24086
-1.2255 -1.2346
-1.22555 -1.23717
-1.22553 -1.23652
-1.22434 -1.23392
-1.22351 -1.23344
-1.22188 -1.23263
-1.22544 -1.23328
-1.22263 -1.23242
-1.22346 -1.23135
-1.22206 -1.23533
-1.22199 -1.23182
-1.22588 -1.23149
-1.22301 -1.23317
-1.22216 -1.23063
-1.22351 -1.23202
-1.22371 -1.23339
-1.22217 -1.23229
-1.22343 -1.23201
-1.22032 -1.23211
-1.22302 -1.23018
-1.22365 -1.22866
-1.22387 -1.23142
-1.22391 -1.22747
-1.22389 -1.22836
-1.21952 -1.23102
-1.22461 -1.22951
-1.22387 -1.2285
-1.22009 -1.23047
-1.22636 -1.22547
-1.21761 -1.23161
-1.21931 -1.22419
-1.22107 -1.22523
-1.21845 -1.22578
-1.22148 -1.22304
-1.21913 -1.225
-1.21969 -1.22379
-1.22283 -1.22191
-1.21816 -1.22823
-1.22267 -1.22404
-1.21883 -1.22675
-1.21947 -1.22598
-1.22062 -1.22168
-1.21518 -1.22726
-1.21961 -1.2208
-1.21862 -1.22328
-1.21916 -1.22289
-1.2179 -1.22115
-1.21997 -1.22579
-1.21677 -1.22569
-1.21692 -1.22456
-1.21915 -1.22436
-1.21745 -1.22288
-1.21485 -1.22339
-1.21827 -1.22067
-1.21541 -1.22176
-1.21385 -1.22194
-1.21853 -1.21668
-1.21505 -1.22231
-1.21648 -1.2183
-1.21634 -1.22031
-1.21607 -1.22144
-1.21476 -1.2201
-1.21441 -1.22271
-1.21541 -1.21786
-1.21327 -1.22356
-1.21693 -1.21931
-1.21214 -1.22168
-1.21437 -1.22127
-1.21343 -1.21997
-1.21293 -1.218
-1.21467 -1.21986
-1.21506 -1.21659
-1.21174 -1.21901
-1.2138 -1.21756
-1.21203 -1.22155
-1.21304 -1.2187
-1.21369 -1.21565
-1.21172 -1.22092
-1.21322 -1.21709
-1.21249 -1.21944
-1.21361 -1.21805
-1.21394 -1.21762
-1.21615 -1.21595
-1.21207 -1.21897
-1.21287 -1.2149
-1.2128 -1.2168
-1.20962 -1.21378
-1.21312 -1.21737
-1.20858 -1.21609
-1.20961 -1.21675
-1.20819 -1.21924
-1.21334 -1.21455
-1.20778 -1.22047
-1.21317 -1.21116
-1.20818 -1.21645
-1.20934 -1.21455
-1.2073 -1.21564
-1.2085 -1.21503
-1.20622 -1.21396
-1.20768 -1.21847
-1.20719 -1.21467
-1.20924 -1.21393
-1.20908 -1.21783
-1.2079 -1.21343
-1.20487 -1.21397
-1.20405 -1.21691
-1.20388 -1.21434
-1.20681 -1.21261
-1.20375 -1.21323
-1.20773 -1.21182
-1.20664 -1.2127
-1.20796 -1.20751
-1.20498 -1.21066
-1.20433 -1.21283
-1.20529 -1.20897
-1.20586 -1.20869
-1.20174 -1.21098
-1.20418 -1.2101
-1.20559 -1.20857
-1.20201 -1.21104
-1.20552 -1.21002
-1.20098 -1.21159
-1.20427 -1.21109
-1.20638 -1.20633
-1.20141 -1.21176
-1.20333 -1.20964
-1.20067 -1.20858
-1.20245 -1.20973
-1.20125 -1.20973
-1.20253 -1.20892
-1.20233 -1.20833
-1.20178 -1.20813
-1.19899 -1.21087
-1.20145 -1.20555
-1.20077 -1.20848
-1.20181 -1.20624
-1.20014 -1.20529
-1.19854 -1.21013
-1.20106 -1.20565
-1.19941 -1.2085
-1.2035 -1.20637
-1.20005 -1.20743
-1.20065 -1.20562
-1.20257 -1.20638
-1.19798 -1.20838
-1.20137 -1.2051
-1.19803 -1.2036
-1.1961 -1.20743
-1.20108 -1.20016
-1.19678 -1.20847
-1.20015 -1.20276
-1.1986 -1.20566
-1.19781 -1.20493
-1.19733 -1.20509
-1.19972 -1.20323
-1.19496 -1.20388
-1.19618 -1.20628
-1.19751 -1.20299
-1.19778 -1.20229
-1.19556 -1.2035
-1.19905 -1.20372
-1.19722 -1.20079
-1.19591 -1.20279
-1.1979 -1.19799
-1.19733 -1.2013
-1.19719 -1.19759
-1.19831 -1.19874
-1.19584 -1.20398
-1.19621 -1.2036
-1.19712 -1.19989
-1.19506 -1.20222
-1.19179 -1.20344
-1.19479 -1.20202
-1.19202 -1.20624
-1.19309 -1.20263
-1.19421 -1.20015
-1.19298 -1.20125
-1.19202 -1.20129
-1.19423 -1.19948
-1.19291 -1.19749
-1.19135 -1.19981
-1.19328 -1.19903
-1.19599 -1.19618
-1.19092 -1.20033
-1.19393 -1.19515
-1.19526 -1.19336
-1.19131 -1.19718
-1.19446 -1.19479
-1.19588 -1.19109
-1.19642 -1.19493
-1.19607 -1.19225
-1.19239 -1.1922
-1.193 -1.19449
-1.19502 -1.19135
-1.19375 -1.19291
-1.19083 -1.19391
-1.19482 -1.19033
-1.18878 -1.19445
-1.1922 -1.19406
-1.19074 -1.19084
-1.18981 -1.19368
-1.19074 -1.19647
-1.19059 -1.19126
-1.18923 -1.19092
-1.19095 -1.19065
-1.18945 -1.19149
-1.18864 -1.19108
-1.19034 -1.19203
-1.18837 -1.19231
-1.18951 -1.19122
-1.19024 -1.19197
-1.18485 -1.19602
-1.19126 -1.18795
-1.18982 -1.19249
-1.18868 -1.19107
-1.18861 -1.19297
-1.19021 -1.18815
-1.18741 -1.19335
-1.18734 -1.19028
-1.18779 -1.19067
-1.18794 -1.18894
-1.18501 -1.19138
-1.1871 -1.19098
-1.18954 -1.18757
-1.18688 -1.18794
-1.19044 -1.18949
-1.18908 -1.1917
-1.1904 -1.18822
-1.18559 -1.19136
-1.18728 -1.1864
-1.18734 -1.18969
-1.18738 -1.19037
-1.18196 -1.18845
-1.18583 -1.18861
-1.18748 -1.18461
-1.1856 -1.19136
-1.18858 -1.18473
-1.18715 -1.18802
-1.18775 -1.18735
-1.18668 -1.1869
-1.18613 -1.18832
-1.18336 -1.18636
-1.18715 -1.18598
-1.18244 -1.18648
-1.18413 -1.18571
-1.18373 -1.18338
-1.18295 -1.18484
-1.18401 -1.18299
-1.18259 -1.18638
-1.18604 -1.18589
-1.18122 -1.1876
-1.18607 -1.18445
-1.18356 -1.1877
-1.18252 -1.18569
-1.18255 -1.18664
-1.18219 -1.18819
-1.18094 -1.18717
-1.18444 -1.18676
-1.18202 -1.18611
-1.18514 -1.18481
-1.18298 -1.18613
-1.183 -1.18742
-1.18295 -1.18519
-1.1795 -1.18981
-1.18552 -1.18307
-1.18258 -1.18582
-1.18332 -1.18526
-1.18108 -1.1866
-1.18486 -1.1845
-1.18057 -1.18498
-1.18085 -1.18393
-1.18273 -1.18468
-1.18036 -1.18321
-1.18225 -1.18414
-1.18265 -1.18103
-1.17988 -1.18464
-1.1844 -1.18198
-1.18271 -1.18354
-1.18144 -1.18157
-1.18313 -1.18341
-1.17918 -1.1824
-1.18157 -1.18308
-1.18084 -1.18275
-1.17923 -1.18236
-1.179 -1.1819
-1.1796 -1.18288
-1.18024 -1.18328
-1.17843 -1.18405
-1.1824 -1.17687
-1.18091 -1.18281
-1.17974 -1.18388
-1.18114 -1.17872
-1.17869 -1.18396
-1.18021 -1.18396
-1.17902 -1.18037
-1.1809 -1.18093
-1.17683 -1.18386
-1.17998 -1.17792
-1.17607 -1.18333
-1.17762 -1.18068
-1.1769 -1.18032
-1.17484 -1.18151
-1.17785 -1.1807
-1.17735 -1.18115
-1.17311 -1.18211
-1.17685 -1.17781
-1.17587 -1.17893
-1.1756 -1.18037
-1.17372 -1.18036
-1.17477 -1.17938
-1.17444 -1.1804
-1.17449 -1.17831
-1.17309 -1.18121
-1.17404 -1.17895
-1.17368 -1.18087
-1.1751 -1.17595
-1.17276 -1.17691
-1.17261 -1.17682
-1.17369 -1.17583
-1.17047 -1.17549
-1.17175 -1.17698
-1.17146 -1.17758
-1.17177 -1.17874
-1.17226 -1.17744
-1.17324 -1.1772
-1.17006 -1.17819
-1.17064 -1.17652
-1.17314 -1.17679
-1.17097 -1.17712
-1.17349 -1.17502
-1.17391 -1.17429
-1.17302 -1.17908
-1.17397 -1.178
-1.17391 -1.17532
-1.17139 -1.17608
-1.17146 -1.17708
-1.1736 -1.1762
-1.17149 -1.17606
-1.17148 -1.17638
-1.17206 -1.17404
-1.16861 -1.17777
-1.17055 -1.17658
-1.16972 -1.1769
-1.169 -1.17802
-1.17112 -1.17532
-1.16779 -1.17596
-1.16812 -1.17434
-1.167 -1.17412
-1.16794 -1.17539
-1.16686 -1.17252
-1.16686 -1.17234
-1.16672 -1.17312
-1.16806 -1.17214
-1.17059 -1.17076
-1.16286 -1.17752
-1.17305 -1.16933
-1.16806 -1.17267
-1.16717 -1.1766
-1.17025 -1.16947
-1.16672 -1.17468
-1.16821 -1.171
-1.16692 -1.17235
-1.16795 -1.17074
-1.16787 -1.17525
-1.16896 -1.16971
-1.1693 -1.17376
-1.16871 -1.17179
-1.1687 -1.16916
-1.16479 -1.17443
-1.16995 -1.16817
-1.16507 -1.17289
-1.16827 -1.16652
-1.16489 -1.17096
-1.16793 -1.16917
-1.16648 -1.1694
-1.16817 -1.16732
-1.16666 -1.17035
-1.1658 -1.16869
-1.16548 -1.16937
-1.16655 -1.16839
-1.16595 -1.16723
-1.16805 -1.16604
-1.16591 -1.17025
-1.16614 -1.16778
-1.16499 -1.16893
-1.16512 -1.16754
-1.1684 -1.16662
-1.16166 -1.17039
-1.1687 -1.16246
-1.1634 -1.16875
-1.1671 -1.16094
-1.16375 -1.16761
-1.16592 -1.16453
-1.1609 -1.16729
-1.16451 -1.16444
-1.16308 -1.16403
-1.16329 -1.16388
-1.16217 -1.16524
-1.16151 -1.16313
-1.16435 -1.16249
-1.16299 -1.16152
-1.15947 -1.16464
-1.16185 -1.16242
-1.16066 -1.16258
-1.16027 -1.16421
-1.15762 -1.16208
-1.16052 -1.16292
-1.15849 -1.16152
-1.16077 -1.16367
-1.15892 -1.16383
-1.16122 -1.16548
-1.16072 -1.16333
-1.16143 -1.16192
-1.15978 -1.16321
-1.16204 -1.1588
-1.15668 -1.16367
-1.16067 -1.15856
-1.15899 -1.15859
-1.15995 -1.16295
-1.15866 -1.1614
-1.16096 -1.16061
-1.1581 -1.16288
-1.15819 -1.16584
-1.15974 -1.16267
-1.15672 -1.1663
-1.15863 -1.16101
-1.15845 -1.16362
-1.15645 -1.16339
-1.15812 -1.16516
-1.15583 -1.16362
-1.1607 -1.16244
-1.15981 -1.16399
-1.15834 -1.16004
-1.1557 -1.16325
-1.15717 -1.16222
-1.15696 -1.1609
-1.15308 -1.16321
-1.15561 -1.16082
-1.15518 -1.16102
-1.15564 -1.16224
-1.15533 -1.15793
-1.15257 -1.16091
-1.15493 -1.15914
-1.15448 -1.15636
-1.15342 -1.15953
-1.15302 -1.15981
-1.15415 -1.15847
-1.15552 -1.1579
-1.15226 -1.16167
-1.1574 -1.15693
-1.15243 -1.16352
-1.15312 -1.15929
-1.15475 -1.15723
-1.1487 -1.16307
-1.15613 -1.15532
-1.15164 -1.16031
-1.15183 -1.15906
-1.15623 -1.15273
-1.15073 -1.16253
-1.15558 -1.15516
-1.15249 -1.1579
-1.15343 -1.15691
-1.15221 -1.15681
-1.1543 -1.1555
-1.15114 -1.15611
-1.15187 -1.158
-1.15273 -1.15578
-1.15061 -1.15508
-1.15276 -1.15381
-1.15177 -1.15495
-1.15295 -1.15313
-1.15111 -1.15687
-1.15263 -1.15038
-1.15054 -1.15617
-1.15162 -1.15079
-1.15155 -1.15705
-1.15259 -1.15244
-1.15095 -1.15508
-1.15216 -1.15129
-1.15441 -1.15031
-1.14971 -1.15406
-1.15353 -1.15162
-1.1494 -1.15225
-1.15275 -1.1479
-1.14781 -1.15088
-1.1521 -1.14933
-1.14688 -1.15169
-1.15034 -1.14835
-1.14878 -1.15056
-1.15147 -1.14669
-1.14887 -1.15373
-1.15059 -1.15186
-1.14871 -1.15303
-1.15191 -1.15246
-1.14663 -1.15296
-1.15215 -1.14937
-1.14648 -1.15378
-1.14963 -1.15024
-1.1491 -1.15142
-1.14785 -1.15103
-1.14862 -1.1508
-1.15233 -1.14914
-1.1476 -1.14904
-1.14908 -1.15102
-1.14915 -1.14878
-1.14678 -1.1526
-1.14766 -1.15087
-1.14992 -1.14679
-1.14299 -1.15394
-1.15315 -1.14401
-1.1454 -1.15324
-1.14966 -1.14638
-1.14922 -1.14728
-1.14964 -1.15123
-1.14842 -1.14685
-1.14856 -1.15077
-1.14925 -1.14543
-1.14747 -1.15059
-1.14553 -1.14777
-1.14797 -1.1469
-1.14252 -1.15153
-1.14603 -1.14731
-1.14437 -1.14749
-1.14506 -1.15078
-1.14307 -1.14764
-1.14348 -1.1499
-1.14736 -1.14518
-1.14356 -1.14828
-1.14566 -1.14896
-1.14324 -1.14827
-1.14542 -1.14897
-1.14279 -1.15145
-1.14319 -1.14776
-1.14345 -1.14995
-1.14228 -1.14966
-1.14506 -1.14602
-1.1426 -1.14924
-1.14646 -1.14629
-1.14268 -1.15129
-1.14563 -1.14575
-1.14324 -1.14969
-1.14531 -1.14534
-1.14402 -1.14837
-1.14388 -1.14899
-1.14425 -1.14752
-1.14241 -1.14903
-1.14197 -1.14902
-1.14429 -1.14773
-1.14102 -1.14706
-1.14183 -1.14853
-1.14104 -1.14761
-1.1428 -1.14965
-1.14342 -1.1459
-1.14058 -1.15074
-1.14454 -1.14726
-1.14164 -1.14618
-1.14271 -1.149
-1.14484 -1.14538
-1.14031 -1.14991
-1.14214 -1.14688
-1.14283 -1.14595
-1.14057 -1.14713
-1.14201 -1.14491
-1.14327 -1.14684
-1.13948 -1.14741
-1.14387 -1.14275
-1.14055 -1.14645
-1.14201 -1.14375
-1.13937 -1.1473
-1.13998 -1.14402
-1.13967 -1.14747
-1.14079 -1.14437
-1.14101 -1.14509
-1.13898 -1.14321
-1.14213 -1.14255
-1.13723 -1.14772
-1.14082 -1.14053
-1.13781 -1.14433
-1.13886 -1.14354
-1.13775 -1.14219
-1.1382 -1.14464
-1.13983 -1.14195
-1.13814 -1.14363
-1.13823 -1.1407
-1.13843 -1.14594
-1.13864 -1.14176
-1.13591 -1.14435
-1.14063 -1.14257
-1.13636 -1.1433
-1.13811 -1.14156
-1.13698 -1.14092
-1.13756 -1.13878
-1.13409 -1.14376
-1.13581 -1.13869
-1.13502 -1.14022
-1.13596 -1.13839
-1.13301 -1.14158
-1.1375 -1.13954
-1.13621 -1.13792
-1.13658 -1.13886
-1.13725 -1.14061
-1.13566 -1.13917
-1.13791 -1.13949
-1.1371 -1.13895
-1.13516 -1.1382
-1.13748 -1.13917
-1.13572 -1.13526
-1.13654 -1.13522
-1.13771 -1.13944
-1.13412 -1.1361
-1.13685 -1.1361
-1.13256 -1.13875
-1.13744 -1.13576
-1.13279 -1.13734
-1.13345 -1.14099
-1.13389 -1.13348
-1.13365 -1.13738
-1.13336 -1.13514
-1.13204 -1.13772
-1.13262 -1.13721
-1.13572 -1.13252
-1.12838 -1.14106
-1.13493 -1.13332
-1.13177 -1.13631
-1.13261 -1.13304
-1.13444 -1.13421
-1.13362 -1.13306
-1.13225 -1.13734
-1.13443 -1.13171
-1.129 -1.13649
-1.13579 -1.12967
-1.12919 -1.13631
-1.13431 -1.12819
-1.13202 -1.13169
-1.13143 -1.1346
-1.1325 -1.12898
-1.12858 -1.13475
-1.13185 -1.12922
-1.13111 -1.13421
-1.13138 -1.13007
-1.12839 -1.13352
-1.1325 -1.13072
-1.12812 -1.13065
-1.13036 -1.13171
-1.12893 -1.13234
-1.12812 -1.133
-1.13025 -1.13202
-1.12733 -1.13256
-1.12709 -1.13141
-1.12721 -1.13173
-1.127 -1.12845
-1.1289 -1.12901
-1.12498 -1.13186
-1.12679 -1.12867
-1.12762 -1.13144
-1.12633 -1.13011
-1.12609 -1.13225
-1.12645 -1.1314
-1.12707 -1.12752
-1.12645 -1.12872
-1.12664 -1.12706
-1.12543 -1.12891
-1.12667 -1.12538
-1.1238 -1.12878
-1.12635 -1.12764
-1.12405 -1.12604
-1.12612 -1.12433
-1.1252 -1.12869
-1.12598 -1.1275
-1.12619 -1.12447
-1.12445 -1.12839
-1.12587 -1.12722
-1.12754 -1.12539
-1.12336 -1.12917
-1.1258 -1.12331
-1.12296 -1.12626
-1.12526 -1.1252
-1.12461 -1.12484
-1.12315 -1.12618
-1.12629 -1.12331
-1.1254 -1.12624
-1.12067 -1.1249
-1.12333 -1.12566
-1.12421 -1.12412
-1.12508 -1.12274
-1.12084 -1.12443
-1.12548 -1.12504
-1.12441 -1.125
-1.12195 -1.1235
-1.12436 -1.12339
-1.12434 -1.12292
-1.12249 -1.1231
-1.12208 -1.12603
-1.12308 -1.12478
-1.12168 -1.12368
-1.12049 -1.12437
-1.12206 -1.12519
-1.11994 -1.1244
-1.12063 -1.12469
-1.12184 -1.12319
-1.11922 -1.12252
-1.11984 -1.12722
-1.12381 -1.11689
-1.11724 -1.1291
-1.12271 -1.11843
-1.12053 -1.12426
-1.12186 -1.12363
-1.11992 -1.12314
-1.12077 -1.12421
-1.12068 -1.1201
-1.11852 -1.12097
-1.12033 -1.12183
-1.12066 -1.11955
-1.12047 -1.12123
-1.1207 -1.11903
-1.12071 -1.11893
-1.12389 -1.11691
-1.11836 -1.1193
-1.12185 -1.11955
-1.12026 -1.11757
-1.12204 -1.11866
-1.12209 -1.11606
-1.12135 -1.12157
-1.12278 -1.11406
-1.11994 -1.11934
-1.11742 -1.11756
-1.11933 -1.11589
-1.11765 -1.11795
-1.11829 -1.11675
-1.11903 -1.11626
-1.11645 -1.11989
-1.12186 -1.11404
-1.11924 -1.12233
-1.12047 -1.11744
-1.11999 -1.117
-1.11944 -1.11996
-1.12021 -1.11918
-1.11825 -1.11767
-1.12226 -1.11762
-1.11831 -1.11723
-1.11971 -1.11696
-1.11816 -1.1185
-1.11952 -1.11506
-1.11791 -1.11916
-1.11795 -1.11583
-1.11745 -1.11867
-1.12002 -1.11769
-1.11655 -1.1196
-1.12003 -1.11644
-1.1177 -1.1199
-1.11725 -1.12049
-1.11886 -1.11819
-1.11919 -1.11952
-1.11659 -1.11744
-1.11835 -1.11886
-1.11836 -1.1188
-1.11675 -1.12021
-1.11792 -1.11835
-1.1171 -1.11983
-1.11756 -1.11647
-1.11599 -1.11955
-1.1172 -1.1189
-1.11691 -1.11885
-1.11596 -1.11819
-1.11613 -1.12307
-1.11666 -1.12063
-1.11776 -1.12041
-1.11571 -1.12051
-1.11789 -1.11867
-1.11605 -1.11982
-1.1139 -1.12114
-1.11496 -1.12209
-1.11676 -1.11759
-1.11256 -1.12251
-1.11514 -1.12056
-1.11562 -1.11982
-1.11284 -1.11981
-1.11527 -1.11852
-1.11419 -1.11737
-1.1123 -1.11798
-1.11306 -1.11813
-1.11436 -1.1185
-1.11669 -1.11755
-1.1149 -1.11742
-1.11631 -1.11732
-1.1157 -1.11352
-1.11223 -1.11968
-1.11481 -1.11739
-1.1143 -1.11667
-1.11313 -1.11761
-1.11205 -1.11818
-1.11352 -1.11785
-1.11144 -1.11714
-1.11315 -1.11629
-1.11059 -1.12029
-1.11244 -1.1178
-1.11055 -1.11775
-1.11176 -1.11777
-1.11283 -1.11775
-1.11005 -1.11829
-1.11232 -1.11745
-1.11135 -1.1177
-1.11111 -1.11673
-1.11229 -1.11473
-1.11166 -1.11662
-1.11386 -1.11306
-1.10963 -1.11609
-1.11221 -1.1143
-1.11236 -1.11335
-1.10713 -1.11821
-1.11081 -1.11332
-1.10876 -1.11802
-1.10944 -1.11529
-1.10891 -1.11769
-1.10888 -1.11381
-1.10542 -1.11748
-1.10673 -1.11522
-1.10652 -1.11489
-1.1058 -1.11776
-1.10596 -1.11669
-1.10545 -1.11622
-1.10565 -1.11609
-1.10597 -1.11498
-1.10499 -1.11705
-1.10568 -1.11621
-1.10376 -1.11671
-1.10734 -1.11166
-1.10496 -1.11761
-1.10629 -1.11482
-1.10545 -1.11741
-1.10576 -1.11902
-1.10656 -1.11573
-1.10531 -1.11562
-1.10826 -1.11319
-1.10587 -1.11578
-1.10844 -1.1131
-1.10674 -1.11562
-1.10949 -1.11446
-1.10625 -1.11679
-1.10718 -1.11552
-1.10519 -1.11808
-1.107 -1.11541
-1.1041 -1.11533
-1.10678 -1.11551
-1.10573 -1.1169
-1.10565 -1.11603
-1.10661 -1.11434
-1.105 -1.11543
-1.10516 -1.11476
-1.1059 -1.11326
-1.10635 -1.11357
-1.10476 -1.11309
-1.10417 -1.11587
-1.10613 -1.11317
-1.1067 -1.11397
-1.10466 -1.11412
-1.10605 -1.11334
-1.10721 -1.11179
-1.10383 -1.11529
-1.10495 -1.11409
-1.10747 -1.11297
-1.10306 -1.11518
-1.10429 -1.11398
-1.10705 -1.11097
-1.10407 -1.11365
-1.10376 -1.11165
-1.1042 -1.11289
-1.10553 -1.1111
-1.10491 -1.1133
-1.10287 -1.11462
-1.10603 -1.11283
-1.10347 -1.11323
-1.10306 -1.1133
-1.10322 -1.11104
-1.10349 -1.11067
-1.10178 -1.11147
-1.10226 -1.10898
-1.10542 -1.10796
-1.09961 -1.10918
-1.10334 -1.11049
-1.10242 -1.10723
-1.10262 -1.10858
-1.10261 -1.10812
-1.10346 -1.1071
-1.10196 -1.11217
-1.1024 -1.10778
-1.10359 -1.10887
-1.10443 -1.10939
-1.10119 -1.10797
-1.10227 -1.10768
-1.09914 -1.10641
-1.10082 -1.10806
-1.09901 -1.10817
-1.10147 -1.10818
-1.10066 -1.10993
-1.10025 -1.1078
-1.1022 -1.10987
-1.09997 -1.10869
-1.09924 -1.11116
-1.10182 -1.10599
-1.10001 -1.1108
-1.10139 -1.10727
-1.10041 -1.10884
-1.10017 -1.10929
-1.10021 -1.10688
-1.09949 -1.10963
-1.10002 -1.10731
-1.09875 -1.10883
-1.10104 -1.10857
-1.09818 -1.10704
-1.09914 -1.10733
-1.09998 -1.1095
-1.09906 -1.10861
-1.09908 -1.10682
-1.10091 -1.10655
-1.09686 -1.10793
-1.09809 -1.10841
-1.09781 -1.10491
-1.09639 -1.10838
-1.0977 -1.10421
-1.09628 -1.10349
-1.09707 -1.10571
-1.09545 -1.10319
-1.09427 -1.10634
-1.09725 -1.1027
-1.0938 -1.10555
-1.0933 -1.10444
-1.09422 -1.10411
-1.09432 -1.10269
-1.08266 -1.09559
-1.05742 -1.02883
-1.05572 -1.0257
-1.05562 -1.02671
-1.05449 -1.0261
-1.05678 -1.02464
-1.05134 -1.02352
-1.0559 -1.02564
-1.05303 -1.02337
-1.05326 -1.02271
-1.05142 -1.02271
-1.05087 -1.02407
-1.05249 -1.02316
-1.05321 -1.023
-1.05155 -1.02287
-1.04989 -1.02405
-1.05169 -1.02323
-1.05108 -1.02536
-1.04944 -1.02354
-1.05336 -1.02435
-1.04844 -1.02375
-1.05226 -1.02437
-1.05046 -1.02407
-1.05026 -1.02313
-1.05124 -1.02285
-1.05074 -1.02084
-1.04978 -1.02396
-1.04971 -1.02158
-1.05143 -1.01993
-1.04941 -1.02325
-1.05048 -1.02037
-1.05068 -1.02116
-1.05142 -1.02363
-1.04892 -1.02654
-1.05059 -1.0222
-1.0522 -1.02413
-1.04953 -1.02524
-1.04905 -1.02482
-1.05012 -1.02051
-1.04896 -1.02419
-1.04797 -1.02432
-1.04825 -1.01996
-1.04654 -1.02349
-1.04887 -1.01972
-1.04693 -1.02257
-1.04739 -1.02243
-1.04824 -1.02268
-1.05169 -1.02002
-1.04636 -1.0241
-1.05001 -1.02244
-1.04852 -1.02287
-1.04973 -1.02064
-1.04883 -1.02484
-1.04944 -1.02147
-1.05091 -1.0212
-1.04952 -1.02104
-1.04876 -1.02407
-1.04669 -1.02389
-1.05073 -1.02018
-1.04729 -1.02383
-1.04538 -1.02393
-1.04812 -1.02363
-1.04707 -1.02164
-1.04646 -1.02473
-1.04821 -1.02271
-1.04852 -1.02253
-1.04782 -1.02455
-1.04947 -1.02228
-1.04863 -1.02433
-1.04882 -1.02628
-1.04864 -1.02628
-1.04986 -1.0236
-1.04688 -1.02571
-1.05149 -1.02288
-1.0483 -1.02594
-1.04962 -1.0246
-1.04744 -1.02548
-1.05083 -1.02341
-1.04897 -1.02566
-1.0484 -1.02406
-1.04816 -1.02376
-1.04808 -1.0237
-1.04857 -1.02315
-1.04614 -1.02501
-1.04735 -1.02453
-1.04769 -1.02509
-1.04739 -1.02497
-1.04941 -1.02203
-1.04713 -1.02543
-1.04797 -1.02126
-1.04838 -1.02347
-1.04642 -1.02049
-1.04778 -1.02208
-1.04726 -1.02
-1.04576 -1.02338
-1.04928 -1.01931
-1.04621 -1.02321
-1.04612 -1.02077
-1.04811 -1.02237
-1.04707 -1.02213
-1.04804 -1.02033
-1.04508 -1.02414
-1.04843 -1.01943
-1.04607 -1.02119
-1.04568 -1.02059
-1.04868 -1.01891
-1.04747 -1.01944
-1.0467 -1.02297
-1.04692 -1.01779
-1.04838 -1.01974
-1.04665 -1.01866
-1.04546 -1.02193
-1.0497 -1.01556
-1.04784 -1.01909
-1.04705 -1.02027
-1.04766 -1.01699
-1.04591 -1.02054
-1.04724 -1.01766
-1.04622 -1.01982
-1.04849 -1.01714
-1.04531 -1.01888
-1.04586 -1.01967
-1.04514 -1.01958
-1.04712 -1.01633
-1.04448 -1.02061
-1.046 -1.01722
-1.04488 -1.01981
-1.0461 -1.01989
-1.04574 -1.02
-1.04681 -1.01935
-1.04463 -1.02054
-1.04742 -1.01903
-1.04469 -1.01997
-1.04536 -1.02039
-1.04674 -1.02002
-1.04564 -1.01794
-1.04695 -1.01926
-1.04603 -1.01925
-1.04423 -1.01871
-1.04755 -1.01878
-1.04279 -1.01988
-1.04849 -1.01835
-1.04413 -1.01811
-1.04374 -1.02002
-1.04492 -1.01913
-1.04336 -1.01966
-1.04266 -1.01865
-1.04339 -1.02014
-1.04287 -1.01879
-1.04462 -1.02026
-1.04361 -1.01733
-1.04313 -1.01872
-1.04393 -1.01999
-1.04455 -1.01385
-1.04363 -1.01732
-1.04562 -1.01603
-1.0421 -1.01772
-1.04648 -1.01456
-1.04349 -1.01777
-1.0427 -1.0184
-1.04582 -1.01824
-1.0456 -1.01693
-1.04375 -1.02027
-1.04284 -1.01794
-1.0438 -1.01959
-1.04438 -1.0173
-1.04264 -1.01724
-1.0412 -1.01978
-1.04328 -1.01946
-1.04247 -1.01718
-1.04011 -1.01845
-1.04318 -1.01853
-1.04141 -1.01789
-1.04392 -1.01668
-1.0429 -1.01736
-1.04235 -1.01663
-1.04304 -1.01588
-1.04099 -1.01922
-1.04441 -1.01655
-1.04154 -1.01939
-1.04016 -1.01959
-1.04378 -1.01567
-1.04076 -1.02036
-1.0421 -1.01832
-1.04145 -1.0186
-1.04035 -1.01805
-1.04086 -1.01878
-1.04273 -1.01645
-1.04037 -1.01688
-1.03916 -1.01715
-1.04212 -1.01712
-1.04127 -1.01681
-1.03908 -1.01885
-1.04195 -1.01576
-1.04253 -1.01696
-1.04182 -1.01932
-1.04241 -1.01689
-1.04169 -1.01486
-1.04008 -1.01948
-1.04041 -1.01705
-1.04006 -1.01666
-1.04092 -1.01841
-1.04046 -1.01795
-1.04082 -1.01878
-1.03941 -1.01788
-1.04117 -1.01675
-1.03893 -1.01715
-1.03834 -1.01845
-1.03993 -1.01559
-1.0407 -1.01724
-1.0395 -1.01555
-1.03786 -1.01798
-1.04026 -1.01548
-1.03835 -1.0173
-1.03931 -1.01411
-1.03594 -1.01907
-1.03946 -1.01603
-1.03768 -1.01719
-1.03885 -1.01704
-1.03995 -1.01763
-1.03914 -1.01658
-1.03875 -1.01945
-1.04152 -1.01685
-1.03884 -1.01778
-1.03906 -1.0177
-1.04006 -1.01371
-1.03728 -1.01778
-1.03839 -1.01429
-1.03939 -1.0137
-1.03571 -1.01677
-1.03605 -1.01505
-1.03802 -1.01259
-1.03544 -1.01691
-1.03679 -1.01295
-1.03575 -1.01512
-1.03606 -1.01496
-1.03767 -1.01463
-1.03535 -1.01375
-1.03716 -1.01305
-1.03493 -1.0145
-1.03706 -1.01343
-1.03381 -1.01493
-1.03727 -1.01134
-1.03515 -1.01433
-1.03446 -1.01426
-1.03541 -1.01462
-1.03523 -1.01134
-1.03484 -1.01464
-1.03476 -1.01031
-1.03522 -1.01024
-1.0332 -1.0129
-1.03457 -1.01244
-1.03581 -1.01148
-1.03448 -1.01264
-1.0378 -1.0132
-1.03401 -1.01529
-1.03508 -1.01155
-1.03592 -1.01454
-1.03433 -1.01276
-1.03603 -1.01338
-1.03329 -1.01242
-1.03245 -1.01236
-1.03328 -1.01294
-1.03331 -1.01181
-1.03133 -1.01435
-1.03395 -1.01206
-1.03264 -1.01265
-1.03474 -1.01301
-1.03325 -1.01533
-1.03391 -1.01279
-1.03536 -1.01286
-1.0325 -1.01313
-1.03755 -1.00755
-1.03327 -1.01214
-1.03126 -1.013
-1.03501 -1.00796
-1.0319 -1.01315
-1.03377 -1.01034
-1.03389 -1.00693
-1.03201 -1.01286
-1.03555 -1.00848
-1.0319 -1.01168
-1.03383 -1.01016
-1.03394 -1.00874
-1.03175 -1.01046
-1.03234 -1.009
-1.03195 -1.00942
-1.03365 -1.00755
-1.03279 -1.01017
-1.03451 -1.00888
-1.03402 -1.00874
-1.03366 -1.01054
-1.03263 -1.00837
-1.03544 -1.00747
-1.02943 -1.0117
-1.03258 -1.01031
-1.03302 -1.00941
-1.03097 -1.01088
-1.03359 -1.00688
-1.03319 -1.00977
-1.03184 -1.00935
-1.03528 -1.00699
-1.03161 -1.01057
-1.03389 -1.00901
-1.0318 -1.01018
-1.03437 -1.00808
-1.03282 -1.00951
-1.03335 -1.01052
-1.0314 -1.00848
-1.03056 -1.01081
-1.03414 -1.0072
-1.02795 -1.00932
-1.03254 -1.0086
-1.03074 -1.00613
-1.03083 -1.00501
-1.02889 -1.00992
-1.03313 -1.00373
-1.02796 -1.00863
-1.03027 -1.00661
-1.03058 -1.00574
-1.03003 -1.00788
-1.03195 -1.00848
-1.03003 -1.00924
-1.0311 -1.00721
-1.03248 -1.00763
-1.03032 -1.00784
-1.03305 -1.00559
-1.02985 -1.00588
-1.02981 -1.00392
-1.03026 -1.00487
-1.03009 -1.00491
-1.02883 -1.00626
-1.03252 -1.00593
-1.02953 -1.00679
-1.03194 -1.00407
-1.02686 -1.00955
-1.03105 -1.00459
-1.0293 -1.0072
-1.0285 -1.00627
-1.02847 -1.00581
-1.03029 -1.0058
-1.02747 -1.00797
-1.02769 -1.0083
-1.02895 -1.00521
-1.02773 -1.0055
-1.02949 -1.00745
-1.02897 -1.0054
-1.03002 -1.00638
-1.03067 -1.0043
-1.02784 -1.00446
-1.02956 -1.00634
-1.02882 -1.00458
-1.02808 -1.00409
-1.02912 -1.00298
-1.0272 -1.00392
-1.02822 -1.00641
-1.02796 -1.00196
-1.02811 -1.00669
-1.02736 -1.00285
-1.02743 -1.00447
-1.02663 -1.00333
-1.02723 -1.00351
-1.02475 -1.00584
-1.02719 -1.0023
-1.0267 -1.0034
-1.02457 -1.00586
-1.02693 -1.00442
-1.02573 -1.00574
-1.02619 -1.00368
-1.02813 -1.00464
-1.0257 -1.00622
-1.02765 -1.00181
-1.02669 -1.00583
-1.02635 -1.00171
-1.02815 -1.00211
-1.02682 -1.00391
-1.02668 -1.00258
-1.02732 -1.00263
-1.02589 -1.00345
-1.02706 -1.0022
-1.0272 -1.00087
-1.02622 -1.00245
-1.02544 -1.00365
-1.02499 -1.00176
-1.02632 -1.0047
-1.02572 -1.00224
-1.02381 -1.00529
-1.02524 -1.00224
-1.02534 -1.00336
-1.02475 -1.00463
-1.0245 -1.00509
-1.02475 -1.00298
-1.02448 -1.00294
-1.02596 -1.00254
-1.0247 -1.00252
-1.02537 -1.00169
-1.02426 -1.00423
-1.02475 -1.00319
-1.02584 -0.99907
-1.02307 -1.00462
-1.02343 -1.00074
-1.02223 -1.00138
-1.0228 -1.00185
-1.02214 -1.00319
-1.02417 -0.99836
-1.02088 -1.00507
-1.02161 -1.00117
-1.02491 -1.00011
-1.02194 -1.00279
-1.02338 -0.999664
-1.02366 -1.00044
-1.02237 -1.00156
-1.02414 -0.999644
-1.02088 -1.00163
-1.02482 -0.999926
-1.0228 -0.998644
-1.02318 -1.00041
-1.02156 -1.00134
-1.02646 -0.997806
-1.02023 -1.00036
-1.02125 -1.00026
-1.02472 -0.996952
-1.02055 -0.998869
-1.02267 -0.998676
-1.02394 -0.997298
-1.01979 -0.999862
-1.02315 -0.997018
-1.02223 -0.999053
-1.02195 -0.997626
-1.02205 -0.999379
-1.02223 -0.998593
-1.02152 -0.999275
-1.02194 -0.998119
-1.02363 -0.997389
-1.02275 -0.999559
-1.02359 -0.99602
-1.02266 -0.998357
-1.0211 -0.997639
-1.02241 -0.997654
-1.021 -0.999389
-1.02295 -0.997285
-1.01844 -1.00183
-1.02109 -0.995674
-1.02024 -0.998153
-1.01946 -0.999047
-1.02201 -0.997155
-1.02022 -0.997281
-1.02057 -0.99783
-1.02171 -0.996616
-1.02009 -0.997979
-1.02024 -0.998864
-1.02055 -0.99741
-1.01864 -0.998378
-1.02106 -0.996246
-1.02129 -0.995812
-1.01864 -0.996625
-1.02069 -0.994224
-1.01939 -0.99328
-1.01844 -0.996983
-1.02032 -0.992597
-1.01968 -0.995129
-1.01804 -0.996809
-1.01949 -0.995584
-1.01826 -0.997712
-1.01964 -0.994498
-1.01832 -0.997085
-1.01788 -0.996246
-1.01957 -0.996551
-1.0166 -0.996358
-1.01977 -0.994533
-1.01743 -0.995643
-1.01613 -0.995439
-1.01795 -0.99408
-1.01829 -0.99271
-1.01558 -0.994491
-1.0186 -0.994104
-1.01795 -0.992832
-1.01633 -0.99449
-1.01766 -0.995566
-1.01791 -0.994401
-1.01894 -0.994558
-1.01755 -0.99463
-1.01775 -0.995455
-1.01912 -0.993606
-1.01724 -0.998397
-1.01936 -0.993834
-1.01922 -0.996396
-1.01817 -0.994699
-1.01813 -0.996303
-1.02016 -0.995152
-1.01913 -0.994562
-1.01971 -0.995158
-1.01608 -0.996307
-1.01819 -0.994224
-1.01693 -0.994943
-1.01809 -0.995394
-1.01717 -0.993605
-1.01494 -0.994409
-1.01815 -0.992673
-1.01551 -0.995679
-1.01814 -0.994648
-1.01628 -0.996755
-1.01609 -0.993075
-1.01833 -0.995612
-1.01379 -0.996268
-1.01931 -0.992501
-1.01464 -0.994091
-1.01585 -0.995844
-1.01746 -0.995146
-1.01467 -0.994499
-1.01723 -0.994709
-1.01764 -0.992938
-1.01647 -0.995308
-1.01692 -0.993444
-1.01643 -0.995278
-1.01342 -0.997048
-1.01346 -0.993823
-1.01557 -0.993312
-1.01236 -0.997595
-1.01433 -0.994501
-1.01697 -0.992474
-1.01398 -0.995223
-1.01312 -0.995347
-1.01522 -0.992167
-1.01425 -0.994879
-1.01499 -0.991014
-1.01324 -0.99326
-1.01361 -0.992988
-1.01625 -0.990763
-1.01327 -0.993552
-1.0156 -0.991314
-1.01377 -0.992445
-1.01532 -0.990915
-1.01229 -0.993956
-1.01559 -0.992257
-1.0148 -0.992574
-1.01511 -0.991425
-1.01363 -0.993822
-1.01487 -0.991821
-1.0131 -0.992901
-1.01486 -0.989623
-1.01214 -0.991444
-1.01262 -0.992098
-1.01381 -0.988933
-1.01312 -0.990655
-1.01312 -0.994025
-1.01534 -0.990022
-1.0145 -0.992218
-1.01453 -0.991423
-1.01521 -0.992715
-1.01463 -0.992127
-1.01285 -0.991539
-1.01424 -0.992745
-1.01284 -0.992174
-1.01135 -0.991398
-1.01194 -0.992356
-1.01071 -0.99026
-1.01244 -0.991522
-1.01305 -0.988755
-1.00986 -0.992772
-1.01383 -0.9888
-1.01316 -0.988731
-1.01074 -0.991236
-1.01373 -0.989065
-1.01197 -0.992076
-1.01227 -0.988946
-1.01309 -0.988188
-1.01164 -0.991734
-1.01226 -0.990869
-1.01128 -0.991967
-1.01245 -0.990897
-1.01205 -0.991964
-1.01278 -0.992185
-1.01182 -0.992159
-1.01352 -0.991243
-1.0127 -0.990367
-1.01315 -0.990119
-1.01267 -0.992707
-1.01312 -0.990026
-1.01158 -0.989929
-1.01421 -0.989568
-1.01111 -0.988769
-1.01273 -0.987786
-1.01031 -0.989651
-1.01094 -0.990115
-1.01064 -0.988395
-1.01123 -0.989545
-1.01216 -0.987967
-1.01108 -0.990638
-1.01108 -0.988434
-1.01043 -0.990226
-1.01102 -0.988582
-1.01176 -0.988565
-1.01075 -0.988464
-1.01054 -0.989754
-1.01086 -0.989248
-1.0114 -0.987486
-1.0102 -0.989338
-1.01126 -0.989058
-1.01157 -0.986891
-1.00891 -0.989874
-1.01206 -0.987353
-1.01332 -0.986844
-1.00698 -0.990671
-1.01165 -0.987151
-1.01111 -0.987548
-1.01078 -0.987409
-1.00767 -0.990262
-1.01317 -0.985015
-1.00837 -0.991057
-1.00988 -0.986169
-1.01152 -0.989695
-1.01051 -0.986636
-1.00966 -0.988793
-1.01157 -0.989503
-1.01146 -0.986508
-1.01308 -0.988953
-1.01037 -0.99114
-1.01215 -0.99119
-1.01227 -0.99118
-1.01085 -0.988234
-1.01185 -0.989123
-1.01046 -0.988534
-1.01015 -0.988419
-1.00926 -0.989092
-1.01185 -0.987987
-1.00773 -0.990038
-1.01235 -0.99032
-1.00992 -0.992074
-1.01013 -0.990657
-1.01063 -0.991099
-1.00825 -0.991019
-1.01008 -0.988879
-1.00879 -0.99116
-1.00852 -0.990286
-1.01059 -0.98724
-1.00855 -0.990947
-1.01004 -0.98788
-1.00898 -0.989634
-1.01081 -0.986009
-1.00771 -0.99143
-1.01133 -0.985949
-1.00904 -0.987407
-1.01094 -0.985748
-1.00923 -0.987785
-1.00998 -0.985249
-1.00818 -0.988587
-1.01146 -0.985863
-1.00905 -0.984889
-1.00896 -0.986721
-1.01068 -0.986821
-1.0098 -0.986711
-1.00834 -0.986424
-1.01051 -0.984945
-1.00852 -0.988698
-1.00897 -0.985736
-1.0087 -0.986429
-1.01073 -0.986721
-1.00782 -0.99048
-1.00984 -0.987036
-1.00832 -0.986506
-1.00882 -0.986273
-1.00652 -0.98855
-1.00772 -0.986502
-1.00793 -0.984774
-1.00659 -0.98777
-1.00776 -0.984248
-1.00665 -0.986617
-1.00647 -0.984101
-1.00443 -0.986761
-1.00706 -0.98425
-1.00728 -0.986295
-1.00535 -0.986234
-1.00869 -0.983566
-1.00594 -0.986771
-1.00892 -0.985256
-1.00532 -0.988595
-1.00853 -0.98347
-1.00858 -0.984506
-1.00529 -0.987423
-1.00657 -0.984744
-1.00576 -0.984885
-1.00854 -0.983782
-1.00373 -0.987083
-1.00645 -0.986587
-1.00793 -0.984818
-1.00547 -0.98724
-1.00562 -0.988013
-1.00578 -0.987867
-1.00689 -0.983709
-1.00439 -0.988022
-1.00553 -0.984294
-1.00431 -0.985382
-1.00704 -0.981871
-1.00478 -0.987152
-1.00489 -0.983845
-1.00715 -0.982322
-1.00554 -0.985844
-1.00535 -0.982996
-1.00483 -0.983654
-1.0059 -0.983571
-1.00537 -0.982549
-1.00536 -0.984459
-1.00601 -0.982432
-1.00562 -0.983738
-1.00454 -0.984256
-1.00639 -0.981585
-1.00541 -0.985174
-1.00721 -0.982902
-1.00489 -0.985455
-1.00597 -0.984139
-1.00605 -0.983514
-1.00624 -0.983084
-1.00373 -0.98464
-1.00446 -0.984141
-1.00437 -0.981747
-1.00305 -0.984245
-1.00208 -0.983636
-1.00659 -0.981889
-1.0027 -0.983416
-1.0046 -0.982661
-1.00314 -0.982379
-1.00545 -0.979612
-1.00166 -0.984671
-1.00345 -0.982243
-1.0011 -0.981289
-1.00462 -0.982061
-1.00152 -0.984138
-1.00529 -0.983102
-1.00225 -0.983887
-1.0054 -0.983391
-1.00457 -0.983042
-1.00439 -0.982856
-1.00391 -0.983133
-1.00357 -0.983448
-1.00495 -0.980973
-1.00411 -0.982188
-1.00364 -0.982774
-1.00449 -0.981556
-1.00397 -0.982642
-1.00406 -0.98022
-1.00363 -0.98395
-1.00526 -0.981818
-1.00332 -0.98116
-1.00362 -0.97971
-1.00174 -0.981979
-1.00655 -0.977362
-1.00106 -0.980607
-1.00417 -0.977318
-1.00391 -0.980409
-1.00373 -0.97767
-1.00328 -0.979648
-1.00318 -0.980516
-1.00507 -0.980231
-1.00256 -0.979686
-1.00471 -0.980456
-1.0037 -0.979309
-1.00287 -0.982049
-1.0037 -0.980656
-1.00343 -0.981024
-1.00397 -0.98083
-1.00352 -0.980562
-1.00429 -0.980553
-1.00179 -0.981166
-1.00355 -0.979904
-1.00099 -0.98114
-1.0023 -0.978406
-1.00232 -0.977495
-1.00027 -0.980426
-1.00192 -0.97754
-1.00118 -0.978291
-1.00186 -0.977939
-1.00237 -0.97674
-1.00016 -0.977145
-1.00272 -0.979065
-1.00039 -0.974934
-1.0032 -0.975302
-0.997489 -0.978608
-1.00297 -0.973157
-0.997896 -0.974758
-0.999473 -0.976441
-1.00128 -0.974292
-0.999722 -0.976769
-0.997942 -0.976428
-0.999561 -0.97627
-1.00035 -0.974862
-0.998421 -0.976959
-0.998901 -0.975515
-0.999782 -0.976803
-0.999775 -0.975401
-0.998068 -0.977809
-0.999286 -0.975508
-0.999693 -0.97263
-0.996873 -0.97593
-0.99899 -0.973526
-0.998887 -0.972721
-0.997907 -0.974095
-0.998115 -0.972755
-0.995831 -0.974858
-0.99914 -0.972567
-0.997439 -0.97365
-0.995908 -0.975065
-0.998344 -0.974985
-0.996713 -0.973327
-0.996078 -0.973753
-0.998269 -0.973548
-0.996938 -0.971898
-0.996467 -0.974302
-0.997245 -0.973513
-0.996557 -0.972918
-0.996079 -0.973067
-0.998559 -0.974602
-0.994701 -0.974155
-0.997683 -0.974724
-0.996279 -0.974274
-0.996332 -0.972214
-0.994862 -0.974298
-0.995919 -0.974444
-0.995569 -0.972021
-0.996666 -0.972328
-0.997692 -0.973539
-0.996313 -0.973965
-0.996203 -0.972564
-0.997266 -0.973421
-0.995143 -0.97286
-0.995175 -0.973173
-0.995593 -0.972198
-0.99557 -0.972943
-0.994612 -0.973367
-0.994413 -0.974639
-0.99506 -0.970568
