0 0
-0.171452 -0.161473
-0.331192 -0.31326
-0.478262 -0.454104
-0.614514 -0.584848
-0.738779 -0.705379
-0.847558 -0.81443
-0.946069 -0.91326
-1.03296 -0.999951
-1.10101 -1.08007
-1.16035 -1.14541
-1.20529 -1.20379
-1.23518 -1.25144
-1.2619 -1.29186
-1.27245 -1.32755
-1.28583 -1.35625
-1.28959 -1.38191
-1.2863 -1.40254
-1.28765 -1.42142
-1.28346 -1.43593
-1.28086 -1.44666
-1.27244 -1.46002
-1.2715 -1.46765
-1.26575 -1.47701
-1.25273 -1.47388
-1.24943 -1.48439
-1.246 -1.49333
-1.21182 -1.46585
-1.24429 -1.49458
-1.23362 -1.50372
-1.22923 -1.50624
-1.22649 -1.50382
-1.23537 -1.50986
-1.22988 -1.49649
-1.23671 -1.5053
-1.23448 -1.50522
-1.23268 -1.50309
-1.23487 -1.50565
-1.23573 -1.50218
-1.23226 -1.50319
-1.23681 -1.50015
-1.23417 -1.50642
-1.23177 -1.49908
-1.23557 -1.50167
-1.23363 -1.49896
-1.23692 -1.50321
-1.23149 -1.49951
-1.23674 -1.49893
-1.23396 -1.50322
-1.23604 -1.49705
-1.23544 -1.49731
-1.23574 -1.49863
-1.23789 -1.49466
-1.23446 -1.49947
-1.23519 -1.49744
-1.23936 -1.49337
-1.23731 -1.49642
-1.23567 -1.49212
-1.23513 -1.4956
-1.2363 -1.4935
-1.23865 -1.49156
-1.23895 -1.4929
-1.2377 -1.49391
-1.23782 -1.49121
-1.23879 -1.49135
-1.23762 -1.49453
-1.23733 -1.48832
-1.23884 -1.49113
-1.23683 -1.49451
-1.23642 -1.4927
-1.24083 -1.48787
-1.23916 -1.49225
-1.23744 -1.48836
-1.23949 -1.49091
-1.23639 -1.49211
-1.23927 -1.48885
-1.23843 -1.48899
-1.23903 -1.49292
-1.24046 -1.48665
-1.24028 -1.49117
-1.23739 -1.48971
-1.23783 -1.4893
-1.24031 -1.48672
-1.23758 -1.49129
-1.24084 -1.48584
-1.24284 -1.4852
-1.23772 -1.48821
-1.24116 -1.48717
-1.23895 -1.48552
-1.2393 -1.49068
-1.23873 -1.48848
-1.23998 -1.48747
-1.24294 -1.48265
-1.24045 -1.48488
-1.24087 -1.48546
-1.24319 -1.48119
-1.24134 -1.48395
-1.24106 -1.48702
-1.24282 -1.48188
-1.24327 -1.48479
-1.23996 -1.48458
-1.24242 -1.48437
-1.24093 -1.48461
-1.24262 -1.48177
-1.2413 -1.48405
-1.24195 -1.48467
-1.24138 -1.4841
-1.24169 -1.48457
-1.24181 -1.48396
-1.24257 -1.48437
-1.24047 -1.48238
-1.24603 -1.48131
-1.24191 -1.48187
-1.24624 -1.47594
-1.24321 -1.48078
-1.24536 -1.4771
-1.24492 -1.47716
-1.24237 -1.48211
-1.24429 -1.48001
-1.24527 -1.47978
-1.24304 -1.48059
-1.24341 -1.47953
-1.24621 -1.47777
-1.2443 -1.47887
-1.24533 -1.47702
-1.24488 -1.47775
-1.2461 -1.47516
-1.24335 -1.48159
-1.24609 -1.4772
-1.24593 -1.47692
-1.24728 -1.47324
-1.24358 -1.47742
-1.24681 -1.47554
-1.24506 -1.47615
-1.24414 -1.47835
-1.24529 -1.47952
-1.24406 -1.47877
-1.24532 -1.47953
-1.24578 -1.47681
-1.24306 -1.47951
-1.24653 -1.4788
-1.24426 -1.48017
-1.24452 -1.48104
-1.24318 -1.48
-1.24509 -1.47984
-1.24465 -1.48008
-1.24406 -1.48167
-1.24314 -1.4817
-1.24598 -1.47845
-1.24608 -1.48047
-1.24375 -1.47928
-1.2429 -1.47654
-1.24664 -1.48061
-1.24541 -1.4777
-1.24567 -1.47894
-1.24603 -1.47687
-1.24504 -1.47576
-1.24649 -1.47913
-1.24708 -1.47449
-1.24455 -1.47785
-1.24595 -1.47423
-1.2477 -1.48112
-1.24568 -1.47387
-1.24664 -1.4736
-1.24855 -1.47699
-1.24579 -1.47607
-1.24729 -1.47605
-1.24737 -1.47423
-1.24781 -1.47215
-1.24886 -1.47716
-1.25003 -1.47144
-1.24703 -1.47502
-1.2501 -1.47156
-1.25086 -1.4724
-1.24657 -1.4739
-1.24748 -1.47394
-1.24998 -1.47235
-1.25062 -1.47132
-1.24945 -1.46946
-1.24818 -1.47517
-1.25129 -1.47122
-1.24717 -1.47404
-1.24948 -1.4707
-1.24863 -1.47306
-1.24878 -1.47303
-1.24872 -1.47143
-1.25039 -1.47123
-1.24907 -1.47167
-1.253 -1.47083
-1.2469 -1.476
-1.25155 -1.46747
-1.24968 -1.47279
-1.25096 -1.47386
-1.25076 -1.47015
-1.25001 -1.46833
-1.2513 -1.47074
-1.25115 -1.46802
-1.2512 -1.47183
-1.2479 -1.47287
-1.25364 -1.46809
-1.24961 -1.47133
-1.24877 -1.47274
-1.25288 -1.46798
-1.25008 -1.47074
-1.25103 -1.46904
-1.25042 -1.47102
-1.25353 -1.46695
-1.25111 -1.46892
-1.25184 -1.4695
-1.25255 -1.46514
-1.25253 -1.47056
-1.25077 -1.46774
-1.25327 -1.46714
-1.25063 -1.47081
-1.25162 -1.46595
-1.25413 -1.46804
-1.25378 -1.46754
-1.2512 -1.46878
-1.25211 -1.46705
-1.25362 -1.46887
-1.25192 -1.46837
-1.25232 -1.46674
-1.25082 -1.47072
-1.25314 -1.46676
-1.25069 -1.46847
-1.25503 -1.46618
-1.25184 -1.46708
-1.25163 -1.46735
-1.25166 -1.46597
-1.25509 -1.46752
-1.25329 -1.46547
-1.25525 -1.46383
-1.25246 -1.47014
-1.25215 -1.46712
-1.25561 -1.46865
-1.25279 -1.46713
-1.25462 -1.4678
-1.25346 -1.46931
-1.25418 -1.46758
-1.2551 -1.46571
-1.2561 -1.46605
-1.25393 -1.46707
-1.25483 -1.46541
-1.25619 -1.46828
-1.2567 -1.46286
-1.25347 -1.46774
-1.25617 -1.46364
-1.25657 -1.4656
-1.2571 -1.46303
-1.25586 -1.46612
-1.25531 -1.46614
-1.2565 -1.46216
-1.25606 -1.46617
-1.25699 -1.46341
-1.25852 -1.46345
-1.25395 -1.46715
-1.2605 -1.45926
-1.25846 -1.46015
-1.26037 -1.45981
-1.25834 -1.45764
-1.25837 -1.4621
-1.25787 -1.45983
-1.26164 -1.45791
-1.26032 -1.46188
-1.25757 -1.45786
-1.25978 -1.45892
-1.26051 -1.4559
-1.2585 -1.46148
-1.25793 -1.46053
-1.25885 -1.45953
-1.25866 -1.46222
-1.26006 -1.45886
-1.25587 -1.46432
-1.26025 -1.46292
-1.25793 -1.46546
-1.25984 -1.46231
-1.25722 -1.46401
-1.25802 -1.46119
-1.25788 -1.46458
-1.25913 -1.46217
-1.25758 -1.46415
-1.26351 -1.46228
-1.25793 -1.46034
-1.25913 -1.4625
-1.25963 -1.45958
-1.25826 -1.4627
-1.26035 -1.45975
-1.26129 -1.45958
-1.25805 -1.46636
-1.26113 -1.46038
-1.25761 -1.46413
-1.26138 -1.46146
-1.26004 -1.4641
-1.25944 -1.46143
-1.26156 -1.46273
-1.26243 -1.46319
-1.26209 -1.4633
-1.26205 -1.46152
-1.26236 -1.45954
-1.25884 -1.46551
-1.2637 -1.46091
-1.26109 -1.45918
-1.26396 -1.45929
-1.26058 -1.45963
-1.26447 -1.46153
-1.26274 -1.45682
-1.26323 -1.45977
-1.26345 -1.45746
-1.26483 -1.46136
-1.26305 -1.45898
-1.26359 -1.4584
-1.26523 -1.45975
-1.26455 -1.45925
-1.2639 -1.45895
-1.26579 -1.45954
-1.26333 -1.45798
-1.26462 -1.45781
-1.26318 -1.45888
-1.26363 -1.45503
-1.26364 -1.45919
-1.26477 -1.45695
-1.26413 -1.45604
-1.26713 -1.45765
-1.26513 -1.4548
-1.26402 -1.4592
-1.26341 -1.45783
-1.26728 -1.45433
-1.26355 -1.45663
-1.26454 -1.45984
-1.26461 -1.45648
-1.26433 -1.4549
-1.2651 -1.45941
-1.2654 -1.45356
-1.26588 -1.45966
-1.265 -1.45677
-1.26539 -1.45629
-1.26448 -1.45497
-1.2659 -1.45668
-1.26853 -1.45567
-1.26377 -1.45669
-1.26478 -1.45599
-1.26834 -1.45178
-1.26672 -1.45564
-1.26648 -1.45168
-1.26423 -1.45476
-1.26743 -1.4538
-1.2684 -1.45389
-1.26664 -1.45216
-1.26796 -1.45638
-1.26804 -1.45138
-1.26646 -1.45611
-1.26777 -1.45273
-1.26474 -1.45528
-1.26752 -1.45396
-1.26468 -1.45641
-1.26869 -1.45
-1.26631 -1.45967
-1.26613 -1.4562
-1.26631 -1.45548
-1.26702 -1.45548
-1.26768 -1.45266
-1.26639 -1.4556
-1.26551 -1.45853
-1.26708 -1.45455
-1.26712 -1.45702
-1.26457 -1.45768
-1.27069 -1.45327
-1.26221 -1.45975
-1.26886 -1.45378
-1.26834 -1.45853
-1.2671 -1.45521
-1.26722 -1.45678
-1.26775 -1.45647
-1.26612 -1.45504
-1.26889 -1.45541
-1.26705 -1.45514
-1.26928 -1.45505
-1.26787 -1.45337
-1.27051 -1.4539
-1.2671 -1.45489
-1.26777 -1.45407
-1.26903 -1.45473
-1.26905 -1.45299
-1.26953 -1.45172
-1.2692 -1.45413
-1.26975 -1.45126
-1.27248 -1.45233
-1.26924 -1.45353
-1.26864 -1.45651
-1.27038 -1.45112
-1.26958 -1.45097
-1.26924 -1.45532
-1.27047 -1.45156
-1.26738 -1.4528
-1.27059 -1.45651
-1.26954 -1.45039
-1.26882 -1.45434
-1.27037 -1.45079
-1.27136 -1.45302
-1.26736 -1.45468
-1.27126 -1.45031
-1.27121 -1.45012
-1.26908 -1.45516
-1.27142 -1.44956
-1.27054 -1.45298
-1.27251 -1.4502
-1.26982 -1.4518
-1.27344 -1.44758
-1.27171 -1.45331
-1.27242 -1.45023
-1.27215 -1.45018
-1.27375 -1.44766
-1.27162 -1.44951
-1.27238 -1.44797
-1.2705 -1.4502
-1.27322 -1.44931
-1.27247 -1.4485
-1.27555 -1.44642
-1.27324 -1.44814
-1.27297 -1.44592
-1.27414 -1.44679
-1.2745 -1.44573
-1.26897 -1.45095
-1.27569 -1.44467
-1.27229 -1.44929
-1.27404 -1.44825
-1.27364 -1.44738
-1.27324 -1.44825
-1.27503 -1.44347
-1.27472 -1.44644
-1.27401 -1.44588
-1.27553 -1.44636
-1.27631 -1.44185
-1.27396 -1.44829
-1.27503 -1.44549
-1.2728 -1.44518
-1.27779 -1.44548
-1.27323 -1.44798
-1.27595 -1.44608
-1.2744 -1.44596
-1.27289 -1.44755
-1.275 -1.44331
-1.27544 -1.44736
-1.27406 -1.4474
-1.27646 -1.4441
-1.27687 -1.44683
-1.27517 -1.44574
-1.27499 -1.44609
-1.27681 -1.44462
-1.27586 -1.4446
-1.27809 -1.44496
-1.27507 -1.44491
-1.27855 -1.44452
-1.27671 -1.43896
-1.27759 -1.44536
-1.276 -1.44475
-1.27814 -1.4411
-1.27601 -1.44483
-1.27539 -1.44379
-1.27623 -1.44434
-1.27571 -1.44183
-1.27701 -1.44516
-1.27549 -1.44633
-1.27701 -1.44252
-1.2773 -1.44012
-1.27426 -1.44436
-1.27862 -1.44422
-1.27664 -1.44468
-1.27671 -1.44491
-1.27569 -1.44318
-1.27574 -1.44547
-1.27745 -1.44491
-1.2772 -1.44271
-1.27481 -1.44657
-1.27708 -1.44449
-1.27988 -1.44092
-1.27604 -1.44477
-1.27622 -1.44319
-1.27557 -1.4465
-1.27531 -1.44294
-1.27669 -1.4424
-1.27514 -1.44554
-1.27651 -1.44421
-1.27567 -1.44392
-1.27716 -1.44388
-1.27476 -1.44245
-1.27464 -1.44542
-1.27638 -1.44322
-1.27511 -1.44156
-1.27495 -1.44523
-1.2777 -1.44075
-1.27773 -1.44168
-1.27678 -1.44286
-1.27666 -1.44177
-1.2788 -1.44288
-1.2771 -1.4411
-1.27657 -1.44197
-1.28018 -1.43722
-1.27408 -1.44218
-1.28104 -1.44162
-1.27795 -1.44262
-1.27581 -1.44245
-1.27567 -1.44177
-1.2782 -1.44144
-1.27619 -1.44216
-1.27945 -1.4375
-1.27591 -1.44438
-1.27835 -1.43874
-1.27673 -1.44248
-1.27784 -1.43952
-1.27563 -1.44362
-1.27791 -1.44161
-1.27791 -1.4413
-1.27572 -1.44182
-1.27367 -1.44285
-1.27818 -1.44282
-1.27884 -1.43911
-1.27846 -1.44141
-1.27787 -1.43987
-1.27589 -1.44361
-1.27851 -1.4394
-1.27519 -1.44065
-1.28074 -1.44143
-1.27586 -1.44017
-1.27837 -1.4458
-1.2797 -1.4391
-1.27862 -1.43841
-1.27828 -1.4409
-1.28043 -1.44164
-1.27909 -1.44206
-1.28036 -1.43908
-1.27738 -1.43857
-1.28077 -1.44057
-1.27784 -1.44191
-1.28156 -1.43826
-1.27795 -1.44078
-1.27985 -1.43942
-1.27639 -1.44303
-1.27851 -1.4429
-1.28163 -1.43852
-1.27723 -1.44222
-1.27727 -1.44121
-1.27811 -1.44111
-1.27755 -1.44376
-1.2794 -1.44035
-1.2777 -1.44078
-1.27828 -1.4426
-1.27771 -1.44039
-1.27802 -1.44452
-1.27716 -1.44148
-1.28128 -1.44061
-1.27978 -1.43997
-1.28066 -1.44191
-1.27925 -1.43904
-1.277 -1.44301
-1.27919 -1.44093
-1.28049 -1.44008
-1.27967 -1.44101
-1.28019 -1.44268
-1.27932 -1.44062
-1.27889 -1.44179
-1.27926 -1.43916
-1.27794 -1.44237
-1.28009 -1.43698
-1.27677 -1.44658
-1.28058 -1.43955
-1.27726 -1.44279
-1.27794 -1.44201
-1.27928 -1.44319
-1.27718 -1.44098
-1.27932 -1.44201
-1.27894 -1.44103
-1.28005 -1.44057
-1.28015 -1.4401
-1.27885 -1.44004
-1.27958 -1.43915
-1.277 -1.44279
-1.28096 -1.43919
-1.27911 -1.4429
-1.28052 -1.44001
-1.27841 -1.44582
-1.27906 -1.44291
-1.28006 -1.44512
-1.27831 -1.44484
-1.27689 -1.44258
-1.28087 -1.44182
-1.27829 -1.44347
-1.28194 -1.43953
-1.28083 -1.44464
-1.27881 -1.44372
-1.28051 -1.44178
-1.28008 -1.43855
-1.27934 -1.44136
-1.28164 -1.44054
-1.27812 -1.44242
-1.282 -1.43784
-1.28052 -1.4409
-1.27888 -1.4395
-1.27994 -1.43972
-1.28169 -1.44232
-1.2804 -1.44288
-1.28077 -1.43821
-1.27903 -1.44407
-1.28065 -1.43994
-1.27969 -1.44019
-1.28222 -1.44094
-1.28081 -1.44144
-1.28028 -1.43962
-1.28488 -1.43861
-1.28043 -1.43777
-1.28316 -1.43647
-1.28164 -1.4377
-1.28256 -1.44252
-1.28104 -1.43929
-1.2818 -1.43784
-1.28102 -1.43926
-1.28275 -1.43888
-1.28195 -1.4399
-1.28135 -1.43999
-1.28052 -1.44044
-1.28004 -1.43998
-1.28336 -1.4403
-1.27981 -1.44228
-1.28297 -1.44053
-1.28312 -1.44267
-1.28039 -1.44283
-1.28151 -1.44072
-1.27956 -1.44394
-1.27945 -1.44248
-1.28344 -1.43878
-1.28019 -1.4427
-1.28176 -1.44236
-1.28081 -1.44052
-1.27916 -1.44438
-1.28254 -1.44192
-1.28261 -1.44091
-1.28078 -1.43802
-1.27904 -1.44427
-1.28199 -1.43859
-1.28164 -1.43992
-1.28148 -1.43968
-1.2806 -1.44143
-1.28264 -1.43993
-1.28263 -1.43701
-1.28205 -1.44263
-1.28147 -1.43884
-1.28274 -1.44068
-1.28185 -1.44094
-1.28078 -1.44151
-1.28334 -1.43822
-1.28249 -1.43882
-1.28082 -1.43888
-1.28528 -1.43639
-1.28193 -1.43866
-1.28183 -1.43813
-1.28304 -1.43899
-1.28062 -1.43993
-1.28045 -1.43878
-1.28471 -1.43821
-1.28279 -1.44059
-1.27888 -1.43925
-1.28005 -1.44029
-1.28376 -1.43468
-1.2787 -1.44334
-1.28235 -1.43667
-1.28337 -1.43877
-1.28196 -1.43756
-1.27966 -1.44148
-1.28431 -1.43922
-1.28311 -1.4393
-1.28024 -1.44016
-1.28314 -1.43724
-1.28298 -1.43757
-1.28382 -1.4372
-1.28274 -1.44042
-1.28545 -1.43754
-1.28291 -1.43955
-1.28203 -1.43755
-1.28326 -1.43853
-1.28136 -1.43841
-1.28259 -1.44023
-1.285 -1.43883
-1.28155 -1.43741
-1.28276 -1.43946
-1.28075 -1.43894
-1.28539 -1.44021
-1.28192 -1.44042
-1.2836 -1.43777
-1.28427 -1.43916
-1.28117 -1.43837
-1.28264 -1.44239
-1.28152 -1.43979
-1.28364 -1.43861
-1.28417 -1.43982
-1.28157 -1.43985
-1.28668 -1.43625
-1.28197 -1.43894
-1.28641 -1.43698
-1.28414 -1.43763
-1.28299 -1.44065
-1.28499 -1.43725
-1.283 -1.44054
-1.28582 -1.43767
-1.28551 -1.43661
-1.28341 -1.43466
-1.28505 -1.43982
-1.28877 -1.43663
-1.28148 -1.43798
-1.2833 -1.43857
-1.28528 -1.44055
-1.28593 -1.43453
-1.28356 -1.4386
-1.28174 -1.44079
-1.28632 -1.43431
-1.28396 -1.43801
-1.28921 -1.43579
-1.28437 -1.43807
-1.28439 -1.43846
-1.28611 -1.4335
-1.28738 -1.43435
-1.28437 -1.43713
-1.28686 -1.43803
-1.28602 -1.43532
-1.287 -1.43734
-1.28702 -1.4385
-1.28478 -1.43574
-1.287 -1.43718
-1.28997 -1.43378
-1.2847 -1.43935
-1.28768 -1.43479
-1.28781 -1.43455
-1.2874 -1.43327
-1.28755 -1.4323
-1.28666 -1.43425
-1.28661 -1.43343
-1.28593 -1.43634
-1.28794 -1.43196
-1.28643 -1.43543
-1.28773 -1.43276
-1.28458 -1.43395
-1.28937 -1.43202
-1.28688 -1.43707
-1.28716 -1.43232
-1.28909 -1.42933
-1.28793 -1.43313
-1.28829 -1.43258
-1.28611 -1.43439
-1.2874 -1.43116
-1.28633 -1.43405
-1.28624 -1.43269
-1.2839 -1.43513
-1.28662 -1.43323
-1.28517 -1.43678
-1.28608 -1.43222
-1.28768 -1.43473
-1.287 -1.43318
-1.28532 -1.43047
-1.28492 -1.43435
-1.28819 -1.43298
-1.28726 -1.43236
-1.28515 -1.43536
-1.28634 -1.43171
-1.28873 -1.43117
-1.28555 -1.43574
-1.28727 -1.43134
-1.2878 -1.43454
-1.28663 -1.43402
-1.28573 -1.43435
-1.28822 -1.43097
-1.28855 -1.43548
-1.2863 -1.43575
-1.2894 -1.43233
-1.28781 -1.43425
-1.28787 -1.43107
-1.2887 -1.43559
-1.28993 -1.43252
-1.28885 -1.43191
-1.28932 -1.4362
-1.28851 -1.43064
-1.28994 -1.43182
-1.2872 -1.4325
-1.28895 -1.43127
-1.28722 -1.43377
-1.29028 -1.43438
-1.28618 -1.43479
-1.29067 -1.43051
-1.28681 -1.43476
-1.28544 -1.4332
-1.28834 -1.43183
-1.28595 -1.43456
-1.28718 -1.43407
-1.28787 -1.43188
-1.28736 -1.43441
-1.2861 -1.43181
-1.28673 -1.43525
-1.28735 -1.43198
-1.28523 -1.43233
-1.28751 -1.43394
-1.28535 -1.43323
-1.28922 -1.43095
-1.28534 -1.43559
-1.2864 -1.43443
-1.28568 -1.43342
-1.28818 -1.43545
-1.28811 -1.43345
-1.28346 -1.43599
-1.28685 -1.43717
-1.28856 -1.4305
-1.28615 -1.43378
-1.28662 -1.43036
-1.28891 -1.43251
-1.28391 -1.43544
-1.28913 -1.43032
-1.28677 -1.43372
-1.289 -1.43039
-1.28665 -1.43233
-1.28484 -1.43175
-1.28891 -1.43096
-1.28823 -1.43043
-1.28789 -1.43115
-1.28634 -1.43147
-1.28521 -1.4326
-1.28751 -1.4308
-1.28619 -1.43472
-1.28854 -1.43128
-1.28722 -1.43392
-1.28889 -1.43117
-1.28966 -1.43307
-1.28839 -1.42671
-1.2877 -1.4331
-1.28698 -1.43199
-1.28804 -1.43011
-1.28764 -1.43143
-1.28603 -1.43022
-1.28793 -1.43114
-1.28621 -1.43355
-1.28835 -1.42948
-1.29015 -1.43111
-1.28662 -1.43237
-1.28636 -1.43256
-1.28918 -1.42821
-1.28785 -1.43059
-1.28656 -1.43245
-1.287 -1.43248
-1.28701 -1.43203
-1.28634 -1.43149
-1.28785 -1.43134
-1.2872 -1.43408
-1.28841 -1.42914
-1.28707 -1.43147
-1.28694 -1.43128
-1.28855 -1.43179
-1.28657 -1.43081
-1.28681 -1.43402
-1.29063 -1.42891
-1.28673 -1.43442
-1.28799 -1.42879
-1.28874 -1.43016
-1.28577 -1.43343
-1.289 -1.43031
-1.28579 -1.42992
-1.28968 -1.43089
-1.28843 -1.42963
-1.28788 -1.43302
-1.28773 -1.43023
-1.29016 -1.42892
-1.28667 -1.429
-1.29074 -1.43064
-1.28913 -1.42961
-1.28851 -1.42872
-1.28966 -1.43086
-1.28838 -1.4306
-1.28933 -1.4325
-1.29075 -1.4278
-1.28823 -1.43083
-1.29179 -1.42842
-1.28837 -1.42938
-1.2921 -1.43031
-1.28829 -1.43078
-1.28991 -1.43134
-1.28957 -1.42909
-1.29217 -1.42786
-1.28915 -1.42912
-1.29166 -1.42846
-1.29123 -1.42585
-1.28829 -1.42871
-1.29255 -1.42873
-1.28969 -1.42547
-1.28953 -1.43128
-1.29087 -1.42513
-1.28757 -1.43225
-1.29257 -1.42554
-1.29199 -1.4263
-1.29089 -1.42868
-1.2885 -1.42686
-1.29404 -1.4285
-1.28849 -1.42685
-1.28763 -1.43185
-1.29149 -1.42698
-1.28905 -1.42672
-1.29332 -1.42564
-1.29053 -1.42635
-1.29261 -1.42586
-1.28879 -1.42875
-1.29183 -1.42802
-1.2915 -1.42869
-1.29219 -1.4298
-1.29107 -1.42663
-1.28947 -1.42695
-1.29388 -1.42658
-1.28958 -1.42749
-1.29252 -1.42689
-1.29319 -1.42818
-1.2911 -1.42665
-1.29368 -1.42545
-1.28982 -1.43032
-1.29048 -1.42674
-1.29554 -1.42748
-1.2879 -1.42515
-1.29463 -1.42679
-1.29099 -1.42868
-1.29228 -1.42317
-1.29144 -1.42743
-1.29083 -1.4268
-1.29136 -1.42516
-1.28926 -1.42553
-1.29302 -1.42725
-1.29283 -1.42448
-1.29431 -1.42495
-1.29135 -1.42645
-1.29056 -1.42575
-1.28917 -1.43029
-1.29414 -1.42316
-1.28913 -1.431
-1.29042 -1.42901
-1.28958 -1.42953
-1.29093 -1.42681
-1.29288 -1.42939
-1.29127 -1.42567
-1.29172 -1.42763
-1.29493 -1.42507
-1.29187 -1.42415
-1.2939 -1.42648
-1.29283 -1.42728
-1.29256 -1.42568
-1.29101 -1.42686
-1.29393 -1.42796
-1.29108 -1.42583
-1.29127 -1.42741
-1.29219 -1.42639
-1.28987 -1.42658
-1.29077 -1.42718
-1.29352 -1.42384
-1.29204 -1.42727
-1.29245 -1.42495
-1.28848 -1.42824
-1.2925 -1.42457
-1.29216 -1.42925
-1.29087 -1.42473
-1.2898 -1.42784
-1.28937 -1.42796
-1.28957 -1.42814
-1.29269 -1.4258
-1.29004 -1.42634
-1.28886 -1.427
-1.29456 -1.42455
-1.29198 -1.42407
-1.28918 -1.42882
-1.29185 -1.42245
-1.29014 -1.42996
-1.28805 -1.42788
-1.29186 -1.42815
-1.28836 -1.42773
-1.29239 -1.4257
-1.28877 -1.43021
-1.29066 -1.42779
-1.29128 -1.42511
-1.29056 -1.42919
-1.29381 -1.42503
-1.29204 -1.42902
-1.29024 -1.42383
-1.2894 -1.42969
-1.29108 -1.42445
-1.29262 -1.42876
-1.29295 -1.42638
-1.29024 -1.42871
-1.29141 -1.42385
-1.29321 -1.42681
-1.29105 -1.42589
-1.29342 -1.42323
-1.29278 -1.42601
-1.29363 -1.42523
-1.29228 -1.42387
-1.29158 -1.42802
-1.29652 -1.42126
-1.29132 -1.42834
-1.293 -1.4242
-1.29185 -1.42747
-1.2931 -1.42379
-1.29086 -1.42679
-1.29419 -1.42694
-1.28954 -1.42757
-1.29469 -1.42683
-1.2908 -1.4288
-1.29313 -1.42421
-1.29389 -1.42738
-1.29208 -1.42526
-1.29462 -1.42635
-1.29185 -1.42558
-1.29539 -1.42286
-1.29369 -1.42554
-1.29299 -1.42618
-1.29237 -1.42668
-1.29233 -1.42681
-1.29336 -1.42664
-1.29166 -1.4269
-1.292 -1.42677
-1.29174 -1.4245
-1.28949 -1.42398
-1.29387 -1.42726
-1.29023 -1.42841
-1.29163 -1.42777
-1.29012 -1.42428
-1.29265 -1.42861
-1.288 -1.42626
-1.29394 -1.42752
-1.29077 -1.42852
-1.29078 -1.42751
-1.29055 -1.42846
-1.28985 -1.42834
-1.29402 -1.42692
-1.28897 -1.42813
-1.29139 -1.42662
-1.29015 -1.42517
-1.29355 -1.4233
-1.29263 -1.42578
-1.29196 -1.42646
-1.29368 -1.42525
-1.29271 -1.42354
-1.29099 -1.42691
-1.29361 -1.42364
-1.29285 -1.42586
-1.2926 -1.42292
-1.29218 -1.42355
-1.29399 -1.42143
-1.29151 -1.42155
-1.29517 -1.42278
-1.29093 -1.42225
-1.29375 -1.42453
-1.29514 -1.4217
-1.29103 -1.42231
-1.29593 -1.42438
-1.29489 -1.42277
-1.29253 -1.42378
-1.29318 -1.42013
-1.29512 -1.42502
-1.29451 -1.4221
-1.29412 -1.42138
-1.29355 -1.42099
-1.29686 -1.42175
-1.29409 -1.42237
-1.29618 -1.41956
-1.29619 -1.41769
-1.29706 -1.42006
-1.29554 -1.42048
-1.2941 -1.42301
-1.29588 -1.42131
-1.29592 -1.42197
-1.29618 -1.42145
-1.29484 -1.42159
-1.29451 -1.42054
-1.29427 -1.42344
-1.29293 -1.42404
-1.29667 -1.41958
-1.29643 -1.42031
-1.2926 -1.42471
-1.29512 -1.42123
-1.29735 -1.42187
-1.29492 -1.41999
-1.29596 -1.42304
-1.29582 -1.42055
-1.29529 -1.4214
-1.29684 -1.42035
-1.29599 -1.42093
-1.29252 -1.422
-1.29587 -1.42145
-1.29469 -1.42311
-1.29709 -1.42035
-1.29417 -1.42255
-1.29695 -1.41894
-1.29629 -1.42089
-1.29441 -1.42057
-1.29608 -1.42124
-1.29762 -1.42099
-1.29437 -1.42177
-1.29525 -1.41964
-1.29532 -1.4209
-1.29666 -1.41792
-1.29471 -1.42599
-1.29649 -1.41826
-1.29419 -1.42235
-1.29525 -1.42043
-1.29743 -1.42127
-1.2937 -1.42072
-1.29396 -1.4188
-1.29541 -1.42083
-1.29423 -1.42196
-1.29604 -1.42144
-1.29466 -1.42052
-1.29184 -1.42328
-1.29397 -1.42071
-1.29525 -1.42102
-1.29259 -1.42465
-1.29691 -1.42272
-1.29428 -1.4216
-1.29804 -1.42121
-1.29386 -1.4252
-1.2963 -1.42404
-1.29733 -1.42037
-1.29482 -1.42152
-1.29553 -1.42163
-1.29728 -1.42052
-1.29553 -1.42149
-1.29532 -1.41631
-1.29636 -1.42274
-1.29596 -1.41826
-1.29576 -1.41664
-1.29468 -1.42027
-1.2956 -1.41661
-1.2949 -1.42056
-1.29471 -1.42271
-1.29776 -1.41861
-1.29634 -1.4163
-1.29907 -1.41949
-1.29439 -1.42262
-1.29778 -1.4165
-1.29459 -1.42395
-1.29765 -1.41993
-1.29527 -1.42073
-1.29468 -1.41993
-1.29812 -1.42047
-1.29548 -1.42191
-1.29694 -1.41862
-1.2968 -1.42038
-1.29634 -1.42016
-1.29719 -1.41611
-1.29989 -1.42032
-1.2944 -1.41978
-1.2974 -1.42052
-1.29824 -1.41851
-1.29516 -1.42076
-1.29722 -1.42258
-1.29563 -1.42147
-1.29469 -1.4215
-1.2963 -1.4209
-1.29366 -1.42252
-1.29684 -1.42209
-1.29162 -1.42476
-1.29274 -1.42443
-1.29514 -1.42334
-1.294 -1.42458
-1.2918 -1.4246
-1.29753 -1.4197
-1.29194 -1.42352
-1.29591 -1.42375
-1.29487 -1.42516
-1.29438 -1.41968
-1.29338 -1.427
-1.29384 -1.42222
-1.29632 -1.42274
-1.29391 -1.42164
-1.29464 -1.41947
-1.2959 -1.42242
-1.29384 -1.4222
-1.29424 -1.42099
-1.29562 -1.42475
-1.29546 -1.42108
-1.29497 -1.422
-1.29543 -1.42249
-1.29448 -1.42059
-1.29624 -1.42065
-1.29407 -1.41934
-1.2937 -1.42305
-1.2953 -1.41822
-1.29334 -1.42206
-1.29781 -1.41828
-1.29703 -1.41897
-1.2941 -1.42332
-1.29381 -1.42069
-1.29738 -1.41679
-1.29682 -1.4211
-1.29309 -1.41788
-1.29634 -1.42155
-1.2964 -1.41685
-1.29459 -1.41969
-1.2945 -1.42049
-1.29663 -1.4202
-1.29281 -1.42346
-1.29297 -1.42101
-1.29401 -1.42178
-1.29148 -1.42808
-1.29052 -1.42191
-1.29699 -1.42267
-1.29233 -1.41965
-1.29472 -1.42327
-1.29383 -1.41799
-1.29451 -1.41841
-1.29774 -1.42019
-1.29161 -1.42156
-1.29201 -1.42226
-1.29328 -1.42186
-1.29514 -1.42076
-1.29463 -1.41986
-1.293 -1.42139
-1.29113 -1.42395
-1.29343 -1.42065
-1.29283 -1.41939
-1.29333 -1.4221
-1.29149 -1.42326
-1.29437 -1.42374
-1.29224 -1.42201
-1.29336 -1.42276
-1.29397 -1.42012
-1.29463 -1.42232
-1.29219 -1.42078
-1.29497 -1.4217
-1.29386 -1.4224
-1.29176 -1.4208
-1.29316 -1.4226
-1.29518 -1.41999
-1.29525 -1.42172
-1.29446 -1.42222
-1.29628 -1.42034
-1.29302 -1.41903
-1.29431 -1.4231
-1.29787 -1.42059
-1.29248 -1.42024
-1.29704 -1.42046
-1.29621 -1.42261
-1.29699 -1.41971
-1.29326 -1.42087
-1.29264 -1.42242
-1.29834 -1.4176
-1.29524 -1.41797
-1.29401 -1.42109
-1.29872 -1.4182
-1.29555 -1.41875
-1.29654 -1.42057
-1.2963 -1.41677
-1.29653 -1.4212
-1.29755 -1.41802
-1.29735 -1.41559
-1.29543 -1.41633
-1.29536 -1.41827
-1.29426 -1.41841
-1.29572 -1.41639
-1.29697 -1.41899
-1.29424 -1.41489
-1.29746 -1.41703
-1.298 -1.41457
-1.29765 -1.41724
-1.29717 -1.41479
-1.29899 -1.41384
-1.2983 -1.4158
-1.30015 -1.41238
-1.29708 -1.41537
-1.29642 -1.41469
-1.29759 -1.41494
-1.29657 -1.41499
-1.29918 -1.41412
-1.29693 -1.41326
-1.29574 -1.41277
-1.29824 -1.41473
-1.29482 -1.41679
-1.29561 -1.41409
-1.29723 -1.41127
-1.29635 -1.41529
-1.29453 -1.41548
-1.2965 -1.41573
-1.29547 -1.41427
-1.29375 -1.4174
-1.29868 -1.41111
-1.2934 -1.41633
-1.29414 -1.41614
-1.29468 -1.41757
-1.29543 -1.41641
-1.2952 -1.4143
-1.29499 -1.41678
-1.2939 -1.41717
-1.29655 -1.41629
-1.29431 -1.41719
-1.2966 -1.41473
-1.29388 -1.41513
-1.29383 -1.41747
-1.29577 -1.41566
-1.29594 -1.41414
-1.29691 -1.41553
-1.29446 -1.41488
-1.29648 -1.41625
-1.29904 -1.41494
-1.29562 -1.41591
-1.29787 -1.41762
-1.2964 -1.41402
-1.29949 -1.41414
-1.29365 -1.4163
-1.29886 -1.41355
-1.29578 -1.41891
-1.29443 -1.41734
-1.29744 -1.41426
-1.29544 -1.4151
-1.2983 -1.4122
-1.29651 -1.41707
-1.29619 -1.41207
-1.29587 -1.41556
-1.29704 -1.4142
-1.29794 -1.41476
-1.29618 -1.41016
-1.29977 -1.41305
-1.29425 -1.41506
-1.2967 -1.41226
-1.29896 -1.41141
-1.2938 -1.41324
-1.29974 -1.41127
-1.29912 -1.40943
-1.29464 -1.4126
-1.29965 -1.41218
-1.29872 -1.41237
-1.29535 -1.41292
-1.29796 -1.41169
-1.29434 -1.4152
-1.29964 -1.41062
-1.29646 -1.41246
-1.29491 -1.41213
-1.29902 -1.41303
-1.29589 -1.41514
-1.2947 -1.41426
-1.29862 -1.4117
-1.29816 -1.41286
-1.29702 -1.41368
-1.2972 -1.41219
-1.29649 -1.4115
-1.29762 -1.41494
-1.29674 -1.4118
-1.29712 -1.41335
-1.29816 -1.40954
-1.2977 -1.40849
-1.29735 -1.41035
-1.29648 -1.41374
-1.29507 -1.40865
-1.29927 -1.40846
-1.29505 -1.41287
-1.29845 -1.40634
-1.29945 -1.40978
-1.29921 -1.40953
-1.29667 -1.40921
-1.29656 -1.4085
-1.29875 -1.41061
-1.29687 -1.41022
-1.29917 -1.40828
-1.29632 -1.40984
-1.29913 -1.41191
-1.29648 -1.40748
-1.29673 -1.41132
-1.29834 -1.4099
-1.29716 -1.41262
-1.29729 -1.40764
-1.29405 -1.41042
-1.29891 -1.4118
-1.295 -1.41202
-1.29882 -1.40891
-1.29666 -1.41115
-1.29757 -1.41065
-1.29663 -1.41206
-1.29797 -1.41196
-1.2952 -1.41296
-1.29821 -1.4103
-1.2967 -1.40843
-1.29818 -1.41066
-1.29561 -1.41315
-1.29827 -1.4147
-1.2965 -1.40943
-1.29839 -1.40915
-1.29592 -1.41381
-1.2948 -1.41162
-1.29631 -1.41212
-1.29688 -1.40962
-1.29754 -1.41124
-1.29596 -1.41273
-1.29733 -1.4113
-1.29595 -1.40983
-1.29635 -1.41137
-1.29793 -1.40994
-1.29797 -1.40996
-1.29871 -1.41223
-1.29688 -1.41132
-1.29696 -1.4097
-1.29524 -1.41173
-1.29897 -1.41025
-1.29758 -1.41083
-1.29728 -1.4105
-1.3013 -1.40651
-1.29664 -1.40948
-1.29886 -1.40926
-1.29883 -1.40933
-1.29761 -1.4092
-1.29904 -1.40858
-1.29843 -1.40699
-1.29943 -1.40823
-1.29792 -1.4077
-1.29741 -1.40937
-1.29685 -1.41071
-1.29866 -1.40918
-1.2977 -1.41011
-1.29694 -1.40764
-1.29982 -1.40765
-1.29886 -1.40805
-1.30007 -1.40859
-1.29663 -1.40836
-1.3003 -1.40711
-1.29846 -1.40777
-1.29872 -1.4085
-1.29754 -1.40537
-1.29679 -1.40985
-1.29715 -1.40794
-1.29804 -1.40891
-1.29634 -1.40698
-1.29819 -1.40818
-1.29726 -1.40971
-1.29616 -1.40852
-1.29852 -1.40977
-1.29756 -1.40556
-1.30038 -1.40806
-1.29346 -1.41199
-1.29948 -1.40733
-1.29638 -1.40842
-1.29526 -1.41015
-1.29689 -1.40741
-1.29757 -1.40784
-1.29774 -1.40833
-1.29709 -1.40817
-1.29784 -1.40714
-1.2951 -1.40796
-1.2976 -1.40802
-1.29792 -1.40786
-1.2965 -1.40889
-1.30011 -1.4081
-1.29592 -1.41033
-1.29624 -1.40905
-1.2979 -1.40777
-1.29811 -1.40708
-1.29591 -1.41117
-1.29888 -1.40588
-1.29669 -1.41144
-1.29539 -1.40715
-1.29772 -1.40972
-1.2939 -1.40923
-1.29922 -1.40958
-1.29511 -1.40864
-1.29822 -1.40948
-1.29773 -1.40871
-1.29503 -1.41036
-1.29739 -1.408
-1.29665 -1.40855
-1.2977 -1.41068
-1.29625 -1.41243
-1.29578 -1.40886
-1.29476 -1.41027
-1.29853 -1.40965
-1.29627 -1.40687
-1.29825 -1.40939
-1.2967 -1.40888
-1.29902 -1.41062
-1.29833 -1.40881
-1.29757 -1.40803
-1.29929 -1.40652
-1.29516 -1.41134
-1.29778 -1.40864
-1.30157 -1.40608
-1.29944 -1.40613
-1.29358 -1.40876
-1.2998 -1.40388
-1.29986 -1.40462
-1.29909 -1.40617
-1.29888 -1.40788
-1.29412 -1.40575
-1.30351 -1.40787
-1.29895 -1.40611
-1.29858 -1.40637
-1.29933 -1.40293
-1.29727 -1.40968
-1.29975 -1.40798
-1.29893 -1.40388
-1.29714 -1.40783
-1.29917 -1.40885
-1.29859 -1.40657
-1.29669 -1.40776
-1.2967 -1.41026
-1.29807 -1.40715
-1.29817 -1.40821
-1.29849 -1.40954
-1.29691 -1.40739
-1.29568 -1.41067
-1.3014 -1.40492
-1.29439 -1.41003
-1.29757 -1.40967
-1.29821 -1.40513
-1.29539 -1.40747
-1.29758 -1.40896
-1.29879 -1.4069
-1.29503 -1.41015
-1.29797 -1.40857
-1.29558 -1.4081
-1.29386 -1.40913
-1.29703 -1.41092
-1.29537 -1.40974
-1.29621 -1.40962
-1.29701 -1.40818
-1.29608 -1.40914
-1.29623 -1.40788
-1.29685 -1.40844
-1.29537 -1.40832
-1.29607 -1.40861
-1.2955 -1.41023
-1.29877 -1.40847
-1.2949 -1.40885
-1.29787 -1.40633
-1.29579 -1.40752
-1.29864 -1.40641
-1.29503 -1.40965
-1.29754 -1.40668
-1.29654 -1.40834
-1.29528 -1.40641
-1.29705 -1.4086
-1.29421 -1.40749
-1.29775 -1.4071
-1.29631 -1.40797
-1.29509 -1.40878
-1.29678 -1.41049
-1.29409 -1.40742
-1.29683 -1.40878
-1.29432 -1.41117
-1.29877 -1.40612
-1.29549 -1.40714
-1.29468 -1.408
-1.29632 -1.40779
-1.29629 -1.40721
-1.29586 -1.40757
-1.29551 -1.40831
-1.29776 -1.40537
-1.29667 -1.40806
-1.29369 -1.40898
-1.2962 -1.40985
-1.29792 -1.40835
-1.29816 -1.40678
-1.29502 -1.40835
-1.29841 -1.40782
-1.29811 -1.40596
-1.29642 -1.40857
-1.29785 -1.40642
-1.29736 -1.40688
-1.29778 -1.40595
-1.29605 -1.40647
-1.29622 -1.40788
-1.29626 -1.40943
-1.29679 -1.40821
-1.29499 -1.40841
-1.29407 -1.40606
-1.29702 -1.40765
-1.29428 -1.40959
-1.2999 -1.40433
-1.29729 -1.40678
-1.29605 -1.4061
-1.295 -1.41115
-1.29635 -1.41108
-1.29579 -1.40644
-1.29727 -1.40881
-1.29409 -1.41022
-1.29675 -1.40669
-1.29317 -1.40865
-1.29729 -1.40699
-1.29557 -1.40461
-1.29771 -1.40604
-1.29448 -1.40895
-1.29492 -1.40566
-1.29675 -1.40695
-1.29699 -1.40427
-1.29477 -1.40507
-1.29665 -1.40429
-1.29552 -1.40755
-1.29718 -1.40328
-1.29522 -1.40423
-1.29585 -1.40551
-1.2992 -1.40279
-1.2964 -1.40621
-1.29532 -1.40792
-1.296 -1.40412
-1.29709 -1.40989
-1.29742 -1.40622
-1.29727 -1.40701
-1.29554 -1.40758
-1.29683 -1.40612
-1.29691 -1.40607
-1.29684 -1.40384
-1.29773 -1.4039
-1.29882 -1.40363
-1.29726 -1.40668
-1.29698 -1.4076
-1.2969 -1.4072
-1.29623 -1.4063
-1.29797 -1.40637
-1.29486 -1.40509
-1.2968 -1.4072
-1.29919 -1.40563
-1.29768 -1.40663
-1.29667 -1.40803
-1.29758 -1.40528
-1.29721 -1.40778
-1.29718 -1.40671
-1.2966 -1.40413
-1.29695 -1.408
-1.29764 -1.40728
-1.29497 -1.40726
-1.29704 -1.40604
-1.29917 -1.40259
-1.29899 -1.40571
-1.2973 -1.40583
-1.29691 -1.40472
-1.30202 -1.40513
-1.29588 -1.40526
-1.2969 -1.40522
-1.299 -1.404
-1.2978 -1.40592
-1.29859 -1.40389
-1.30165 -1.40258
-1.29664 -1.40548
-1.2982 -1.40282
-1.29781 -1.40316
-1.29878 -1.40638
-1.29735 -1.40811
-1.30058 -1.40199
-1.29957 -1.40178
-1.29821 -1.40672
-1.29734 -1.40404
-1.30044 -1.40479
-1.29816 -1.40378
-1.29952 -1.40752
-1.2978 -1.40215
-1.29944 -1.40426
-1.29816 -1.40775
-1.29557 -1.40568
-1.29708 -1.40446
-1.29916 -1.40443
-1.29841 -1.40279
-1.29728 -1.40682
-1.29974 -1.40121
-1.29937 -1.40299
-1.2981 -1.40237
-1.30126 -1.40341
-1.29622 -1.40367
-1.3003 -1.40298
-1.29787 -1.40612
-1.30079 -1.40322
-1.30242 -1.39905
-1.29647 -1.40214
-1.30173 -1.40268
-1.2976 -1.39983
-1.30064 -1.40115
-1.30294 -1.40162
-1.2974 -1.40395
-1.29937 -1.40164
-1.30193 -1.40066
-1.30126 -1.39949
-1.29905 -1.40193
-1.30211 -1.40132
-1.30133 -1.40018
-1.29949 -1.40173
-1.29854 -1.40186
-1.29913 -1.40077
-1.30022 -1.40246
-1.30007 -1.4028
-1.30151 -1.40065
-1.29842 -1.40188
-1.30017 -1.40351
-1.29894 -1.40144
-1.29795 -1.40199
-1.30262 -1.40332
-1.30074 -1.40056
-1.29677 -1.40223
-1.30337 -1.39965
-1.29807 -1.40305
-1.2997 -1.40425
-1.29957 -1.4018
-1.30257 -1.40006
-1.30102 -1.40162
-1.2996 -1.40034
-1.30121 -1.40251
-1.29989 -1.40045
-1.29872 -1.40151
-1.29772 -1.40341
-1.30123 -1.40186
-1.30201 -1.40127
-1.30033 -1.40088
-1.29751 -1.40261
-1.30451 -1.40048
-1.29953 -1.39922
-1.30095 -1.40311
-1.29895 -1.40096
-1.29822 -1.40081
-1.30202 -1.39936
-1.29831 -1.39856
-1.30283 -1.40078
-1.29874 -1.39919
-1.29723 -1.40205
-1.29953 -1.40195
-1.29885 -1.40169
-1.29836 -1.40245
-1.29817 -1.40226
-1.3001 -1.40058
-1.2972 -1.40119
-1.30108 -1.40086
-1.29784 -1.40293
-1.30159 -1.40035
-1.29853 -1.40119
-1.29589 -1.4031
-1.30057 -1.4011
-1.29659 -1.40335
-1.29914 -1.40249
-1.29653 -1.40523
-1.29788 -1.40202
-1.29769 -1.40398
-1.2982 -1.40566
-1.29711 -1.40475
-1.29828 -1.40311
-1.29769 -1.4037
-1.30061 -1.40365
-1.29765 -1.40417
-1.30057 -1.40092
-1.29358 -1.40368
-1.30035 -1.40259
-1.29829 -1.40223
-1.29891 -1.40331
-1.29979 -1.39912
-1.29856 -1.40405
-1.29962 -1.40076
-1.2974 -1.40152
-1.29794 -1.40394
-1.29963 -1.40169
-1.29985 -1.40109
-1.29528 -1.40496
-1.30031 -1.40127
-1.29864 -1.40162
-1.29967 -1.40161
-1.29533 -1.40175
-1.30421 -1.39894
-1.29635 -1.40053
-1.29992 -1.40003
-1.29883 -1.402
-1.29877 -1.39978
-1.29988 -1.40099
-1.29872 -1.40064
-1.29843 -1.399
-1.29849 -1.40164
-1.29723 -1.4018
-1.29671 -1.40235
-1.29781 -1.4
-1.30017 -1.39954
-1.29941 -1.39918
-1.29454 -1.40292
-1.30105 -1.39918
-1.29813 -1.40247
-1.29921 -1.39908
-1.29771 -1.39842
-1.29899 -1.40041
-1.2977 -1.40178
-1.29941 -1.39939
-1.29825 -1.39927
-1.29572 -1.40259
-1.29953 -1.40113
-1.29525 -1.39778
-1.29833 -1.40368
-1.2956 -1.40023
-1.29826 -1.40143
-1.29766 -1.40027
-1.29737 -1.4017
-1.29912 -1.40294
-1.29607 -1.40112
-1.29845 -1.40253
-1.29954 -1.39888
-1.29709 -1.40337
-1.29604 -1.40258
-1.29671 -1.40216
-1.29508 -1.40483
-1.29649 -1.40367
-1.29497 -1.40535
-1.29757 -1.40375
-1.29616 -1.40146
-1.29712 -1.40052
-1.29897 -1.39978
-1.30027 -1.39843
-1.29287 -1.40502
-1.29993 -1.39971
-1.29806 -1.40112
-1.29706 -1.39957
-1.29813 -1.40031
-1.29809 -1.40059
-1.29921 -1.39746
-1.29788 -1.40435
-1.2959 -1.40214
-1.29828 -1.40084
-1.2991 -1.40143
-1.29914 -1.39915
-1.29751 -1.40433
-1.29556 -1.40378
-1.29756 -1.40051
-1.29653 -1.39989
-1.29701 -1.40278
-1.29485 -1.40357
-1.29486 -1.40249
-1.2967 -1.40212
-1.29765 -1.39986
-1.29333 -1.40573
-1.29696 -1.40099
-1.29431 -1.40269
-1.29611 -1.40138
-1.29664 -1.40029
-1.29614 -1.39952
-1.29873 -1.40271
-1.29762 -1.40035
-1.29749 -1.40084
-1.29719 -1.4026
-1.29801 -1.39985
-1.29716 -1.4013
-1.29687 -1.40295
-1.2956 -1.39968
-1.29614 -1.4029
-1.29816 -1.39868
-1.29476 -1.39988
-1.29774 -1.40259
-1.29473 -1.40353
-1.29425 -1.40016
-1.29814 -1.40125
-1.29447 -1.40207
-1.29482 -1.40292
-1.29665 -1.40052
-1.29583 -1.39841
-1.29774 -1.40076
-1.30094 -1.39745
-1.29757 -1.40341
-1.29573 -1.39874
-1.29735 -1.39956
-1.29954 -1.39647
-1.29703 -1.3986
-1.29825 -1.39951
-1.29806 -1.40046
-1.2962 -1.40329
-1.29739 -1.39609
-1.29746 -1.4028
-1.29609 -1.39554
-1.29698 -1.3996
-1.2974 -1.39926
-1.29937 -1.39889
-1.29842 -1.39855
-1.29674 -1.40003
-1.29859 -1.39846
-1.29831 -1.39862
-1.29893 -1.39579
-1.29639 -1.40098
-1.29762 -1.39761
-1.29531 -1.40257
-1.2969 -1.40016
-1.29532 -1.40264
-1.29739 -1.40129
-1.29684 -1.40033
-1.29599 -1.40363
-1.29387 -1.40154
-1.29615 -1.40159
-1.29576 -1.4042
-1.29497 -1.40175
-1.29586 -1.40181
-1.29802 -1.40026
-1.29408 -1.39868
-1.29851 -1.39976
-1.29381 -1.39991
-1.29613 -1.40171
-1.2941 -1.40276
-1.29716 -1.39885
-1.29352 -1.39953
-1.29576 -1.39888
-1.29579 -1.39828
-1.29587 -1.40023
-1.29607 -1.39817
-1.29551 -1.39612
-1.29738 -1.39484
-1.29575 -1.40153
-1.29713 -1.39807
-1.29708 -1.39659
-1.29922 -1.39732
-1.29692 -1.39835
-1.29754 -1.39884
-1.29368 -1.39686
-1.29713 -1.39533
-1.29732 -1.39778
-1.29766 -1.39631
-1.29624 -1.39704
-1.29693 -1.39492
-1.29603 -1.39796
-1.29775 -1.39666
-1.29713 -1.39615
-1.29657 -1.39778
-1.29542 -1.40096
-1.29739 -1.39446
-1.2959 -1.39947
-1.29874 -1.39708
-1.29678 -1.3967
-1.29934 -1.396
-1.29904 -1.39678
-1.2957 -1.39651
-1.2972 -1.39642
-1.29925 -1.39501
-1.29921 -1.39726
-1.3001 -1.3965
-1.29716 -1.39193
-1.30037 -1.39558
-1.29872 -1.39296
-1.29772 -1.39695
-1.29734 -1.39507
-1.2997 -1.39441
-1.29823 -1.39566
-1.30059 -1.39346
-1.29778 -1.39435
-1.29705 -1.39666
-1.29947 -1.39333
-1.29626 -1.39552
-1.29705 -1.39527
-1.29872 -1.39551
-1.29947 -1.39247
-1.29857 -1.39711
-1.29747 -1.39431
-1.29766 -1.39302
-1.29918 -1.39392
-1.29918 -1.38913
-1.29507 -1.39611
-1.29795 -1.39541
-1.29471 -1.39696
-1.29827 -1.39585
-1.29608 -1.39423
-1.29585 -1.39709
-1.2942 -1.39512
-1.29636 -1.39549
-1.29612 -1.39627
-1.29817 -1.39562
-1.2949 -1.39546
-1.29863 -1.39587
-1.29477 -1.39734
-1.29806 -1.39231
-1.2952 -1.39759
-1.29598 -1.39448
-1.29683 -1.39463
-1.29435 -1.39711
-1.29781 -1.39663
-1.29642 -1.39426
-1.29588 -1.39457
-1.29677 -1.39596
-1.29673 -1.39358
-1.29626 -1.3943
-1.29772 -1.39495
-1.29855 -1.39492
-1.2981 -1.39169
-1.29891 -1.39975
-1.29883 -1.39302
-1.29749 -1.39298
-1.29735 -1.39424
-1.29933 -1.39562
-1.29802 -1.39369
-1.29812 -1.39407
-1.30032 -1.392
-1.29841 -1.39313
-1.29904 -1.39294
-1.29875 -1.39359
-1.29852 -1.3944
-1.30059 -1.39072
-1.30046 -1.39254
-1.29677 -1.39298
-1.30036 -1.39397
-1.29999 -1.39218
-1.29942 -1.39331
-1.30102 -1.39126
-1.29922 -1.39423
-1.29935 -1.3931
-1.30021 -1.39272
-1.30041 -1.39238
-1.29866 -1.39208
-1.30249 -1.39434
-1.30099 -1.38968
-1.29841 -1.39224
-1.30331 -1.38862
-1.29963 -1.39314
-1.30194 -1.39158
-1.30177 -1.3914
-1.29725 -1.3923
-1.30074 -1.39147
