0 0
-0.0526326 -0.0495179
-0.10428 -0.0982244
-0.15484 -0.145894
-0.20442 -0.192722
-0.252959 -0.238762
-0.300286 -0.283799
-0.346561 -0.327576
-0.391982 -0.371233
-0.436296 -0.413259
-0.479384 -0.454908
-0.521373 -0.495023
-0.56249 -0.534746
-0.602353 -0.573336
-0.64077 -0.610737
-0.679168 -0.648317
-0.715614 -0.683073
-0.750672 -0.717696
-0.784985 -0.752244
-0.818879 -0.784009
-0.849397 -0.817381
-0.881907 -0.847043
-0.910784 -0.877519
-0.939097 -0.907804
-0.967605 -0.934286
-0.9929 -0.962423
-1.01948 -0.986358
-1.0401 -1.01391
-1.06628 -1.03757
-1.08567 -1.06062
-1.10471 -1.0837
-1.10681 -1.08294
-1.10631 -1.08427
-1.10615 -1.08371
-1.1051 -1.08394
-1.10646 -1.08276
-1.10634 -1.08584
-1.10491 -1.08291
-1.10766 -1.08216
-1.10206 -1.08698
-1.10735 -1.08401
-1.10567 -1.0823
-1.10455 -1.08512
-1.10422 -1.08358
-1.10576 -1.0815
-1.10591 -1.08677
-1.1049 -1.08246
-1.10413 -1.0839
-1.10529 -1.08326
-1.10685 -1.08366
-1.10306 -1.08497
-1.10485 -1.08338
-1.10542 -1.08481
-1.10676 -1.08194
-1.10277 -1.08593
-1.10512 -1.08109
-1.10479 -1.085
-1.10571 -1.08303
-1.10647 -1.08181
-1.10234 -1.08735
-1.10657 -1.08218
-1.10736 -1.08097
-1.10432 -1.08411
-1.10518 -1.08087
-1.10488 -1.0845
-1.1047 -1.08225
-1.10506 -1.08335
-1.10551 -1.08103
-1.10535 -1.0849
-1.10454 -1.08275
-1.1064 -1.0814
-1.10359 -1.08377
-1.1058 -1.08245
-1.10493 -1.08292
-1.10559 -1.08201
-1.10429 -1.08285
-1.10617 -1.0827
-1.10379 -1.08065
-1.10575 -1.08512
-1.10361 -1.08093
-1.10491 -1.08261
-1.10461 -1.08235
-1.10603 -1.08081
-1.1034 -1.08408
-1.10616 -1.07957
-1.10505 -1.08427
-1.10432 -1.08242
-1.10509 -1.08201
-1.10552 -1.08121
-1.10218 -1.08399
-1.10673 -1.08045
-1.10391 -1.08377
-1.10589 -1.08364
-1.10419 -1.08011
-1.10405 -1.08296
-1.10587 -1.08476
-1.10401 -1.08105
-1.10411 -1.0826
-1.1057 -1.08169
-1.10168 -1.08227
-1.10594 -1.08282
-1.10361 -1.08169
-1.10337 -1.08285
-1.10411 -1.08252
-1.10474 -1.08109
-1.10181 -1.08453
-1.10364 -1.08096
-1.10321 -1.08104
-1.10419 -1.08475
-1.10382 -1.08046
-1.10268 -1.0817
-1.10465 -1.08067
-1.10365 -1.08325
-1.10263 -1.0821
-1.10509 -1.08211
-1.10183 -1.08195
-1.10454 -1.08229
-1.10219 -1.08161
-1.10588 -1.08141
-1.10027 -1.08338
-1.10665 -1.0809
-1.10221 -1.08293
-1.10389 -1.08094
-1.10328 -1.08096
-1.10211 -1.08395
-1.10313 -1.08046
-1.1052 -1.08154
-1.10089 -1.0835
-1.104 -1.08069
-1.10182 -1.08267
-1.1045 -1.07895
-1.10315 -1.08137
-1.10205 -1.08468
-1.10359 -1.0783
-1.10288 -1.08114
-1.10096 -1.08419
-1.10424 -1.08065
-1.10193 -1.08162
-1.10306 -1.0786
-1.10229 -1.08282
-1.1027 -1.08105
-1.10442 -1.08005
-1.10115 -1.08363
-1.10311 -1.08127
-1.10419 -1.07956
-1.10099 -1.08312
-1.10315 -1.07957
-1.10376 -1.07925
-1.10353 -1.08249
-1.10156 -1.0806
-1.10078 -1.0826
-1.10323 -1.07935
-1.10122 -1.08208
-1.10302 -1.08027
-1.10251 -1.0816
-1.10195 -1.08148
-1.10242 -1.0813
-1.10346 -1.08081
-1.10185 -1.08319
-1.10258 -1.07988
-1.10278 -1.08163
-1.10517 -1.0792
-1.10215 -1.08231
-1.10269 -1.07945
-1.1026 -1.08132
-1.10482 -1.07942
-1.10229 -1.08131
-1.10353 -1.08103
-1.10359 -1.07949
-1.10339 -1.08064
-1.10271 -1.08073
-1.1031 -1.08236
-1.10277 -1.07923
-1.10282 -1.08219
-1.10452 -1.07926
-1.10341 -1.08016
-1.10247 -1.08056
-1.10421 -1.07886
-1.10174 -1.08036
-1.10206 -1.08082
-1.10406 -1.0798
-1.10073 -1.08112
-1.10279 -1.07883
-1.10449 -1.08032
-1.09974 -1.07922
-1.10361 -1.08158
-1.10298 -1.08094
-1.10318 -1.08079
-1.10116 -1.08034
-1.10274 -1.07907
-1.10078 -1.0815
-1.10216 -1.08057
-1.10281 -1.07997
-1.10066 -1.08082
-1.10208 -1.07978
-1.10245 -1.07925
-1.1006 -1.08117
-1.10086 -1.08067
-1.10197 -1.08098
-1.10116 -1.0779
-1.09962 -1.08328
-1.10145 -1.07781
-1.09903 -1.07978
-1.09967 -1.08293
-1.10181 -1.07683
-1.09986 -1.08074
-1.10001 -1.07938
-1.10084 -1.0805
-1.10079 -1.07875
-1.10202 -1.07899
-1.09987 -1.07985
-1.10207 -1.07979
-1.09987 -1.07995
-1.10282 -1.07775
-1.09878 -1.08187
-1.10147 -1.07712
-1.1008 -1.07829
-1.0987 -1.07955
-1.10019 -1.07964
-1.10182 -1.07753
-1.09823 -1.08223
-1.10061 -1.07751
-1.0983 -1.08113
-1.09978 -1.0776
-1.09954 -1.08207
-1.1015 -1.07758
-1.099 -1.08107
-1.09861 -1.0788
-1.09996 -1.07932
-1.09904 -1.08125
-1.09955 -1.08049
-1.0985 -1.07968
-1.09878 -1.08095
-1.09892 -1.08098
-1.09871 -1.07897
-1.09847 -1.07958
-1.09956 -1.07986
-1.0977 -1.08131
-1.09885 -1.08033
-1.1001 -1.07766
-1.09786 -1.08248
-1.09944 -1.07918
-1.09773 -1.08164
-1.09935 -1.07738
-1.09957 -1.07925
-1.09675 -1.08155
-1.09974 -1.07827
-1.09913 -1.08014
-1.0978 -1.07964
-1.0965 -1.07991
-1.09906 -1.07903
-1.09822 -1.07995
-1.09819 -1.0797
-1.09753 -1.07925
-1.09837 -1.07916
-1.09836 -1.07877
-1.09866 -1.08026
-1.09779 -1.07929
-1.09906 -1.07895
-1.09819 -1.07774
-1.09909 -1.07971
-1.09706 -1.0803
-1.09836 -1.07887
-1.09719 -1.07944
-1.09959 -1.07791
-1.09716 -1.0783
-1.09886 -1.07906
-1.09712 -1.0798
-1.09853 -1.07866
-1.09807 -1.07824
-1.09854 -1.07967
-1.0984 -1.07723
-1.09748 -1.08003
-1.09617 -1.07858
-1.09893 -1.07896
-1.09678 -1.07926
-1.09613 -1.07837
-1.09829 -1.07888
-1.09722 -1.07856
-1.09685 -1.08058
-1.09838 -1.07699
-1.09743 -1.07983
-1.09786 -1.0784
-1.09903 -1.07739
-1.09765 -1.07773
-1.09592 -1.07986
-1.09939 -1.0784
-1.09752 -1.07765
-1.09819 -1.07961
-1.09885 -1.07855
-1.09658 -1.07803
-1.09796 -1.07794
-1.09607 -1.07903
-1.09839 -1.07896
-1.09706 -1.0771
-1.09607 -1.07805
-1.09687 -1.07907
-1.09693 -1.07813
-1.0961 -1.07919
-1.09757 -1.07636
-1.0956 -1.07998
-1.09728 -1.07858
-1.09708 -1.07692
-1.097 -1.08075
-1.09698 -1.07608
-1.09429 -1.0805
-1.0974 -1.07523
-1.09638 -1.07818
-1.0965 -1.07703
-1.09803 -1.07804
-1.09537 -1.07807
-1.09687 -1.07551
-1.09673 -1.07769
-1.09526 -1.07701
-1.09616 -1.07936
-1.09697 -1.07692
-1.09707 -1.07731
-1.09473 -1.07718
-1.09601 -1.07661
-1.09576 -1.07613
-1.0953 -1.07759
-1.09544 -1.07848
-1.09674 -1.07547
-1.09591 -1.07769
-1.0962 -1.07476
-1.09448 -1.08033
-1.09666 -1.074
-1.0966 -1.07633
-1.09473 -1.07814
-1.09774 -1.07477
-1.0961 -1.07646
-1.09683 -1.07666
-1.0981 -1.0753
-1.09459 -1.07757
-1.09589 -1.07599
-1.09612 -1.07677
-1.09585 -1.07548
-1.09648 -1.07535
-1.09429 -1.07775
-1.09753 -1.07412
-1.09484 -1.07598
-1.09563 -1.07506
-1.0948 -1.07506
-1.09546 -1.07436
-1.0958 -1.07739
-1.0949 -1.07655
-1.09541 -1.07497
-1.09552 -1.07552
-1.09366 -1.0779
-1.09762 -1.07554
-1.09454 -1.07646
-1.09525 -1.07682
-1.09568 -1.0749
-1.09507 -1.07771
-1.09645 -1.0748
-1.09405 -1.07615
-1.09588 -1.0767
-1.09533 -1.07614
-1.09499 -1.07588
-1.09573 -1.07566
-1.09594 -1.07583
-1.09468 -1.07701
-1.09488 -1.07635
-1.09417 -1.07669
-1.09563 -1.0768
-1.09513 -1.07618
-1.09674 -1.07532
-1.09517 -1.07722
-1.0962 -1.07662
-1.09716 -1.07424
-1.09183 -1.078
-1.09891 -1.07309
-1.09381 -1.07831
-1.09604 -1.07755
-1.09639 -1.07171
-1.09442 -1.0777
-1.09856 -1.07346
-1.09493 -1.07483
-1.09478 -1.0775
-1.09809 -1.07316
-1.09446 -1.07517
-1.09559 -1.07556
-1.0952 -1.07558
-1.09558 -1.07423
-1.09562 -1.07795
-1.09768 -1.07363
-1.09345 -1.07802
-1.09502 -1.07425
-1.09433 -1.07618
-1.0943 -1.07454
-1.0957 -1.0746
-1.09364 -1.07716
-1.09579 -1.0745
-1.09297 -1.07714
-1.09566 -1.07417
-1.09253 -1.07841
-1.09525 -1.0745
-1.09334 -1.07675
-1.09303 -1.07854
-1.09531 -1.07332
-1.0914 -1.07587
-1.09378 -1.07677
-1.09352 -1.0742
-1.09174 -1.07631
-1.09365 -1.0757
-1.09268 -1.07576
-1.09484 -1.07596
-1.09307 -1.07567
-1.09211 -1.07655
-1.0929 -1.07382
-1.09405 -1.07641
-1.09223 -1.07702
-1.09346 -1.07442
-1.09364 -1.07595
-1.09309 -1.07444
-1.09302 -1.07632
-1.09522 -1.07507
-1.09237 -1.07457
-1.09528 -1.07514
-1.09356 -1.07375
-1.09307 -1.07546
-1.09338 -1.074
-1.09256 -1.07344
-1.09355 -1.07708
-1.09473 -1.07187
-1.0916 -1.07596
-1.09383 -1.07631
-1.09437 -1.07269
-1.09259 -1.0767
-1.09311 -1.07364
-1.09355 -1.07583
-1.09413 -1.07406
-1.0923 -1.07664
-1.0932 -1.07457
-1.09052 -1.07562
-1.09275 -1.07422
-1.09324 -1.07594
-1.0901 -1.07639
-1.09313 -1.07424
-1.0919 -1.07528
-1.09207 -1.07484
-1.09111 -1.07666
-1.09323 -1.0733
-1.09165 -1.07546
-1.09357 -1.075
-1.09039 -1.07548
-1.09271 -1.07476
-1.09146 -1.07631
-1.09415 -1.07417
-1.09067 -1.07554
-1.09287 -1.07538
-1.0918 -1.07413
-1.09221 -1.07596
-1.09251 -1.07467
-1.09213 -1.07456
-1.09296 -1.0751
-1.09242 -1.07646
-1.09185 -1.07384
-1.09124 -1.07602
-1.09271 -1.0742
-1.09154 -1.07598
-1.09143 -1.07619
-1.09164 -1.07472
-1.09256 -1.07466
-1.09255 -1.07449
-1.09062 -1.0759
-1.09052 -1.07428
-1.0919 -1.07485
-1.0905 -1.07568
-1.09266 -1.07348
-1.0898 -1.07591
-1.08982 -1.07373
-1.09155 -1.07439
-1.09088 -1.07399
-1.09223 -1.07483
-1.0904 -1.07358
-1.09126 -1.07529
-1.09073 -1.07309
-1.09106 -1.07458
-1.09301 -1.07318
-1.08899 -1.07654
-1.09234 -1.07138
-1.09196 -1.07434
-1.08964 -1.07611
-1.09359 -1.07253
-1.09069 -1.07355
-1.0907 -1.07718
-1.09097 -1.07286
-1.09022 -1.07485
-1.09156 -1.07329
-1.09002 -1.07652
-1.09098 -1.07271
-1.09045 -1.07657
-1.09059 -1.0741
-1.09226 -1.0726
-1.0893 -1.07508
-1.09068 -1.07395
-1.09109 -1.07345
-1.09149 -1.07318
-1.09024 -1.07491
-1.09076 -1.07245
-1.09086 -1.07541
-1.09117 -1.07145
-1.08926 -1.07415
-1.09225 -1.07469
-1.09201 -1.07122
-1.09121 -1.07301
-1.08996 -1.07335
-1.09026 -1.07316
-1.09248 -1.0716
-1.0904 -1.07371
-1.09099 -1.07381
-1.09237 -1.07067
-1.08841 -1.07351
-1.09079 -1.07235
-1.09017 -1.07299
-1.08972 -1.07282
-1.09052 -1.07432
-1.09029 -1.07216
-1.09032 -1.07341
-1.08978 -1.07355
-1.09084 -1.07116
-1.09064 -1.07438
-1.0917 -1.0728
-1.08822 -1.07453
-1.09031 -1.0728
-1.08968 -1.07332
-1.09103 -1.07304
-1.09076 -1.07116
-1.09023 -1.07358
-1.08917 -1.07386
-1.09015 -1.07213
-1.0911 -1.0723
-1.09042 -1.07129
-1.09009 -1.07239
-1.08922 -1.07389
-1.08979 -1.07193
-1.09251 -1.07177
-1.08803 -1.07274
-1.0929 -1.07429
-1.09011 -1.07195
-1.09053 -1.07452
-1.09074 -1.07117
-1.08882 -1.07676
-1.09263 -1.06972
-1.08956 -1.07522
-1.09044 -1.07149
-1.09054 -1.07328
-1.09103 -1.07264
-1.09084 -1.07328
-1.09129 -1.07025
-1.08992 -1.07421
-1.09099 -1.07076
-1.08934 -1.07459
-1.09299 -1.07136
-1.08824 -1.07469
-1.09151 -1.07174
-1.09018 -1.0732
-1.0907 -1.07091
-1.08931 -1.07208
-1.09074 -1.07331
-1.0907 -1.07131
-1.08934 -1.07164
-1.09103 -1.07326
-1.0883 -1.07382
-1.09104 -1.06996
-1.09085 -1.07246
-1.08934 -1.07032
-1.08868 -1.07262
-1.09068 -1.07183
-1.08878 -1.07313
-1.08951 -1.0694
-1.08772 -1.07386
-1.08917 -1.0711
-1.08955 -1.07308
-1.08971 -1.07058
-1.08865 -1.07334
-1.08954 -1.07034
-1.09086 -1.07277
-1.09065 -1.07322
-1.08888 -1.07223
-1.09114 -1.071
-1.08889 -1.07205
-1.09007 -1.07127
-1.08981 -1.07252
-1.0888 -1.07191
-1.09114 -1.07165
-1.08642 -1.07403
-1.09143 -1.07001
-1.08729 -1.07354
-1.09044 -1.07085
-1.09165 -1.07123
-1.0875 -1.07289
-1.08955 -1.07167
-1.09053 -1.07086
-1.08994 -1.07315
-1.08977 -1.06989
-1.0891 -1.07123
-1.091 -1.07175
-1.08901 -1.07187
-1.09231 -1.06952
-1.08811 -1.07424
-1.09008 -1.07139
-1.0908 -1.07157
-1.08929 -1.07282
-1.09214 -1.07028
-1.08853 -1.07083
-1.09023 -1.07161
-1.09119 -1.06986
-1.09049 -1.07194
-1.09043 -1.07227
-1.09074 -1.07039
-1.09099 -1.07162
-1.0913 -1.07032
-1.09029 -1.06998
-1.09074 -1.07121
-1.09187 -1.07151
-1.092 -1.06959
-1.08884 -1.07182
-1.09143 -1.06999
-1.09059 -1.07101
-1.08854 -1.07263
-1.09233 -1.06654
-1.08938 -1.07218
-1.09006 -1.06959
-1.09126 -1.07009
-1.08999 -1.07199
-1.09178 -1.06904
-1.08908 -1.06953
-1.09106 -1.07164
-1.09081 -1.07021
-1.08942 -1.07145
-1.09153 -1.06775
-1.09097 -1.0709
-1.08865 -1.07117
-1.0923 -1.06849
-1.09025 -1.07063
-1.09084 -1.06893
-1.0914 -1.06946
-1.0899 -1.07103
-1.09253 -1.06722
-1.09031 -1.07138
-1.08989 -1.06879
-1.09076 -1.06981
-1.09135 -1.06956
-1.09054 -1.07037
-1.09044 -1.07107
-1.08998 -1.06907
-1.08885 -1.0713
-1.09169 -1.06807
-1.09077 -1.06989
-1.08931 -1.07071
-1.09026 -1.06967
-1.09096 -1.06944
-1.08979 -1.07118
-1.09006 -1.06843
-1.08849 -1.07
-1.08943 -1.07023
-1.08975 -1.06981
-1.0896 -1.07095
-1.08708 -1.06936
-1.09043 -1.06996
-1.08975 -1.06839
-1.08966 -1.06988
-1.08879 -1.06824
-1.0896 -1.06845
-1.08885 -1.07129
-1.0901 -1.06754
-1.08753 -1.07217
-1.09201 -1.06847
-1.08803 -1.06819
-1.08949 -1.06989
-1.08876 -1.06987
-1.0897 -1.06932
-1.08867 -1.06848
-1.08709 -1.06919
-1.08864 -1.0708
-1.0892 -1.06648
-1.08944 -1.07061
-1.08786 -1.0691
-1.08908 -1.06969
-1.08862 -1.069
-1.0893 -1.06859
-1.08868 -1.06954
-1.08693 -1.0695
-1.09038 -1.06788
-1.08498 -1.0715
-1.09052 -1.06716
-1.08823 -1.06845
-1.08778 -1.06978
-1.08718 -1.06911
-1.08782 -1.07061
-1.08804 -1.06676
-1.08684 -1.07191
-1.08798 -1.06678
-1.08717 -1.07016
-1.08787 -1.06792
-1.08569 -1.07053
-1.08833 -1.06837
-1.08716 -1.06919
-1.08773 -1.06921
-1.0864 -1.07118
-1.08664 -1.06773
-1.08783 -1.06977
-1.08615 -1.06954
-1.08795 -1.06866
-1.08547 -1.07075
-1.08863 -1.06898
-1.08623 -1.06856
-1.08763 -1.06995
-1.08769 -1.06779
-1.08721 -1.07097
-1.08688 -1.06863
-1.08857 -1.06936
-1.08698 -1.07006
-1.08834 -1.06742
-1.08728 -1.07059
-1.08837 -1.06819
-1.08725 -1.06747
-1.08939 -1.07059
-1.0889 -1.06727
-1.08735 -1.06785
-1.08732 -1.06969
-1.08767 -1.06982
-1.08717 -1.06691
-1.08955 -1.06787
-1.08469 -1.06964
-1.09121 -1.06446
-1.08635 -1.07009
-1.08806 -1.06796
-1.08738 -1.06621
-1.08844 -1.06871
-1.08675 -1.06691
-1.08763 -1.06725
-1.08773 -1.0684
-1.08782 -1.06777
-1.08588 -1.0685
-1.08953 -1.06544
-1.08617 -1.0705
-1.08783 -1.06589
-1.08845 -1.06655
-1.08721 -1.06805
-1.0869 -1.06671
-1.0898 -1.06493
-1.08587 -1.06959
-1.08813 -1.0656
-1.08715 -1.06726
-1.08757 -1.06549
-1.08663 -1.06839
-1.08885 -1.0671
-1.08716 -1.06623
-1.08756 -1.06802
-1.08841 -1.06529
-1.08492 -1.06887
-1.08853 -1.06573
-1.0858 -1.06767
-1.08792 -1.06541
-1.08691 -1.0687
-1.0874 -1.06574
-1.08705 -1.06827
-1.08874 -1.06601
-1.08683 -1.06761
-1.0879 -1.06614
-1.08828 -1.06785
-1.08534 -1.06757
-1.08797 -1.06563
-1.08772 -1.06718
-1.08764 -1.06563
-1.08665 -1.06775
-1.08757 -1.06499
-1.0869 -1.06882
-1.08672 -1.06575
-1.08569 -1.06717
-1.08876 -1.06587
-1.08445 -1.06837
-1.0892 -1.06407
-1.08458 -1.0661
-1.08676 -1.06821
-1.08731 -1.06454
-1.08682 -1.06714
-1.08574 -1.06453
-1.08711 -1.06682
-1.08646 -1.06339
-1.08753 -1.06499
-1.08602 -1.06642
-1.08619 -1.06586
-1.08719 -1.06453
-1.0864 -1.06321
-1.08724 -1.06481
-1.08568 -1.06712
-1.08721 -1.06275
-1.08571 -1.06602
-1.08651 -1.06444
-1.08576 -1.06572
-1.08608 -1.06452
-1.0861 -1.06449
-1.08555 -1.06646
-1.08454 -1.06479
-1.08716 -1.06606
-1.08366 -1.06643
-1.0866 -1.06496
-1.08591 -1.06549
-1.08356 -1.06389
-1.0865 -1.06558
-1.08534 -1.06749
-1.08485 -1.06517
-1.0873 -1.06367
-1.08506 -1.06687
-1.08511 -1.06479
-1.08516 -1.06695
-1.08668 -1.06482
-1.08597 -1.06611
-1.08425 -1.06569
-1.08808 -1.06372
-1.08406 -1.06587
-1.08397 -1.0682
-1.08829 -1.06287
-1.08375 -1.06789
-1.08642 -1.06481
-1.08501 -1.06577
-1.08592 -1.06692
-1.08475 -1.06479
-1.0848 -1.06719
-1.08685 -1.06544
-1.08464 -1.06672
-1.0877 -1.06523
-1.08457 -1.06735
-1.08797 -1.06419
-1.08579 -1.06566
-1.08613 -1.06619
-1.08559 -1.06277
-1.0857 -1.06665
-1.08585 -1.06524
-1.0846 -1.06708
-1.08622 -1.06427
-1.08664 -1.06563
-1.08435 -1.06597
-1.08536 -1.06512
-1.08642 -1.06472
-1.08424 -1.0665
-1.08348 -1.06628
-1.08795 -1.06187
-1.08304 -1.06838
-1.08745 -1.06207
-1.08465 -1.06668
-1.08392 -1.06455
-1.0878 -1.06272
-1.0844 -1.06494
-1.08363 -1.06739
-1.0866 -1.0624
-1.08429 -1.06566
-1.08443 -1.06457
-1.08399 -1.06436
-1.08585 -1.06591
-1.08387 -1.06388
-1.08243 -1.06553
-1.0848 -1.06502
-1.08483 -1.06355
-1.08157 -1.06711
-1.08585 -1.06186
-1.08269 -1.06636
-1.08436 -1.06319
-1.08229 -1.06725
-1.0852 -1.06248
-1.08429 -1.06505
-1.08328 -1.06596
-1.08398 -1.0634
-1.08388 -1.06508
-1.08293 -1.06424
-1.0842 -1.06527
-1.08332 -1.06235
-1.08445 -1.06547
-1.08354 -1.06362
-1.08348 -1.06361
-1.08388 -1.06371
-1.0856 -1.06265
-1.08493 -1.0651
-1.08217 -1.06238
-1.08539 -1.06364
-1.08401 -1.06339
-1.08286 -1.06429
-1.08514 -1.06396
-1.08286 -1.06643
-1.08329 -1.06323
-1.08473 -1.06244
-1.08102 -1.06752
-1.08606 -1.06145
-1.08317 -1.0659
-1.08342 -1.06311
-1.08421 -1.06467
-1.08332 -1.06245
-1.08331 -1.06446
-1.0846 -1.06397
-1.08238 -1.06446
-1.08544 -1.06222
-1.08312 -1.06373
-1.08428 -1.0625
-1.08197 -1.06509
-1.0849 -1.06205
-1.08306 -1.06456
-1.08336 -1.06333
-1.08349 -1.06394
-1.08458 -1.06317
-1.08328 -1.0649
-1.08367 -1.06282
-1.08236 -1.06318
-1.08512 -1.06352
-1.08254 -1.06344
-1.08467 -1.06318
-1.08196 -1.06621
-1.08351 -1.06328
-1.08278 -1.06385
-1.08361 -1.06368
-1.08264 -1.06518
-1.0822 -1.06412
-1.08245 -1.06412
-1.08286 -1.06337
-1.08272 -1.06509
-1.08295 -1.06264
-1.08126 -1.06511
-1.08372 -1.06352
-1.08247 -1.06293
-1.08165 -1.06399
-1.08562 -1.0633
-1.08111 -1.06406
-1.08342 -1.06389
-1.08418 -1.06395
-1.0814 -1.06474
-1.08456 -1.06176
-1.08282 -1.06391
-1.08327 -1.06247
-1.08229 -1.06404
-1.08279 -1.06322
-1.08442 -1.06186
-1.07993 -1.06671
-1.08489 -1.06199
-1.08189 -1.06354
-1.08478 -1.06273
-1.08071 -1.06415
-1.08375 -1.0622
-1.08409 -1.06338
-1.0834 -1.06346
-1.08229 -1.0646
-1.0829 -1.06272
-1.08334 -1.06429
-1.08356 -1.06445
-1.08382 -1.06039
-1.08246 -1.06667
-1.08428 -1.06337
-1.08349 -1.06339
-1.08361 -1.06198
-1.0821 -1.06344
-1.08174 -1.06631
-1.08327 -1.06129
-1.08423 -1.06208
-1.0813 -1.06615
-1.08295 -1.06209
-1.08258 -1.06267
-1.08264 -1.0632
-1.08139 -1.06624
-1.08318 -1.06213
-1.08015 -1.06412
-1.08255 -1.06627
-1.08253 -1.06226
-1.08161 -1.06461
-1.08202 -1.06379
-1.08221 -1.06372
-1.08248 -1.06474
-1.07952 -1.06335
-1.08261 -1.06365
-1.081 -1.06594
-1.08243 -1.06242
-1.08117 -1.06406
-1.08169 -1.06371
-1.08052 -1.06495
-1.08298 -1.06308
-1.07987 -1.06412
-1.08237 -1.06331
-1.08125 -1.06336
-1.08302 -1.06479
-1.08104 -1.06349
-1.08318 -1.06425
-1.08125 -1.06384
-1.08195 -1.0622
-1.08122 -1.06326
-1.08162 -1.06423
-1.08202 -1.06319
-1.08124 -1.06603
-1.08263 -1.05981
-1.082 -1.06507
-1.08101 -1.06286
-1.0822 -1.06285
-1.08149 -1.06522
-1.08351 -1.06172
-1.08158 -1.06238
-1.0816 -1.06462
-1.08259 -1.06163
-1.08054 -1.06355
-1.08196 -1.06213
-1.08211 -1.06295
-1.08054 -1.0634
-1.08228 -1.06306
-1.08223 -1.06238
-1.08065 -1.06143
-1.08068 -1.06603
-1.08236 -1.06015
-1.08191 -1.06345
-1.07786 -1.06493
-1.08402 -1.0598
-1.08073 -1.06491
-1.07923 -1.06459
-1.08138 -1.06242
-1.08163 -1.06334
-1.07987 -1.06357
-1.08044 -1.06281
-1.08165 -1.06373
-1.08142 -1.06325
-1.08063 -1.06208
-1.07969 -1.06349
-1.08166 -1.06234
-1.07944 -1.06552
-1.08314 -1.06034
-1.07964 -1.06384
-1.0802 -1.06306
-1.08178 -1.0647
-1.08218 -1.06286
-1.08147 -1.06224
-1.08075 -1.06395
-1.08024 -1.06416
-1.08301 -1.06203
-1.08106 -1.06405
-1.0813 -1.06215
-1.08098 -1.06167
-1.0795 -1.06679
-1.08129 -1.06065
-1.08107 -1.06273
-1.08155 -1.06314
-1.08072 -1.06251
-1.08074 -1.06322
-1.0798 -1.0628
-1.08116 -1.06375
-1.08109 -1.06276
-1.08164 -1.06197
-1.08017 -1.06373
-1.08188 -1.06305
-1.08207 -1.06373
-1.08171 -1.06368
-1.08118 -1.06215
-1.08229 -1.06394
-1.08189 -1.06103
-1.08107 -1.06354
-1.07953 -1.06388
-1.0808 -1.06186
-1.08293 -1.06138
-1.07955 -1.06399
-1.08225 -1.06413
-1.08058 -1.06092
-1.08108 -1.064
-1.08103 -1.06165
-1.08007 -1.06448
-1.08067 -1.06032
-1.08074 -1.06209
-1.07889 -1.06275
-1.08025 -1.06371
-1.08126 -1.06026
-1.07944 -1.06285
-1.08041 -1.06273
-1.08019 -1.06082
-1.07992 -1.06208
-1.08038 -1.06317
-1.07991 -1.06179
-1.08159 -1.06219
-1.08069 -1.06188
-1.07828 -1.0626
-1.08149 -1.06135
-1.07963 -1.06059
-1.07993 -1.06276
-1.08179 -1.05848
-1.07918 -1.0653
-1.08154 -1.05934
-1.07888 -1.06212
-1.08082 -1.06186
-1.08045 -1.06187
-1.08031 -1.06349
-1.08224 -1.06073
-1.07877 -1.06149
-1.08037 -1.0631
-1.08059 -1.06079
-1.08011 -1.06273
-1.08051 -1.05911
-1.07841 -1.06457
-1.08152 -1.05905
-1.07802 -1.06444
-1.08143 -1.06012
-1.08024 -1.06264
-1.0804 -1.06067
-1.07942 -1.06353
-1.07963 -1.06117
-1.08042 -1.05956
-1.07951 -1.06327
-1.08088 -1.06104
-1.08058 -1.06256
-1.08076 -1.06075
-1.08036 -1.06137
-1.08037 -1.06294
-1.08132 -1.06148
-1.08008 -1.06138
-1.08036 -1.05939
-1.08026 -1.06298
-1.08038 -1.06124
-1.0793 -1.06306
-1.08205 -1.05978
-1.07945 -1.06212
-1.07876 -1.06358
-1.08151 -1.05891
-1.07963 -1.06027
-1.08087 -1.06204
-1.08 -1.06004
-1.07959 -1.06183
-1.08131 -1.06026
-1.07945 -1.06087
-1.07924 -1.06004
-1.0797 -1.06236
-1.07947 -1.0614
-1.08045 -1.06043
-1.07736 -1.06159
-1.08151 -1.06015
-1.07659 -1.06275
-1.0804 -1.06016
-1.0802 -1.06114
-1.07995 -1.06103
-1.07818 -1.06183
-1.08189 -1.05934
-1.077 -1.06224
-1.08216 -1.05897
-1.07765 -1.06264
-1.08073 -1.06146
-1.0798 -1.06017
-1.0786 -1.06152
-1.0805 -1.06029
-1.07927 -1.06059
-1.07886 -1.06023
-1.08039 -1.06183
-1.07998 -1.05956
-1.08049 -1.06067
-1.07685 -1.06251
-1.08232 -1.057
-1.07758 -1.06434
-1.08037 -1.05804
-1.0802 -1.05991
-1.07812 -1.06073
-1.08023 -1.05931
-1.07862 -1.05986
-1.07893 -1.05969
-1.08066 -1.06098
-1.08074 -1.0591
-1.0788 -1.05986
-1.08062 -1.06083
-1.08032 -1.0577
-1.07774 -1.06158
-1.08217 -1.05913
-1.07888 -1.05944
-1.07979 -1.05999
-1.08055 -1.06034
-1.07923 -1.05929
-1.08035 -1.06054
-1.07945 -1.06161
-1.07994 -1.0589
-1.07794 -1.06214
-1.07987 -1.05892
-1.07891 -1.06007
-1.08013 -1.05981
-1.07853 -1.05954
-1.07966 -1.06146
-1.07913 -1.05868
-1.08026 -1.061
-1.07758 -1.06105
-1.08005 -1.05963
-1.07762 -1.06091
-1.07913 -1.06025
-1.07962 -1.05944
-1.07891 -1.06002
-1.07932 -1.05903
-1.07868 -1.06127
-1.08098 -1.05897
-1.07772 -1.06174
-1.08053 -1.05921
-1.07796 -1.0606
-1.07993 -1.05825
-1.07947 -1.06001
-1.07869 -1.06076
-1.08068 -1.05903
-1.07978 -1.05872
-1.07927 -1.05946
-1.07962 -1.05971
-1.07906 -1.05955
-1.0795 -1.05994
-1.08019 -1.05911
-1.07881 -1.05974
-1.08013 -1.05935
-1.07877 -1.05945
-1.08093 -1.05769
-1.08004 -1.06028
-1.07919 -1.05998
-1.08081 -1.05762
-1.0796 -1.05933
-1.08006 -1.05856
-1.07792 -1.06098
-1.07917 -1.05853
-1.07923 -1.0591
-1.079 -1.05974
-1.079 -1.05883
-1.0783 -1.05947
-1.07947 -1.05694
-1.08121 -1.05927
-1.07958 -1.05907
-1.0787 -1.05791
-1.07933 -1.05945
-1.07991 -1.0585
-1.07832 -1.05849
-1.08198 -1.0589
-1.07957 -1.05743
-1.07817 -1.06041
-1.0798 -1.05783
-1.0798 -1.05657
-1.0783 -1.05883
-1.08079 -1.05883
-1.07907 -1.05686
-1.07973 -1.05977
-1.07937 -1.05632
-1.07978 -1.05914
-1.07965 -1.05872
-1.07597 -1.05806
-1.0811 -1.05622
-1.07881 -1.05784
-1.07878 -1.0593
-1.08013 -1.05641
-1.07815 -1.0579
-1.07989 -1.0554
-1.07867 -1.05989
-1.07972 -1.05563
-1.07931 -1.05759
-1.07988 -1.05721
-1.07993 -1.05577
-1.07894 -1.05959
-1.07933 -1.05719
-1.07981 -1.05849
-1.08142 -1.05512
-1.07895 -1.05755
-1.08048 -1.05751
-1.08162 -1.05753
-1.07814 -1.059
-1.07963 -1.05642
-1.07901 -1.05679
-1.07999 -1.05671
-1.07827 -1.05799
-1.07814 -1.05796
-1.0798 -1.0574
-1.07742 -1.05886
-1.08143 -1.05497
-1.07761 -1.05921
-1.07917 -1.05655
-1.07991 -1.05709
-1.07592 -1.05758
-1.08019 -1.05727
-1.07685 -1.05837
-1.07971 -1.05667
-1.07844 -1.05693
-1.07644 -1.0586
-1.0812 -1.05547
-1.07717 -1.05874
-1.07874 -1.05723
-1.07892 -1.05629
-1.07883 -1.05826
-1.07896 -1.05722
-1.07679 -1.05674
-1.07889 -1.0579
-1.07807 -1.0568
-1.0797 -1.0584
-1.07855 -1.05589
-1.07719 -1.0583
-1.08126 -1.05369
-1.07689 -1.05898
-1.07927 -1.05856
-1.07894 -1.05508
-1.07761 -1.05883
-1.07887 -1.05732
-1.07726 -1.05581
-1.07732 -1.0583
-1.07923 -1.05613
-1.07723 -1.05778
-1.07686 -1.05748
-1.07963 -1.05689
-1.07906 -1.05765
-1.07759 -1.05715
-1.07894 -1.05737
-1.07719 -1.0577
-1.08014 -1.05563
-1.07878 -1.0564
-1.07916 -1.05658
-1.07834 -1.05898
-1.07857 -1.0554
-1.0788 -1.0574
-1.07827 -1.05721
-1.07908 -1.05586
-1.07744 -1.058
-1.08071 -1.0543
-1.07639 -1.05798
-1.08092 -1.05567
-1.07915 -1.05562
-1.07854 -1.05583
-1.07983 -1.05571
-1.07903 -1.05768
-1.07945 -1.05429
-1.08005 -1.05787
-1.079 -1.05399
-1.07847 -1.05871
-1.08125 -1.05203
-1.07701 -1.05892
-1.07863 -1.05457
-1.08093 -1.05473
-1.07808 -1.05676
-1.07999 -1.05548
-1.07954 -1.05748
-1.0798 -1.05376
-1.07871 -1.05746
-1.07916 -1.05552
-1.07885 -1.05643
-1.08072 -1.05594
-1.0788 -1.05596
-1.07751 -1.0562
-1.08071 -1.05496
-1.07752 -1.05733
-1.08074 -1.0546
-1.07769 -1.05681
-1.07921 -1.05603
-1.08026 -1.05303
-1.07705 -1.05933
-1.08052 -1.05476
-1.07874 -1.055
-1.07775 -1.05662
-1.08009 -1.05388
-1.07779 -1.05676
-1.08071 -1.05456
-1.07671 -1.05728
-1.08062 -1.05381
-1.07909 -1.05528
-1.07936 -1.05658
-1.07904 -1.05421
-1.08011 -1.05571
-1.07739 -1.05604
-1.07963 -1.05522
-1.07933 -1.05463
-1.07733 -1.05757
-1.07982 -1.05405
-1.07728 -1.05703
-1.08014 -1.05302
-1.0779 -1.05522
-1.077 -1.05654
-1.0816 -1.05266
-1.07901 -1.05575
-1.07809 -1.05613
-1.08028 -1.05329
-1.07826 -1.05473
-1.07819 -1.05558
-1.08017 -1.05508
-1.07764 -1.05343
-1.07785 -1.05725
-1.07991 -1.05384
-1.07814 -1.05442
-1.0783 -1.05486
-1.07994 -1.05379
-1.07847 -1.0544
-1.08021 -1.05402
-1.07788 -1.05478
-1.07852 -1.05521
-1.07849 -1.05324
-1.07912 -1.05577
-1.07764 -1.05274
-1.08048 -1.05482
-1.07899 -1.05465
-1.07698 -1.05451
-1.07882 -1.05371
-1.07775 -1.05524
-1.07975 -1.05314
-1.07684 -1.05515
-1.07828 -1.05313
-1.08033 -1.0558
-1.07817 -1.05378
-1.07924 -1.05475
-1.07787 -1.05612
-1.08006 -1.05358
-1.07777 -1.05457
-1.07861 -1.05483
-1.07803 -1.0557
-1.0787 -1.05299
-1.07713 -1.05713
-1.07966 -1.05276
-1.07801 -1.05517
-1.07981 -1.05283
-1.07779 -1.05469
-1.07939 -1.05468
-1.07776 -1.05605
-1.07999 -1.05253
-1.07901 -1.05457
-1.07865 -1.05462
-1.0787 -1.05239
-1.07803 -1.0542
-1.07908 -1.05419
-1.07676 -1.05432
-1.0784 -1.05406
-1.07966 -1.05303
-1.07713 -1.05495
-1.07981 -1.05116
-1.07747 -1.05395
-1.0786 -1.0523
-1.07857 -1.05182
-1.07727 -1.05574
-1.07817 -1.05197
-1.0802 -1.05132
-1.0773 -1.05395
-1.07683 -1.05332
-1.0795 -1.05157
-1.07723 -1.05312
-1.07796 -1.05377
-1.07935 -1.05048
-1.07839 -1.05351
-1.07844 -1.05336
-1.07806 -1.05136
-1.07759 -1.05374
-1.0789 -1.05236
-1.07855 -1.05149
-1.07883 -1.05114
-1.07813 -1.05314
-1.07878 -1.05158
-1.07964 -1.05244
-1.07876 -1.05136
-1.07906 -1.05237
-1.07734 -1.05318
-1.07831 -1.05155
-1.07894 -1.05221
-1.07786 -1.05156
-1.0783 -1.05035
-1.07739 -1.05272
-1.07697 -1.05254
-1.07821 -1.05186
-1.07794 -1.05156
-1.07713 -1.05268
-1.0769 -1.05196
-1.07792 -1.05161
-1.07765 -1.05399
-1.07649 -1.05344
-1.07849 -1.05124
-1.07587 -1.05442
-1.078 -1.05125
-1.07781 -1.0528
-1.07616 -1.05312
-1.07955 -1.05106
-1.07573 -1.05367
-1.07793 -1.05053
-1.07818 -1.05262
-1.07651 -1.05348
-1.07848 -1.05242
-1.07694 -1.05179
-1.07868 -1.05075
-1.07582 -1.05406
-1.07967 -1.0474
-1.07453 -1.05635
-1.08026 -1.04879
-1.07804 -1.05348
-1.07737 -1.05349
-1.08021 -1.04878
-1.07714 -1.05438
-1.0775 -1.05252
-1.07985 -1.0518
-1.07682 -1.05131
-1.07785 -1.05343
-1.07805 -1.05021
-1.07702 -1.05276
-1.07925 -1.0516
-1.07728 -1.05111
-1.07542 -1.05416
-1.07998 -1.04876
-1.07557 -1.05283
-1.07779 -1.05174
-1.07899 -1.05336
-1.07669 -1.05299
-1.07868 -1.05246
-1.07701 -1.05298
-1.07989 -1.05054
-1.07739 -1.05167
-1.07802 -1.05257
-1.07813 -1.0543
-1.07676 -1.05198
-1.0788 -1.04996
-1.07653 -1.05388
-1.07877 -1.04995
-1.07686 -1.05468
-1.07827 -1.05187
-1.0761 -1.05184
-1.07831 -1.05257
-1.07636 -1.05152
-1.07788 -1.0514
-1.07623 -1.05387
-1.07671 -1.05163
-1.07688 -1.05303
-1.07627 -1.05188
-1.0773 -1.05261
-1.07786 -1.051
-1.07649 -1.05285
-1.07532 -1.05224
-1.07757 -1.05062
-1.07732 -1.05346
-1.07715 -1.05267
-1.07648 -1.05247
-1.07736 -1.05111
-1.0778 -1.05104
-1.07552 -1.05285
-1.07633 -1.05154
-1.07797 -1.04998
-1.07492 -1.0533
-1.07738 -1.05041
-1.07704 -1.04976
-1.07451 -1.05466
-1.07665 -1.05081
-1.07693 -1.05189
-1.07554 -1.05306
-1.07803 -1.04997
-1.07385 -1.05215
-1.07753 -1.0512
-1.07565 -1.053
-1.07643 -1.04904
-1.07552 -1.05307
-1.077 -1.05074
-1.07533 -1.05046
-1.07723 -1.05195
-1.07735 -1.04991
-1.0757 -1.05323
-1.07745 -1.04938
-1.07418 -1.05189
-1.07729 -1.05163
-1.07595 -1.05246
-1.077 -1.04905
-1.07715 -1.05102
-1.07566 -1.05253
-1.0764 -1.05016
-1.07931 -1.04934
-1.07412 -1.05496
-1.07839 -1.04852
-1.07691 -1.05214
-1.07586 -1.05179
-1.07876 -1.04945
-1.07541 -1.05087
-1.0781 -1.05205
-1.07737 -1.05107
-1.07595 -1.0495
-1.078 -1.05189
-1.07648 -1.05093
-1.07645 -1.0506
-1.07762 -1.05047
-1.07679 -1.05092
-1.07529 -1.05184
-1.07854 -1.05122
-1.07608 -1.04989
-1.07691 -1.05046
-1.07711 -1.05292
-1.07525 -1.05026
-1.07845 -1.04957
-1.07623 -1.05234
-1.07791 -1.04884
-1.07624 -1.05195
-1.0765 -1.04989
-1.07813 -1.05019
-1.07659 -1.04958
-1.07691 -1.05227
-1.07772 -1.0469
-1.0764 -1.05223
-1.07696 -1.04911
-1.07576 -1.05078
-1.07807 -1.0496
-1.07648 -1.05073
-1.07585 -1.04935
-1.07511 -1.05156
-1.0785 -1.05011
-1.074 -1.04953
-1.07703 -1.05059
-1.07625 -1.04908
-1.07567 -1.05208
-1.07451 -1.04987
-1.07704 -1.04908
-1.07507 -1.04935
-1.07454 -1.05059
-1.07669 -1.05049
-1.07574 -1.05016
-1.07509 -1.04895
-1.07686 -1.05094
-1.07508 -1.05058
-1.07718 -1.05043
-1.07438 -1.05035
-1.07548 -1.05103
-1.07746 -1.04876
-1.07528 -1.05021
-1.07531 -1.05282
-1.07656 -1.04852
-1.07601 -1.0503
-1.07505 -1.05085
-1.07636 -1.04994
-1.07458 -1.05076
-1.07371 -1.05071
-1.07724 -1.0487
-1.07468 -1.05052
-1.07713 -1.0498
-1.07512 -1.04899
-1.07542 -1.05125
-1.07744 -1.04805
-1.07404 -1.05219
-1.0773 -1.04828
-1.07659 -1.04777
-1.07447 -1.05179
-1.0771 -1.04774
-1.07348 -1.05097
-1.07737 -1.04809
-1.07481 -1.04944
-1.07536 -1.05048
-1.07715 -1.04934
-1.07492 -1.04704
-1.07458 -1.05091
-1.07747 -1.04953
-1.07485 -1.04702
-1.0747 -1.0515
-1.07509 -1.04899
-1.07551 -1.05026
-1.07482 -1.04848
-1.0751 -1.05031
-1.07604 -1.04877
-1.07424 -1.04902
-1.0756 -1.04802
-1.07413 -1.04884
-1.07405 -1.04906
-1.07586 -1.04854
-1.07366 -1.05119
-1.07744 -1.04828
-1.07538 -1.0499
-1.07499 -1.04966
-1.07422 -1.04723
-1.0757 -1.04855
-1.07523 -1.05
-1.07533 -1.04884
-1.07468 -1.0492
-1.075 -1.04911
-1.0766 -1.04794
-1.07559 -1.04794
-1.07429 -1.05097
-1.07489 -1.0482
-1.07449 -1.04878
-1.07589 -1.04791
-1.07427 -1.04799
-1.07502 -1.04929
-1.07557 -1.04806
-1.07441 -1.04927
-1.07451 -1.04757
-1.07537 -1.0479
-1.0753 -1.04878
-1.07357 -1.04896
-1.07768 -1.04562
-1.07335 -1.05055
-1.07599 -1.04677
-1.07469 -1.04696
-1.07343 -1.05011
-1.07558 -1.04597
-1.07648 -1.04808
-1.07582 -1.04726
-1.07486 -1.04953
-1.0744 -1.04752
-1.07683 -1.04715
-1.0722 -1.04929
-1.07688 -1.0471
-1.07362 -1.04852
-1.07551 -1.04713
-1.07445 -1.04706
-1.0738 -1.04871
-1.07593 -1.04697
-1.07417 -1.0496
-1.07372 -1.04813
-1.0757 -1.04639
-1.07313 -1.0484
-1.07592 -1.04767
-1.07346 -1.04771
-1.07514 -1.04778
-1.07299 -1.05001
-1.0755 -1.04533
-1.07416 -1.04914
-1.07402 -1.04635
-1.07346 -1.04956
-1.07456 -1.04688
-1.07427 -1.05044
-1.07469 -1.04703
-1.07535 -1.04601
-1.07266 -1.04993
-1.07586 -1.0442
-1.07211 -1.05116
-1.0759 -1.04621
-1.07309 -1.04827
-1.07382 -1.04618
-1.07367 -1.04803
-1.07501 -1.04658
-1.07325 -1.04904
-1.07665 -1.04534
-1.0725 -1.04959
-1.07432 -1.04655
-1.07394 -1.04844
-1.07365 -1.04645
-1.07386 -1.04768
-1.07385 -1.04762
-1.07505 -1.04776
-1.0739 -1.04786
-1.07222 -1.04757
-1.07641 -1.04563
-1.07324 -1.04684
-1.07499 -1.04891
-1.07298 -1.04557
-1.07476 -1.04622
-1.07311 -1.04713
-1.07456 -1.04837
-1.07499 -1.04639
-1.07271 -1.04761
-1.07347 -1.04649
-1.07293 -1.04856
-1.07467 -1.04487
-1.07325 -1.04713
-1.07352 -1.04769
-1.07423 -1.04642
-1.07304 -1.04607
-1.07279 -1.04832
-1.07462 -1.0461
-1.07392 -1.04634
-1.07262 -1.04975
-1.07501 -1.0449
-1.0722 -1.04918
-1.0737 -1.04745
-1.07375 -1.04683
-1.07422 -1.04634
-1.07139 -1.04826
-1.0748 -1.04525
-1.07355 -1.04986
-1.07424 -1.04571
-1.07374 -1.04884
-1.07172 -1.04565
-1.07426 -1.04821
-1.07013 -1.04759
-1.07358 -1.04737
-1.07299 -1.04755
-1.07176 -1.04696
-1.07276 -1.04852
-1.07201 -1.04633
-1.07567 -1.04447
-1.07089 -1.04857
-1.07215 -1.04844
-1.07286 -1.04656
-1.07143 -1.0491
-1.07255 -1.04545
-1.07186 -1.04849
-1.07279 -1.04582
-1.07134 -1.04665
-1.07234 -1.04799
-1.07268 -1.04598
-1.07248 -1.04824
-1.07078 -1.04835
-1.07353 -1.0438
-1.07088 -1.04872
-1.07204 -1.04519
-1.07294 -1.04786
-1.07391 -1.04765
-1.07087 -1.04786
-1.07219 -1.04622
-1.07234 -1.04604
-1.07156 -1.04754
-1.07327 -1.04706
-1.07109 -1.04686
-1.07379 -1.04634
-1.07031 -1.04872
-1.07353 -1.04588
-1.07306 -1.04917
-1.07165 -1.04479
-1.06975 -1.04946
-1.07417 -1.04439
-1.0704 -1.04848
-1.07303 -1.04546
-1.07203 -1.04967
-1.07203 -1.04648
-1.0729 -1.04608
-1.0708 -1.04776
-1.07319 -1.04639
-1.07224 -1.04889
-1.07133 -1.0465
-1.07348 -1.04498
-1.07165 -1.04888
-1.07282 -1.04505
-1.074 -1.04636
-1.07228 -1.04682
-1.07252 -1.04481
-1.07285 -1.0482
-1.07316 -1.04504
-1.07313 -1.0475
-1.07268 -1.04299
-1.07203 -1.04855
-1.07263 -1.04576
-1.07263 -1.04683
-1.07573 -1.04566
-1.07077 -1.04804
-1.07233 -1.04557
-1.07311 -1.04656
-1.0736 -1.04637
-1.0696 -1.04882
-1.0721 -1.04748
-1.07225 -1.04515
-1.07005 -1.04866
-1.07318 -1.04581
-1.07028 -1.0491
-1.07142 -1.04629
-1.07161 -1.048
-1.07171 -1.04488
-1.07154 -1.04674
-1.07192 -1.04662
-1.07085 -1.04791
-1.07135 -1.04647
-1.07211 -1.04558
-1.06999 -1.04729
-1.07027 -1.0466
-1.07263 -1.0455
-1.07056 -1.04721
-1.0711 -1.04539
-1.07118 -1.04889
-1.0707 -1.0449
-1.0723 -1.048
-1.07145 -1.04538
-1.07136 -1.04718
-1.07159 -1.04753
-1.07142 -1.04556
-1.07199 -1.04797
-1.07089 -1.04522
-1.07049 -1.04782
-1.07151 -1.04622
-1.07394 -1.04548
-1.06944 -1.04745
-1.07242 -1.04582
-1.06988 -1.04809
-1.07196 -1.04492
-1.07358 -1.0457
-1.06871 -1.04891
-1.07363 -1.04327
-1.07301 -1.04657
-1.07162 -1.04629
-1.07092 -1.04532
-1.07253 -1.04682
-1.07092 -1.0445
-1.07126 -1.04759
-1.07111 -1.04374
-1.07054 -1.04641
-1.07302 -1.04427
-1.07033 -1.04595
-1.06964 -1.04708
-1.07267 -1.04516
-1.0706 -1.04627
-1.07118 -1.04683
-1.07188 -1.04397
-1.07073 -1.04664
-1.07003 -1.04698
-1.07229 -1.04362
-1.07039 -1.04575
-1.07082 -1.04603
-1.07178 -1.04465
-1.0706 -1.04499
-1.07189 -1.04582
-1.07132 -1.04575
-1.07108 -1.04496
-1.07367 -1.04237
-1.06977 -1.04787
-1.07236 -1.04266
-1.07183 -1.04484
-1.07171 -1.04438
-1.06929 -1.04575
-1.07425 -1.04484
-1.07068 -1.04526
-1.07295 -1.04453
-1.07053 -1.0441
-1.0708 -1.04589
-1.07122 -1.04457
-1.07047 -1.0462
-1.07126 -1.04352
-1.07257 -1.04386
-1.07188 -1.04429
-1.07095 -1.0465
-1.07195 -1.04372
-1.07175 -1.04562
-1.07261 -1.04405
-1.07133 -1.04467
-1.06992 -1.04548
-1.07341 -1.04112
-1.07122 -1.04588
-1.07188 -1.04214
-1.0727 -1.04311
-1.07135 -1.04506
-1.07091 -1.04406
-1.07302 -1.0425
-1.06935 -1.04606
-1.07312 -1.04193
-1.07093 -1.04542
-1.07186 -1.04182
-1.07122 -1.04427
-1.07259 -1.04369
-1.07026 -1.04259
-1.07187 -1.04401
-1.0734 -1.04332
-1.07083 -1.0435
-1.07162 -1.04491
-1.07237 -1.04238
-1.07209 -1.04324
-1.0704 -1.04519
-1.07341 -1.04075
-1.07049 -1.0446
-1.07336 -1.0422
-1.07087 -1.04233
-1.0725 -1.0418
-1.07239 -1.04425
-1.07225 -1.04301
-1.07076 -1.04457
-1.07193 -1.04289
-1.07136 -1.04468
-1.07183 -1.04467
-1.0729 -1.04168
-1.0694 -1.0462
-1.07241 -1.04197
-1.07194 -1.04256
-1.07062 -1.04434
-1.07085 -1.04299
-1.07145 -1.04384
-1.07154 -1.04315
-1.06907 -1.04603
-1.0736 -1.04182
-1.07051 -1.04312
-1.07143 -1.04384
-1.06819 -1.04543
-1.07336 -1.04188
-1.06974 -1.04393
-1.07206 -1.04264
-1.07026 -1.04492
-1.07019 -1.0434
-1.07045 -1.04321
-1.06926 -1.04407
-1.07182 -1.04359
-1.07077 -1.04509
-1.06923 -1.04408
-1.06933 -1.04267
-1.07067 -1.04391
-1.07138 -1.04443
-1.06891 -1.0433
-1.07215 -1.04265
-1.06779 -1.04657
-1.07085 -1.04327
-1.06937 -1.04371
-1.06931 -1.04602
-1.06826 -1.04511
-1.07142 -1.04108
-1.06794 -1.04657
-1.06911 -1.04434
-1.06828 -1.04373
-1.06976 -1.04446
-1.06968 -1.04462
-1.0695 -1.0432
-1.07027 -1.04585
-1.06851 -1.04364
-1.07141 -1.04324
-1.06747 -1.04498
-1.06996 -1.04248
-1.06984 -1.04314
-1.06865 -1.04528
-1.07009 -1.04394
-1.06988 -1.04411
-1.07036 -1.04377
-1.06823 -1.0452
-1.06994 -1.04269
-1.06958 -1.0441
-1.06967 -1.04672
-1.07019 -1.04265
-1.07068 -1.04411
-1.06879 -1.04652
-1.07188 -1.04251
-1.06998 -1.042
-1.07008 -1.04749
-1.07043 -1.04386
-1.0704 -1.04234
-1.07095 -1.04466
-1.06895 -1.04504
-1.07013 -1.04277
-1.06898 -1.04562
-1.06962 -1.0435
-1.07045 -1.04514
-1.06913 -1.04433
-1.0695 -1.04327
-1.06942 -1.04434
