0 0
-0.0525464 -0.0493356
-0.10417 -0.0981454
-0.154829 -0.146467
-0.204083 -0.192167
-0.252748 -0.238473
-0.300038 -0.283626
-0.346204 -0.326969
-0.391707 -0.370763
-0.435931 -0.412816
-0.479052 -0.454382
-0.520984 -0.494474
-0.561901 -0.534148
-0.602041 -0.572683
-0.640331 -0.610699
-0.678758 -0.647205
-0.714847 -0.682655
-0.750461 -0.717276
-0.784504 -0.751775
-0.817387 -0.783181
-0.84985 -0.816775
-0.880855 -0.847615
-0.910856 -0.877148
-0.938124 -0.907019
-0.966391 -0.933587
-0.992908 -0.961577
-1.01781 -0.986334
-1.03871 -1.0143
-1.06578 -1.03683
-1.08275 -1.06103
-1.10439 -1.08135
-1.10425 -1.08261
-1.10316 -1.08256
-1.10597 -1.08262
-1.10349 -1.08156
-1.10242 -1.08327
-1.1049 -1.08234
-1.10352 -1.08501
-1.10457 -1.08206
-1.10417 -1.08445
-1.103 -1.08381
-1.10474 -1.08043
-1.10287 -1.08304
-1.10161 -1.08431
-1.10401 -1.08426
-1.10202 -1.08045
-1.1017 -1.08504
-1.10336 -1.07987
-1.10253 -1.08323
-1.10239 -1.0829
-1.10416 -1.08203
-1.10097 -1.08337
-1.1028 -1.08301
-1.10169 -1.08163
-1.10281 -1.08328
-1.09898 -1.08234
-1.10387 -1.08089
-1.1007 -1.08176
-1.10189 -1.08185
-1.10084 -1.08365
-1.10383 -1.08023
-1.09998 -1.08317
-1.10202 -1.08194
-1.09963 -1.0836
-1.1021 -1.08131
-1.09896 -1.08225
-1.10277 -1.07965
-1.09997 -1.08443
-1.10256 -1.08147
-1.09795 -1.08256
-1.10157 -1.08049
-1.10185 -1.08316
-1.10209 -1.0807
-1.09999 -1.08254
-1.10182 -1.08097
-1.10229 -1.08095
-1.10065 -1.08267
-1.10104 -1.08042
-1.10071 -1.08111
-1.10055 -1.08188
-1.10182 -1.08109
-1.10156 -1.07847
-1.10119 -1.08259
-1.10274 -1.07999
-1.09965 -1.08159
-1.1016 -1.08126
-1.10133 -1.08023
-1.09948 -1.08131
-1.10225 -1.08052
-1.09967 -1.08148
-1.1013 -1.08051
-1.10189 -1.08041
-1.101 -1.08136
-1.10068 -1.08218
-1.10055 -1.0809
-1.10024 -1.08259
-1.10231 -1.08031
-1.09928 -1.08175
-1.10224 -1.08014
-1.09809 -1.08373
-1.10118 -1.07956
-1.10093 -1.08356
-1.09929 -1.08053
-1.10076 -1.08234
-1.1023 -1.07973
-1.10058 -1.08254
-1.10165 -1.0794
-1.09998 -1.0832
-1.1003 -1.08086
-1.10066 -1.07947
-1.10042 -1.08319
-1.10045 -1.08022
-1.1011 -1.08243
-1.10024 -1.07935
-1.10031 -1.08219
-1.10114 -1.08022
-1.10105 -1.08323
-1.10004 -1.08005
-1.10212 -1.0815
-1.0991 -1.08126
-1.10133 -1.0808
-1.0974 -1.08217
-1.10254 -1.07977
-1.09922 -1.08033
-1.10085 -1.08237
-1.10001 -1.07966
-1.10009 -1.08075
-1.09955 -1.0806
-1.10124 -1.08015
-1.09869 -1.08189
-1.10213 -1.07925
-1.09804 -1.08291
-1.10117 -1.07756
-1.09895 -1.07999
-1.09925 -1.08224
-1.10022 -1.07821
-1.09955 -1.08118
-1.09972 -1.08024
-1.09977 -1.08084
-1.10113 -1.07698
-1.09951 -1.08205
-1.09922 -1.07888
-1.09925 -1.08062
-1.09975 -1.08129
-1.09957 -1.08007
-1.09853 -1.08186
-1.10173 -1.07871
-1.09825 -1.0801
-1.10097 -1.08186
-1.09893 -1.07978
-1.0991 -1.08118
-1.09951 -1.08158
-1.10008 -1.0791
-1.09853 -1.08002
-1.09814 -1.08181
-1.09904 -1.08106
-1.10192 -1.07998
-1.0981 -1.08306
-1.10075 -1.07842
-1.09783 -1.08144
-1.09964 -1.0818
-1.09808 -1.07946
-1.09876 -1.08036
-1.09643 -1.08234
-1.1016 -1.07823
-1.09597 -1.08224
-1.09964 -1.08122
-1.09945 -1.07828
-1.09937 -1.0832
-1.09717 -1.08082
-1.10135 -1.07967
-1.09769 -1.08011
-1.0988 -1.07914
-1.10062 -1.08055
-1.09869 -1.08175
-1.09997 -1.0792
-1.09836 -1.08129
-1.09933 -1.07903
-1.09878 -1.0822
-1.09899 -1.08122
-1.09928 -1.07943
-1.09787 -1.08213
-1.09906 -1.07983
-1.09952 -1.08068
-1.09813 -1.08116
-1.09777 -1.08086
-1.10017 -1.07899
-1.09654 -1.08093
-1.09938 -1.08188
-1.09868 -1.08016
-1.09788 -1.07982
-1.09843 -1.081
-1.10025 -1.0789
-1.09779 -1.08209
-1.09957 -1.08044
-1.09668 -1.07984
-1.09741 -1.08085
-1.09846 -1.08109
-1.09846 -1.07804
-1.09755 -1.08146
-1.09713 -1.07888
-1.09749 -1.07949
-1.09796 -1.08204
-1.09744 -1.07965
-1.09926 -1.07911
-1.09636 -1.08114
-1.09836 -1.07881
-1.09752 -1.08027
-1.09802 -1.07965
-1.0966 -1.08111
-1.09842 -1.07919
-1.09696 -1.08082
-1.0986 -1.07948
-1.09761 -1.07996
-1.09718 -1.08167
-1.09743 -1.07938
-1.09808 -1.0804
-1.09635 -1.08195
-1.09831 -1.0761
-1.09701 -1.08176
-1.0982 -1.07981
-1.09641 -1.08011
-1.09878 -1.07875
-1.09776 -1.07904
-1.09838 -1.08107
-1.09781 -1.07661
-1.09688 -1.07918
-1.09838 -1.07794
-1.09639 -1.08044
-1.09771 -1.07664
-1.0989 -1.07945
-1.09947 -1.07765
-1.09659 -1.07777
-1.098 -1.08011
-1.09792 -1.07852
-1.09728 -1.0807
-1.09856 -1.0791
-1.09657 -1.07989
-1.09686 -1.07967
-1.09747 -1.0794
-1.09766 -1.07681
-1.09682 -1.08142
-1.09916 -1.07776
-1.09617 -1.07778
-1.09654 -1.07823
-1.09808 -1.08002
-1.09641 -1.07688
-1.09612 -1.08128
-1.0985 -1.07557
-1.09491 -1.08048
-1.09713 -1.07819
-1.09647 -1.07956
-1.09552 -1.0786
-1.09742 -1.07767
-1.09591 -1.07778
-1.09547 -1.08059
-1.09717 -1.07759
-1.09877 -1.0768
-1.09494 -1.07949
-1.09703 -1.07664
-1.09639 -1.07927
-1.09748 -1.07661
-1.09604 -1.07849
-1.09693 -1.07697
-1.09672 -1.077
-1.09616 -1.08018
-1.09883 -1.07603
-1.09728 -1.07836
-1.09798 -1.07753
-1.09605 -1.07693
-1.09938 -1.07478
-1.09313 -1.08064
-1.10168 -1.07556
-1.09662 -1.07764
-1.09815 -1.07544
-1.09555 -1.07912
-1.09623 -1.07527
-1.09889 -1.07785
-1.09696 -1.07562
-1.09699 -1.07666
-1.09554 -1.07934
-1.09731 -1.07456
-1.09682 -1.07753
-1.09723 -1.07647
-1.0989 -1.07741
-1.09719 -1.07575
-1.09669 -1.0792
-1.09881 -1.07437
-1.09577 -1.07845
-1.09775 -1.0755
-1.09682 -1.07777
-1.09866 -1.07756
-1.09608 -1.07792
-1.09622 -1.07629
-1.09791 -1.07668
-1.09554 -1.07849
-1.09539 -1.07555
-1.09581 -1.07833
-1.09582 -1.07604
-1.09724 -1.0761
-1.09421 -1.07913
-1.09806 -1.07601
-1.09685 -1.07753
-1.09523 -1.07737
-1.097 -1.07688
-1.09594 -1.07683
-1.09448 -1.07858
-1.09751 -1.07516
-1.09544 -1.07829
-1.09579 -1.07486
-1.09827 -1.0753
-1.0943 -1.07965
-1.09764 -1.07425
-1.09753 -1.07545
-1.09638 -1.07849
-1.09722 -1.07368
-1.09583 -1.07652
-1.09612 -1.07547
-1.09511 -1.07586
-1.09817 -1.0744
-1.09665 -1.07731
-1.09476 -1.07622
-1.09782 -1.07495
-1.09588 -1.07595
-1.0954 -1.07581
-1.09726 -1.07439
-1.0961 -1.07553
-1.09736 -1.07504
-1.09668 -1.07575
-1.09551 -1.07549
-1.09664 -1.07682
-1.0978 -1.07258
-1.09501 -1.0773
-1.09803 -1.07599
-1.09569 -1.07378
-1.09637 -1.07661
-1.09589 -1.07744
-1.09608 -1.07437
-1.09528 -1.07792
-1.09738 -1.07318
-1.09683 -1.0785
-1.09621 -1.07508
-1.09593 -1.07779
-1.09558 -1.07544
-1.09511 -1.07578
-1.09527 -1.07712
-1.0976 -1.07556
-1.09655 -1.07667
-1.09399 -1.07737
-1.09746 -1.07519
-1.09512 -1.07553
-1.09665 -1.07686
-1.09546 -1.07534
-1.09636 -1.07632
-1.09666 -1.07671
-1.09438 -1.07764
-1.09806 -1.07361
-1.09663 -1.07774
-1.09505 -1.07623
-1.09707 -1.075
-1.09492 -1.07672
-1.09679 -1.07663
-1.09791 -1.07333
-1.09441 -1.07777
-1.09434 -1.07526
-1.09506 -1.07441
-1.09555 -1.07719
-1.09554 -1.07487
-1.09452 -1.0768
-1.09633 -1.07454
-1.09349 -1.07717
-1.09645 -1.07373
-1.09407 -1.07591
-1.09538 -1.07608
-1.09522 -1.07568
-1.09542 -1.07533
-1.09389 -1.0766
-1.09632 -1.07436
-1.09179 -1.07717
-1.09789 -1.07409
-1.09249 -1.07765
-1.09725 -1.07442
-1.09287 -1.07691
-1.09574 -1.07571
-1.09477 -1.07725
-1.09571 -1.07375
-1.09436 -1.07711
-1.09459 -1.07664
-1.09565 -1.07437
-1.09441 -1.07765
-1.09509 -1.07377
-1.09452 -1.07683
-1.09597 -1.07482
-1.0951 -1.07578
-1.09616 -1.07531
-1.0963 -1.07582
-1.09504 -1.07444
-1.09438 -1.07619
-1.09314 -1.07542
-1.09493 -1.07446
-1.09398 -1.07784
-1.09486 -1.07442
-1.09403 -1.07565
-1.09292 -1.07708
-1.09452 -1.07599
-1.0953 -1.07514
-1.09328 -1.07632
-1.09562 -1.07477
-1.09326 -1.07613
-1.09346 -1.07751
-1.09522 -1.07282
-1.09196 -1.07694
-1.09334 -1.07604
-1.09362 -1.07604
-1.09341 -1.0764
-1.09344 -1.07619
-1.09304 -1.07663
-1.09376 -1.0761
-1.09286 -1.07611
-1.09389 -1.07535
-1.09132 -1.07765
-1.09381 -1.07429
-1.09256 -1.07609
-1.0942 -1.07494
-1.09362 -1.0789
-1.0944 -1.07404
-1.09032 -1.07554
-1.09538 -1.07625
-1.0911 -1.07542
-1.0949 -1.07503
-1.09256 -1.0756
-1.09406 -1.07612
-1.09173 -1.07574
-1.09334 -1.07547
-1.09394 -1.07279
-1.09258 -1.0789
-1.09456 -1.0727
-1.09342 -1.07534
-1.09482 -1.07474
-1.09436 -1.07402
-1.09149 -1.0768
-1.09333 -1.07359
-1.09496 -1.07391
-1.09085 -1.07604
-1.09282 -1.07395
-1.09234 -1.07577
-1.09296 -1.07481
-1.0935 -1.0748
-1.09178 -1.07574
-1.09156 -1.07413
-1.09176 -1.07658
-1.0929 -1.07355
-1.09178 -1.07688
-1.093 -1.07513
-1.09408 -1.07415
-1.09294 -1.07477
-1.09247 -1.07595
-1.09172 -1.07439
-1.0925 -1.07414
-1.09186 -1.07597
-1.09454 -1.07172
-1.0919 -1.07507
-1.09104 -1.07488
-1.09094 -1.0749
-1.09406 -1.07459
-1.09088 -1.07396
-1.08984 -1.07756
-1.0944 -1.07111
-1.09172 -1.07609
-1.09298 -1.07544
-1.09168 -1.07357
-1.09161 -1.07581
-1.09156 -1.07302
-1.09125 -1.07443
-1.09109 -1.0722
-1.09408 -1.07676
-1.0908 -1.07331
-1.09071 -1.074
-1.09344 -1.07338
-1.0904 -1.07684
-1.09064 -1.07429
-1.09016 -1.07342
-1.09352 -1.07402
-1.09104 -1.07428
-1.09183 -1.07443
-1.09333 -1.07428
-1.09002 -1.07453
-1.09046 -1.0756
-1.09345 -1.07228
-1.091 -1.07529
-1.09377 -1.0729
-1.09092 -1.07324
-1.09216 -1.0741
-1.09168 -1.0758
-1.09296 -1.07088
-1.09172 -1.0758
-1.09427 -1.07231
-1.09147 -1.07462
-1.09321 -1.0733
-1.09202 -1.07322
-1.09312 -1.07211
-1.09098 -1.07429
-1.0921 -1.07282
-1.0932 -1.07262
-1.09073 -1.07438
-1.09368 -1.07318
-1.09261 -1.07233
-1.09011 -1.07573
-1.0922 -1.0718
-1.09135 -1.0746
-1.09351 -1.07227
-1.09078 -1.07345
-1.09177 -1.07196
-1.09153 -1.07558
-1.09241 -1.07215
-1.09288 -1.07327
-1.09047 -1.07362
-1.09027 -1.07359
-1.09256 -1.07273
-1.09076 -1.07663
-1.09144 -1.06987
-1.08892 -1.07734
-1.09178 -1.07212
-1.09079 -1.07393
-1.0929 -1.07343
-1.08969 -1.07389
-1.08944 -1.07486
-1.09203 -1.0734
-1.09029 -1.07292
-1.09084 -1.07569
-1.09098 -1.07277
-1.0889 -1.07452
-1.08906 -1.07329
-1.09094 -1.07175
-1.08836 -1.07492
-1.09265 -1.07211
-1.08809 -1.07487
-1.09184 -1.07052
-1.0893 -1.07539
-1.09012 -1.07146
-1.08994 -1.07455
-1.08922 -1.0734
-1.09104 -1.07122
-1.08935 -1.07364
-1.08942 -1.07482
-1.09174 -1.06986
-1.08895 -1.07449
-1.09152 -1.07326
-1.08896 -1.0711
-1.09162 -1.07368
-1.09071 -1.07202
-1.09079 -1.07353
-1.08952 -1.07249
-1.09125 -1.07246
-1.09082 -1.0714
-1.08981 -1.0754
-1.09115 -1.07138
-1.08875 -1.0745
-1.09334 -1.06812
-1.08891 -1.07506
-1.09203 -1.06993
-1.08837 -1.0741
-1.09258 -1.07017
-1.09033 -1.07247
-1.09145 -1.07064
-1.09062 -1.07083
-1.09011 -1.07269
-1.09128 -1.06906
-1.09006 -1.07236
-1.09125 -1.06964
-1.09087 -1.07129
-1.09112 -1.07041
-1.09201 -1.07019
-1.09103 -1.0724
-1.09145 -1.06913
-1.09259 -1.07052
-1.09087 -1.07126
-1.08984 -1.07075
-1.09167 -1.0694
-1.09218 -1.07058
-1.09139 -1.07029
-1.09182 -1.06992
-1.0896 -1.07242
-1.09344 -1.06811
-1.08976 -1.07052
-1.0926 -1.06854
-1.09138 -1.07156
-1.09155 -1.06839
-1.09111 -1.071
-1.09255 -1.0678
-1.09287 -1.0693
-1.0913 -1.0705
-1.09201 -1.06834
-1.09137 -1.07116
-1.09221 -1.0694
-1.09151 -1.07024
-1.0922 -1.06901
-1.08958 -1.07087
-1.09289 -1.06917
-1.09024 -1.07097
-1.0921 -1.06958
-1.09152 -1.0694
-1.0921 -1.06935
-1.09132 -1.07121
-1.09132 -1.07074
-1.09133 -1.06798
-1.08999 -1.07126
-1.09157 -1.07162
-1.09107 -1.06891
-1.09165 -1.06893
-1.09011 -1.07169
-1.09201 -1.06952
-1.09182 -1.0729
-1.08927 -1.06836
-1.08982 -1.07229
-1.09207 -1.06924
-1.08958 -1.07066
-1.09282 -1.06974
-1.09037 -1.0704
-1.09109 -1.07025
-1.09012 -1.07021
-1.09267 -1.06834
-1.09111 -1.07273
-1.08913 -1.0701
-1.09162 -1.06991
-1.08949 -1.06984
-1.08962 -1.07069
-1.09135 -1.06834
-1.08932 -1.06975
-1.09125 -1.07074
-1.09008 -1.06998
-1.08832 -1.07251
-1.0935 -1.06925
-1.08975 -1.06853
-1.09179 -1.07012
-1.08891 -1.071
-1.09043 -1.0693
-1.08923 -1.07108
-1.09021 -1.06893
-1.08922 -1.07078
-1.09075 -1.06851
-1.09047 -1.0701
-1.08973 -1.06963
-1.09213 -1.07041
-1.08974 -1.06814
-1.0896 -1.06855
-1.08903 -1.07156
-1.09177 -1.06834
-1.08907 -1.07083
-1.09052 -1.06972
-1.08909 -1.07027
-1.09016 -1.06863
-1.08884 -1.0703
-1.09057 -1.07032
-1.08785 -1.07095
-1.09051 -1.06818
-1.08902 -1.0698
-1.09028 -1.07026
-1.09055 -1.0686
-1.09046 -1.07028
-1.08724 -1.07048
-1.09229 -1.06692
-1.08761 -1.07218
-1.0922 -1.06729
-1.0881 -1.07004
-1.09117 -1.07015
-1.08924 -1.06881
-1.09155 -1.06933
-1.08873 -1.06879
-1.09 -1.06976
-1.08901 -1.0683
-1.09035 -1.06857
-1.08839 -1.06977
-1.08931 -1.06851
-1.08895 -1.06952
-1.08874 -1.06778
-1.08875 -1.0698
-1.08961 -1.07036
-1.0893 -1.06906
-1.08872 -1.06877
-1.08914 -1.07078
-1.09006 -1.06592
-1.08832 -1.07121
-1.0905 -1.06783
-1.08852 -1.06953
-1.08968 -1.0692
-1.08864 -1.06829
-1.09 -1.07029
-1.08886 -1.06816
-1.08773 -1.06935
-1.09039 -1.06813
-1.08912 -1.06917
-1.08936 -1.06999
-1.08951 -1.0671
-1.0891 -1.06968
-1.0888 -1.07014
-1.08948 -1.06761
-1.08892 -1.06786
-1.08986 -1.06799
-1.08887 -1.07139
-1.08992 -1.06682
-1.08948 -1.06941
-1.08941 -1.06856
-1.08977 -1.06722
-1.08882 -1.06812
-1.08746 -1.06989
-1.08985 -1.06728
-1.09017 -1.06734
-1.08774 -1.06806
-1.09046 -1.06791
-1.08885 -1.06897
-1.08839 -1.0663
-1.08871 -1.06787
-1.08986 -1.06799
-1.08881 -1.06703
-1.08848 -1.06777
-1.08984 -1.06841
-1.08898 -1.0668
-1.08827 -1.07009
-1.09055 -1.06374
-1.08671 -1.06941
-1.09005 -1.06679
-1.08915 -1.06588
-1.08713 -1.07018
-1.08795 -1.06871
-1.08773 -1.0666
-1.08919 -1.06802
-1.08795 -1.06652
-1.08606 -1.06847
-1.08755 -1.0686
-1.08704 -1.06724
-1.08708 -1.06897
-1.08672 -1.06601
-1.08698 -1.06791
-1.08639 -1.06758
-1.08776 -1.06747
-1.08629 -1.06712
-1.08676 -1.06727
-1.08744 -1.06702
-1.08694 -1.06544
-1.08922 -1.06648
-1.08577 -1.06712
-1.08821 -1.06578
-1.0837 -1.06911
-1.09055 -1.06539
-1.0837 -1.06894
-1.08812 -1.06609
-1.08827 -1.06734
-1.08817 -1.06511
-1.08811 -1.06742
-1.08791 -1.067
-1.08554 -1.06691
-1.08922 -1.06628
-1.08761 -1.06674
-1.09109 -1.06633
-1.08615 -1.06522
-1.08923 -1.0649
-1.089 -1.06706
-1.08674 -1.06647
-1.08876 -1.0634
-1.08709 -1.06795
-1.08903 -1.06293
-1.08942 -1.06577
-1.08727 -1.06667
-1.08734 -1.06542
-1.08845 -1.06475
-1.08774 -1.06551
-1.08966 -1.06484
-1.08701 -1.06546
-1.08965 -1.0639
-1.08625 -1.06559
-1.08903 -1.06524
-1.08794 -1.06568
-1.08768 -1.06618
-1.08776 -1.06462
-1.08788 -1.06477
-1.08714 -1.06572
-1.08667 -1.06641
-1.08981 -1.06472
-1.08679 -1.0662
-1.08642 -1.06706
-1.0893 -1.06396
-1.08656 -1.0671
-1.08568 -1.06531
-1.08757 -1.06548
-1.08898 -1.06403
-1.08564 -1.06866
-1.08828 -1.06426
-1.08661 -1.06746
-1.08747 -1.06488
-1.08627 -1.06696
-1.08807 -1.06414
-1.08508 -1.06635
-1.08726 -1.06561
-1.08672 -1.06521
-1.08544 -1.06587
-1.08727 -1.06482
-1.08589 -1.06642
-1.08706 -1.06577
-1.08665 -1.06608
-1.08749 -1.06467
-1.08494 -1.06768
-1.08727 -1.06462
-1.08781 -1.06326
-1.08489 -1.06756
-1.08787 -1.06447
-1.08807 -1.06547
-1.08658 -1.0666
-1.08651 -1.06595
-1.08878 -1.06487
-1.08581 -1.06446
-1.08826 -1.0643
-1.08705 -1.06367
-1.0873 -1.06581
-1.08794 -1.06331
-1.08819 -1.06619
-1.08878 -1.06519
-1.08681 -1.06354
-1.08947 -1.06093
-1.08542 -1.06732
-1.08814 -1.06254
-1.08848 -1.06291
-1.08743 -1.06614
-1.08668 -1.06354
-1.08961 -1.06236
-1.08553 -1.06674
-1.08753 -1.06251
-1.08632 -1.06401
-1.0864 -1.06393
-1.08751 -1.06564
-1.08745 -1.0619
-1.08862 -1.06256
-1.08447 -1.06672
-1.08764 -1.06163
-1.08885 -1.06234
-1.08671 -1.06628
-1.08939 -1.06276
-1.08751 -1.06479
-1.08683 -1.06426
-1.08809 -1.06182
-1.08856 -1.06548
-1.08669 -1.06437
-1.08914 -1.06425
-1.08735 -1.06348
-1.08896 -1.06343
-1.08627 -1.06445
-1.088 -1.06411
-1.08927 -1.06253
-1.08659 -1.06478
-1.08955 -1.06147
-1.08496 -1.0656
-1.08729 -1.06308
-1.08826 -1.06221
-1.08703 -1.0651
-1.08827 -1.06345
-1.085 -1.06523
-1.08958 -1.06187
-1.08654 -1.06555
-1.08747 -1.06218
-1.08716 -1.06583
-1.08715 -1.06258
-1.08689 -1.06545
-1.08538 -1.06385
-1.08744 -1.06492
-1.08698 -1.06397
-1.0862 -1.06423
-1.08738 -1.06384
-1.08725 -1.06313
-1.08642 -1.0641
-1.08712 -1.06588
-1.08738 -1.06114
-1.08753 -1.06547
-1.08687 -1.06403
-1.08615 -1.06484
-1.08613 -1.06272
-1.08792 -1.06353
-1.08568 -1.06641
-1.08739 -1.06131
-1.08767 -1.06356
-1.08456 -1.0648
-1.08687 -1.06249
-1.08719 -1.06447
-1.08697 -1.06288
-1.08767 -1.06499
-1.0867 -1.06274
-1.08812 -1.06195
-1.08445 -1.06494
-1.08668 -1.06306
-1.08783 -1.06232
-1.08484 -1.06715
-1.08895 -1.0607
-1.08653 -1.0639
-1.08654 -1.06298
-1.08898 -1.06354
-1.08555 -1.06374
-1.08955 -1.06217
-1.086 -1.0641
-1.08826 -1.06471
-1.0873 -1.06292
-1.0871 -1.06289
-1.08577 -1.06321
-1.08735 -1.06429
-1.08665 -1.06186
-1.08628 -1.06294
-1.08589 -1.0644
-1.08766 -1.06338
-1.08663 -1.06203
-1.08599 -1.06318
-1.08757 -1.0624
-1.08803 -1.0622
-1.08577 -1.06222
-1.08854 -1.06315
-1.0877 -1.06216
-1.08758 -1.06098
-1.08868 -1.06355
-1.08602 -1.06252
-1.08899 -1.06024
-1.08526 -1.06399
-1.08736 -1.06132
-1.089 -1.06224
-1.08695 -1.06088
-1.08768 -1.06162
-1.08747 -1.06089
-1.08604 -1.06237
-1.08793 -1.06185
-1.08728 -1.06267
-1.08667 -1.06489
-1.08898 -1.05921
-1.08549 -1.06276
-1.08595 -1.06291
-1.08752 -1.06083
-1.08773 -1.06105
-1.08705 -1.06121
-1.08642 -1.0623
-1.0877 -1.06267
-1.08743 -1.06018
-1.08687 -1.06202
-1.08661 -1.06202
-1.08776 -1.06164
-1.08785 -1.06133
-1.08648 -1.06137
-1.0883 -1.06246
-1.0889 -1.06077
-1.08705 -1.06298
-1.08659 -1.06077
-1.08664 -1.05961
-1.08617 -1.06449
-1.08727 -1.05933
-1.08726 -1.06175
-1.08751 -1.06266
-1.08736 -1.061
-1.08759 -1.06119
-1.08762 -1.06018
-1.08645 -1.06211
-1.08889 -1.05876
-1.08699 -1.06179
-1.08741 -1.06034
-1.08828 -1.0604
-1.08637 -1.06337
-1.08758 -1.06102
-1.08868 -1.06125
-1.08595 -1.0605
-1.08774 -1.06131
-1.08796 -1.06071
-1.08677 -1.06209
-1.08906 -1.05945
-1.08803 -1.06335
-1.08825 -1.06024
-1.08638 -1.06056
-1.08995 -1.06099
-1.0862 -1.0609
-1.08763 -1.06195
-1.0873 -1.05911
-1.08667 -1.06175
-1.08794 -1.06172
-1.08824 -1.06224
-1.08851 -1.05942
-1.08563 -1.06294
-1.08877 -1.06126
-1.08807 -1.05978
-1.08572 -1.0628
-1.09127 -1.06073
-1.08719 -1.06212
-1.08838 -1.06162
-1.08731 -1.06061
-1.08819 -1.06104
-1.08672 -1.06254
-1.08934 -1.05909
-1.08567 -1.06246
-1.08853 -1.06204
-1.0886 -1.05978
-1.08809 -1.06382
-1.08672 -1.05977
-1.09003 -1.06132
-1.08652 -1.06132
-1.08716 -1.06142
-1.08771 -1.06069
-1.08668 -1.06042
-1.08759 -1.06108
-1.08627 -1.06166
-1.08567 -1.06034
-1.08673 -1.06101
-1.08835 -1.06065
-1.08536 -1.06133
-1.0897 -1.061
-1.08571 -1.06121
-1.08568 -1.06219
-1.08728 -1.06001
-1.08755 -1.06038
-1.08728 -1.06281
-1.08699 -1.05865
-1.08383 -1.06461
-1.08962 -1.05945
-1.0848 -1.06195
-1.08874 -1.05915
-1.08711 -1.06072
-1.08477 -1.06266
-1.08685 -1.06089
-1.08675 -1.06061
-1.08649 -1.05981
-1.08672 -1.06406
-1.08637 -1.05954
-1.08522 -1.06313
-1.08862 -1.06064
-1.08455 -1.0618
-1.08758 -1.06105
-1.08673 -1.0599
-1.08579 -1.06148
-1.08578 -1.06136
-1.08802 -1.06136
-1.08723 -1.05942
-1.0836 -1.06397
-1.08583 -1.05977
-1.08548 -1.06255
-1.08677 -1.05884
-1.08368 -1.06421
-1.08729 -1.06015
-1.08629 -1.05882
-1.08581 -1.06266
-1.08655 -1.06204
-1.08539 -1.06218
-1.08801 -1.05934
-1.08498 -1.06105
-1.08684 -1.06041
-1.08572 -1.06072
-1.08574 -1.0632
-1.08692 -1.05784
-1.08511 -1.06319
-1.08777 -1.05995
-1.08483 -1.06142
-1.08458 -1.06089
-1.08458 -1.06162
-1.0868 -1.05875
-1.08496 -1.06115
-1.08475 -1.05965
-1.08439 -1.05947
-1.0858 -1.06078
-1.08517 -1.06179
-1.0853 -1.05992
-1.08366 -1.06036
-1.08427 -1.06009
-1.08685 -1.05956
-1.08317 -1.05955
-1.08301 -1.06318
-1.08658 -1.05886
-1.08429 -1.05967
-1.08511 -1.06027
-1.08367 -1.05965
-1.08439 -1.06111
-1.08612 -1.05822
-1.08328 -1.05933
-1.08433 -1.06314
-1.08465 -1.05856
-1.08493 -1.05909
-1.08463 -1.05914
-1.08489 -1.06206
-1.08507 -1.05698
-1.08482 -1.06001
-1.08352 -1.05975
-1.08589 -1.05866
-1.08259 -1.06255
-1.08605 -1.05772
-1.08149 -1.06189
-1.08504 -1.05848
-1.0852 -1.05918
-1.08313 -1.05979
-1.08619 -1.05798
-1.0829 -1.06199
-1.08431 -1.05728
-1.08438 -1.06228
-1.08423 -1.05693
-1.08398 -1.06167
-1.08449 -1.06
-1.08262 -1.05818
-1.08417 -1.06108
-1.08559 -1.05786
-1.08187 -1.06084
-1.08552 -1.06002
-1.0828 -1.05847
-1.08267 -1.05984
-1.08374 -1.06033
-1.08291 -1.05986
-1.08497 -1.05904
-1.08313 -1.05942
-1.08205 -1.05995
-1.08561 -1.05748
-1.08257 -1.0617
-1.08556 -1.05804
-1.08254 -1.059
-1.08558 -1.06035
-1.08363 -1.05806
-1.08367 -1.06127
-1.08365 -1.05753
-1.08435 -1.06048
-1.08254 -1.05983
-1.08368 -1.05786
-1.08334 -1.05919
-1.08384 -1.06111
-1.08614 -1.05935
-1.08343 -1.05881
-1.08697 -1.05877
-1.08435 -1.05968
-1.08427 -1.05841
-1.08352 -1.05906
-1.08594 -1.05954
-1.08455 -1.05782
-1.08433 -1.0591
-1.0868 -1.05896
-1.08276 -1.05914
-1.08512 -1.05687
-1.08191 -1.06137
-1.08545 -1.05653
-1.08391 -1.06017
-1.08537 -1.05652
-1.08367 -1.05954
-1.08482 -1.05804
-1.08631 -1.05737
-1.08196 -1.06112
-1.08677 -1.05399
-1.08265 -1.06139
-1.08644 -1.05583
-1.08227 -1.05859
-1.08508 -1.05816
-1.08238 -1.05706
-1.08467 -1.05839
-1.08484 -1.05715
-1.08353 -1.05773
-1.08441 -1.05948
-1.0858 -1.05607
-1.0826 -1.05808
-1.08346 -1.05733
-1.08191 -1.05914
-1.08406 -1.05667
-1.08236 -1.05897
-1.08499 -1.05631
-1.08322 -1.05742
-1.08256 -1.05897
-1.08559 -1.05658
-1.08246 -1.06017
-1.0839 -1.05589
-1.08413 -1.05941
-1.08157 -1.05684
-1.08231 -1.0589
-1.08473 -1.0563
-1.08063 -1.05909
-1.08454 -1.05703
-1.08243 -1.05929
-1.08245 -1.05663
-1.0825 -1.059
-1.08561 -1.05764
-1.08338 -1.05491
-1.07994 -1.05934
-1.08511 -1.05588
-1.08311 -1.058
-1.08363 -1.05768
-1.08304 -1.05628
-1.08166 -1.05849
-1.08379 -1.05568
-1.08275 -1.05828
-1.08422 -1.05662
-1.08038 -1.05828
-1.08289 -1.05626
-1.08358 -1.05727
-1.08298 -1.05657
-1.08312 -1.05837
-1.08215 -1.05584
-1.08466 -1.05631
-1.08131 -1.05784
-1.08318 -1.05621
-1.08417 -1.05666
-1.08386 -1.05489
-1.08216 -1.05761
-1.08389 -1.05369
-1.08106 -1.05918
-1.08488 -1.05365
-1.08084 -1.05812
-1.08429 -1.05628
-1.08234 -1.05533
-1.08213 -1.05684
-1.08304 -1.05733
-1.08215 -1.05549
-1.08353 -1.05533
-1.08223 -1.05714
-1.08219 -1.05508
-1.08396 -1.05751
-1.08235 -1.05614
-1.08239 -1.05492
-1.08264 -1.05889
-1.08549 -1.05258
-1.0803 -1.06014
-1.08427 -1.05422
-1.08342 -1.05577
-1.08421 -1.05711
-1.0825 -1.05643
-1.08424 -1.05436
-1.08247 -1.05756
-1.084 -1.05507
-1.08243 -1.05679
-1.08531 -1.05596
-1.08275 -1.05614
-1.08219 -1.05724
-1.08343 -1.05392
-1.08318 -1.05719
-1.08308 -1.05554
-1.08505 -1.05675
-1.08371 -1.05499
-1.08364 -1.05573
-1.0841 -1.05713
-1.08251 -1.05585
-1.08304 -1.05694
-1.08394 -1.05546
-1.07981 -1.05648
-1.08343 -1.05497
-1.08128 -1.05756
-1.08275 -1.05571
-1.08404 -1.05642
-1.08346 -1.05529
-1.08252 -1.05509
-1.08214 -1.05806
-1.08255 -1.05407
-1.08324 -1.0561
-1.08142 -1.05783
-1.08151 -1.0584
-1.08261 -1.05267
-1.08265 -1.05737
-1.08369 -1.05517
-1.08109 -1.05779
-1.08248 -1.05577
-1.08321 -1.05578
-1.08137 -1.05664
-1.08259 -1.05502
-1.08145 -1.0577
-1.08329 -1.05565
-1.0826 -1.05678
-1.08285 -1.0559
-1.08322 -1.05637
-1.08247 -1.05571
-1.08271 -1.05602
-1.08157 -1.05613
-1.08345 -1.05793
-1.08297 -1.05595
-1.08226 -1.05536
-1.08275 -1.05597
-1.08161 -1.05703
-1.08281 -1.05626
-1.08348 -1.05728
-1.08322 -1.05562
-1.08227 -1.0561
-1.08269 -1.05603
-1.08074 -1.0578
-1.08259 -1.05682
-1.08203 -1.0558
-1.08243 -1.05687
-1.08209 -1.05566
-1.08179 -1.05794
-1.08217 -1.05468
-1.0822 -1.05771
-1.0818 -1.05408
-1.08211 -1.05886
-1.08135 -1.05643
-1.08339 -1.05651
-1.08207 -1.05726
-1.08244 -1.05784
-1.08338 -1.05462
-1.08091 -1.05664
-1.08292 -1.05661
-1.08334 -1.05444
-1.08216 -1.05798
-1.08239 -1.05648
-1.0826 -1.05585
-1.08205 -1.05537
-1.08202 -1.057
-1.08295 -1.05607
-1.08242 -1.05557
-1.0818 -1.05728
-1.0839 -1.05602
-1.08006 -1.05808
-1.08402 -1.05594
-1.08248 -1.05793
-1.08164 -1.05686
-1.08143 -1.05763
-1.08239 -1.05425
-1.08212 -1.05826
-1.08235 -1.05569
-1.08248 -1.05609
-1.08142 -1.05753
-1.08221 -1.05573
-1.08158 -1.05804
-1.08213 -1.05622
-1.08201 -1.05629
-1.0806 -1.0568
-1.08064 -1.05534
-1.08221 -1.05792
-1.08164 -1.05475
-1.08245 -1.05589
-1.08103 -1.05829
-1.08213 -1.05454
-1.08239 -1.05695
-1.08265 -1.05691
-1.08142 -1.05602
-1.08166 -1.05785
-1.08216 -1.05451
-1.0813 -1.05838
-1.08224 -1.0554
-1.08123 -1.05606
-1.08298 -1.05711
-1.08095 -1.05605
-1.08114 -1.05919
-1.08247 -1.05364
-1.08129 -1.05827
-1.08336 -1.05701
-1.08022 -1.05548
-1.08082 -1.05829
-1.08158 -1.05846
-1.08142 -1.05641
-1.08074 -1.05656
-1.0797 -1.05774
-1.07935 -1.05714
-1.08098 -1.05879
-1.08071 -1.05605
-1.07967 -1.05796
-1.08001 -1.05753
-1.08205 -1.05434
-1.07835 -1.05825
-1.08079 -1.05633
-1.08002 -1.05654
-1.08123 -1.05698
-1.07795 -1.05817
-1.08081 -1.05681
-1.08261 -1.05479
-1.07906 -1.0597
-1.08198 -1.0552
-1.08034 -1.05853
-1.0811 -1.05453
-1.07987 -1.05811
-1.07935 -1.05742
-1.0824 -1.05503
-1.07813 -1.05843
-1.08208 -1.05597
-1.07905 -1.05752
-1.08168 -1.05814
-1.08031 -1.05632
-1.08051 -1.05568
-1.08046 -1.05689
-1.08088 -1.05673
-1.07933 -1.05656
-1.08245 -1.0551
-1.07903 -1.05869
-1.08034 -1.05633
-1.08054 -1.0556
-1.07893 -1.05749
-1.08077 -1.05356
-1.08012 -1.05712
-1.07997 -1.05555
-1.08092 -1.0577
-1.08121 -1.05385
-1.0776 -1.05779
-1.07893 -1.05744
-1.08347 -1.05192
-1.07919 -1.05702
-1.08152 -1.05604
-1.079 -1.05589
-1.08091 -1.05669
-1.0805 -1.05599
-1.07868 -1.05563
-1.08022 -1.05537
-1.08108 -1.05614
-1.07999 -1.05704
-1.07881 -1.05511
-1.08053 -1.05482
-1.0798 -1.0559
-1.08082 -1.05642
-1.07972 -1.05669
-1.07983 -1.05525
-1.0786 -1.05715
-1.08066 -1.05469
-1.07938 -1.05565
-1.07934 -1.05666
-1.08036 -1.05516
-1.07996 -1.05512
-1.08163 -1.05448
-1.07738 -1.05636
-1.08139 -1.05441
-1.0804 -1.05646
-1.07967 -1.05451
-1.08076 -1.05406
-1.08021 -1.05708
-1.07839 -1.05652
-1.08102 -1.05334
-1.07895 -1.05621
-1.07997 -1.05611
-1.08057 -1.05456
-1.08051 -1.0572
-1.07659 -1.05503
-1.08085 -1.05611
-1.07864 -1.05573
-1.07985 -1.05465
-1.07839 -1.05555
-1.08136 -1.05474
-1.07957 -1.05623
-1.07892 -1.05478
-1.07948 -1.05487
-1.08007 -1.05542
-1.08052 -1.05589
-1.0799 -1.05577
-1.08038 -1.0552
-1.08119 -1.0566
-1.07899 -1.05308
-1.07883 -1.057
-1.08226 -1.05268
-1.07868 -1.05554
-1.08003 -1.05545
-1.07961 -1.05553
-1.07967 -1.05539
-1.08138 -1.05544
-1.07847 -1.0571
-1.08036 -1.05361
-1.08066 -1.05412
-1.07982 -1.05574
-1.07967 -1.05411
-1.08226 -1.05585
-1.08127 -1.05343
-1.08086 -1.05534
-1.08154 -1.05365
-1.08089 -1.05636
-1.08156 -1.05366
-1.0808 -1.05575
-1.08009 -1.05373
-1.08024 -1.05485
-1.08086 -1.05508
-1.08036 -1.05511
-1.08058 -1.05449
-1.08058 -1.05475
-1.08103 -1.0538
-1.0789 -1.05617
-1.08066 -1.05467
-1.08098 -1.05655
-1.07983 -1.0536
-1.07997 -1.05449
-1.07853 -1.05611
-1.08246 -1.0536
-1.07856 -1.05443
-1.08243 -1.05452
-1.0788 -1.05485
-1.08072 -1.05356
-1.08069 -1.05479
-1.0818 -1.05319
-1.07923 -1.05393
-1.08207 -1.05562
-1.08015 -1.05375
-1.08146 -1.0546
-1.08095 -1.05514
-1.08178 -1.05283
-1.07974 -1.05552
-1.08138 -1.05334
-1.07882 -1.05647
-1.08077 -1.05462
-1.07905 -1.05452
-1.08121 -1.05429
-1.07969 -1.05426
-1.07994 -1.05814
-1.08122 -1.05169
-1.08005 -1.05456
-1.08038 -1.05464
-1.07946 -1.05545
-1.08121 -1.05336
-1.07991 -1.05545
-1.08071 -1.05499
-1.08051 -1.05343
-1.0808 -1.05445
-1.08146 -1.05501
-1.0794 -1.05576
-1.08153 -1.05156
-1.079 -1.05713
-1.08093 -1.05495
-1.0797 -1.05456
-1.08213 -1.05348
-1.07996 -1.05422
-1.08 -1.05609
-1.07974 -1.05389
-1.08172 -1.05272
-1.07837 -1.05748
-1.0802 -1.05427
-1.07975 -1.05341
-1.07846 -1.05466
-1.08173 -1.05391
-1.07769 -1.05638
-1.08049 -1.05381
-1.07978 -1.05356
-1.07883 -1.05427
-1.08012 -1.05382
-1.08093 -1.05453
-1.0793 -1.05403
-1.08024 -1.05349
-1.07898 -1.05435
-1.08033 -1.05465
-1.07837 -1.05558
-1.0821 -1.05168
-1.07867 -1.05525
-1.07834 -1.05589
-1.08065 -1.05254
-1.07977 -1.05426
-1.07866 -1.05487
-1.07948 -1.05362
-1.07872 -1.0522
-1.07914 -1.05496
-1.08088 -1.05245
-1.07916 -1.0546
-1.07996 -1.05314
-1.07926 -1.05216
-1.08005 -1.0559
-1.07848 -1.05392
-1.07855 -1.05251
-1.07792 -1.05702
-1.0794 -1.05175
-1.07739 -1.05548
-1.0808 -1.05322
-1.07853 -1.05387
-1.07843 -1.05326
-1.08054 -1.05325
-1.07868 -1.05473
-1.07778 -1.05347
-1.07995 -1.0528
-1.07945 -1.05232
-1.07963 -1.05384
-1.07764 -1.05411
-1.08226 -1.05141
-1.07841 -1.05316
-1.07995 -1.05437
-1.08182 -1.04912
-1.07662 -1.05718
-1.0829 -1.04972
-1.07965 -1.05389
-1.0789 -1.05308
-1.08158 -1.0529
-1.0772 -1.05362
-1.08382 -1.05215
-1.07802 -1.05279
-1.08166 -1.05232
-1.08037 -1.05306
-1.08206 -1.0516
-1.07927 -1.05289
-1.08038 -1.05356
-1.07941 -1.05238
-1.08323 -1.05363
-1.07935 -1.05241
-1.08053 -1.05405
-1.08144 -1.05267
-1.07964 -1.05338
-1.08188 -1.05242
-1.07938 -1.05231
-1.0809 -1.0534
-1.08155 -1.05275
-1.07987 -1.05217
-1.07923 -1.05435
-1.08056 -1.05113
-1.08018 -1.05188
-1.07931 -1.05205
-1.08049 -1.05379
-1.08266 -1.05103
-1.07868 -1.05366
-1.08207 -1.05149
-1.08144 -1.05183
-1.08042 -1.05346
-1.08037 -1.05143
-1.08063 -1.05092
-1.082 -1.05365
-1.08123 -1.04943
-1.08014 -1.05383
-1.08075 -1.05157
-1.08058 -1.05152
-1.08151 -1.05131
-1.07957 -1.052
-1.08118 -1.0501
-1.07976 -1.05417
-1.07985 -1.05141
-1.07849 -1.05075
-1.08077 -1.05206
-1.08025 -1.05081
-1.07974 -1.05262
-1.08161 -1.04975
-1.07968 -1.05211
-1.08054 -1.05095
-1.08075 -1.05005
-1.07934 -1.05116
-1.08171 -1.05046
-1.07823 -1.05075
-1.08159 -1.05057
-1.07968 -1.05191
-1.07995 -1.05005
-1.08001 -1.05038
-1.0802 -1.05056
-1.07917 -1.05249
-1.08173 -1.04865
-1.07755 -1.05253
-1.07991 -1.04988
-1.08081 -1.04974
-1.08024 -1.04898
-1.0773 -1.0535
-1.08131 -1.04969
-1.07907 -1.05151
-1.07894 -1.04927
-1.07847 -1.05234
-1.0816 -1.04966
-1.07739 -1.05093
-1.07944 -1.05254
-1.08094 -1.04886
-1.07886 -1.0518
-1.0805 -1.05091
-1.08074 -1.04928
-1.07918 -1.05328
-1.07952 -1.04952
-1.08113 -1.05084
-1.079 -1.05159
-1.0772 -1.05155
-1.08022 -1.04941
-1.07971 -1.05194
-1.07914 -1.05052
-1.07823 -1.05113
-1.08014 -1.04956
-1.08108 -1.05156
-1.08032 -1.04766
-1.07893 -1.05194
-1.08076 -1.05011
-1.07881 -1.05121
-1.07977 -1.04843
-1.08061 -1.04991
-1.07911 -1.05066
-1.07997 -1.04765
-1.07936 -1.04972
-1.07941 -1.0505
-1.08177 -1.0491
-1.07969 -1.04949
-1.08063 -1.04868
-1.07914 -1.04949
-1.08066 -1.04826
-1.07868 -1.05042
-1.08092 -1.04843
-1.07828 -1.05131
-1.08169 -1.04895
-1.08028 -1.0508
-1.08028 -1.04884
-1.0779 -1.05107
-1.08061 -1.04948
-1.0801 -1.04976
-1.07789 -1.04964
-1.08151 -1.04667
-1.07802 -1.05061
-1.07985 -1.04934
-1.08001 -1.04967
-1.0788 -1.04973
-1.08167 -1.04971
-1.08047 -1.04867
-1.07975 -1.04942
-1.08023 -1.05035
-1.07963 -1.0498
-1.07996 -1.04737
-1.08055 -1.05076
-1.07982 -1.04961
-1.08015 -1.04981
-1.08102 -1.04925
-1.07992 -1.04822
-1.07853 -1.05057
-1.08088 -1.04838
-1.07908 -1.04796
-1.07703 -1.05177
-1.08004 -1.04787
-1.07899 -1.04956
-1.07951 -1.05031
-1.07854 -1.05154
-1.0812 -1.04747
-1.07838 -1.05
-1.08032 -1.04999
-1.0792 -1.04913
-1.07877 -1.04946
-1.07983 -1.05025
-1.07937 -1.0484
-1.07849 -1.04935
-1.07936 -1.05011
-1.08131 -1.04787
-1.07753 -1.05214
-1.07912 -1.04895
-1.07852 -1.05049
-1.07882 -1.04937
-1.07934 -1.04996
-1.0771 -1.04932
-1.07944 -1.05071
-1.07964 -1.04886
-1.07982 -1.05025
-1.07719 -1.04989
-1.07942 -1.04903
-1.07776 -1.04871
-1.0794 -1.04978
-1.07894 -1.04902
-1.07687 -1.04975
-1.08017 -1.04972
-1.07678 -1.0471
-1.08072 -1.0492
-1.07546 -1.05044
-1.08212 -1.04505
-1.07809 -1.05302
-1.07769 -1.04847
-1.08056 -1.04842
-1.07763 -1.04882
-1.07828 -1.04894
-1.07978 -1.04816
-1.0787 -1.04882
-1.07767 -1.04731
-1.07863 -1.05072
-1.07798 -1.04929
-1.07775 -1.04979
-1.07969 -1.04825
-1.07801 -1.04872
-1.07897 -1.04792
-1.0788 -1.04929
-1.07765 -1.04941
-1.07901 -1.0473
-1.07647 -1.05031
-1.08032 -1.04734
-1.07608 -1.05034
-1.07941 -1.04743
-1.07693 -1.0485
-1.07942 -1.04896
-1.07818 -1.047
-1.07919 -1.04904
-1.07791 -1.04716
-1.07927 -1.04961
-1.07872 -1.04792
-1.07861 -1.04793
-1.079 -1.04813
-1.08054 -1.04853
-1.07742 -1.0473
-1.07864 -1.04999
-1.07833 -1.04826
-1.07929 -1.0475
-1.07957 -1.04772
-1.07749 -1.04931
-1.07842 -1.04659
-1.07597 -1.04977
-1.07751 -1.04876
-1.07717 -1.04709
-1.07704 -1.05054
-1.07754 -1.04572
-1.07763 -1.05082
-1.077 -1.04668
-1.07545 -1.04982
-1.07931 -1.04621
-1.07617 -1.04923
-1.07692 -1.04694
-1.07937 -1.0467
-1.07605 -1.04982
-1.07595 -1.04754
-1.07742 -1.04688
-1.07817 -1.04952
-1.07839 -1.04624
-1.07574 -1.05023
-1.08029 -1.04605
-1.07643 -1.04838
-1.07632 -1.04885
-1.07857 -1.04541
-1.07678 -1.04703
-1.07654 -1.04896
-1.07729 -1.0468
-1.07658 -1.04697
-1.07642 -1.0475
-1.07603 -1.04784
-1.07941 -1.04744
-1.07536 -1.04956
-1.07824 -1.04454
-1.07684 -1.04725
-1.07541 -1.04975
-1.07877 -1.04561
-1.07549 -1.04771
-1.07537 -1.04724
-1.07685 -1.04848
-1.07714 -1.04573
-1.07474 -1.04835
-1.07761 -1.04741
-1.07648 -1.049
-1.07587 -1.04681
-1.07693 -1.04648
-1.07576 -1.04827
-1.07584 -1.048
-1.07639 -1.04699
-1.0754 -1.04972
-1.07582 -1.04768
-1.07603 -1.04778
-1.07423 -1.04906
-1.07507 -1.04664
-1.07792 -1.04737
-1.07455 -1.04811
-1.07579 -1.04645
-1.07447 -1.04741
-1.07744 -1.04724
-1.07502 -1.04868
-1.07463 -1.04743
-1.07436 -1.04752
-1.0764 -1.04901
-1.07424 -1.04664
-1.07482 -1.04962
-1.07637 -1.04783
-1.07633 -1.04618
-1.07472 -1.04822
-1.07531 -1.04868
-1.0769 -1.04576
-1.07522 -1.04744
-1.07596 -1.04808
-1.07559 -1.04702
-1.07554 -1.04824
-1.07498 -1.04898
-1.07767 -1.04755
-1.07389 -1.04773
-1.07459 -1.04996
-1.077 -1.04571
-1.07406 -1.04871
-1.0762 -1.04724
-1.07416 -1.0499
-1.07625 -1.0474
-1.07472 -1.04796
-1.07705 -1.04824
-1.07457 -1.04814
-1.07492 -1.04807
-1.07402 -1.04957
-1.07474 -1.04672
-1.07665 -1.0456
-1.07317 -1.05038
-1.07325 -1.04807
-1.07537 -1.04794
-1.07467 -1.04778
-1.07387 -1.04816
-1.07492 -1.04699
-1.07527 -1.04823
-1.07387 -1.04933
-1.07667 -1.04785
-1.07437 -1.04877
-1.07366 -1.04886
-1.07688 -1.04653
-1.07578 -1.04697
-1.07407 -1.04879
-1.0765 -1.04643
-1.07448 -1.04946
-1.07674 -1.04466
-1.07485 -1.04938
-1.07645 -1.04662
-1.07476 -1.04899
-1.07626 -1.04691
-1.07488 -1.04815
-1.07583 -1.04724
-1.07572 -1.04852
-1.07431 -1.04663
-1.07345 -1.04902
-1.07584 -1.04551
-1.07372 -1.04875
-1.07432 -1.04646
-1.07462 -1.04785
-1.07465 -1.047
-1.07438 -1.04765
-1.07626 -1.04723
-1.07493 -1.04748
-1.07404 -1.04848
-1.07516 -1.04608
-1.0758 -1.04724
-1.07382 -1.04762
-1.07532 -1.04866
-1.07562 -1.04725
-1.07439 -1.04746
-1.07494 -1.04776
-1.07747 -1.0446
-1.07247 -1.04943
-1.07705 -1.04659
-1.07619 -1.04748
-1.07455 -1.0467
-1.074 -1.04877
-1.07663 -1.04705
-1.07648 -1.04603
-1.07474 -1.04738
-1.0769 -1.04663
-1.07444 -1.04746
-1.07759 -1.04697
-1.07355 -1.04626
-1.07525 -1.04738
-1.07565 -1.04553
-1.07418 -1.04765
-1.07521 -1.04684
-1.07471 -1.04593
-1.07679 -1.04643
-1.07388 -1.04722
-1.07505 -1.0466
-1.07525 -1.04467
-1.07552 -1.04763
-1.07508 -1.04574
-1.0758 -1.04733
-1.0737 -1.04555
-1.07304 -1.04791
-1.07536 -1.04488
-1.07179 -1.04792
-1.07677 -1.04478
-1.07447 -1.04643
-1.07452 -1.04702
-1.07498 -1.04763
-1.07311 -1.04586
-1.07336 -1.04695
-1.07588 -1.04621
-1.07399 -1.04451
-1.07273 -1.04982
-1.07715 -1.04551
-1.07326 -1.04582
-1.07377 -1.04767
-1.07577 -1.04436
-1.07244 -1.0474
-1.0747 -1.04723
-1.07617 -1.0449
-1.07336 -1.04558
-1.07328 -1.04685
-1.07403 -1.04446
-1.07351 -1.04669
-1.07203 -1.04597
-1.07333 -1.04845
-1.07482 -1.04434
-1.07266 -1.04688
-1.0726 -1.04549
-1.07366 -1.04563
-1.07376 -1.04464
-1.0731 -1.04771
-1.07462 -1.04366
-1.07342 -1.04621
-1.07267 -1.04666
-1.07524 -1.04405
-1.07236 -1.04594
-1.07461 -1.04594
-1.07534 -1.04367
-1.07163 -1.04873
-1.07501 -1.04278
-1.07186 -1.0467
-1.0724 -1.04521
-1.07335 -1.04682
-1.07562 -1.04403
-1.07253 -1.04586
-1.07038 -1.04658
-1.07449 -1.04549
-1.07212 -1.04488
-1.07498 -1.046
-1.07347 -1.04579
-1.07333 -1.0444
-1.07161 -1.04553
-1.07524 -1.04474
-1.07156 -1.0436
-1.07169 -1.04898
-1.07639 -1.04148
-1.0687 -1.04765
-1.07555 -1.04416
-1.07081 -1.0478
-1.07512 -1.04317
-1.07344 -1.04413
-1.07124 -1.04874
-1.07457 -1.04278
-1.0737 -1.04514
-1.07242 -1.04641
-1.07432 -1.04472
-1.07323 -1.04496
-1.07303 -1.04578
-1.07327 -1.04336
-1.07456 -1.04723
-1.07386 -1.04305
-1.07319 -1.04574
-1.07313 -1.04387
-1.07257 -1.04609
-1.07322 -1.045
-1.07429 -1.04385
-1.07288 -1.04701
-1.07153 -1.04457
-1.07523 -1.04283
-1.07052 -1.04627
-1.07312 -1.04523
-1.07221 -1.04458
-1.07222 -1.04462
-1.07421 -1.04549
-1.07102 -1.04498
-1.0748 -1.04422
-1.07143 -1.04533
-1.07332 -1.04611
