0 0
-0.171067 -0.16072
-0.331075 -0.314525
-0.476662 -0.451864
-0.613191 -0.583815
-0.737042 -0.703798
-0.846124 -0.813071
-0.944706 -0.912524
-1.03154 -0.999047
-1.09883 -1.07921
-1.16061 -1.14638
-1.20466 -1.20517
-1.2368 -1.25054
-1.25681 -1.2958
-1.27297 -1.33064
-1.28172 -1.35404
-1.27103 -1.36472
-1.2882 -1.37522
-1.27921 -1.39313
-1.28421 -1.41091
-1.281 -1.4225
-1.27999 -1.43452
-1.26701 -1.42938
-1.27151 -1.43243
-1.27477 -1.43794
-1.2709 -1.4463
-1.27268 -1.45296
-1.2548 -1.44529
-1.26217 -1.44557
-1.2502 -1.43599
-1.26131 -1.44361
-1.27009 -1.43756
-1.26591 -1.44477
-1.2691 -1.43989
-1.26856 -1.4386
-1.27264 -1.43796
-1.26921 -1.4324
-1.27527 -1.43293
-1.27478 -1.43108
-1.27862 -1.42937
-1.27874 -1.42964
-1.27945 -1.42682
-1.27718 -1.4288
-1.27774 -1.43078
-1.2801 -1.42393
-1.28473 -1.42532
-1.27846 -1.42409
-1.28136 -1.42185
-1.28342 -1.42313
-1.27909 -1.42526
-1.28449 -1.42312
-1.286 -1.42345
-1.28131 -1.42097
-1.28442 -1.41797
-1.28454 -1.41816
-1.28676 -1.42074
-1.28458 -1.42021
-1.28723 -1.4196
-1.28787 -1.41661
-1.28859 -1.41312
-1.29187 -1.412
-1.29399 -1.41095
-1.28955 -1.41224
-1.29131 -1.41158
-1.28888 -1.40773
-1.29091 -1.41261
-1.29637 -1.40983
-1.29469 -1.4069
-1.29348 -1.40229
-1.29715 -1.4083
-1.29449 -1.40539
-1.29501 -1.40736
-1.2951 -1.40459
-1.29925 -1.39885
-1.29586 -1.40624
-1.29839 -1.39975
-1.29812 -1.40059
-1.29894 -1.40068
-1.29912 -1.39951
-1.29727 -1.40075
-1.2993 -1.40045
-1.29871 -1.40058
-1.29981 -1.39986
-1.30244 -1.39656
-1.29949 -1.39903
-1.29726 -1.39882
-1.3014 -1.39978
-1.29868 -1.40141
-1.2981 -1.39874
-1.30213 -1.39598
-1.30428 -1.39623
-1.29938 -1.3948
-1.30392 -1.39439
-1.30147 -1.39496
-1.30611 -1.39583
-1.30154 -1.39998
-1.30714 -1.39281
-1.30207 -1.39759
-1.30318 -1.39572
-1.30346 -1.39154
-1.3041 -1.39374
-1.30441 -1.3937
-1.30668 -1.38959
-1.30549 -1.39302
-1.30721 -1.38965
-1.30264 -1.39521
-1.30576 -1.39302
-1.30562 -1.38928
-1.3062 -1.38977
-1.30375 -1.39229
-1.31002 -1.38542
-1.30534 -1.39046
-1.30645 -1.38478
-1.31179 -1.38544
-1.3109 -1.38387
-1.30964 -1.38225
-1.31047 -1.37789
-1.3156 -1.38051
-1.31027 -1.38073
-1.30979 -1.3821
-1.31126 -1.37847
-1.31239 -1.37835
-1.30958 -1.37752
-1.31273 -1.37749
-1.31442 -1.37658
-1.3143 -1.3734
-1.3119 -1.37411
-1.31439 -1.37496
-1.31203 -1.37193
-1.31043 -1.37599
-1.31371 -1.37343
-1.31291 -1.3718
-1.31428 -1.37242
-1.31287 -1.37583
-1.31515 -1.37374
-1.31427 -1.37216
-1.30911 -1.37389
-1.31231 -1.37502
-1.31446 -1.37302
-1.31239 -1.37309
-1.31089 -1.37465
-1.31355 -1.37656
-1.3115 -1.37726
-1.31421 -1.37699
-1.31476 -1.37462
-1.31112 -1.37716
-1.31512 -1.37301
-1.31332 -1.37561
-1.31398 -1.37491
-1.31343 -1.37331
-1.31035 -1.37365
-1.31203 -1.3731
-1.31454 -1.37364
-1.31383 -1.37059
-1.31699 -1.37095
-1.31449 -1.37125
-1.31504 -1.37096
-1.31235 -1.37264
-1.31796 -1.36699
-1.31845 -1.36655
-1.31563 -1.36938
-1.31322 -1.36967
-1.31329 -1.36851
-1.31601 -1.37085
-1.31662 -1.37001
-1.31491 -1.36792
-1.3139 -1.37025
-1.31678 -1.36726
-1.31166 -1.37211
-1.31408 -1.36857
-1.31345 -1.36853
-1.31552 -1.36589
-1.31507 -1.3667
-1.31349 -1.36747
-1.31662 -1.36799
-1.31218 -1.36386
-1.31523 -1.36774
-1.31548 -1.36412
-1.31803 -1.36346
-1.31554 -1.36406
-1.31164 -1.36713
-1.31489 -1.36577
-1.318 -1.36805
-1.31852 -1.36518
-1.31603 -1.36485
-1.31654 -1.36359
-1.31635 -1.36504
-1.31786 -1.3629
-1.31796 -1.36039
-1.31683 -1.36241
-1.31639 -1.3629
-1.31675 -1.36288
-1.31589 -1.35791
-1.31587 -1.36541
-1.31605 -1.35908
-1.31801 -1.3593
-1.31461 -1.36144
-1.31968 -1.35914
-1.31651 -1.35896
-1.31882 -1.35586
-1.31421 -1.35898
-1.31604 -1.35884
-1.32086 -1.35593
-1.31361 -1.35941
-1.31827 -1.35899
-1.3147 -1.35456
-1.31776 -1.35628
-1.31541 -1.35854
-1.3175 -1.35813
-1.31501 -1.36094
-1.3184 -1.35404
-1.31711 -1.35578
-1.31652 -1.35795
-1.31723 -1.35677
-1.31988 -1.3554
-1.31837 -1.35396
-1.318 -1.3526
-1.31532 -1.35231
-1.31805 -1.35632
-1.3155 -1.35427
-1.31568 -1.35495
-1.31214 -1.35727
-1.31194 -1.35489
-1.31378 -1.35762
-1.31496 -1.35396
-1.31138 -1.3604
-1.31145 -1.3553
-1.31267 -1.35807
-1.31198 -1.35812
-1.31458 -1.35456
-1.31688 -1.35743
-1.31723 -1.3531
-1.31137 -1.35342
-1.31491 -1.35494
-1.31295 -1.35398
-1.31138 -1.35741
-1.31296 -1.35745
-1.3131 -1.35594
-1.31044 -1.35796
-1.31654 -1.35448
-1.31113 -1.3592
-1.31058 -1.35739
-1.31549 -1.35478
-1.31402 -1.35718
-1.31116 -1.35637
-1.31316 -1.35638
-1.31324 -1.35734
-1.31224 -1.35197
-1.31458 -1.35711
-1.30997 -1.35269
-1.3114 -1.35767
-1.31475 -1.35594
-1.30914 -1.35441
-1.30911 -1.35317
-1.31158 -1.35396
-1.31222 -1.35147
-1.30944 -1.35646
-1.3096 -1.3546
-1.31109 -1.35117
-1.30984 -1.35514
-1.30963 -1.35719
-1.31181 -1.35271
-1.30814 -1.35278
-1.31124 -1.34872
-1.31409 -1.35114
-1.3139 -1.34969
-1.3108 -1.35115
-1.3114 -1.34828
-1.31697 -1.35006
-1.31302 -1.35187
-1.31544 -1.34619
-1.31095 -1.34886
-1.31083 -1.34661
-1.3122 -1.34891
-1.31236 -1.34424
-1.31334 -1.34857
-1.31172 -1.34593
-1.31162 -1.34532
-1.31143 -1.34574
-1.31438 -1.34573
-1.31315 -1.3459
-1.31309 -1.34557
-1.31052 -1.34601
-1.31022 -1.34573
-1.31008 -1.34422
-1.31171 -1.34413
-1.31261 -1.34647
-1.3109 -1.3474
-1.31535 -1.34343
-1.31378 -1.34487
-1.31071 -1.34081
-1.30919 -1.34321
-1.31139 -1.34484
-1.31308 -1.344
-1.3083 -1.34296
-1.31273 -1.34389
-1.31062 -1.34248
-1.3097 -1.34346
-1.3137 -1.34357
-1.31288 -1.33924
-1.31128 -1.34459
-1.31078 -1.34262
-1.31131 -1.3414
-1.3094 -1.34494
-1.31035 -1.34308
-1.30845 -1.3404
-1.31079 -1.34258
-1.31015 -1.33818
-1.31097 -1.33943
-1.31138 -1.33779
-1.30868 -1.34039
-1.31283 -1.33927
-1.31186 -1.33736
-1.3133 -1.33797
-1.31034 -1.33808
-1.30933 -1.33618
-1.30985 -1.34102
-1.30935 -1.33649
-1.30914 -1.33998
-1.3118 -1.33822
-1.30715 -1.33884
-1.31074 -1.33701
-1.30796 -1.33539
-1.30934 -1.33761
-1.30936 -1.337
-1.30892 -1.3353
-1.31428 -1.33515
-1.31081 -1.33363
-1.30943 -1.33456
-1.311 -1.33615
-1.31089 -1.33192
-1.31001 -1.33444
-1.30822 -1.3372
-1.31203 -1.33456
-1.30591 -1.33703
-1.31039 -1.33446
-1.31154 -1.33117
-1.3092 -1.33925
-1.30869 -1.33276
-1.31204 -1.33225
-1.30946 -1.33224
-1.31176 -1.3319
-1.3113 -1.33253
-1.30917 -1.3319
-1.3118 -1.33395
-1.31511 -1.33245
-1.31134 -1.33286
-1.3103 -1.33367
-1.309 -1.33428
-1.30957 -1.33241
-1.31301 -1.3339
-1.3074 -1.33579
-1.311 -1.3356
-1.30925 -1.33446
-1.31018 -1.33364
-1.30762 -1.33557
-1.3079 -1.33595
-1.30999 -1.33481
-1.30729 -1.33485
-1.31119 -1.33307
-1.30819 -1.33201
-1.30891 -1.33251
-1.30708 -1.33864
-1.30651 -1.33335
-1.31166 -1.33234
-1.30925 -1.33467
-1.30524 -1.33283
-1.30529 -1.33316
-1.30756 -1.3329
-1.30846 -1.33005
-1.3053 -1.33341
-1.30416 -1.33183
-1.30772 -1.33141
-1.30433 -1.3309
-1.30479 -1.33305
-1.30469 -1.32991
-1.30686 -1.33445
-1.30745 -1.33308
-1.3072 -1.32782
-1.30661 -1.32975
-1.30614 -1.32882
-1.30702 -1.32804
-1.30335 -1.32955
-1.30539 -1.32793
-1.30664 -1.33048
-1.30552 -1.33077
-1.30659 -1.32712
-1.30727 -1.32763
-1.30407 -1.33056
-1.30652 -1.32705
-1.30417 -1.32473
-1.30552 -1.32964
-1.30653 -1.32534
-1.30505 -1.32482
-1.30642 -1.32751
-1.30733 -1.322
-1.30645 -1.32275
-1.30969 -1.326
-1.30442 -1.32317
-1.30728 -1.32532
-1.30436 -1.32566
-1.31055 -1.32427
-1.30607 -1.32176
-1.30772 -1.32287
-1.30456 -1.32496
-1.31088 -1.32233
-1.3047 -1.32128
-1.30679 -1.32122
-1.30545 -1.32472
-1.30938 -1.32347
-1.30485 -1.32419
-1.30561 -1.32259
-1.3054 -1.32403
-1.30636 -1.32258
-1.30991 -1.32118
-1.30466 -1.32119
-1.30509 -1.32661
-1.30529 -1.32071
-1.30842 -1.32463
-1.30504 -1.32521
-1.30613 -1.32178
-1.307 -1.32384
-1.3041 -1.32406
-1.30383 -1.32301
-1.30418 -1.32134
-1.30312 -1.32339
-1.3031 -1.32426
-1.30584 -1.32375
-1.30985 -1.32158
-1.30487 -1.32088
-1.30344 -1.32176
-1.3041 -1.31966
-1.30632 -1.32369
-1.30457 -1.32164
-1.30562 -1.32124
-1.30115 -1.32205
-1.30394 -1.3225
-1.30332 -1.32484
-1.30349 -1.32062
-1.30046 -1.32022
-1.30593 -1.32279
-1.3053 -1.32143
-1.30206 -1.32245
-1.30531 -1.32136
-1.30671 -1.31923
-1.3052 -1.32162
-1.30414 -1.32109
-1.30074 -1.32306
-1.30252 -1.32006
-1.30416 -1.32111
-1.30427 -1.31807
-1.30401 -1.32078
-1.30324 -1.32348
-1.30151 -1.31957
-1.30091 -1.32157
-1.30189 -1.32069
-1.3046 -1.32081
-1.30292 -1.32122
-1.30366 -1.32007
-1.3028 -1.31923
-1.30412 -1.3185
-1.30106 -1.31941
-1.30209 -1.31929
-1.30267 -1.31927
-1.30268 -1.31839
-1.30212 -1.31985
-1.3045 -1.31762
-1.30276 -1.31448
-1.30269 -1.31792
-1.30464 -1.31986
-1.30471 -1.31722
-1.29937 -1.31955
-1.30019 -1.31976
-1.30316 -1.3169
-1.29608 -1.32088
-1.3007 -1.32108
-1.29699 -1.3218
-1.29983 -1.32069
-1.29673 -1.31767
-1.29705 -1.32227
-1.2989 -1.31953
-1.29725 -1.31796
-1.29788 -1.32061
-1.2973 -1.31924
-1.29771 -1.31893
-1.30199 -1.31838
-1.29973 -1.31765
-1.29954 -1.32112
-1.29843 -1.31887
-1.30022 -1.3207
-1.30012 -1.32223
-1.30312 -1.31736
-1.30143 -1.31486
-1.30237 -1.31668
-1.29876 -1.31861
-1.29875 -1.3159
-1.30008 -1.31656
-1.29915 -1.31839
-1.30287 -1.31443
-1.30184 -1.31589
-1.30131 -1.31736
-1.29861 -1.31637
-1.29938 -1.31777
-1.2971 -1.31691
-1.29582 -1.31703
-1.2972 -1.31898
-1.30187 -1.31528
-1.29889 -1.31675
-1.30021 -1.31256
-1.29852 -1.31615
-1.29871 -1.31568
-1.29806 -1.31851
-1.29764 -1.31414
-1.29977 -1.31589
-1.30167 -1.31371
-1.29584 -1.31627
-1.29824 -1.31617
-1.29859 -1.31525
-1.30096 -1.31473
-1.29946 -1.3156
-1.29882 -1.31532
-1.29734 -1.31376
-1.29755 -1.3169
-1.2975 -1.31805
-1.29816 -1.31904
-1.29724 -1.31512
-1.29827 -1.3176
-1.29706 -1.31531
-1.29757 -1.31671
-1.2955 -1.31827
-1.29628 -1.31609
-1.29842 -1.31439
-1.29631 -1.3147
-1.29784 -1.31528
-1.29716 -1.31355
-1.29457 -1.31672
-1.30008 -1.31547
-1.29472 -1.31674
-1.29513 -1.31516
-1.29676 -1.3175
-1.29579 -1.31166
-1.29769 -1.31652
-1.29799 -1.31228
-1.2957 -1.31586
-1.29676 -1.31357
-1.29648 -1.31319
-1.29741 -1.31275
-1.29631 -1.3151
-1.296 -1.31494
-1.2991 -1.31284
-1.29452 -1.31782
-1.29735 -1.31366
-1.2958 -1.31365
-1.29261 -1.31732
-1.29515 -1.31227
-1.29475 -1.31563
-1.29538 -1.31323
-1.29702 -1.31285
-1.29723 -1.30882
-1.29568 -1.3097
-1.29275 -1.31397
-1.29275 -1.31119
-1.29385 -1.31143
-1.29499 -1.31109
-1.2913 -1.31245
-1.29482 -1.31173
-1.29199 -1.31017
-1.29465 -1.31125
-1.29514 -1.3137
-1.28998 -1.31555
-1.29124 -1.31291
-1.29147 -1.31333
-1.29365 -1.31352
-1.29251 -1.31191
-1.29276 -1.31079
-1.29234 -1.31515
-1.29005 -1.31419
-1.29292 -1.31223
-1.29106 -1.31119
-1.29291 -1.31081
-1.29029 -1.31469
-1.29227 -1.31343
-1.29354 -1.31092
-1.29338 -1.31381
-1.29321 -1.31184
-1.29415 -1.31437
-1.29125 -1.3107
-1.29322 -1.31402
-1.29044 -1.31079
-1.29641 -1.31234
-1.29108 -1.30983
-1.29108 -1.3103
-1.29199 -1.3115
-1.29267 -1.31098
-1.28898 -1.31167
-1.29535 -1.30779
-1.29205 -1.3087
-1.29071 -1.30942
-1.29331 -1.30879
-1.29166 -1.31389
-1.29166 -1.30714
-1.29077 -1.31029
-1.29235 -1.3074
-1.29146 -1.31152
-1.28897 -1.3118
-1.29079 -1.30735
-1.29097 -1.30846
-1.29046 -1.30873
-1.29114 -1.31355
-1.29128 -1.30865
-1.29021 -1.30891
-1.29188 -1.30497
-1.29228 -1.30794
-1.29036 -1.3065
-1.29302 -1.31139
-1.28773 -1.30614
-1.29105 -1.30619
-1.28965 -1.30613
-1.2897 -1.30659
-1.28932 -1.30927
-1.2895 -1.30621
-1.28832 -1.30723
-1.29176 -1.30366
-1.28826 -1.30714
-1.29152 -1.30578
-1.28733 -1.30636
-1.28722 -1.30826
-1.289 -1.30699
-1.28928 -1.30814
-1.28668 -1.30911
-1.28769 -1.30799
-1.28871 -1.30703
-1.28901 -1.30719
-1.2862 -1.30665
-1.28823 -1.30757
-1.28716 -1.30657
-1.2911 -1.30625
-1.29208 -1.30512
-1.28948 -1.30665
-1.28407 -1.30346
-1.28986 -1.30522
-1.28695 -1.3098
-1.29117 -1.30529
-1.28752 -1.30689
-1.28801 -1.30685
-1.2888 -1.30272
-1.28906 -1.30713
-1.28737 -1.30592
-1.28606 -1.30751
-1.28958 -1.30729
-1.28668 -1.30493
-1.28873 -1.30495
-1.28848 -1.3064
-1.28796 -1.30578
-1.2886 -1.30317
-1.289 -1.30497
-1.28929 -1.30846
-1.28606 -1.30081
-1.28685 -1.30584
-1.28937 -1.30692
-1.29105 -1.30492
-1.28861 -1.30231
-1.28725 -1.30306
-1.28902 -1.30336
-1.29091 -1.30334
-1.29046 -1.3034
-1.2887 -1.30126
-1.28755 -1.30595
-1.2894 -1.30077
-1.291 -1.30262
-1.2873 -1.30491
-1.28585 -1.3047
-1.28835 -1.30248
-1.28912 -1.30281
-1.29171 -1.30365
-1.28849 -1.30115
-1.29031 -1.30168
-1.28496 -1.3011
-1.28705 -1.3009
-1.28819 -1.30259
-1.28545 -1.30286
-1.28987 -1.30347
-1.28718 -1.30274
-1.28778 -1.30187
-1.2874 -1.3019
-1.28743 -1.30244
-1.28894 -1.3012
-1.28528 -1.3025
-1.28563 -1.30124
-1.28482 -1.30036
-1.28547 -1.30236
-1.28425 -1.30305
-1.28512 -1.30247
-1.28493 -1.30246
-1.28774 -1.29842
-1.2823 -1.30604
-1.28496 -1.30087
-1.2862 -1.30097
-1.28496 -1.30085
-1.2837 -1.3019
-1.28681 -1.29713
-1.28057 -1.30361
-1.28597 -1.29928
-1.28423 -1.30138
-1.28677 -1.29724
-1.28006 -1.30113
-1.28506 -1.29964
-1.28293 -1.30251
-1.2823 -1.30189
-1.28271 -1.30107
-1.28507 -1.30088
-1.28371 -1.30172
-1.28542 -1.29919
-1.28248 -1.29957
-1.28503 -1.29938
-1.28432 -1.29988
-1.28203 -1.30029
-1.28371 -1.30173
-1.28269 -1.301
-1.28271 -1.30049
-1.28285 -1.30148
-1.28069 -1.2991
-1.28347 -1.30357
-1.28394 -1.29697
-1.28 -1.30047
-1.28171 -1.29757
-1.28353 -1.30014
-1.2838 -1.2965
-1.28349 -1.29904
-1.2834 -1.29531
-1.28113 -1.29971
-1.28437 -1.3
-1.28294 -1.29856
-1.28275 -1.29871
-1.28086 -1.29842
-1.28423 -1.2988
-1.28083 -1.29828
-1.28123 -1.30009
-1.28077 -1.29595
-1.28194 -1.30018
-1.28366 -1.29808
-1.27894 -1.2997
-1.28136 -1.29907
-1.27815 -1.29744
-1.28106 -1.30223
-1.27958 -1.29692
-1.28243 -1.29863
-1.28175 -1.29644
-1.28237 -1.29997
-1.28268 -1.29928
-1.27578 -1.30039
-1.28316 -1.29546
-1.27659 -1.29907
-1.27831 -1.29644
-1.27832 -1.30083
-1.28193 -1.29947
-1.27825 -1.29752
-1.27936 -1.29874
-1.27676 -1.29876
-1.2802 -1.29881
-1.28011 -1.29768
-1.27984 -1.29903
-1.27977 -1.29835
-1.27918 -1.29897
-1.27974 -1.29842
-1.27646 -1.30225
-1.28048 -1.29887
-1.27722 -1.30002
-1.27798 -1.29671
-1.27523 -1.29979
-1.27888 -1.30044
-1.27919 -1.29759
-1.27686 -1.29808
-1.27774 -1.29971
-1.27618 -1.29749
-1.27688 -1.30158
-1.27622 -1.29674
-1.27649 -1.30115
-1.27806 -1.30013
-1.27625 -1.29905
-1.27583 -1.30282
-1.27538 -1.30088
-1.28005 -1.30087
-1.27833 -1.29827
-1.27704 -1.30191
-1.27671 -1.29779
-1.27685 -1.30355
-1.27947 -1.30031
-1.2768 -1.29898
-1.2791 -1.30002
-1.27709 -1.29758
-1.28043 -1.30103
-1.27894 -1.29763
-1.2792 -1.29913
-1.27624 -1.29916
-1.27658 -1.30017
-1.27873 -1.29945
-1.27712 -1.29881
-1.2792 -1.29706
-1.27631 -1.29852
-1.27673 -1.29928
-1.27492 -1.29558
-1.27566 -1.29733
-1.27578 -1.29744
-1.27696 -1.29378
-1.27657 -1.29832
-1.27812 -1.29494
-1.27754 -1.29394
-1.2733 -1.29796
-1.2787 -1.2952
-1.2741 -1.29703
-1.27497 -1.29791
-1.27335 -1.29584
-1.27368 -1.29792
-1.27535 -1.29523
-1.27472 -1.29833
-1.27673 -1.29612
-1.27756 -1.29761
-1.27557 -1.29179
-1.27592 -1.29615
-1.27607 -1.29191
-1.27514 -1.2965
-1.27666 -1.29312
-1.27486 -1.29319
-1.27631 -1.29482
-1.27556 -1.29537
-1.27437 -1.29419
-1.27964 -1.29275
-1.27471 -1.29415
-1.27622 -1.29572
-1.27487 -1.29348
-1.27533 -1.29607
-1.27467 -1.29948
-1.27503 -1.2948
-1.27404 -1.29488
-1.27347 -1.29465
-1.27333 -1.29376
-1.27802 -1.29512
-1.27635 -1.29496
-1.27534 -1.29532
-1.26993 -1.29434
-1.27537 -1.29401
-1.27543 -1.29294
-1.27271 -1.29864
-1.27659 -1.29157
-1.27244 -1.29457
-1.27592 -1.29313
-1.2699 -1.29543
-1.2771 -1.2928
-1.27468 -1.29227
-1.27493 -1.29394
-1.27411 -1.29444
-1.27211 -1.29244
-1.27502 -1.29533
-1.27464 -1.29186
-1.27081 -1.29501
-1.27399 -1.28997
-1.27303 -1.29119
-1.27513 -1.29077
-1.27264 -1.29043
-1.2759 -1.28957
-1.27283 -1.29041
-1.27258 -1.28969
-1.27657 -1.29023
-1.27133 -1.29251
-1.27502 -1.29316
-1.2729 -1.29282
-1.2743 -1.28958
-1.27311 -1.29118
-1.2731 -1.29327
-1.27448 -1.29085
-1.27222 -1.29036
-1.27342 -1.29234
-1.27354 -1.29132
-1.2741 -1.2909
-1.27339 -1.29127
-1.27489 -1.29279
-1.27462 -1.28746
-1.27336 -1.28873
-1.2717 -1.29311
-1.27393 -1.28961
-1.27456 -1.29408
-1.27542 -1.29037
-1.27453 -1.28968
-1.27221 -1.29444
-1.27615 -1.28715
-1.27251 -1.29236
-1.27225 -1.29122
-1.27244 -1.29265
-1.27192 -1.28841
-1.27219 -1.29092
-1.27161 -1.29061
-1.27153 -1.2911
-1.27109 -1.2892
-1.27111 -1.29141
-1.27278 -1.29098
-1.27366 -1.28745
-1.27143 -1.28886
-1.27058 -1.29423
-1.27253 -1.28764
-1.27148 -1.29112
-1.26979 -1.29287
-1.26983 -1.29264
-1.26939 -1.29356
-1.27301 -1.28779
-1.27074 -1.29317
-1.27045 -1.28901
-1.26887 -1.2898
-1.26992 -1.29128
-1.2713 -1.28902
-1.27045 -1.2884
-1.26862 -1.29055
-1.27202 -1.28921
-1.27044 -1.28637
-1.27436 -1.28686
-1.271 -1.28903
-1.26962 -1.28937
-1.27105 -1.28939
-1.27117 -1.2889
-1.27084 -1.29028
-1.26787 -1.29208
-1.26773 -1.28944
-1.27033 -1.29323
-1.26873 -1.28877
-1.27262 -1.29316
-1.26738 -1.28845
-1.2689 -1.29084
-1.27026 -1.28948
-1.26846 -1.29248
-1.26711 -1.28995
-1.26991 -1.29001
-1.26823 -1.28903
-1.27019 -1.28955
-1.26792 -1.29078
-1.26956 -1.28906
-1.2711 -1.29216
-1.26782 -1.29264
-1.26812 -1.29221
-1.26685 -1.29144
-1.26894 -1.28873
-1.26745 -1.29406
-1.26841 -1.29148
-1.26643 -1.29282
-1.26555 -1.29253
-1.26949 -1.29476
-1.26876 -1.29595
-1.26808 -1.28948
-1.2653 -1.29332
-1.26844 -1.29464
-1.26793 -1.29047
-1.26979 -1.29138
-1.26628 -1.29403
-1.27045 -1.29054
-1.26725 -1.2946
-1.26879 -1.2899
-1.26797 -1.29076
-1.26744 -1.29256
-1.26848 -1.29372
-1.27038 -1.291
-1.26967 -1.28982
-1.2694 -1.29095
-1.26966 -1.29142
-1.26749 -1.2911
-1.27279 -1.28705
-1.26755 -1.28975
-1.26763 -1.28964
-1.27006 -1.29132
-1.26857 -1.29072
-1.26903 -1.28856
-1.26772 -1.29148
-1.26831 -1.28941
-1.26816 -1.28934
-1.26915 -1.28933
-1.26921 -1.29014
-1.26691 -1.29122
-1.26404 -1.29156
-1.26633 -1.29044
-1.26668 -1.28903
-1.26486 -1.29078
-1.26516 -1.29326
-1.26554 -1.28971
-1.2673 -1.29009
-1.26643 -1.28639
-1.26788 -1.29012
-1.26927 -1.28836
-1.26686 -1.28898
-1.2706 -1.28507
-1.26668 -1.28729
-1.26742 -1.29028
-1.26808 -1.2893
-1.26709 -1.28923
-1.2669 -1.28551
-1.26511 -1.28994
-1.26686 -1.28856
-1.26733 -1.28926
-1.26504 -1.28745
-1.26509 -1.28996
-1.26798 -1.28452
-1.26903 -1.28528
-1.26576 -1.2885
-1.26765 -1.28679
-1.26667 -1.2872
-1.26407 -1.28777
-1.26846 -1.28442
-1.26721 -1.28876
-1.27076 -1.28553
-1.26723 -1.28516
-1.26592 -1.286
-1.2647 -1.28514
-1.26677 -1.28982
-1.26654 -1.28875
-1.26677 -1.28555
-1.26639 -1.28577
-1.26753 -1.28687
-1.26491 -1.28693
-1.2648 -1.285
-1.26683 -1.2867
-1.26612 -1.28574
-1.26839 -1.28381
-1.2662 -1.28551
-1.26468 -1.28482
-1.26708 -1.28645
-1.26558 -1.28509
-1.26621 -1.28624
-1.26478 -1.28609
-1.26695 -1.28633
-1.26753 -1.28419
-1.26369 -1.28747
-1.26544 -1.2863
-1.26398 -1.28509
-1.26634 -1.28668
-1.26474 -1.28936
-1.26369 -1.28727
-1.26361 -1.28693
-1.26306 -1.28607
-1.26087 -1.28841
-1.26489 -1.2836
-1.26415 -1.28625
-1.26253 -1.28569
-1.26171 -1.28262
-1.26523 -1.2821
-1.2643 -1.28535
-1.26129 -1.28535
-1.26237 -1.28558
-1.26282 -1.28505
-1.2621 -1.28643
-1.26414 -1.284
-1.26397 -1.28549
-1.26248 -1.2849
-1.26498 -1.28269
-1.26068 -1.28484
-1.26342 -1.28409
-1.26038 -1.28573
-1.26398 -1.2832
-1.25937 -1.28428
-1.25879 -1.28654
-1.26365 -1.28347
-1.26016 -1.28978
-1.26036 -1.28471
-1.264 -1.2842
-1.26491 -1.28363
-1.26209 -1.28538
-1.25822 -1.28377
-1.26115 -1.28419
-1.26204 -1.28487
-1.26067 -1.28582
-1.26035 -1.28269
-1.26071 -1.28746
-1.2638 -1.28236
-1.25947 -1.28926
-1.26235 -1.28254
-1.26148 -1.28588
-1.26073 -1.28763
-1.25998 -1.28857
-1.26056 -1.28747
-1.26175 -1.28779
-1.26289 -1.28665
-1.26139 -1.28504
-1.26391 -1.28452
-1.26392 -1.28518
-1.26691 -1.28396
-1.26298 -1.28279
-1.26441 -1.28206
-1.26217 -1.28623
-1.26424 -1.28326
-1.26304 -1.28237
-1.26171 -1.28291
-1.2614 -1.28644
-1.26185 -1.2839
-1.26298 -1.28359
-1.25947 -1.28543
-1.26081 -1.28185
-1.25929 -1.28472
-1.26177 -1.28503
-1.26144 -1.28139
-1.25863 -1.28472
-1.2589 -1.28309
-1.25982 -1.28229
-1.25945 -1.28288
-1.26308 -1.28292
-1.26074 -1.28006
-1.26154 -1.28612
-1.25982 -1.28255
-1.26222 -1.2848
-1.26197 -1.28129
-1.26136 -1.28121
-1.26097 -1.28588
-1.26001 -1.28302
-1.26239 -1.28264
-1.26125 -1.28071
-1.26407 -1.28446
-1.26132 -1.28158
-1.26332 -1.28247
-1.26024 -1.28368
-1.26538 -1.28111
-1.25801 -1.28409
-1.2611 -1.28341
-1.26095 -1.28547
-1.25792 -1.28598
-1.25967 -1.28259
-1.26095 -1.28425
-1.25788 -1.28711
-1.26159 -1.28149
-1.25883 -1.28338
-1.2574 -1.2855
-1.25809 -1.28201
-1.25903 -1.28279
-1.25906 -1.28596
-1.25922 -1.2835
-1.26265 -1.28478
-1.25741 -1.28067
-1.26203 -1.28728
-1.25809 -1.27986
-1.25816 -1.2848
-1.25696 -1.28362
-1.25695 -1.28453
-1.26056 -1.28283
-1.25585 -1.28548
-1.26058 -1.27936
-1.25766 -1.28266
-1.25964 -1.28202
-1.25728 -1.28215
-1.25954 -1.28226
-1.26265 -1.28346
-1.25667 -1.28298
-1.25728 -1.28267
-1.25621 -1.28353
-1.25961 -1.28248
-1.25624 -1.28554
-1.25778 -1.28305
-1.25824 -1.2797
-1.25485 -1.28748
-1.25821 -1.28184
-1.25785 -1.28295
-1.25834 -1.28206
-1.25488 -1.28551
-1.25633 -1.281
-1.25825 -1.28065
-1.25641 -1.28462
-1.25853 -1.28232
-1.25858 -1.28255
-1.25362 -1.28252
-1.25405 -1.28195
-1.25746 -1.28222
-1.25738 -1.2848
-1.25699 -1.28399
-1.25704 -1.28276
-1.25554 -1.28465
-1.25504 -1.28368
-1.25672 -1.28366
-1.25786 -1.2817
-1.25725 -1.28056
-1.25528 -1.28456
-1.25836 -1.28031
-1.25755 -1.28172
-1.25661 -1.27959
-1.25623 -1.28356
-1.25391 -1.28335
-1.26003 -1.27986
-1.25402 -1.2831
-1.25702 -1.28291
-1.25825 -1.27851
-1.25801 -1.28125
-1.25659 -1.27964
-1.25717 -1.28327
-1.26094 -1.27941
-1.25327 -1.28188
-1.25642 -1.283
-1.25841 -1.28161
-1.25285 -1.28251
-1.25652 -1.28363
-1.25251 -1.28368
-1.2539 -1.28172
-1.25588 -1.28286
-1.25386 -1.28311
-1.25426 -1.27904
-1.25275 -1.28208
-1.25489 -1.28313
-1.25612 -1.27758
-1.25627 -1.28135
-1.25347 -1.28092
-1.25675 -1.27875
-1.25607 -1.27587
-1.25342 -1.28143
-1.25585 -1.27818
-1.25786 -1.28056
-1.25533 -1.27789
-1.25435 -1.27917
-1.25684 -1.27564
-1.25501 -1.27751
-1.2569 -1.27905
-1.2565 -1.2803
-1.25738 -1.27567
-1.25723 -1.27697
-1.25536 -1.27879
-1.25534 -1.27709
-1.25689 -1.2761
-1.25804 -1.27504
-1.25474 -1.28081
-1.25618 -1.27978
-1.25644 -1.2774
-1.25543 -1.27747
-1.255 -1.27648
-1.25612 -1.2822
-1.25527 -1.27863
-1.2562 -1.27719
-1.25616 -1.28141
-1.25514 -1.27893
-1.25808 -1.27477
-1.25292 -1.28219
-1.25565 -1.27749
-1.25694 -1.27847
-1.25734 -1.27735
-1.25317 -1.27939
-1.25519 -1.27566
-1.25478 -1.27879
-1.25514 -1.27935
-1.25614 -1.27737
-1.25396 -1.28037
-1.25536 -1.27897
-1.25384 -1.27719
-1.25252 -1.28049
-1.25016 -1.28186
-1.25334 -1.27831
-1.2512 -1.28106
-1.25481 -1.27849
-1.25215 -1.27781
-1.25487 -1.27935
-1.25516 -1.27898
-1.25535 -1.2748
-1.2547 -1.28059
-1.25287 -1.27847
-1.25464 -1.28039
-1.25271 -1.28071
-1.25015 -1.27978
-1.25457 -1.27846
-1.25171 -1.28172
-1.25428 -1.28059
-1.25086 -1.27845
-1.25367 -1.28088
-1.25164 -1.28041
-1.25438 -1.27798
-1.25172 -1.27641
-1.25137 -1.2775
-1.25159 -1.2781
-1.25034 -1.27582
-1.25433 -1.2785
-1.25376 -1.27721
-1.25217 -1.27671
-1.25478 -1.27733
-1.25071 -1.27777
-1.25264 -1.27561
-1.25066 -1.27702
-1.24993 -1.27978
-1.25176 -1.27565
-1.25087 -1.28106
-1.25322 -1.27343
-1.25098 -1.2767
-1.25401 -1.27765
-1.25149 -1.27581
-1.2495 -1.27916
-1.25204 -1.27722
-1.25048 -1.27703
-1.24984 -1.27835
-1.25459 -1.27664
-1.25097 -1.28095
-1.25142 -1.27601
-1.25116 -1.27622
-1.25122 -1.27825
-1.25206 -1.27756
-1.25043 -1.27709
-1.24902 -1.27641
-1.25297 -1.27774
-1.24945 -1.27571
-1.25287 -1.27582
-1.25126 -1.27526
-1.25063 -1.27665
-1.25137 -1.27651
-1.25458 -1.27689
-1.25011 -1.27855
-1.25341 -1.27404
-1.25203 -1.27823
-1.25648 -1.27257
-1.24899 -1.28002
-1.25353 -1.2748
-1.25224 -1.27465
-1.25267 -1.27376
-1.25482 -1.27704
-1.25492 -1.27688
-1.2515 -1.27527
-1.25362 -1.27708
-1.25309 -1.27535
-1.25125 -1.27822
-1.25488 -1.27684
-1.25105 -1.27503
-1.25111 -1.27686
-1.25277 -1.27872
-1.252 -1.27961
-1.25249 -1.27463
-1.24905 -1.27572
-1.25003 -1.27579
-1.25081 -1.27436
-1.25087 -1.27697
-1.25255 -1.27561
-1.24756 -1.27641
-1.25018 -1.27643
-1.24792 -1.27868
-1.24972 -1.27601
-1.24825 -1.27801
-1.25021 -1.27857
-1.25023 -1.27633
-1.24891 -1.27794
-1.25073 -1.2776
-1.24861 -1.27785
-1.24665 -1.27582
-1.24957 -1.27754
-1.2476 -1.27855
-1.24865 -1.27569
-1.24931 -1.27842
-1.24505 -1.278
-1.2469 -1.27855
-1.24624 -1.27841
-1.24591 -1.27893
-1.24543 -1.27837
-1.2479 -1.28008
-1.24861 -1.27402
-1.24595 -1.28147
-1.24725 -1.27489
-1.24568 -1.27429
-1.24868 -1.27623
-1.24777 -1.2758
-1.24825 -1.27746
-1.24668 -1.27594
-1.24612 -1.27632
-1.24593 -1.27558
-1.24673 -1.27932
-1.24749 -1.27691
-1.24745 -1.27747
-1.24626 -1.2741
-1.24437 -1.27929
-1.24799 -1.27419
-1.24583 -1.27956
-1.24539 -1.27673
-1.24521 -1.27516
-1.24463 -1.27364
-1.24506 -1.27743
-1.2441 -1.27717
-1.24164 -1.28044
-1.24477 -1.27508
-1.24812 -1.27607
-1.24509 -1.27789
-1.24663 -1.27435
-1.24705 -1.27795
-1.24824 -1.27696
-1.24488 -1.27639
-1.24235 -1.27703
-1.2477 -1.27539
-1.24397 -1.27581
-1.24442 -1.27611
-1.24579 -1.27635
-1.24483 -1.27565
-1.24417 -1.27332
-1.24548 -1.27577
-1.24414 -1.27742
-1.24601 -1.27409
-1.24438 -1.27307
-1.24546 -1.27605
-1.24568 -1.2741
-1.24326 -1.27942
-1.24521 -1.27231
-1.24308 -1.27677
-1.2451 -1.2764
-1.24278 -1.27662
-1.24622 -1.27754
-1.24361 -1.27703
-1.2442 -1.27669
-1.24426 -1.27659
-1.24513 -1.27685
-1.24884 -1.2738
-1.24278 -1.27583
-1.24466 -1.2753
-1.24388 -1.27619
-1.2461 -1.27433
-1.24665 -1.27812
-1.24473 -1.27501
-1.24461 -1.27538
-1.24794 -1.27619
-1.24649 -1.27501
-1.2459 -1.27399
-1.24195 -1.27608
-1.24558 -1.27539
-1.24607 -1.27418
-1.24575 -1.27691
-1.2458 -1.27394
-1.24602 -1.27408
-1.24484 -1.2749
-1.24719 -1.27467
-1.2418 -1.27477
-1.24553 -1.27434
-1.24387 -1.27554
-1.2457 -1.27065
-1.24323 -1.27488
-1.24467 -1.27523
-1.24267 -1.27406
-1.24515 -1.27344
-1.24065 -1.27286
-1.24325 -1.27168
-1.24265 -1.27227
-1.24591 -1.27273
-1.24463 -1.27253
-1.24255 -1.27517
-1.24533 -1.2709
-1.24401 -1.27147
-1.24467 -1.27223
-1.24448 -1.27201
-1.24208 -1.2755
-1.24397 -1.27152
-1.24231 -1.27094
-1.24386 -1.26926
-1.2441 -1.273
-1.24618 -1.27324
-1.2426 -1.27161
-1.24256 -1.27385
-1.24079 -1.2738
-1.24329 -1.27421
-1.24151 -1.27257
-1.24533 -1.27246
-1.24257 -1.27395
-1.24388 -1.27166
-1.24278 -1.27593
-1.24297 -1.2719
-1.24051 -1.27549
-1.24256 -1.27433
-1.24215 -1.27437
-1.243 -1.27201
-1.24143 -1.27299
-1.24117 -1.27571
-1.24417 -1.27213
-1.2397 -1.27348
-1.24015 -1.27161
-1.24464 -1.27258
-1.23842 -1.27148
-1.24279 -1.27191
-1.24233 -1.27163
-1.24089 -1.27215
-1.23983 -1.27573
-1.24165 -1.27234
-1.24155 -1.27203
-1.23909 -1.27014
-1.2405 -1.27078
-1.23929 -1.27354
-1.24025 -1.26864
-1.24064 -1.27268
-1.24216 -1.27267
-1.23922 -1.26738
-1.23976 -1.27244
-1.23931 -1.27123
-1.23828 -1.26928
-1.24173 -1.27202
-1.24014 -1.26998
-1.23907 -1.2703
-1.24277 -1.26843
-1.23881 -1.2703
-1.24057 -1.27154
-1.23974 -1.27204
-1.23657 -1.26902
-1.23915 -1.27065
-1.23877 -1.27012
-1.23971 -1.27042
-1.24003 -1.27011
-1.23962 -1.26759
-1.23784 -1.271
-1.24012 -1.2686
-1.23916 -1.26586
-1.24002 -1.27142
-1.24225 -1.26529
-1.2397 -1.27175
-1.23984 -1.26861
-1.23875 -1.2685
-1.24006 -1.27035
-1.24081 -1.27027
-1.2423 -1.26662
-1.24133 -1.27116
-1.23976 -1.26646
-1.24281 -1.27049
-1.23814 -1.27058
-1.24016 -1.27015
-1.23796 -1.27029
-1.23878 -1.26967
-1.23839 -1.26976
-1.23918 -1.26946
-1.24048 -1.2691
-1.24159 -1.2691
-1.24068 -1.26485
-1.23788 -1.26964
-1.24225 -1.26348
-1.23717 -1.26894
-1.24182 -1.26845
-1.24135 -1.27031
-1.23825 -1.26684
-1.24155 -1.26678
-1.23954 -1.26908
-1.23984 -1.26529
-1.24095 -1.26864
-1.23979 -1.26955
-1.24249 -1.26488
-1.23934 -1.2661
-1.23789 -1.26876
-1.23999 -1.26691
-1.23881 -1.26769
-1.2401 -1.26488
-1.23961 -1.27119
-1.23909 -1.26819
-1.24043 -1.26748
-1.23994 -1.2705
-1.24011 -1.26459
-1.23678 -1.27166
-1.23828 -1.26513
-1.23485 -1.27155
-1.24116 -1.2675
-1.23712 -1.26825
-1.2387 -1.26854
-1.23934 -1.26479
-1.23922 -1.26824
-1.24041 -1.26554
-1.23868 -1.26794
-1.23617 -1.267
-1.23883 -1.26723
-1.2367 -1.26963
-1.24097 -1.26593
-1.23718 -1.26839
-1.23672 -1.27063
-1.23665 -1.26841
-1.23868 -1.2703
-1.23902 -1.26725
-1.23757 -1.26849
-1.24129 -1.26715
-1.23857 -1.26795
-1.23928 -1.26607
-1.23726 -1.26635
-1.23798 -1.26876
-1.23984 -1.26309
-1.23902 -1.26753
-1.24079 -1.26608
-1.2394 -1.26646
-1.24027 -1.26595
-1.24049 -1.26402
-1.2405 -1.26389
-1.24031 -1.26341
-1.23897 -1.26494
-1.23899 -1.26211
-1.23618 -1.26615
-1.23935 -1.26428
-1.23997 -1.26154
-1.23649 -1.26909
-1.23889 -1.26349
-1.23771 -1.26405
-1.23598 -1.26542
-1.2386 -1.26554
-1.23779 -1.26784
-1.23701 -1.26342
-1.23741 -1.26369
-1.23466 -1.26744
-1.23732 -1.26265
-1.23599 -1.26479
-1.23801 -1.26306
-1.23635 -1.26652
-1.238 -1.26208
-1.23479 -1.27023
-1.23666 -1.26368
-1.23577 -1.26492
-1.23442 -1.26928
-1.23669 -1.26522
-1.23542 -1.26374
-1.23657 -1.26226
-1.23671 -1.2638
-1.23835 -1.26395
-1.23955 -1.26354
-1.23712 -1.26216
-1.2351 -1.26434
-1.23644 -1.26492
-1.23735 -1.26225
-1.23705 -1.26231
-1.23614 -1.2618
-1.23549 -1.26179
-1.23545 -1.2668
-1.23409 -1.26144
-1.23678 -1.26131
-1.23733 -1.263
-1.23242 -1.26223
-1.23677 -1.2626
-1.23158 -1.26654
-1.23663 -1.26038
-1.23501 -1.26479
-1.23516 -1.26023
-1.23769 -1.26011
-1.23778 -1.26304
-1.23671 -1.26249
-1.23474 -1.2612
-1.2384 -1.2592
-1.23653 -1.26368
-1.23798 -1.25932
-1.23583 -1.26209
-1.23485 -1.26369
-1.23412 -1.26202
-1.2356 -1.25926
-1.2343 -1.26242
-1.2354 -1.26004
-1.23702 -1.26089
-1.23726 -1.26064
-1.23502 -1.26174
-1.23544 -1.26045
-1.23434 -1.26054
-1.23493 -1.26288
-1.23902 -1.26262
-1.23786 -1.26141
-1.23469 -1.26198
-1.23685 -1.26227
-1.23387 -1.26379
-1.23503 -1.25869
-1.23606 -1.25909
-1.23287 -1.26521
-1.23636 -1.25955
-1.23237 -1.26141
-1.23339 -1.26151
-1.23229 -1.26209
-1.23411 -1.26199
-1.23115 -1.26317
-1.23593 -1.25808
-1.2335 -1.25986
-1.23569 -1.25995
-1.2335 -1.2619
-1.23496 -1.26109
-1.2335 -1.25993
-1.23469 -1.25961
-1.23292 -1.26065
-1.23165 -1.26175
-1.23375 -1.26333
-1.23191 -1.26054
-1.23324 -1.25928
-1.23338 -1.26019
-1.2351 -1.26154
-1.23472 -1.25901
-1.23145 -1.25952
-1.23663 -1.26008
-1.23303 -1.26053
-1.23528 -1.25834
-1.23504 -1.25867
-1.2337 -1.26169
-1.23541 -1.25938
-1.2338 -1.25939
-1.23398 -1.2576
-1.23717 -1.25884
-1.23533 -1.25855
-1.23441 -1.2592
-1.23741 -1.25727
-1.23563 -1.26315
-1.23489 -1.25785
-1.23455 -1.25831
-1.23677 -1.25915
-1.23596 -1.25733
-1.23172 -1.25945
-1.23211 -1.26448
-1.23403 -1.25778
-1.232 -1.26087
-1.23427 -1.26148
-1.23403 -1.25866
-1.23575 -1.25903
-1.23427 -1.26189
-1.23481 -1.26022
-1.23163 -1.26001
-1.23702 -1.25634
-1.23338 -1.26328
-1.23507 -1.2565
-1.23353 -1.26089
-1.23348 -1.26119
-1.23318 -1.26151
-1.23598 -1.2591
-1.23397 -1.2591
-1.23288 -1.26184
-1.23333 -1.26223
-1.23454 -1.25801
-1.23425 -1.25936
-1.23525 -1.25756
-1.23292 -1.26237
-1.2342 -1.25765
-1.23329 -1.2596
-1.23314 -1.26148
-1.2334 -1.25919
-1.23414 -1.25752
-1.23299 -1.25994
-1.23341 -1.26168
-1.2356 -1.25759
-1.23201 -1.25977
-1.23136 -1.25881
-1.2326 -1.26158
-1.23196 -1.26094
-1.23166 -1.25493
-1.23273 -1.25945
-1.23087 -1.26084
-1.23402 -1.258
-1.23284 -1.25866
-1.23076 -1.26149
-1.22969 -1.25862
-1.23341 -1.25763
-1.2301 -1.2589
-1.23262 -1.26021
-1.23304 -1.25746
-1.23387 -1.25671
-1.23236 -1.25887
-1.23076 -1.25716
-1.23182 -1.25821
-1.23266 -1.2575
-1.23424 -1.25889
-1.2329 -1.2582
-1.23551 -1.25587
-1.23414 -1.25963
-1.23496 -1.25535
-1.23581 -1.26063
-1.23462 -1.25728
-1.2328 -1.25921
-1.2337 -1.25702
-1.23618 -1.25691
-1.23631 -1.25932
-1.23356 -1.25787
-1.23465 -1.25739
-1.23568 -1.25773
-1.23537 -1.25841
-1.23418 -1.25771
-1.23321 -1.25737
-1.23378 -1.25896
-1.2337 -1.25786
-1.23222 -1.25864
-1.23131 -1.25587
-1.23319 -1.25652
-1.23198 -1.25807
-1.23387 -1.2562
-1.23598 -1.25811
-1.23417 -1.25249
-1.23218 -1.26137
-1.23277 -1.25655
-1.2344 -1.25533
-1.23322 -1.25583
-1.23468 -1.26124
-1.23745 -1.25192
-1.2348 -1.25732
-1.23747 -1.25422
-1.23225 -1.25715
-1.23575 -1.2539
-1.23319 -1.25628
-1.23577 -1.25628
-1.23413 -1.25618
-1.23304 -1.25611
-1.23322 -1.25544
-1.23324 -1.25863
-1.23015 -1.25806
-1.2334 -1.25626
-1.22932 -1.25902
-1.23 -1.25681
-1.23257 -1.25644
-1.23386 -1.25427
-1.2319 -1.25945
-1.23093 -1.25624
-1.23333 -1.25535
-1.23167 -1.25854
-1.23245 -1.25371
-1.2313 -1.25714
-1.23092 -1.25658
-1.23326 -1.25529
-1.2319 -1.25729
-1.23204 -1.25615
-1.23225 -1.25749
-1.22996 -1.25249
-1.22977 -1.2593
-1.23025 -1.26067
-1.23152 -1.25444
-1.23006 -1.25588
-1.22971 -1.26006
-1.22992 -1.25542
-1.22976 -1.25772
-1.22998 -1.25722
-1.22897 -1.25558
-1.23104 -1.25782
-1.22882 -1.25764
-1.23063 -1.25503
-1.22785 -1.25891
-1.23061 -1.25834
-1.23067 -1.25562
-1.22928 -1.25698
-1.23029 -1.25683
-1.22992 -1.25538
-1.22993 -1.25671
-1.23119 -1.25551
-1.22864 -1.25523
-1.22599 -1.25828
-1.23066 -1.25456
-1.22845 -1.25704
-1.22677 -1.25746
-1.23108 -1.25433
-1.23124 -1.25753
-1.23206 -1.25819
-1.22744 -1.2561
-1.23002 -1.25579
-1.2273 -1.25997
-1.23079 -1.25504
-1.2276 -1.25678
-1.22826 -1.25796
-1.22703 -1.25665
-1.22987 -1.25696
-1.2284 -1.25859
-1.22642 -1.25678
-1.23221 -1.25264
-1.22552 -1.26021
-1.22864 -1.25565
-1.22842 -1.25706
-1.2269 -1.25913
-1.22817 -1.25691
-1.2247 -1.25636
-1.22615 -1.25987
-1.22749 -1.25794
-1.22672 -1.25911
-1.22587 -1.2563
-1.22378 -1.26043
-1.22353 -1.25899
-1.22501 -1.2576
-1.22457 -1.25893
-1.22457 -1.25823
-1.22596 -1.25723
-1.22343 -1.26122
-1.2256 -1.25963
-1.22366 -1.25792
-1.22205 -1.26104
-1.22397 -1.25952
-1.22394 -1.26385
-1.22162 -1.2599
-1.22426 -1.2612
-1.22393 -1.26105
-1.22334 -1.26095
-1.22473 -1.26056
-1.22366 -1.26149
-1.22548 -1.25807
-1.22691 -1.26028
-1.22746 -1.25681
-1.22621 -1.26036
-1.23003 -1.25661
-1.22296 -1.26235
-1.22642 -1.25733
-1.22625 -1.26039
-1.22697 -1.25683
-1.2256 -1.25734
-1.22779 -1.2586
-1.22553 -1.25805
-1.22338 -1.26013
-1.22627 -1.25893
-1.2247 -1.26013
-1.2234 -1.26079
-1.22844 -1.25539
-1.22513 -1.25805
-1.22526 -1.25736
-1.22532 -1.25984
-1.22546 -1.25356
-1.22619 -1.2582
-1.22386 -1.2576
-1.22535 -1.25691
-1.22515 -1.25732
-1.22418 -1.25671
-1.22875 -1.25377
-1.22385 -1.26083
-1.22703 -1.25695
-1.22465 -1.25927
-1.2284 -1.25716
-1.22459 -1.25682
-1.2266 -1.2585
-1.22521 -1.26088
-1.22657 -1.26036
-1.22913 -1.25802
-1.22449 -1.26069
-1.22426 -1.25688
-1.2283 -1.25809
-1.22591 -1.25822
-1.22471 -1.26162
-1.22381 -1.25824
-1.22436 -1.26065
-1.2245 -1.26056
-1.2246 -1.25596
-1.22441 -1.25853
-1.22457 -1.25919
-1.22709 -1.25664
-1.22326 -1.25749
-1.22278 -1.25806
-1.22695 -1.25651
-1.22475 -1.25626
-1.22636 -1.25991
-1.22555 -1.25615
-1.22689 -1.25841
-1.22475 -1.257
-1.22502 -1.25702
-1.22514 -1.25604
-1.21889 -1.25904
-1.22564 -1.25736
-1.22374 -1.25909
-1.22254 -1.26073
-1.22284 -1.25546
-1.22313 -1.25771
-1.22239 -1.25588
-1.22074 -1.25905
-1.22229 -1.25531
-1.21934 -1.25723
-1.22564 -1.25514
-1.22356 -1.2574
-1.2246 -1.25622
-1.2223 -1.25794
-1.22603 -1.25433
-1.22203 -1.25912
-1.22488 -1.25409
-1.22227 -1.2596
-1.22375 -1.25577
-1.2247 -1.25597
-1.22231 -1.25823
-1.22562 -1.25481
-1.22382 -1.25577
-1.2225 -1.25646
-1.22264 -1.25482
-1.22233 -1.25731
-1.22292 -1.25685
-1.22432 -1.25263
-1.22595 -1.25524
-1.22413 -1.25527
-1.22417 -1.25494
-1.22257 -1.25289
-1.22316 -1.25791
-1.22524 -1.2529
-1.22186 -1.25559
-1.22594 -1.25206
-1.22363 -1.25369
-1.22541 -1.2571
-1.22385 -1.25395
-1.22492 -1.25208
-1.22355 -1.2536
-1.22476 -1.25387
-1.22464 -1.25255
-1.22566 -1.25242
-1.22335 -1.25515
-1.22443 -1.25445
-1.22339 -1.25146
-1.22318 -1.2559
-1.22477 -1.25377
-1.22591 -1.25092
-1.2221 -1.25565
-1.22528 -1.25349
-1.22202 -1.25357
-1.22321 -1.25048
-1.22005 -1.25572
-1.22499 -1.25472
-1.221 -1.25529
-1.2207 -1.25564
-1.2254 -1.25333
-1.22224 -1.25428
-1.21951 -1.25346
-1.21971 -1.25233
-1.22037 -1.25605
-1.22052 -1.2545
-1.22032 -1.25396
-1.22189 -1.25338
-1.21762 -1.25451
-1.22149 -1.25397
-1.22062 -1.25517
-1.22117 -1.25066
-1.21789 -1.25769
-1.22049 -1.25319
-1.22282 -1.25032
-1.21981 -1.25451
-1.22203 -1.24952
-1.22291 -1.2554
-1.22252 -1.25105
-1.2227 -1.25149
-1.22168 -1.25339
-1.22016 -1.25179
-1.22048 -1.25198
-1.22007 -1.25415
-1.2215 -1.25173
