0 0
-0.171357 -0.161787
-0.33088 -0.313995
-0.477975 -0.454879
-0.613976 -0.585321
-0.738246 -0.706326
-0.846965 -0.815762
-0.946649 -0.915517
-1.03196 -1.00242
-1.10275 -1.08402
-1.16035 -1.15036
-1.2029 -1.20643
-1.23683 -1.25383
-1.25912 -1.29356
-1.25134 -1.29675
-1.26862 -1.3186
-1.27876 -1.34133
-1.28218 -1.36642
-1.26072 -1.35075
-1.27326 -1.36581
-1.26962 -1.3622
-1.26476 -1.3546
-1.28056 -1.36832
-1.279 -1.37952
-1.27812 -1.39496
-1.26998 -1.38608
-1.27348 -1.39833
-1.26948 -1.39007
-1.2651 -1.39225
-1.27393 -1.37726
-1.27853 -1.38958
-1.28595 -1.3816
-1.27991 -1.3823
-1.28578 -1.37868
-1.28367 -1.37716
-1.28688 -1.37472
-1.28365 -1.37569
-1.28441 -1.37399
-1.2857 -1.37078
-1.28507 -1.36981
-1.28398 -1.37345
-1.28464 -1.37311
-1.28348 -1.37025
-1.28649 -1.37183
-1.2859 -1.37116
-1.28303 -1.36853
-1.28211 -1.36793
-1.28471 -1.3693
-1.28326 -1.36766
-1.27316 -1.34896
-1.27899 -1.35035
-1.27849 -1.34203
-1.27613 -1.34426
-1.27963 -1.34253
-1.2782 -1.33765
-1.28197 -1.34106
-1.27812 -1.34019
-1.27632 -1.33797
-1.27806 -1.33952
-1.27657 -1.33851
-1.27507 -1.33444
-1.27654 -1.33578
-1.27696 -1.33728
-1.27674 -1.33227
-1.27518 -1.33617
-1.27743 -1.33363
-1.27576 -1.33307
-1.2752 -1.3342
-1.27611 -1.33471
-1.2762 -1.33163
-1.27494 -1.33353
-1.2752 -1.33122
-1.27442 -1.3309
-1.27494 -1.32909
-1.27432 -1.33169
-1.27008 -1.3332
-1.27449 -1.33198
-1.26974 -1.32922
-1.27398 -1.33026
-1.2689 -1.32523
-1.27051 -1.32942
-1.26546 -1.32717
-1.2706 -1.3224
-1.25525 -1.30268
-1.25506 -1.29589
-1.25166 -1.29344
-1.2516 -1.29238
-1.25097 -1.29116
-1.25087 -1.28882
-1.25305 -1.28872
-1.25077 -1.29037
-1.25124 -1.29167
-1.24957 -1.29186
-1.24966 -1.29054
-1.25283 -1.28819
-1.24997 -1.29321
-1.25161 -1.2917
-1.2513 -1.291
-1.25139 -1.2889
-1.25025 -1.28918
-1.25094 -1.28555
-1.25076 -1.29069
-1.25291 -1.28639
-1.25208 -1.28577
-1.24886 -1.28853
-1.25302 -1.28859
-1.24791 -1.28874
-1.24962 -1.28507
-1.24986 -1.28714
-1.2481 -1.28631
-1.25058 -1.28999
-1.24957 -1.28171
-1.24625 -1.28903
-1.24969 -1.285
-1.24459 -1.28709
-1.25174 -1.28135
-1.24717 -1.28618
-1.24524 -1.28096
-1.24632 -1.28527
-1.24769 -1.28346
-1.24424 -1.28238
-1.2436 -1.28186
-1.24385 -1.28199
-1.24196 -1.28105
-1.24351 -1.28174
-1.24298 -1.28176
-1.24415 -1.28242
-1.24279 -1.27867
-1.2426 -1.28183
-1.24228 -1.28241
-1.24512 -1.27629
-1.24282 -1.28256
-1.23975 -1.2815
-1.24134 -1.27797
-1.24321 -1.27351
-1.23872 -1.28085
-1.24444 -1.27593
-1.24145 -1.2776
-1.2386 -1.27899
-1.24137 -1.27509
-1.2401 -1.2754
-1.23926 -1.27735
-1.23974 -1.27793
-1.23972 -1.27599
-1.23888 -1.27375
-1.24049 -1.27403
-1.2379 -1.27276
-1.23907 -1.27448
-1.23747 -1.27345
-1.23622 -1.27265
-1.233 -1.27517
-1.23922 -1.27042
-1.21624 -1.25247
-1.21887 -1.23011
-1.21433 -1.22818
-1.21551 -1.22734
-1.21167 -1.22949
-1.21483 -1.22739
-1.21269 -1.22713
-1.21512 -1.23021
-1.21356 -1.22782
-1.21653 -1.22945
-1.21774 -1.22945
-1.21476 -1.23022
-1.21587 -1.22802
-1.21412 -1.22829
-1.21683 -1.22618
-1.21515 -1.22885
-1.21926 -1.22476
-1.21711 -1.23004
-1.21702 -1.22539
-1.21565 -1.22634
-1.21843 -1.22584
-1.21557 -1.22459
-1.21407 -1.22525
-1.21608 -1.2247
-1.21423 -1.2252
-1.21374 -1.22225
-1.21254 -1.22699
-1.21331 -1.2224
-1.21021 -1.22595
-1.21081 -1.22259
-1.21021 -1.22099
-1.20833 -1.22424
-1.21124 -1.22171
-1.21077 -1.22254
-1.20943 -1.2234
-1.2097 -1.2215
-1.20828 -1.22305
-1.20796 -1.22207
-1.20923 -1.22083
-1.2065 -1.22178
-1.20498 -1.22109
-1.20616 -1.22071
-1.20396 -1.22133
-1.20695 -1.21932
-1.20592 -1.22274
-1.20304 -1.22058
-1.2069 -1.21712
-1.20169 -1.22111
-1.20312 -1.21826
-1.20397 -1.22191
-1.2 -1.21972
-1.20219 -1.21926
-1.20248 -1.22114
-1.20177 -1.21649
-1.20377 -1.2191
-1.20556 -1.21537
-1.20235 -1.21825
-1.20395 -1.21715
-1.20233 -1.21726
-1.20355 -1.2192
-1.20289 -1.21665
-1.20139 -1.21912
-1.20176 -1.2162
-1.20312 -1.21602
-1.20376 -1.21687
-1.20093 -1.21749
-1.20125 -1.21953
-1.20376 -1.21527
-1.20103 -1.21663
-1.19969 -1.21691
-1.20182 -1.21767
-1.19959 -1.21966
-1.2004 -1.21172
-1.19556 -1.21954
-1.19786 -1.21476
-1.20075 -1.21418
-1.19615 -1.21759
-1.20196 -1.21339
-1.20145 -1.21478
-1.19942 -1.21633
-1.19931 -1.21213
-1.2003 -1.21591
-1.19919 -1.21428
-1.20142 -1.21189
-1.20024 -1.21308
-1.20077 -1.21365
-1.1995 -1.21463
-1.19823 -1.21263
-1.1991 -1.21382
-1.20128 -1.21442
-1.19698 -1.21452
-1.20042 -1.21236
-1.19948 -1.21073
-1.19673 -1.21202
-1.19651 -1.21496
-1.20164 -1.20855
-1.19788 -1.21471
-1.19749 -1.2148
-1.19963 -1.20954
-1.19709 -1.21428
-1.1987 -1.21128
-1.19787 -1.21079
-1.19477 -1.21432
-1.20015 -1.20935
-1.19693 -1.21065
-1.19834 -1.21243
-1.19701 -1.21277
-1.19969 -1.20983
-1.1962 -1.21374
-1.19951 -1.21191
-1.19687 -1.20957
-1.19508 -1.21185
-1.19472 -1.21039
-1.19713 -1.20792
-1.19459 -1.21136
-1.19693 -1.20792
-1.19362 -1.21083
-1.19602 -1.20749
-1.19431 -1.20699
-1.19603 -1.20771
-1.19344 -1.20779
-1.19528 -1.20611
-1.19323 -1.20973
-1.19431 -1.2041
-1.19546 -1.20753
-1.19259 -1.2076
-1.19117 -1.20838
-1.19383 -1.20302
-1.19163 -1.20539
-1.19115 -1.20466
-1.19165 -1.205
-1.1909 -1.20519
-1.19328 -1.20295
-1.18788 -1.20539
-1.19153 -1.20282
-1.19059 -1.2046
-1.19205 -1.20236
-1.18814 -1.20597
-1.19345 -1.20121
-1.18742 -1.20446
-1.19144 -1.20443
-1.19064 -1.20241
-1.18672 -1.20541
-1.18965 -1.20667
-1.18967 -1.2009
-1.18875 -1.20734
-1.18902 -1.20314
-1.18784 -1.20355
-1.18789 -1.20387
-1.18509 -1.20357
-1.18614 -1.20532
-1.18667 -1.20205
-1.18815 -1.20498
-1.18664 -1.20393
-1.1873 -1.20117
-1.18619 -1.20391
-1.1877 -1.20039
-1.18653 -1.20361
-1.18714 -1.20384
-1.1889 -1.20217
-1.18712 -1.20213
-1.18747 -1.202
-1.18651 -1.20002
-1.18747 -1.20328
-1.18674 -1.20003
-1.18683 -1.20307
-1.1876 -1.19968
-1.18775 -1.20155
-1.18842 -1.20084
-1.18721 -1.20108
-1.19016 -1.19936
-1.18651 -1.19897
-1.18895 -1.19823
-1.18742 -1.19776
-1.18548 -1.19891
-1.18881 -1.19931
-1.18608 -1.20045
-1.18755 -1.19807
-1.18719 -1.19821
-1.18419 -1.2015
-1.19035 -1.19543
-1.18694 -1.20178
-1.18732 -1.19803
-1.18727 -1.19903
-1.18654 -1.19985
-1.18751 -1.20094
-1.1881 -1.19988
-1.18619 -1.20025
-1.18683 -1.19975
-1.18605 -1.19944
-1.18403 -1.20221
-1.18501 -1.19822
-1.1832 -1.20024
-1.18778 -1.19832
-1.18553 -1.19909
-1.18472 -1.19803
-1.18484 -1.1973
-1.18411 -1.20023
-1.1863 -1.19453
-1.18222 -1.20035
-1.18689 -1.19394
-1.18474 -1.19956
-1.18543 -1.19628
-1.18541 -1.19593
-1.18345 -1.19761
-1.18673 -1.19732
-1.18381 -1.19332
-1.18283 -1.19585
-1.18255 -1.1947
-1.18643 -1.19527
-1.18385 -1.19388
-1.18432 -1.19619
-1.18342 -1.19598
-1.186 -1.19514
-1.18216 -1.19277
-1.18545 -1.19243
-1.18316 -1.19639
-1.18262 -1.19337
-1.18314 -1.19424
-1.1845 -1.19568
-1.18406 -1.19248
-1.18539 -1.19468
-1.18289 -1.19502
-1.18669 -1.19132
-1.1839 -1.19316
-1.18221 -1.19255
-1.18162 -1.19537
-1.18674 -1.19226
-1.18211 -1.1933
-1.18326 -1.19472
-1.18433 -1.19131
-1.18081 -1.19281
-1.18098 -1.19509
-1.18265 -1.19215
-1.18387 -1.1905
-1.18116 -1.19362
-1.18184 -1.18845
-1.18066 -1.19401
-1.18041 -1.19025
-1.17976 -1.19015
-1.17866 -1.19418
-1.18034 -1.18921
-1.17694 -1.19362
-1.1775 -1.19056
-1.1779 -1.19039
-1.17692 -1.19281
-1.17621 -1.18976
-1.17697 -1.19086
-1.17839 -1.18997
-1.17623 -1.19168
-1.17704 -1.19408
-1.17659 -1.18788
-1.17651 -1.192
-1.17789 -1.19075
-1.17732 -1.19062
-1.17689 -1.19182
-1.17666 -1.19032
-1.17367 -1.19154
-1.17838 -1.19049
-1.17514 -1.1929
-1.17309 -1.19139
-1.17715 -1.18897
-1.17475 -1.19111
-1.17639 -1.19216
-1.17515 -1.18832
-1.17464 -1.19257
-1.1746 -1.18805
-1.1762 -1.1919
-1.17406 -1.19024
-1.17655 -1.18984
-1.1748 -1.19261
-1.17792 -1.18915
-1.17358 -1.18981
-1.17321 -1.19228
-1.17468 -1.18906
-1.17495 -1.19347
-1.17669 -1.19133
-1.17522 -1.19326
-1.17635 -1.19152
-1.1747 -1.19484
-1.17288 -1.19255
-1.17557 -1.19136
-1.17185 -1.19439
-1.17426 -1.19124
-1.17357 -1.19112
-1.17424 -1.19213
-1.17338 -1.19147
-1.17475 -1.19319
-1.17374 -1.19372
-1.17439 -1.1893
-1.17386 -1.19334
-1.17456 -1.19244
-1.17205 -1.1929
-1.17488 -1.19103
-1.17534 -1.19217
-1.17299 -1.1927
-1.17486 -1.19002
-1.17534 -1.19228
-1.1741 -1.19239
-1.17564 -1.19341
-1.17094 -1.19293
-1.17111 -1.19336
-1.174 -1.18874
-1.17205 -1.19288
-1.17304 -1.18791
-1.17412 -1.19361
-1.17147 -1.1895
-1.173 -1.19378
-1.17381 -1.1901
-1.17207 -1.19152
-1.1749 -1.19243
-1.1743 -1.19169
-1.17148 -1.18802
-1.17119 -1.192
-1.17098 -1.18881
-1.17205 -1.19175
-1.17296 -1.18814
-1.17125 -1.18925
-1.17317 -1.1901
-1.17311 -1.19075
-1.17124 -1.19014
-1.16929 -1.19037
-1.17245 -1.1903
-1.17368 -1.18781
-1.16873 -1.19124
-1.17129 -1.18689
-1.16904 -1.18979
-1.16966 -1.18956
-1.16702 -1.18843
-1.15683 -1.16651
-1.14918 -1.1503
-1.14988 -1.14846
-1.15107 -1.15302
-1.15231 -1.15015
-1.14955 -1.15091
-1.15226 -1.15416
-1.14933 -1.15147
-1.14886 -1.15134
-1.14776 -1.15289
-1.14927 -1.1496
-1.14848 -1.15018
-1.1444 -1.15331
-1.147 -1.15274
-1.15036 -1.14928
-1.14942 -1.15183
-1.14723 -1.15379
-1.15167 -1.14894
-1.1486 -1.15217
-1.14785 -1.14994
-1.1456 -1.15286
-1.14762 -1.15121
-1.14586 -1.15153
-1.15023 -1.14986
-1.14425 -1.15252
-1.14895 -1.14835
-1.14554 -1.1512
-1.14866 -1.14711
-1.14633 -1.15098
-1.14774 -1.14845
-1.14609 -1.14879
-1.14969 -1.14717
-1.14654 -1.15328
-1.14977 -1.14673
-1.14711 -1.15193
-1.14957 -1.14871
-1.14795 -1.14924
-1.1476 -1.14969
-1.14686 -1.15
-1.14927 -1.14677
-1.1466 -1.15068
-1.1499 -1.15063
-1.14926 -1.14745
-1.14892 -1.15031
-1.14778 -1.14782
-1.15144 -1.14645
-1.14682 -1.1507
-1.15075 -1.14491
-1.14942 -1.14966
-1.1492 -1.1463
-1.15098 -1.1496
-1.15076 -1.1466
-1.1475 -1.14859
-1.14992 -1.14887
-1.14978 -1.14714
-1.14693 -1.15019
-1.1483 -1.14752
-1.14681 -1.14937
-1.14682 -1.14917
-1.14864 -1.14938
-1.14814 -1.14924
-1.14867 -1.14902
-1.14734 -1.15069
-1.1481 -1.14674
-1.14714 -1.14706
-1.14677 -1.14871
-1.14747 -1.14856
-1.14817 -1.14723
-1.14562 -1.15169
-1.14858 -1.14648
-1.14397 -1.14941
-1.14953 -1.14523
-1.14357 -1.15127
-1.15059 -1.14714
-1.14625 -1.14871
-1.14594 -1.14629
-1.14746 -1.14651
-1.14379 -1.15014
-1.14506 -1.14641
-1.14562 -1.14758
-1.14426 -1.14701
-1.14768 -1.14716
-1.14663 -1.14768
-1.14667 -1.1469
-1.14448 -1.14591
-1.14382 -1.14544
-1.14509 -1.1452
-1.14385 -1.14701
-1.14484 -1.14388
-1.14351 -1.14777
-1.14452 -1.14533
-1.14583 -1.14787
-1.14711 -1.14358
-1.14269 -1.14894
-1.14773 -1.14287
-1.14327 -1.14624
-1.14337 -1.14489
-1.14405 -1.14377
-1.14304 -1.14596
-1.14413 -1.14382
-1.1425 -1.14674
-1.14317 -1.14706
-1.14288 -1.14433
-1.14332 -1.14553
-1.14159 -1.14527
-1.14303 -1.14735
-1.14175 -1.14527
-1.14139 -1.14586
-1.14195 -1.14552
-1.14147 -1.14573
-1.14176 -1.14736
-1.14241 -1.14583
-1.14374 -1.14542
-1.14004 -1.14838
-1.1434 -1.14099
-1.13984 -1.14942
-1.13823 -1.14617
-1.14413 -1.14223
-1.13985 -1.14595
-1.14232 -1.14445
-1.14107 -1.14522
-1.14179 -1.14622
-1.14356 -1.14739
-1.14409 -1.14582
-1.13959 -1.14756
-1.14242 -1.14421
-1.14341 -1.14395
-1.14308 -1.14907
-1.14121 -1.14681
-1.14334 -1.14608
-1.14205 -1.14761
-1.14093 -1.14619
-1.1408 -1.14537
-1.139 -1.14762
-1.14066 -1.14589
-1.14058 -1.14422
-1.13929 -1.14755
-1.14081 -1.14515
-1.13744 -1.14872
-1.14439 -1.14173
-1.13667 -1.14857
-1.14024 -1.14378
-1.13987 -1.14396
-1.1385 -1.14792
-1.1409 -1.14228
-1.14054 -1.14565
-1.14187 -1.14445
-1.14151 -1.14535
-1.13882 -1.14361
-1.13879 -1.14448
-1.13903 -1.14452
-1.13941 -1.1447
-1.13912 -1.14389
-1.14116 -1.14246
-1.13603 -1.14628
-1.14151 -1.14131
-1.13909 -1.14308
-1.13826 -1.14303
-1.13794 -1.14249
-1.13975 -1.14255
-1.13918 -1.14293
-1.14003 -1.14048
-1.13924 -1.14188
-1.13976 -1.14231
-1.13966 -1.14013
-1.13859 -1.14404
-1.13824 -1.14129
-1.13758 -1.13966
-1.13624 -1.14216
-1.13732 -1.14024
-1.13698 -1.13844
-1.13828 -1.14109
-1.14047 -1.14123
-1.13561 -1.14117
-1.1371 -1.13821
-1.13868 -1.13886
-1.1348 -1.13933
-1.13735 -1.13878
-1.13649 -1.13994
-1.1387 -1.13862
-1.13923 -1.13883
-1.13835 -1.1413
-1.13747 -1.13792
-1.13564 -1.13984
-1.13975 -1.13693
-1.13601 -1.13885
-1.13981 -1.13879
-1.1369 -1.14074
-1.14017 -1.13713
-1.13476 -1.14086
-1.13665 -1.13935
-1.13812 -1.13622
-1.13357 -1.14052
-1.13746 -1.13719
-1.13692 -1.13795
-1.13794 -1.14047
-1.13939 -1.13644
-1.13812 -1.13768
-1.1374 -1.13711
-1.13917 -1.13657
-1.13695 -1.1379
-1.14128 -1.13648
-1.13649 -1.13783
-1.13757 -1.13652
-1.13819 -1.13555
-1.13747 -1.13628
-1.13967 -1.13573
-1.13645 -1.13572
-1.13612 -1.13553
-1.13828 -1.13557
-1.13662 -1.13715
-1.13823 -1.13728
-1.13635 -1.1356
-1.13532 -1.13701
-1.13755 -1.13411
-1.13587 -1.13516
-1.1353 -1.13608
-1.13603 -1.13681
-1.13489 -1.13797
-1.13625 -1.13758
-1.13419 -1.13853
-1.13635 -1.13632
-1.13481 -1.1361
-1.13482 -1.13701
-1.13438 -1.1346
-1.13365 -1.13741
-1.13586 -1.13421
-1.13666 -1.136
-1.13717 -1.13372
-1.13469 -1.13532
-1.13749 -1.13412
-1.13559 -1.133
-1.13462 -1.13472
-1.13887 -1.13291
-1.1357 -1.13591
-1.13754 -1.13222
-1.13573 -1.13358
-1.13541 -1.1328
-1.13606 -1.1334
-1.13607 -1.13379
-1.1355 -1.13478
-1.13739 -1.1333
-1.14118 -1.13294
-1.13586 -1.13659
-1.13671 -1.13419
-1.13569 -1.13466
-1.13688 -1.13255
-1.13651 -1.1361
-1.13604 -1.13566
-1.13974 -1.13242
-1.13824 -1.13753
-1.13656 -1.13188
-1.13722 -1.13289
-1.13432 -1.13669
-1.13411 -1.13206
-1.13714 -1.13282
-1.13736 -1.13413
-1.13765 -1.13207
-1.13587 -1.13205
-1.13612 -1.13327
-1.13704 -1.13151
-1.13225 -1.13341
-1.13454 -1.13187
-1.13602 -1.13114
-1.13597 -1.13366
-1.13681 -1.13048
-1.13479 -1.13531
-1.13498 -1.13155
-1.13503 -1.13151
-1.13465 -1.13198
-1.136 -1.13159
-1.1361 -1.13233
-1.1361 -1.13199
-1.13766 -1.13275
-1.13539 -1.13293
-1.13468 -1.13263
-1.13797 -1.13106
-1.13299 -1.13408
-1.1362 -1.13225
-1.13735 -1.13129
-1.1346 -1.1347
-1.13495 -1.13268
-1.13822 -1.13314
-1.13404 -1.13191
-1.13591 -1.13325
-1.13644 -1.13235
-1.13655 -1.13159
-1.13522 -1.13446
-1.1359 -1.13253
-1.13476 -1.1319
-1.13489 -1.13513
-1.13547 -1.1311
-1.13475 -1.13222
-1.13235 -1.13425
-1.13727 -1.12914
-1.1334 -1.13485
-1.13413 -1.12766
-1.13293 -1.13249
-1.1315 -1.13313
-1.13735 -1.12692
-1.13068 -1.1369
-1.13615 -1.1301
-1.1345 -1.13275
-1.13426 -1.13073
-1.13108 -1.13265
-1.13394 -1.13052
-1.13101 -1.13229
-1.13075 -1.13317
-1.13192 -1.12881
-1.13207 -1.13579
-1.13111 -1.13021
-1.13194 -1.1312
-1.12917 -1.13116
-1.13021 -1.13041
-1.13077 -1.12909
-1.12972 -1.13278
-1.12994 -1.13056
-1.13097 -1.13157
-1.13113 -1.13134
-1.13114 -1.13086
-1.1315 -1.12742
-1.13157 -1.13429
-1.13367 -1.12793
-1.13218 -1.13099
-1.13155 -1.12979
-1.13086 -1.12878
-1.13026 -1.1314
-1.13116 -1.12878
-1.12786 -1.13425
-1.13209 -1.12822
-1.13177 -1.12997
-1.12895 -1.13218
-1.13282 -1.1285
-1.12932 -1.12832
-1.12947 -1.13129
-1.13112 -1.12574
-1.12968 -1.13113
-1.13069 -1.1279
-1.13038 -1.13037
-1.12987 -1.12905
-1.13083 -1.12915
-1.13097 -1.12756
-1.12892 -1.13112
-1.1298 -1.12838
-1.12965 -1.13005
-1.13109 -1.13058
-1.13145 -1.12957
-1.13045 -1.13049
-1.13155 -1.13029
-1.1324 -1.12928
-1.13174 -1.12961
-1.12904 -1.13099
-1.13049 -1.12766
-1.13272 -1.12902
-1.13041 -1.12917
-1.13475 -1.12831
-1.13447 -1.12812
-1.13181 -1.12764
-1.13264 -1.12929
-1.13081 -1.12799
-1.13277 -1.12623
-1.13214 -1.12922
-1.13154 -1.1273
-1.1336 -1.1277
-1.13186 -1.12916
-1.13195 -1.12848
-1.1345 -1.12479
-1.1311 -1.12834
-1.13137 -1.12793
-1.13284 -1.12621
-1.13171 -1.12801
-1.13233 -1.12739
-1.13167 -1.12707
-1.13159 -1.12838
-1.13204 -1.12783
-1.13294 -1.12481
-1.12913 -1.12814
-1.1276 -1.12578
-1.1312 -1.12527
-1.12919 -1.12896
-1.13232 -1.1245
-1.12645 -1.12911
-1.13006 -1.12394
-1.12999 -1.12728
-1.12811 -1.1248
-1.12646 -1.128
-1.12933 -1.12765
-1.13006 -1.12561
-1.12709 -1.12908
-1.12959 -1.12375
-1.12708 -1.12878
-1.12749 -1.12592
-1.12792 -1.12506
-1.12756 -1.12877
-1.12783 -1.12514
-1.12524 -1.12762
-1.12778 -1.12673
-1.12808 -1.12544
-1.12532 -1.12801
-1.12966 -1.12512
-1.12571 -1.1272
-1.12669 -1.12549
-1.12626 -1.12579
-1.12619 -1.12994
-1.1281 -1.12429
-1.12448 -1.12967
-1.12768 -1.12605
-1.12423 -1.12746
-1.12429 -1.12813
-1.12752 -1.1245
-1.12093 -1.13058
-1.12379 -1.12513
-1.12377 -1.12737
-1.12326 -1.1307
-1.12411 -1.12574
-1.12474 -1.12776
-1.12453 -1.12486
-1.12428 -1.12854
-1.1236 -1.12268
-1.12291 -1.12817
-1.12531 -1.12179
-1.12259 -1.12655
-1.12452 -1.12388
-1.12403 -1.12607
-1.12308 -1.12535
-1.12491 -1.12225
-1.12295 -1.12776
-1.12526 -1.12362
-1.12369 -1.12685
-1.12225 -1.1255
-1.12369 -1.12434
-1.12129 -1.12525
-1.12362 -1.12152
-1.11857 -1.12619
-1.1235 -1.12144
-1.12038 -1.12392
-1.12144 -1.12367
-1.12151 -1.12299
-1.1219 -1.12353
-1.12138 -1.12404
-1.11934 -1.12279
-1.12 -1.12237
-1.12031 -1.12352
-1.12 -1.12337
-1.11865 -1.12275
-1.12037 -1.12303
-1.11929 -1.12298
-1.12329 -1.12318
-1.1188 -1.12215
-1.12041 -1.12218
-1.12008 -1.12231
-1.11926 -1.12266
-1.11836 -1.12427
-1.11908 -1.1211
-1.11922 -1.12191
-1.11756 -1.12288
-1.11862 -1.12371
-1.11942 -1.12224
-1.11797 -1.12344
-1.11902 -1.12268
-1.11631 -1.12328
-1.11726 -1.12275
-1.11625 -1.1211
-1.11853 -1.12158
-1.11699 -1.12145
-1.11748 -1.12087
-1.11709 -1.12186
-1.1182 -1.11956
-1.11634 -1.12057
-1.11702 -1.12204
-1.1162 -1.12052
-1.11802 -1.12081
-1.11862 -1.12073
-1.11842 -1.12097
-1.11761 -1.12031
-1.11696 -1.12212
-1.11638 -1.11974
-1.11692 -1.12174
-1.11589 -1.11957
-1.11685 -1.12012
-1.11649 -1.12201
-1.11473 -1.12186
-1.11648 -1.12036
-1.11637 -1.1217
-1.11728 -1.12068
-1.11566 -1.12158
-1.11702 -1.11968
-1.11476 -1.12306
-1.11607 -1.12197
-1.11533 -1.1209
-1.11781 -1.11966
-1.11581 -1.12169
-1.1162 -1.12169
-1.11721 -1.12077
-1.11613 -1.12241
-1.11797 -1.11972
-1.11491 -1.12371
-1.11797 -1.1188
-1.11614 -1.1225
-1.11631 -1.12002
-1.11522 -1.1195
-1.11466 -1.12264
-1.11552 -1.11827
-1.11338 -1.12329
-1.11619 -1.11998
-1.11565 -1.1205
-1.1133 -1.12109
-1.11297 -1.1207
-1.11352 -1.11885
-1.11479 -1.12146
-1.11294 -1.11859
-1.11306 -1.1173
-1.11294 -1.12143
-1.11299 -1.11898
-1.11237 -1.12037
-1.11401 -1.12014
-1.11122 -1.11878
-1.11345 -1.11853
-1.1116 -1.12007
-1.11376 -1.11978
-1.112 -1.12062
-1.11244 -1.11952
-1.11148 -1.12056
-1.11274 -1.11932
-1.11151 -1.12107
-1.1122 -1.11884
-1.11129 -1.12214
-1.11273 -1.11795
-1.10978 -1.12047
-1.11135 -1.12283
-1.11212 -1.11977
-1.09221 -1.10007
-1.07911 -1.07642
-1.07704 -1.0805
-1.07912 -1.07528
-1.07813 -1.07823
-1.0775 -1.07781
-1.08122 -1.07717
-1.07799 -1.07779
-1.07925 -1.0765
-1.07708 -1.07715
-1.0778 -1.07536
-1.07877 -1.07734
-1.07745 -1.07525
-1.07813 -1.07746
-1.08099 -1.07394
-1.07561 -1.07749
-1.07616 -1.07644
-1.07818 -1.07567
-1.07634 -1.07745
-1.07815 -1.07603
-1.07444 -1.07491
-1.07527 -1.07775
-1.07499 -1.07425
-1.07652 -1.07389
-1.0739 -1.07718
-1.07539 -1.0752
-1.07715 -1.07371
-1.07288 -1.07708
-1.07631 -1.07313
-1.07484 -1.07418
-1.07563 -1.07502
-1.07449 -1.07434
-1.07517 -1.07456
-1.07524 -1.07539
-1.07505 -1.07432
-1.07554 -1.07506
-1.07316 -1.07402
-1.07428 -1.07392
-1.07456 -1.07339
-1.07385 -1.07641
-1.07622 -1.07289
-1.0741 -1.07556
-1.07463 -1.07377
-1.0749 -1.07434
-1.07388 -1.0732
-1.07399 -1.075
-1.07522 -1.07359
-1.07293 -1.07522
-1.07347 -1.07414
-1.07574 -1.07255
-1.07118 -1.07438
-1.07438 -1.07429
-1.07335 -1.07259
-1.07192 -1.07549
-1.07365 -1.07252
-1.07208 -1.07282
-1.07327 -1.07335
-1.07125 -1.07531
-1.0731 -1.07434
-1.07542 -1.07134
-1.07047 -1.07511
-1.07505 -1.07296
-1.07264 -1.07349
-1.0743 -1.07279
-1.07514 -1.07343
-1.07489 -1.07153
-1.07503 -1.0734
-1.07388 -1.07377
-1.07298 -1.07292
-1.07454 -1.07222
-1.07496 -1.07119
-1.07547 -1.07074
-1.07235 -1.07354
-1.07639 -1.07076
-1.07489 -1.07105
-1.07295 -1.07258
-1.07376 -1.07032
-1.072 -1.07222
-1.07218 -1.07257
-1.07268 -1.07149
-1.07089 -1.07327
-1.07145 -1.07137
-1.0723 -1.07189
-1.0717 -1.07424
-1.06997 -1.07088
-1.0722 -1.07357
-1.07069 -1.07157
-1.07167 -1.07296
-1.06922 -1.07514
-1.07245 -1.07023
-1.07106 -1.07339
-1.07144 -1.07402
-1.06952 -1.07256
-1.07076 -1.07306
-1.06764 -1.07407
-1.07313 -1.071
-1.07242 -1.07431
-1.07149 -1.07283
-1.07161 -1.07224
-1.07086 -1.0754
-1.07197 -1.06867
-1.06967 -1.07562
-1.07219 -1.06941
-1.06991 -1.07351
-1.07161 -1.0714
-1.07249 -1.07183
-1.07374 -1.0712
-1.07149 -1.07296
-1.07155 -1.07373
-1.06775 -1.07224
-1.06986 -1.07147
-1.06979 -1.07065
-1.06834 -1.07312
-1.07016 -1.07101
-1.06902 -1.07246
-1.07094 -1.07212
-1.07037 -1.07268
-1.07018 -1.0718
-1.06984 -1.07082
-1.06889 -1.07303
-1.068 -1.07015
-1.07062 -1.07184
-1.06904 -1.07244
-1.07 -1.06932
-1.06757 -1.07239
-1.07137 -1.07085
-1.06781 -1.07205
-1.07052 -1.07295
-1.06746 -1.07136
-1.07198 -1.07023
-1.06775 -1.07457
-1.07101 -1.07233
-1.06974 -1.0714
-1.06781 -1.07247
-1.07003 -1.07149
-1.06776 -1.07246
-1.07053 -1.07239
-1.06878 -1.07266
-1.06906 -1.07142
-1.07042 -1.07249
-1.06804 -1.07295
-1.06664 -1.07171
-1.07081 -1.07032
-1.06685 -1.07312
-1.07002 -1.0714
-1.06868 -1.07386
-1.07052 -1.07073
-1.06693 -1.07359
-1.0709 -1.07014
-1.06886 -1.07309
-1.06831 -1.07129
-1.06706 -1.07281
-1.0682 -1.0723
-1.06858 -1.07196
-1.06875 -1.06969
-1.06415 -1.0743
-1.07006 -1.06895
-1.06571 -1.07047
-1.06699 -1.07454
-1.06727 -1.07105
-1.07081 -1.07091
-1.06543 -1.07153
-1.0672 -1.07333
-1.06815 -1.06838
-1.06626 -1.07321
-1.06743 -1.0694
-1.06741 -1.07052
-1.06549 -1.07181
-1.07062 -1.07033
-1.06484 -1.07269
-1.06819 -1.0684
-1.06489 -1.07373
-1.06722 -1.07085
-1.0486 -1.04917
-1.03062 -1.02034
-1.03276 -1.02034
-1.03132 -1.02231
-1.03031 -1.01972
-1.03349 -1.02278
-1.03156 -1.018
-1.03122 -1.02231
-1.03125 -1.02059
-1.03192 -1.01847
-1.02774 -1.02294
-1.03212 -1.0178
-1.02708 -1.02338
-1.03149 -1.018
-1.02851 -1.02138
-1.02882 -1.02184
-1.03055 -1.01999
-1.02893 -1.02056
-1.02969 -1.02045
-1.02865 -1.02056
-1.02821 -1.02061
-1.02873 -1.01877
-1.02812 -1.02235
-1.02875 -1.02036
-1.0286 -1.01956
-1.02924 -1.02019
-1.02966 -1.02186
-1.0289 -1.01914
-1.03059 -1.01901
-1.02908 -1.01969
-1.02755 -1.02218
-1.02992 -1.01763
-1.02802 -1.02116
-1.02977 -1.01981
-1.02788 -1.01983
-1.02977 -1.01869
-1.02669 -1.02194
-1.0308 -1.01653
-1.02772 -1.02303
-1.03091 -1.01988
-1.02967 -1.02083
-1.03141 -1.01915
-1.02609 -1.02234
-1.03071 -1.01762
-1.02914 -1.02084
-1.02863 -1.01961
-1.02967 -1.01988
-1.02883 -1.02109
-1.03085 -1.01737
-1.0287 -1.01947
-1.02974 -1.02044
-1.02806 -1.01927
-1.0288 -1.01787
-1.02768 -1.018
-1.02906 -1.01886
-1.02909 -1.01873
-1.02818 -1.01876
-1.02868 -1.01936
-1.02981 -1.01752
-1.02843 -1.01835
-1.02939 -1.01934
-1.02797 -1.01817
-1.02776 -1.01867
-1.02746 -1.01936
-1.02719 -1.0182
-1.02666 -1.01793
-1.02845 -1.01874
-1.02661 -1.01915
-1.0282 -1.0176
-1.02858 -1.02008
-1.02837 -1.01662
-1.02758 -1.0188
-1.02656 -1.02037
-1.02737 -1.01646
-1.0282 -1.01882
-1.0291 -1.01926
-1.02712 -1.01911
-1.02894 -1.01809
-1.02944 -1.01705
-1.02739 -1.02046
-1.02903 -1.01748
-1.02819 -1.01809
-1.02624 -1.01863
-1.02682 -1.01965
-1.02847 -1.01721
-1.02751 -1.02011
-1.02885 -1.01878
-1.02862 -1.0185
-1.0278 -1.01936
-1.02673 -1.01903
-1.02977 -1.01815
-1.02813 -1.01858
-1.02959 -1.01968
-1.02985 -1.01848
-1.02903 -1.01908
-1.02983 -1.01938
-1.02861 -1.01811
-1.0283 -1.01941
-1.02887 -1.01964
-1.0308 -1.01855
-1.02807 -1.01967
-1.02951 -1.01949
-1.02815 -1.01888
-1.02954 -1.01853
-1.02818 -1.01797
-1.02806 -1.01854
-1.03129 -1.01883
-1.02915 -1.01979
-1.02954 -1.01971
-1.02851 -1.01966
-1.02936 -1.0186
-1.02892 -1.01985
-1.02812 -1.01899
-1.02923 -1.01852
-1.02877 -1.01772
-1.02782 -1.01898
-1.02878 -1.01783
-1.0295 -1.01876
-1.02955 -1.01787
-1.02821 -1.02
-1.03018 -1.01852
-1.0265 -1.01884
-1.02778 -1.02012
-1.02948 -1.01555
-1.02549 -1.02082
-1.02797 -1.01828
-1.02777 -1.01905
-1.02909 -1.01848
-1.02779 -1.01869
-1.02677 -1.02027
-1.02977 -1.01718
-1.02617 -1.02164
-1.02865 -1.01795
-1.027 -1.02128
-1.02868 -1.01709
-1.02425 -1.01999
-1.02623 -1.01877
-1.02674 -1.01772
-1.02781 -1.01997
-1.02443 -1.02052
-1.02894 -1.01744
-1.02449 -1.02003
-1.02618 -1.01838
-1.02617 -1.01694
-1.027 -1.02112
-1.02609 -1.01858
-1.02793 -1.0187
-1.02578 -1.01837
-1.02695 -1.01898
-1.02757 -1.01931
-1.0279 -1.01602
-1.02675 -1.01781
-1.02579 -1.01868
-1.02649 -1.01728
-1.0266 -1.01753
-1.02714 -1.01949
-1.02762 -1.01815
-1.02571 -1.01761
-1.02891 -1.01711
-1.02467 -1.02078
-1.02848 -1.01803
-1.02879 -1.01975
-1.02824 -1.01724
-1.02649 -1.01856
-1.02764 -1.01936
-1.02726 -1.01663
-1.02477 -1.01995
-1.02465 -1.01812
-1.02785 -1.01834
-1.02581 -1.018
-1.02704 -1.01791
-1.02491 -1.02109
-1.02806 -1.01655
-1.02713 -1.01791
-1.02711 -1.02022
-1.0259 -1.01844
-1.02832 -1.01784
-1.02756 -1.0186
-1.02622 -1.01921
-1.029 -1.01786
-1.02765 -1.01855
-1.02747 -1.01743
-1.02698 -1.01719
-1.0279 -1.01778
-1.02734 -1.01865
-1.02717 -1.01586
-1.02783 -1.01791
-1.02723 -1.01743
-1.02921 -1.01642
-1.02643 -1.01701
-1.02857 -1.01813
-1.02628 -1.01615
-1.02723 -1.01701
-1.02752 -1.01626
-1.02576 -1.0192
-1.02803 -1.01465
-1.02599 -1.01847
-1.02815 -1.01752
-1.02577 -1.01689
-1.0261 -1.01747
-1.02711 -1.01695
-1.02507 -1.0161
-1.02418 -1.01906
-1.02597 -1.0165
-1.02499 -1.01718
-1.02571 -1.01737
-1.02496 -1.0188
-1.02634 -1.01587
-1.02463 -1.01923
-1.02552 -1.0175
-1.02667 -1.01789
-1.02723 -1.01735
-1.0245 -1.01661
-1.02736 -1.01885
-1.02728 -1.01644
-1.02577 -1.01818
-1.0257 -1.01806
-1.02535 -1.01582
-1.02559 -1.01675
-1.02501 -1.02023
-1.02757 -1.01563
-1.02838 -1.01772
-1.02665 -1.0175
-1.02629 -1.01708
-1.02513 -1.01717
-1.02638 -1.01619
-1.02527 -1.01572
-1.02591 -1.01742
-1.02481 -1.01587
-1.02622 -1.01854
-1.02734 -1.01726
-1.02784 -1.01378
-1.02425 -1.02006
-1.02711 -1.01439
-1.02361 -1.01698
-1.02501 -1.01823
-1.02294 -1.01664
-1.02521 -1.01575
-1.02566 -1.01808
-1.02472 -1.01593
-1.02529 -1.01567
-1.02462 -1.01789
-1.02585 -1.01685
-1.02343 -1.0168
-1.0248 -1.0164
-1.02462 -1.01682
-1.02458 -1.01783
-1.02622 -1.01603
-1.02472 -1.01652
-1.02385 -1.01844
-1.02616 -1.0155
-1.0257 -1.01751
-1.0258 -1.01668
-1.02298 -1.0176
-1.02524 -1.01694
-1.0235 -1.01777
-1.02418 -1.01597
-1.024 -1.01647
-1.02363 -1.01757
-1.02421 -1.01603
-1.02446 -1.01509
-1.02336 -1.01923
-1.02482 -1.01391
-1.02354 -1.01635
-1.02371 -1.01611
-1.02456 -1.01645
-1.02291 -1.01516
-1.0237 -1.01595
-1.02417 -1.01567
-1.02379 -1.01645
-1.02446 -1.01604
-1.02442 -1.01552
-1.02379 -1.01533
-1.0229 -1.01755
-1.02443 -1.0154
-1.02356 -1.01726
-1.02125 -1.01668
-1.0256 -1.01478
-1.02269 -1.01543
-1.02273 -1.01652
-1.02413 -1.01443
-1.02318 -1.01543
-1.02344 -1.01593
-1.02433 -1.01686
-1.02241 -1.01475
-1.02486 -1.01566
-1.022 -1.01728
-1.0245 -1.01518
-1.02202 -1.0172
-1.02414 -1.01559
-1.02146 -1.01695
-1.02381 -1.01704
-1.02008 -1.01512
-1.02387 -1.01687
-1.02259 -1.01731
-1.02364 -1.01685
-1.02215 -1.01786
-1.02217 -1.01689
-1.02381 -1.01803
-1.02223 -1.01741
-1.02302 -1.01594
-1.02238 -1.01797
-1.02498 -1.01462
-1.02226 -1.0191
-1.02321 -1.01419
-1.02157 -1.0168
-1.02444 -1.01627
-1.02158 -1.0164
-1.02293 -1.01542
-1.02399 -1.01674
-1.02325 -1.01504
-1.02357 -1.01562
-1.02424 -1.01552
-1.02299 -1.01648
-1.02448 -1.01683
-1.0228 -1.01662
-1.02675 -1.01395
-1.02218 -1.01853
-1.02351 -1.01414
-1.02337 -1.01847
-1.02336 -1.01444
-1.02232 -1.01608
-1.02245 -1.01692
-1.02441 -1.015
-1.02245 -1.01745
-1.02437 -1.01575
-1.02193 -1.01697
-1.02256 -1.01516
-1.02191 -1.01783
-1.02428 -1.01322
-1.023 -1.01637
-1.02167 -1.01643
-1.02339 -1.01382
-1.02206 -1.01736
-1.02542 -1.01171
-1.023 -1.01832
-1.02379 -1.01277
-1.02283 -1.01512
-1.02296 -1.0147
-1.02183 -1.01365
-1.02214 -1.01412
-1.02179 -1.01598
-1.02312 -1.01275
-1.02322 -1.01642
-1.02338 -1.01226
-1.02236 -1.01477
-1.02359 -1.01646
-1.02229 -1.01536
-1.02095 -1.01372
-1.0217 -1.01543
-1.02191 -1.01363
-1.01983 -1.01701
-1.02319 -1.0134
-1.0214 -1.01485
-1.0209 -1.01508
-1.0208 -1.01513
-1.02101 -1.01448
-1.02351 -1.01542
-1.02014 -1.01468
-1.02255 -1.014
-1.02097 -1.01441
-1.0223 -1.01489
-1.02084 -1.01588
-1.02401 -1.01377
-1.01974 -1.01474
-1.02025 -1.01587
-1.02075 -1.01238
-1.01881 -1.01397
-1.02046 -1.01343
-1.01899 -1.01541
-1.0231 -1.01237
-1.01742 -1.01623
-1.02288 -1.01213
-1.01973 -1.01456
-1.02067 -1.01334
-1.02009 -1.01643
-1.02205 -1.012
-1.01968 -1.01496
-1.02017 -1.01389
-1.01993 -1.01426
-1.02023 -1.01488
-1.02059 -1.01333
-1.02002 -1.01456
-1.01991 -1.0139
-1.02032 -1.01462
-1.0223 -1.01539
-1.02012 -1.01458
-1.02019 -1.01557
-1.02014 -1.01469
-1.0199 -1.01526
-1.01942 -1.01581
-1.02041 -1.01227
-1.01854 -1.01643
-1.02083 -1.01376
-1.02027 -1.01273
-1.01996 -1.01502
-1.02068 -1.01443
-1.01985 -1.01365
-1.01884 -1.01573
-1.02249 -1.01199
-1.01914 -1.01636
-1.01984 -1.01493
-1.02041 -1.01216
-1.02056 -1.01525
-1.0198 -1.01253
-1.02164 -1.01433
-1.02139 -1.01334
-1.02046 -1.01394
-1.01883 -1.01444
-1.02163 -1.01128
-1.01995 -1.01431
-1.01977 -1.01269
-1.02247 -1.01251
-1.0195 -1.01406
-1.02155 -1.0125
-1.02067 -1.01221
-1.01749 -1.0148
-1.01876 -1.01131
-1.01924 -1.01435
-1.02046 -1.01237
-1.01785 -1.01526
-1.02019 -1.01295
-1.01811 -1.01488
-1.01714 -1.01295
-1.01711 -1.01454
-1.01724 -1.01287
-1.01829 -1.01348
-1.01781 -1.01344
-1.01829 -1.01494
-1.01873 -1.01148
-1.01909 -1.01485
-1.01857 -1.01142
-1.01747 -1.01476
-1.018 -1.01325
-1.01957 -1.01048
-1.01511 -1.01443
-1.02034 -1.01128
-1.01778 -1.01356
-1.01901 -1.01266
-1.01862 -1.01293
-1.01846 -1.01269
-1.01972 -1.01246
-1.01717 -1.01455
-1.01715 -1.01237
-1.01872 -1.013
-1.01755 -1.01258
-1.02008 -1.01067
-1.01728 -1.01378
-1.01834 -1.01382
-1.01909 -1.00995
-1.01853 -1.01416
-1.01936 -1.01205
-1.01753 -1.01439
-1.02008 -1.01076
-1.01814 -1.01291
-1.0182 -1.01165
-1.01804 -1.01306
-1.01829 -1.0111
-1.01701 -1.01481
-1.0172 -1.01152
-1.02047 -1.01261
-1.01709 -1.01335
-1.01919 -1.01336
-1.01889 -1.0137
-1.0182 -1.01122
-1.01738 -1.01184
-1.01791 -1.01313
-1.01922 -1.01038
-1.01752 -1.01354
-1.01945 -1.01172
-1.01787 -1.01296
-1.0195 -1.00929
-1.01814 -1.01215
-1.01667 -1.01276
-1.02016 -1.00956
-1.01784 -1.01365
-1.01868 -1.01244
-1.01658 -1.01168
-1.01915 -1.01039
-1.01841 -1.01206
-1.01943 -1.01286
-1.01952 -1.01049
-1.02003 -1.01317
-1.01953 -1.01073
-1.0203 -1.0127
-1.01729 -1.01175
-1.02085 -1.0123
-1.02035 -1.01094
-1.01836 -1.0117
-1.01944 -1.01205
-1.01998 -1.01168
-1.01965 -1.01144
-1.01986 -1.01106
-1.02093 -1.01198
-1.01975 -1.01349
-1.02098 -1.01017
-1.02198 -1.01148
-1.01845 -1.0131
-1.02135 -1.00989
-1.01902 -1.01192
-1.01868 -1.01319
-1.0183 -1.00992
-1.0183 -1.01143
-1.01944 -1.01302
-1.01966 -1.01185
-1.02068 -1.0114
-1.01836 -1.01282
-1.02047 -1.01077
-1.01947 -1.01258
-1.01949 -1.01219
-1.01687 -1.01076
-1.01812 -1.012
-1.01872 -1.01289
-1.01913 -1.01033
-1.01645 -1.01263
-1.01997 -1.01125
-1.01818 -1.01158
-1.01866 -1.01293
-1.01963 -1.01018
-1.01901 -1.0121
-1.01838 -1.0125
-1.01885 -1.00974
-1.01602 -1.01165
-1.01915 -1.00976
-1.01774 -1.0112
-1.01811 -1.00977
-1.01762 -1.01148
-1.0192 -1.01169
-1.01738 -1.01181
-1.01933 -1.00835
-1.01603 -1.01075
-1.01749 -1.01089
-1.01718 -1.01041
-1.01844 -1.00799
-1.01731 -1.01256
-1.01885 -1.0098
-1.01939 -1.00844
-1.01611 -1.01168
-1.0197 -1.00721
-1.01576 -1.01233
-1.02044 -1.00848
-1.01786 -1.00968
-1.01773 -1.01172
-1.0197 -1.00939
-1.01751 -1.01158
-1.01794 -1.01053
-1.01793 -1.00827
-1.01595 -1.01106
-1.01641 -1.00995
-1.01675 -1.00889
-1.01853 -1.00946
-1.01591 -1.01063
-1.01835 -1.00939
-1.01635 -1.01005
-1.01803 -1.0077
-1.01725 -1.01267
-1.01777 -1.01007
-1.01688 -1.00868
-1.01668 -1.00878
-1.01586 -1.01243
-1.01645 -1.01045
-1.01799 -1.00732
-1.01455 -1.01187
-1.01674 -1.01029
-1.01776 -1.00791
-1.01633 -1.00962
-1.01678 -1.00999
-1.01788 -1.01075
-1.01558 -1.01014
-1.01819 -1.00836
-1.01803 -1.01067
-1.01597 -1.01094
-1.017 -1.00921
-1.01605 -1.00932
-1.0163 -1.00857
-1.01409 -1.01265
-1.01715 -1.00937
-1.01516 -1.00903
-1.01682 -1.0109
-1.01548 -1.01108
-1.01955 -1.00802
-1.01562 -1.01274
-1.01748 -1.00782
-1.01648 -1.01186
-1.0158 -1.01036
-1.01651 -1.00893
-1.01543 -1.01069
-1.01616 -1.00953
-1.0142 -1.0098
-1.01844 -1.00865
-1.01532 -1.00991
-1.01763 -1.01014
-1.01682 -1.00795
-1.01733 -1.01219
-1.0176 -1.0088
-1.01585 -1.01108
-1.01757 -1.00768
-1.01502 -1.01036
-1.01733 -1.00883
-1.01685 -1.00907
-1.0152 -1.01177
-1.01612 -1.01073
-1.01629 -1.00844
-1.01612 -1.00832
-1.01462 -1.01187
-1.01602 -1.00998
-1.01455 -1.00915
-1.01695 -1.01118
-1.01495 -1.00924
-1.0151 -1.01094
-1.01645 -1.00845
-1.01442 -1.01365
-1.01735 -1.00707
-1.01413 -1.01207
-1.01567 -1.00979
-1.01422 -1.01005
-1.01726 -1.009
-1.01339 -1.01184
-1.01377 -1.00865
-1.01509 -1.0114
-1.01511 -1.00908
-1.01426 -1.01193
-1.01579 -1.00847
-1.01472 -1.01118
-1.0161 -1.0099
-1.01365 -1.01029
-1.01575 -1.00963
-1.01476 -1.00988
-1.01435 -1.01021
-1.01537 -1.01048
-1.01652 -1.00786
-1.01363 -1.01058
-1.01557 -1.00901
-1.01447 -1.00895
-1.01583 -1.00927
-1.01577 -1.01087
-1.01335 -1.01024
-1.0159 -1.00935
-1.0155 -1.01054
-1.01447 -1.00936
-1.01538 -1.01044
-1.01473 -1.00958
-1.0167 -1.00892
-1.01364 -1.01288
-1.01569 -1.00694
-1.0139 -1.01204
-1.01723 -1.0071
-1.01213 -1.0131
-1.01665 -1.00658
-1.01486 -1.01035
-1.01433 -1.0099
-1.01519 -1.00897
-1.01362 -1.01105
-1.01495 -1.00934
-1.01452 -1.00934
-1.01328 -1.00721
-1.01366 -1.01282
-1.01414 -1.00912
-1.0137 -1.00848
-1.01352 -1.00823
-1.01399 -1.01009
-1.01436 -1.00823
-1.01482 -1.0105
-1.01368 -1.00805
-1.01423 -1.00835
-1.01408 -1.00783
-1.01344 -1.00916
-1.01323 -1.00993
-1.01488 -1.00632
-1.01232 -1.01029
-1.01642 -1.00631
-1.01315 -1.00993
-1.01478 -1.0067
-1.01407 -1.00689
-1.0139 -1.00948
-1.01605 -1.00603
-1.01272 -1.00783
-1.01366 -1.0087
-1.01515 -1.00658
-1.01447 -1.00672
-1.012 -1.01048
-1.01544 -1.00683
-1.01427 -1.00792
-1.01394 -1.00921
-1.01578 -1.00733
-1.01385 -1.01054
-1.01429 -1.00467
-1.01256 -1.01019
-1.01614 -1.00899
-1.0142 -1.00787
-1.01214 -1.00961
-1.01665 -1.0079
-1.01436 -1.00968
-1.01593 -1.00872
-1.01429 -1.00855
-1.01547 -1.00885
-1.01421 -1.00748
-1.01448 -1.00872
-1.01256 -1.00943
-1.01531 -1.00651
-1.01399 -1.009
-1.01436 -1.00758
-1.01456 -1.00697
-1.01466 -1.00752
-1.01304 -1.00878
-1.01326 -1.00805
-1.01513 -1.00684
-1.01292 -1.00832
-1.01654 -1.00554
-1.01378 -1.00906
-1.01455 -1.00691
-1.01622 -1.00689
-1.01407 -1.00605
-1.01311 -1.01039
-1.01663 -1.00567
-1.01329 -1.00832
-1.01576 -1.00753
-1.01597 -1.00591
-1.01268 -1.00729
-1.01403 -1.00788
-1.01578 -1.00366
-1.01198 -1.00884
-1.01331 -1.00774
-1.01409 -1.00585
-1.01433 -1.00616
-1.01163 -1.00774
-1.01452 -1.00479
-1.015 -1.00664
-1.01402 -1.00738
-1.0146 -1.00636
-1.01512 -1.00754
-1.01422 -1.00808
-1.01528 -1.00616
-1.01423 -1.00624
-1.01265 -1.00581
-1.01371 -1.00863
-1.01431 -1.00643
-1.01395 -1.00749
-1.01547 -1.00609
-1.01326 -1.00675
-1.01505 -1.00851
-1.0136 -1.00668
-1.01402 -1.00712
-1.01475 -1.0052
-1.01411 -1.00724
-1.01105 -1.0087
-1.01602 -1.00663
-1.01213 -1.00812
-1.01496 -1.0049
-1.01228 -1.00845
-1.01414 -1.00742
-1.01359 -1.0067
-1.01307 -1.00815
-1.01326 -1.00726
-1.01227 -1.00786
-1.01341 -1.00713
-1.0122 -1.0091
-1.01394 -1.00757
-1.01328 -1.00693
-1.01506 -1.00845
-1.01182 -1.00939
-1.01467 -1.00652
-1.01354 -1.00715
-1.01528 -1.00787
-1.01452 -1.00728
-1.01179 -1.00782
-1.01375 -1.00565
-1.01252 -1.00735
-1.01233 -1.00814
-1.01267 -1.0074
-1.01295 -1.00657
-1.0137 -1.00724
-1.013 -1.00745
-1.01343 -1.00764
-1.01445 -1.00534
-1.01354 -1.00666
-1.01426 -1.00742
-1.01249 -1.00844
-1.01415 -1.00528
-1.0124 -1.00709
-1.01634 -1.00544
-1.01247 -1.00862
-1.01648 -1.00654
-1.01441 -1.00577
-1.01334 -1.00822
-1.01287 -1.00521
-1.01226 -1.00765
-1.01487 -1.00462
-1.01296 -1.00786
-1.01097 -1.00728
-1.01541 -1.00336
-1.0141 -1.00818
-1.01197 -1.00585
-1.01296 -1.00554
-1.01399 -1.00487
-1.01252 -1.00718
-1.01379 -1.00588
-1.01347 -1.00504
-1.01388 -1.00609
-1.01231 -1.00477
-1.01389 -1.00637
-1.01386 -1.00537
-1.01203 -1.0054
-1.01294 -1.00657
-1.01349 -1.005
-1.01432 -1.00357
-1.013 -1.0063
-1.01423 -1.00563
-1.01199 -1.00513
-1.01257 -1.00626
-1.014 -1.00614
-1.0127 -1.00451
-1.01294 -1.00761
-1.01518 -1.00231
-1.01199 -1.00777
-1.01613 -1.00351
