0 0
-0.171482 -0.161592
-0.331155 -0.313211
-0.478282 -0.454272
-0.614513 -0.584921
-0.738807 -0.705558
-0.84758 -0.814587
-0.946241 -0.913568
-1.03298 -1.00031
-1.1014 -1.08142
-1.15993 -1.14654
-1.20619 -1.20552
-1.2365 -1.25175
-1.25942 -1.29469
-1.27538 -1.32659
-1.28518 -1.35718
-1.28908 -1.38064
-1.28748 -1.40198
-1.28558 -1.42172
-1.28586 -1.4353
-1.27968 -1.45163
-1.2773 -1.46043
-1.27089 -1.46927
-1.23942 -1.42415
-1.26291 -1.46779
-1.2631 -1.46877
-1.25361 -1.48048
-1.24967 -1.4878
-1.22809 -1.46974
-1.24462 -1.49533
-1.2427 -1.49687
-1.24225 -1.49488
-1.24006 -1.49052
-1.24597 -1.49512
-1.24588 -1.49296
-1.24692 -1.49315
-1.24656 -1.49034
-1.24814 -1.49062
-1.24776 -1.49112
-1.24798 -1.48779
-1.24604 -1.4906
-1.24711 -1.49032
-1.25085 -1.48475
-1.24773 -1.48984
-1.24972 -1.48594
-1.24882 -1.48592
-1.24819 -1.48875
-1.24877 -1.48649
-1.24895 -1.48452
-1.25046 -1.48395
-1.24997 -1.48596
-1.24917 -1.48242
-1.24811 -1.4858
-1.25057 -1.48834
-1.24926 -1.48302
-1.24853 -1.48539
-1.2504 -1.48449
-1.25055 -1.48102
-1.253 -1.47975
-1.25103 -1.48192
-1.24966 -1.48196
-1.25252 -1.48029
-1.25365 -1.48015
-1.25065 -1.47861
-1.25295 -1.47857
-1.24929 -1.4824
-1.25304 -1.4807
-1.25001 -1.48028
-1.25416 -1.47635
-1.25132 -1.47982
-1.25252 -1.47959
-1.25144 -1.4791
-1.25345 -1.47585
-1.25067 -1.47778
-1.2523 -1.47657
-1.25243 -1.47823
-1.25357 -1.47743
-1.2552 -1.47687
-1.2526 -1.47703
-1.25566 -1.47398
-1.25245 -1.47353
-1.25586 -1.47242
-1.25363 -1.47596
-1.25283 -1.4757
-1.25508 -1.4722
-1.25604 -1.47279
-1.25272 -1.47326
-1.25273 -1.47424
-1.25642 -1.47241
-1.25589 -1.46973
-1.25269 -1.47429
-1.25488 -1.47247
-1.25406 -1.47166
-1.25767 -1.47139
-1.25508 -1.47048
-1.25466 -1.47394
-1.25741 -1.47237
-1.25555 -1.46983
-1.25649 -1.47145
-1.25686 -1.46807
-1.25552 -1.46964
-1.25575 -1.47099
-1.25641 -1.47166
-1.25912 -1.46779
-1.25629 -1.46455
-1.25584 -1.46631
-1.25749 -1.46674
-1.25967 -1.46357
-1.25892 -1.46739
-1.25977 -1.46388
-1.25779 -1.4662
-1.25871 -1.46452
-1.26112 -1.46453
-1.25923 -1.46363
-1.261 -1.46532
-1.25835 -1.46169
-1.25809 -1.4666
-1.25901 -1.46764
-1.25866 -1.46549
-1.2603 -1.46609
-1.25992 -1.46178
-1.25798 -1.46893
-1.2605 -1.46603
-1.26296 -1.46583
-1.25926 -1.46562
-1.25864 -1.46614
-1.26145 -1.46553
-1.25982 -1.46899
-1.261 -1.46407
-1.26181 -1.46769
-1.26011 -1.46625
-1.26053 -1.46691
-1.26096 -1.46558
-1.26134 -1.46768
-1.26034 -1.46407
-1.26339 -1.46479
-1.26105 -1.46942
-1.26166 -1.46655
-1.26284 -1.46719
-1.26305 -1.46495
-1.26216 -1.4645
-1.26351 -1.46515
-1.26166 -1.46788
-1.26374 -1.46136
-1.26278 -1.46919
-1.26117 -1.46261
-1.26714 -1.46249
-1.26213 -1.46372
-1.2634 -1.46209
-1.26315 -1.46252
-1.26711 -1.4627
-1.26429 -1.461
-1.26512 -1.46175
-1.26492 -1.46225
-1.26521 -1.46181
-1.26507 -1.46546
-1.2658 -1.46077
-1.2653 -1.46096
-1.26429 -1.4651
-1.26604 -1.46074
-1.26778 -1.45893
-1.26493 -1.46206
-1.26875 -1.45668
-1.26678 -1.45833
-1.26668 -1.45876
-1.26759 -1.45349
-1.26753 -1.45788
-1.26805 -1.45796
-1.26749 -1.45905
-1.26752 -1.45594
-1.26871 -1.45361
-1.2696 -1.45309
-1.26795 -1.45421
-1.26501 -1.45742
-1.26887 -1.45418
-1.27073 -1.45254
-1.26956 -1.45308
-1.27048 -1.4521
-1.27 -1.4504
-1.27163 -1.45338
-1.27199 -1.45167
-1.27106 -1.44977
-1.27099 -1.45242
-1.27275 -1.45093
-1.26802 -1.45288
-1.26972 -1.4514
-1.27256 -1.45049
-1.27428 -1.44915
-1.27384 -1.44637
-1.27335 -1.44793
-1.27296 -1.45018
-1.2737 -1.44755
-1.27594 -1.44643
-1.27174 -1.45081
-1.27613 -1.44709
-1.27542 -1.4496
-1.27417 -1.44872
-1.27424 -1.44536
-1.27598 -1.44896
-1.27557 -1.44731
-1.27491 -1.44857
-1.2759 -1.44856
-1.27763 -1.44552
-1.27579 -1.44467
-1.27814 -1.44691
-1.27873 -1.44448
-1.27649 -1.44584
-1.28037 -1.4465
-1.27631 -1.44264
-1.27968 -1.44019
-1.27895 -1.44412
-1.28112 -1.44316
-1.27967 -1.4426
-1.27828 -1.44335
-1.2779 -1.44385
-1.28063 -1.44046
-1.27735 -1.44743
-1.28174 -1.44228
-1.27741 -1.44485
-1.2788 -1.44431
-1.27826 -1.44231
-1.27987 -1.44487
-1.28127 -1.44108
-1.27672 -1.44439
-1.27975 -1.44068
-1.28081 -1.44478
-1.27771 -1.44415
-1.27905 -1.44351
-1.27881 -1.4439
-1.27952 -1.44233
-1.28181 -1.44527
-1.27847 -1.44285
-1.28244 -1.4434
-1.28016 -1.43984
-1.28274 -1.44375
-1.27937 -1.44259
-1.28146 -1.43703
-1.28302 -1.43936
-1.2819 -1.43764
-1.2805 -1.44149
-1.2822 -1.43912
-1.28515 -1.43827
-1.27947 -1.43966
-1.28324 -1.43927
-1.28614 -1.43845
-1.2836 -1.43918
-1.28338 -1.43781
-1.28402 -1.44031
-1.28645 -1.43826
-1.28189 -1.43883
-1.28466 -1.43651
-1.28518 -1.44038
-1.28325 -1.43526
-1.2855 -1.43654
-1.28624 -1.4351
-1.28623 -1.43516
-1.28511 -1.43442
-1.28681 -1.43408
-1.28512 -1.43811
-1.28447 -1.43411
-1.28506 -1.43802
-1.28688 -1.43498
-1.28346 -1.4375
-1.28426 -1.43492
-1.28539 -1.43926
-1.28597 -1.43688
-1.28629 -1.43629
-1.28775 -1.43489
-1.28389 -1.43551
-1.28815 -1.43558
-1.28749 -1.4357
-1.28747 -1.43509
-1.28775 -1.43532
-1.28929 -1.43364
-1.28719 -1.43159
-1.28932 -1.4333
-1.28694 -1.43575
-1.28904 -1.43146
-1.28581 -1.43221
-1.28652 -1.43314
-1.28877 -1.43308
-1.28678 -1.43305
-1.28606 -1.4336
-1.28972 -1.43406
-1.28566 -1.43069
-1.28693 -1.43389
-1.28645 -1.43419
-1.28875 -1.43329
-1.28811 -1.43291
-1.28745 -1.43391
-1.28925 -1.43239
-1.28623 -1.43505
-1.28993 -1.4326
-1.28753 -1.4325
-1.29038 -1.43581
-1.28877 -1.43046
-1.28904 -1.43409
-1.28891 -1.4324
-1.29118 -1.42952
-1.29016 -1.4324
-1.29002 -1.43251
-1.29145 -1.43016
-1.29065 -1.42815
-1.29219 -1.43322
-1.29009 -1.42974
-1.2923 -1.43043
-1.28996 -1.42999
-1.29244 -1.43232
-1.29076 -1.42955
-1.29082 -1.43154
-1.29121 -1.43193
-1.29005 -1.42813
-1.29475 -1.42806
-1.28975 -1.43072
-1.29351 -1.42897
-1.29106 -1.4288
-1.28884 -1.43211
-1.29284 -1.42895
-1.28998 -1.43116
-1.2909 -1.42841
-1.2922 -1.43088
-1.2899 -1.43002
-1.28894 -1.43105
-1.29295 -1.4284
-1.2919 -1.42726
-1.29083 -1.42899
-1.29074 -1.42944
-1.28922 -1.43136
-1.29323 -1.42865
-1.28938 -1.42773
-1.29217 -1.42575
-1.29292 -1.42949
-1.29091 -1.42732
-1.29231 -1.42914
-1.29051 -1.4278
-1.29099 -1.42947
-1.29211 -1.42791
-1.29135 -1.4284
-1.29293 -1.42696
-1.29274 -1.42823
-1.29364 -1.42608
-1.29229 -1.42949
-1.28974 -1.43064
-1.29576 -1.42693
-1.29072 -1.42945
-1.28967 -1.43257
-1.29008 -1.43196
-1.29184 -1.42956
-1.29086 -1.43189
-1.29018 -1.42884
-1.29226 -1.42884
-1.29096 -1.43009
-1.2916 -1.43149
-1.29263 -1.42929
-1.29233 -1.43004
-1.29017 -1.42818
-1.29439 -1.42777
-1.28856 -1.42977
-1.2922 -1.43045
-1.29092 -1.43237
-1.29112 -1.43087
-1.29074 -1.42662
-1.29146 -1.43026
-1.29268 -1.42964
-1.29204 -1.4285
-1.29139 -1.42928
-1.29207 -1.42859
-1.29345 -1.42999
-1.28846 -1.43028
-1.29089 -1.43069
-1.29254 -1.42994
-1.29134 -1.42655
-1.29355 -1.42911
-1.29293 -1.42548
-1.29507 -1.42566
-1.29122 -1.42852
-1.29169 -1.42624
-1.29238 -1.42723
-1.29647 -1.42516
-1.29494 -1.42315
-1.29513 -1.42545
-1.29627 -1.42317
-1.29595 -1.42156
-1.29484 -1.42551
-1.29521 -1.42307
-1.29553 -1.42386
-1.29605 -1.42343
-1.29312 -1.42583
-1.29369 -1.42553
-1.29548 -1.42459
-1.29423 -1.42618
-1.29076 -1.42823
-1.29596 -1.42621
-1.29264 -1.42696
-1.29438 -1.42515
-1.29399 -1.4296
-1.29467 -1.42736
-1.29395 -1.42846
-1.29562 -1.42734
-1.29489 -1.42469
-1.29694 -1.42503
-1.29346 -1.42572
-1.29473 -1.42393
-1.29479 -1.42459
-1.29595 -1.42736
-1.29528 -1.42232
-1.29376 -1.42807
-1.29506 -1.42878
-1.29765 -1.42451
-1.29728 -1.42563
-1.29372 -1.42544
-1.29553 -1.42253
-1.29706 -1.42348
-1.29679 -1.42112
-1.29366 -1.42385
-1.29774 -1.42731
-1.29525 -1.4229
-1.29681 -1.42204
-1.29886 -1.42171
-1.29653 -1.42288
-1.29542 -1.42333
-1.29996 -1.42344
-1.29291 -1.42256
-1.29997 -1.42348
-1.29862 -1.42288
-1.2965 -1.42012
-1.29792 -1.42473
-1.29802 -1.42251
-1.29749 -1.42163
-1.29741 -1.4221
-1.2964 -1.42301
-1.29511 -1.42616
-1.29788 -1.4222
-1.29881 -1.42495
-1.29511 -1.42384
-1.29934 -1.42475
-1.29763 -1.42481
-1.29897 -1.42358
-1.29543 -1.42309
-1.29844 -1.42332
-1.29873 -1.42268
-1.29623 -1.42382
-1.29892 -1.42226
-1.29481 -1.42456
-1.29733 -1.42344
-1.29445 -1.42432
-1.2985 -1.4227
-1.2957 -1.42626
-1.295 -1.42368
-1.29913 -1.42356
-1.29387 -1.42175
-1.29672 -1.42384
-1.29633 -1.42132
-1.29701 -1.42065
-1.29881 -1.42443
-1.2968 -1.42038
-1.29796 -1.42353
-1.2988 -1.41873
-1.29756 -1.41981
-1.29759 -1.42185
-1.29978 -1.41752
-1.29933 -1.42002
-1.29735 -1.42086
-1.29881 -1.42203
-1.30223 -1.41613
-1.29931 -1.41842
-1.29881 -1.42061
-1.29953 -1.4185
-1.29777 -1.42116
-1.30147 -1.42018
-1.29972 -1.42128
-1.30117 -1.41591
-1.29976 -1.41751
-1.29971 -1.41902
-1.29954 -1.41695
-1.29931 -1.41684
-1.30131 -1.41696
-1.30064 -1.41851
-1.29886 -1.41971
-1.29818 -1.41764
-1.29902 -1.41825
-1.29918 -1.41994
-1.29801 -1.42047
-1.29973 -1.41888
-1.29872 -1.41946
-1.29832 -1.42017
-1.29854 -1.4198
-1.29992 -1.41628
-1.30071 -1.41924
-1.29896 -1.42054
-1.2984 -1.41983
-1.29932 -1.41673
-1.29979 -1.42424
-1.30119 -1.41904
-1.29868 -1.42226
-1.2978 -1.42148
-1.29902 -1.42113
-1.29876 -1.42348
-1.30006 -1.41933
-1.29699 -1.42053
-1.29891 -1.42088
-1.29493 -1.42039
-1.29858 -1.42243
-1.2979 -1.41922
-1.29954 -1.41974
-1.29955 -1.41765
-1.29962 -1.41782
-1.29852 -1.41796
-1.29942 -1.41564
-1.29966 -1.41833
-1.29699 -1.41722
-1.30032 -1.41611
-1.29973 -1.41748
-1.29879 -1.41597
-1.29901 -1.41896
-1.29818 -1.41737
-1.29953 -1.41704
-1.29887 -1.41854
-1.3033 -1.4166
-1.29927 -1.41552
-1.30212 -1.41656
-1.29852 -1.41349
-1.30142 -1.41786
-1.29861 -1.41803
-1.30037 -1.41769
-1.30144 -1.41245
-1.2994 -1.41699
-1.30187 -1.41443
-1.29759 -1.41689
-1.30051 -1.41373
-1.29885 -1.41529
-1.29948 -1.41716
-1.29984 -1.41457
-1.3004 -1.41559
-1.30057 -1.41667
-1.29987 -1.41589
-1.29993 -1.41275
-1.30366 -1.41408
-1.30245 -1.41108
-1.3003 -1.41543
-1.30092 -1.41404
-1.30252 -1.41033
-1.30514 -1.41287
-1.30083 -1.4146
-1.29871 -1.41298
-1.30313 -1.41496
-1.30107 -1.41225
-1.29936 -1.41585
-1.30042 -1.41457
-1.30083 -1.41493
-1.3026 -1.41445
-1.29981 -1.41264
-1.29969 -1.41503
-1.29769 -1.417
-1.30043 -1.41476
-1.30144 -1.41472
-1.30129 -1.4141
-1.29783 -1.41653
-1.2994 -1.41686
-1.30173 -1.41144
-1.29899 -1.41584
-1.29934 -1.41373
-1.29846 -1.41531
-1.30288 -1.41198
-1.30287 -1.41342
-1.29977 -1.41591
-1.30315 -1.41527
-1.29873 -1.4171
-1.30023 -1.41463
-1.30438 -1.41368
-1.3 -1.41283
-1.29984 -1.41423
-1.30015 -1.41234
-1.30089 -1.41741
-1.30021 -1.41262
-1.3008 -1.41657
-1.29765 -1.41712
-1.29919 -1.40992
-1.29962 -1.4161
-1.29481 -1.41536
-1.30239 -1.414
-1.29963 -1.41356
-1.30003 -1.41471
-1.29812 -1.41271
-1.29707 -1.41211
-1.30217 -1.41611
-1.30051 -1.40953
-1.30098 -1.41149
-1.30092 -1.41193
-1.29822 -1.41377
-1.30025 -1.41177
-1.30041 -1.41224
-1.29951 -1.41323
-1.30065 -1.41187
-1.30114 -1.41122
-1.30048 -1.40953
-1.2973 -1.41308
-1.30008 -1.41084
-1.29939 -1.41059
-1.30062 -1.41399
-1.29673 -1.41322
-1.30223 -1.40806
-1.29957 -1.41325
-1.29844 -1.41034
-1.29826 -1.41167
-1.29988 -1.41249
-1.29977 -1.4101
-1.29951 -1.41191
-1.30004 -1.41211
-1.30054 -1.40754
-1.30164 -1.41368
-1.30017 -1.41174
-1.30262 -1.40615
-1.30063 -1.4107
-1.30296 -1.40987
-1.30406 -1.41032
-1.30097 -1.40884
-1.30066 -1.41022
-1.30316 -1.4068
-1.30053 -1.41151
-1.30106 -1.41141
-1.30404 -1.40711
-1.29935 -1.4118
-1.30198 -1.4099
-1.3038 -1.40911
-1.30098 -1.40977
-1.29904 -1.40705
-1.30257 -1.41024
-1.29869 -1.41143
-1.30321 -1.40582
-1.30049 -1.40848
-1.29964 -1.40847
-1.30242 -1.40477
-1.29805 -1.40913
-1.30326 -1.4065
-1.30029 -1.40638
-1.30194 -1.4057
-1.29982 -1.40935
-1.30085 -1.40682
-1.30075 -1.40825
-1.30158 -1.40595
-1.30025 -1.40737
-1.30217 -1.40513
-1.29901 -1.4101
-1.30286 -1.40528
-1.30299 -1.40524
-1.30292 -1.40398
-1.30231 -1.40609
-1.30324 -1.40545
-1.30335 -1.40206
-1.30059 -1.40703
-1.30427 -1.40481
-1.30314 -1.40382
-1.30298 -1.40556
-1.30133 -1.40634
-1.30439 -1.40343
-1.30102 -1.40288
-1.30376 -1.40371
-1.3001 -1.40577
-1.30065 -1.40182
-1.29928 -1.40403
-1.30118 -1.40551
-1.30396 -1.40429
-1.30042 -1.40382
-1.30061 -1.40462
-1.29918 -1.40412
-1.30043 -1.40421
-1.30157 -1.40358
-1.30225 -1.4053
-1.29882 -1.4032
-1.30152 -1.403
-1.29687 -1.40717
-1.30473 -1.40142
-1.29751 -1.40745
-1.30312 -1.40254
-1.30082 -1.40532
-1.30267 -1.4023
-1.30193 -1.4064
-1.30183 -1.40403
-1.30201 -1.40219
-1.30342 -1.40296
-1.30189 -1.40362
-1.30201 -1.40325
-1.3014 -1.40273
-1.30239 -1.40489
-1.30071 -1.40355
-1.30163 -1.40171
-1.30111 -1.40463
-1.30245 -1.40394
-1.30019 -1.40144
-1.30049 -1.40212
-1.29942 -1.40478
-1.30399 -1.39958
-1.29778 -1.40743
-1.29765 -1.40423
-1.30076 -1.40282
-1.30429 -1.40038
-1.29907 -1.40642
-1.30194 -1.40296
-1.2992 -1.40233
-1.29898 -1.40233
-1.29998 -1.40577
-1.29983 -1.40276
-1.30003 -1.40692
-1.30111 -1.4005
-1.29788 -1.40727
-1.29965 -1.40378
-1.30031 -1.40354
-1.29869 -1.40374
-1.30005 -1.40207
-1.29806 -1.40763
-1.30242 -1.40281
-1.29748 -1.40318
-1.30172 -1.40347
-1.2973 -1.40732
-1.30081 -1.40483
-1.29763 -1.40754
-1.30252 -1.40246
-1.29935 -1.40598
-1.30066 -1.40368
-1.30139 -1.40444
-1.30175 -1.405
-1.3013 -1.40197
-1.30247 -1.40481
-1.29806 -1.40568
-1.30093 -1.40374
-1.29928 -1.40721
-1.30182 -1.40635
-1.30069 -1.40971
-1.30031 -1.40338
-1.30036 -1.40563
-1.30145 -1.40585
-1.30117 -1.3995
-1.29889 -1.40741
-1.30045 -1.40534
-1.29968 -1.40558
-1.29925 -1.40741
-1.30043 -1.4009
-1.30092 -1.40464
-1.29531 -1.40677
-1.2993 -1.4032
-1.3006 -1.40459
-1.29687 -1.40582
-1.29857 -1.40165
-1.29881 -1.40282
-1.29732 -1.40346
-1.29656 -1.4044
-1.30273 -1.40084
-1.29755 -1.40298
-1.29965 -1.39968
-1.29984 -1.40371
-1.30048 -1.40231
-1.30064 -1.40404
-1.30053 -1.40442
-1.30183 -1.4015
-1.29913 -1.40563
-1.30147 -1.4018
-1.3019 -1.40248
-1.30104 -1.40225
-1.29974 -1.40218
-1.3005 -1.40141
-1.30037 -1.39885
-1.29998 -1.40241
-1.30235 -1.40105
-1.30054 -1.40146
-1.30111 -1.40079
-1.29907 -1.40047
-1.3003 -1.39841
-1.30086 -1.40115
-1.30036 -1.39929
-1.30448 -1.4004
-1.30068 -1.39984
-1.30221 -1.40315
-1.30224 -1.39928
-1.3027 -1.39863
-1.30233 -1.4011
-1.29942 -1.40536
-1.30132 -1.39925
-1.30191 -1.39994
-1.30194 -1.40357
-1.30252 -1.40166
-1.30135 -1.40234
-1.29981 -1.40176
-1.30312 -1.40166
-1.30118 -1.40154
-1.3021 -1.4023
-1.30165 -1.39944
-1.30135 -1.40225
-1.3013 -1.40198
-1.30259 -1.40141
-1.30143 -1.40369
-1.30035 -1.40165
-1.29965 -1.40241
-1.3015 -1.40237
-1.29867 -1.40077
-1.29986 -1.40754
-1.29833 -1.40139
-1.29817 -1.40153
-1.30171 -1.40286
-1.2984 -1.40287
-1.30171 -1.40305
-1.29821 -1.40256
-1.29948 -1.40125
-1.30023 -1.4042
-1.2988 -1.40355
-1.30082 -1.40156
-1.29967 -1.40057
-1.29888 -1.40258
-1.29864 -1.40042
-1.29822 -1.40089
-1.29864 -1.40118
-1.30097 -1.4003
-1.29796 -1.40085
-1.30293 -1.40006
-1.2983 -1.40084
-1.30146 -1.39835
-1.29876 -1.40089
-1.29927 -1.40012
-1.30052 -1.39914
-1.30165 -1.40012
-1.29804 -1.39976
-1.29954 -1.40037
-1.29964 -1.39762
-1.3007 -1.40001
-1.29864 -1.39981
-1.30109 -1.39932
-1.29998 -1.40014
-1.30217 -1.39984
-1.296 -1.40107
-1.30133 -1.39994
-1.29965 -1.40061
-1.29822 -1.40068
-1.30177 -1.39935
-1.30033 -1.40192
-1.29955 -1.39696
-1.30012 -1.39837
-1.30001 -1.39676
-1.29777 -1.40181
-1.29871 -1.3993
-1.30057 -1.39951
-1.29891 -1.3987
-1.30171 -1.39545
-1.30198 -1.39723
-1.29905 -1.39725
-1.2987 -1.39801
-1.3027 -1.39567
-1.29974 -1.39842
-1.29971 -1.39549
-1.29965 -1.39988
-1.30043 -1.39802
-1.30086 -1.39824
-1.30002 -1.39565
-1.29747 -1.40147
-1.30016 -1.39758
-1.29996 -1.39343
-1.29887 -1.39766
-1.29817 -1.3959
-1.30045 -1.39726
-1.29984 -1.39428
-1.30259 -1.39466
-1.29708 -1.39761
-1.29737 -1.39509
-1.29824 -1.39722
-1.29795 -1.39598
-1.30049 -1.39712
-1.29703 -1.39734
-1.30016 -1.39647
-1.29682 -1.39813
-1.2991 -1.39912
-1.30031 -1.39405
-1.29876 -1.39771
-1.30206 -1.39396
-1.29886 -1.39663
-1.30033 -1.39499
-1.30091 -1.39476
-1.29832 -1.39734
-1.29939 -1.39281
-1.30044 -1.39536
-1.30222 -1.39554
-1.29709 -1.39638
-1.30108 -1.39529
-1.29873 -1.39564
-1.29914 -1.39701
-1.29975 -1.39421
-1.29782 -1.39366
-1.29976 -1.39647
-1.29728 -1.39521
-1.29822 -1.39404
-1.29873 -1.39739
-1.29904 -1.39435
-1.29409 -1.39783
-1.30044 -1.3924
-1.29834 -1.39628
-1.29832 -1.39295
-1.29505 -1.39898
-1.29735 -1.39809
-1.29763 -1.39481
-1.2992 -1.39357
-1.29608 -1.39832
-1.2984 -1.39794
-1.29846 -1.39454
-1.2977 -1.39474
-1.29663 -1.39574
-1.29796 -1.39656
-1.29642 -1.39519
-1.29852 -1.39361
-1.29723 -1.39571
-1.29811 -1.39594
-1.29772 -1.39252
-1.30023 -1.39408
-1.29764 -1.39825
-1.29682 -1.39546
-1.29796 -1.39406
-1.29659 -1.39602
-1.29971 -1.39536
-1.29717 -1.39642
-1.29817 -1.39308
-1.29978 -1.39608
-1.29847 -1.39667
-1.29699 -1.39301
-1.29886 -1.39499
-1.2985 -1.3951
-1.2995 -1.3925
-1.29614 -1.3938
-1.2984 -1.39407
-1.30144 -1.39108
-1.30097 -1.39021
-1.29596 -1.39515
-1.29776 -1.3928
-1.3001 -1.39538
-1.2984 -1.39096
-1.29891 -1.39348
-1.29728 -1.39164
-1.30099 -1.39241
-1.29771 -1.39313
-1.29851 -1.3932
-1.30044 -1.39364
-1.29819 -1.39073
-1.29935 -1.39254
-1.30097 -1.39143
-1.29879 -1.3931
-1.29786 -1.39302
-1.29974 -1.39014
-1.2987 -1.39328
-1.29762 -1.39244
-1.29808 -1.39363
-1.29763 -1.39113
-1.30124 -1.39156
-1.29872 -1.39229
-1.29905 -1.39103
-1.29726 -1.39122
-1.30033 -1.39096
-1.29927 -1.39359
-1.29863 -1.39233
-1.30009 -1.39052
-1.30051 -1.38725
-1.29712 -1.39252
-1.29829 -1.39357
-1.30121 -1.39121
-1.29814 -1.39276
-1.29965 -1.38993
-1.29819 -1.39215
-1.29931 -1.39072
-1.29998 -1.38961
-1.29836 -1.39283
-1.29672 -1.38939
-1.30033 -1.38794
-1.3013 -1.39033
-1.29886 -1.38824
-1.29944 -1.39074
-1.29978 -1.39018
-1.29607 -1.38837
-1.29679 -1.39049
-1.30375 -1.38965
-1.29692 -1.39097
-1.299 -1.38987
-1.29761 -1.39164
-1.29709 -1.38761
-1.30055 -1.39204
-1.29678 -1.39083
-1.29773 -1.39024
-1.29945 -1.38607
-1.2987 -1.38915
-1.29706 -1.3885
-1.29637 -1.38895
-1.29694 -1.39203
-1.29721 -1.3874
-1.29652 -1.38888
-1.30231 -1.38615
-1.29929 -1.38745
-1.29761 -1.38956
-1.30046 -1.38372
-1.29654 -1.38867
-1.29809 -1.38612
-1.30004 -1.3855
-1.29705 -1.38645
-1.30149 -1.38546
-1.29995 -1.38328
-1.29654 -1.38787
-1.30134 -1.38452
-1.3004 -1.38447
-1.3015 -1.3842
-1.29955 -1.38382
-1.30137 -1.38566
-1.29858 -1.38186
-1.2992 -1.38564
-1.30084 -1.38557
-1.29936 -1.38579
-1.29711 -1.38591
-1.30182 -1.38321
-1.29866 -1.38502
-1.30041 -1.38364
-1.29768 -1.38827
-1.30067 -1.38325
-1.29839 -1.38854
-1.29741 -1.38379
-1.29909 -1.38507
-1.30132 -1.38763
-1.30077 -1.38451
-1.29935 -1.38343
-1.29863 -1.38583
-1.30235 -1.38384
-1.29981 -1.38518
-1.30043 -1.38738
-1.29838 -1.38507
-1.2999 -1.38218
-1.2984 -1.38395
-1.29863 -1.38673
-1.29957 -1.38603
-1.29902 -1.3874
-1.29951 -1.38462
-1.29897 -1.38893
-1.3002 -1.38663
-1.29687 -1.38883
-1.2983 -1.38848
-1.29682 -1.38801
-1.29728 -1.38737
-1.29898 -1.38959
-1.298 -1.38797
-1.29742 -1.38787
-1.29794 -1.38595
-1.29859 -1.38759
-1.29949 -1.38821
-1.29734 -1.38631
-1.29989 -1.38461
-1.29796 -1.38768
-1.29619 -1.39041
-1.3001 -1.38741
-1.29669 -1.38831
-1.29962 -1.38618
-1.29712 -1.38597
-1.29803 -1.38799
-1.30043 -1.38553
-1.30049 -1.38337
-1.30053 -1.38549
-1.29971 -1.38676
-1.29781 -1.38477
-1.30111 -1.38714
-1.29793 -1.38441
-1.29979 -1.38733
-1.2979 -1.38405
-1.30153 -1.38371
-1.29955 -1.38352
-1.29737 -1.38531
-1.30122 -1.38389
-1.29871 -1.38435
-1.30103 -1.38266
-1.29859 -1.38471
-1.3001 -1.38311
-1.30299 -1.383
-1.29855 -1.38615
-1.29854 -1.38489
-1.30162 -1.38395
-1.29691 -1.37979
-1.29813 -1.3876
-1.30027 -1.38279
-1.30143 -1.37958
-1.30051 -1.38285
-1.29924 -1.38349
-1.29895 -1.38593
-1.29917 -1.38236
-1.30029 -1.38084
-1.29893 -1.38577
-1.29893 -1.38021
-1.29797 -1.38461
-1.29942 -1.38114
-1.2984 -1.3857
-1.29992 -1.38257
-1.30039 -1.38275
-1.29703 -1.38348
-1.29823 -1.38136
-1.29735 -1.3836
-1.29902 -1.38146
-1.29822 -1.38155
-1.29785 -1.38367
-1.29876 -1.37963
-1.29472 -1.38294
-1.29737 -1.38458
-1.29691 -1.38425
-1.2985 -1.38057
-1.29693 -1.38373
-1.29654 -1.38483
-1.29681 -1.38375
-1.30077 -1.3815
-1.29703 -1.38068
-1.29541 -1.38698
-1.30227 -1.37771
-1.2967 -1.38199
-1.30111 -1.37956
-1.29471 -1.38266
-1.29634 -1.38388
-1.29867 -1.38266
-1.29657 -1.38154
-1.2952 -1.38111
-1.29919 -1.37977
-1.29662 -1.38346
-1.29709 -1.37971
-1.29495 -1.3824
-1.29482 -1.38365
-1.29717 -1.38017
-1.29556 -1.38502
-1.29511 -1.38273
-1.29598 -1.38252
-1.29775 -1.38073
-1.29597 -1.38035
-1.29504 -1.38444
-1.29501 -1.38272
-1.29427 -1.38282
-1.29619 -1.37944
-1.29055 -1.38472
-1.29686 -1.37898
-1.2963 -1.38485
-1.29529 -1.37849
-1.29468 -1.38268
-1.29627 -1.38213
-1.29702 -1.38196
-1.2934 -1.38287
-1.29572 -1.38041
-1.29608 -1.37934
-1.29496 -1.38091
-1.29519 -1.37862
-1.29462 -1.37842
-1.29842 -1.37826
-1.29417 -1.37992
-1.2918 -1.38192
-1.29527 -1.37849
-1.29447 -1.3816
-1.29478 -1.37858
-1.29311 -1.38316
-1.29451 -1.37984
-1.29429 -1.38132
-1.29347 -1.38181
-1.29484 -1.38154
-1.29249 -1.38093
-1.291 -1.38363
-1.29606 -1.38188
-1.29202 -1.3846
-1.29341 -1.37908
-1.29087 -1.38148
-1.29475 -1.38062
-1.29259 -1.38107
-1.29204 -1.38028
-1.29241 -1.38284
-1.29171 -1.38046
-1.29484 -1.3794
-1.29251 -1.38054
-1.29107 -1.3788
-1.29297 -1.38011
-1.29067 -1.38374
-1.29322 -1.38132
-1.29319 -1.37935
-1.29127 -1.38165
-1.29041 -1.38215
-1.292 -1.37982
-1.2941 -1.38192
-1.28918 -1.38273
-1.29541 -1.37827
-1.29037 -1.37935
-1.29103 -1.38274
-1.29365 -1.3789
-1.29104 -1.38383
-1.28982 -1.37971
-1.29262 -1.37989
-1.29103 -1.37951
-1.29155 -1.38085
-1.2945 -1.37906
-1.29151 -1.37993
-1.29117 -1.38146
-1.29161 -1.38066
-1.29077 -1.38146
-1.29047 -1.38081
-1.29416 -1.37786
-1.29328 -1.37877
-1.29299 -1.37798
-1.29364 -1.38001
-1.29011 -1.38064
-1.29268 -1.37837
-1.29184 -1.37833
-1.28937 -1.37772
-1.29103 -1.37908
-1.29481 -1.37812
-1.29005 -1.37982
-1.29147 -1.37877
-1.29295 -1.37687
-1.29234 -1.37742
-1.28994 -1.3787
-1.28995 -1.37614
-1.2954 -1.37709
-1.29195 -1.37837
-1.29286 -1.37812
-1.29166 -1.37443
-1.29263 -1.37456
-1.29327 -1.37717
-1.29333 -1.37731
-1.29396 -1.37477
-1.29274 -1.37596
-1.29062 -1.37697
-1.29385 -1.37483
-1.29088 -1.37369
-1.29 -1.37552
-1.29286 -1.37735
-1.29005 -1.37944
-1.29105 -1.37706
-1.29235 -1.37755
-1.2908 -1.37772
-1.29364 -1.37509
-1.29238 -1.37413
-1.29366 -1.37546
-1.28995 -1.37519
-1.29487 -1.3746
-1.29028 -1.37685
-1.29602 -1.37381
-1.29189 -1.37448
-1.2923 -1.37173
-1.29238 -1.3744
-1.29213 -1.3738
-1.29246 -1.37133
-1.29473 -1.37152
-1.29385 -1.37682
-1.29135 -1.37491
-1.2915 -1.37322
-1.292 -1.37499
-1.29151 -1.37673
-1.29466 -1.37311
-1.29142 -1.37552
-1.28921 -1.37605
-1.29337 -1.37559
-1.2909 -1.37829
-1.29028 -1.37164
-1.29134 -1.37507
-1.29076 -1.37527
-1.29257 -1.37186
-1.28769 -1.37921
-1.2935 -1.37182
-1.29177 -1.37476
-1.29213 -1.37444
-1.2892 -1.37704
-1.29265 -1.37421
-1.28968 -1.37597
-1.29139 -1.37452
-1.29069 -1.37384
-1.29185 -1.37408
-1.2906 -1.37134
-1.29184 -1.37381
-1.28683 -1.37507
-1.29223 -1.37242
-1.29142 -1.37342
-1.28895 -1.37331
-1.29041 -1.37572
-1.29164 -1.37363
-1.28745 -1.37707
-1.29251 -1.37058
-1.29205 -1.37609
-1.28842 -1.37439
-1.28949 -1.37524
-1.29123 -1.37002
-1.28804 -1.37435
-1.29221 -1.37136
-1.2912 -1.37495
-1.28915 -1.37654
-1.29068 -1.37333
-1.29225 -1.37252
-1.28814 -1.37342
-1.28961 -1.37316
-1.28842 -1.37691
-1.29365 -1.36732
-1.28993 -1.37414
-1.2887 -1.37441
-1.2942 -1.37024
-1.28971 -1.3724
-1.29138 -1.3735
-1.29295 -1.37183
-1.2898 -1.37498
-1.29205 -1.37117
-1.29261 -1.37112
-1.29261 -1.37032
-1.29123 -1.37336
-1.28997 -1.3717
-1.29297 -1.37028
-1.29199 -1.37174
-1.28847 -1.37466
-1.29094 -1.37358
-1.29118 -1.37109
-1.29025 -1.3737
-1.2918 -1.3699
-1.29111 -1.36967
-1.2899 -1.37205
-1.29118 -1.37138
-1.2895 -1.37128
-1.2897 -1.37379
-1.29035 -1.36978
-1.28798 -1.37209
-1.29234 -1.37146
-1.28583 -1.37412
-1.29002 -1.374
-1.28918 -1.37175
-1.29052 -1.37128
-1.28779 -1.37217
-1.29003 -1.37071
-1.28849 -1.37349
-1.28928 -1.36956
-1.29052 -1.37105
-1.28773 -1.3699
-1.28836 -1.3708
-1.28858 -1.37463
-1.28987 -1.36565
-1.28774 -1.37015
-1.29009 -1.37033
-1.28942 -1.37019
-1.29046 -1.37151
-1.28605 -1.37514
-1.29073 -1.371
-1.28902 -1.37073
-1.28612 -1.372
-1.28889 -1.37031
-1.28845 -1.37153
-1.28665 -1.3712
-1.28854 -1.36784
-1.28794 -1.37026
-1.28685 -1.36865
-1.2862 -1.36927
-1.28682 -1.37099
-1.29037 -1.36906
-1.28637 -1.36935
-1.28638 -1.37038
-1.2899 -1.37003
-1.28466 -1.36919
-1.28672 -1.3681
-1.28848 -1.36512
-1.28995 -1.36906
-1.28642 -1.37127
-1.2869 -1.36958
-1.28978 -1.36739
-1.28481 -1.37045
-1.28933 -1.36765
-1.28798 -1.36836
-1.286 -1.36868
-1.28896 -1.36932
-1.28694 -1.3683
-1.28891 -1.36702
-1.28844 -1.36696
-1.28663 -1.36749
-1.28732 -1.36554
-1.28873 -1.36621
-1.28711 -1.36554
-1.28871 -1.36845
-1.28897 -1.36782
-1.2874 -1.36655
-1.28823 -1.36366
-1.28971 -1.36572
-1.28736 -1.36299
-1.28896 -1.36759
-1.2887 -1.3641
-1.2903 -1.36638
-1.28815 -1.36379
-1.28855 -1.36601
-1.29021 -1.36524
-1.29043 -1.35915
-1.29099 -1.36545
-1.2882 -1.36331
-1.28917 -1.36485
-1.2913 -1.36391
-1.28856 -1.3662
-1.28763 -1.36455
-1.28954 -1.36571
-1.28771 -1.36567
-1.28943 -1.36509
-1.28628 -1.36601
-1.28787 -1.36562
-1.28765 -1.36258
-1.28974 -1.36379
-1.28573 -1.36413
-1.29019 -1.36514
-1.28784 -1.36562
-1.28883 -1.36321
-1.28684 -1.36635
-1.28959 -1.36404
-1.28741 -1.36288
-1.2905 -1.36445
-1.28719 -1.36438
-1.28561 -1.36706
-1.2877 -1.36338
-1.28752 -1.36151
-1.28723 -1.36756
-1.28651 -1.36601
-1.28933 -1.36278
-1.28958 -1.36282
-1.28757 -1.36298
-1.2881 -1.36738
-1.2885 -1.36309
-1.28852 -1.36505
-1.28719 -1.36503
-1.28728 -1.36608
-1.28841 -1.3619
-1.28442 -1.36448
-1.28717 -1.36602
-1.28891 -1.35912
-1.28512 -1.36499
-1.28725 -1.36264
-1.2853 -1.36227
-1.28522 -1.36416
-1.28535 -1.36221
-1.2863 -1.36171
-1.28452 -1.36142
-1.28628 -1.36371
-1.28495 -1.3619
-1.28086 -1.3636
-1.2873 -1.3602
-1.28309 -1.36017
-1.2849 -1.36148
-1.281 -1.36497
-1.28349 -1.36222
-1.28142 -1.36512
-1.28756 -1.3593
-1.28014 -1.36451
-1.28421 -1.36033
-1.28132 -1.36301
-1.28109 -1.36466
-1.28202 -1.36242
-1.28815 -1.36021
-1.28243 -1.36134
-1.2838 -1.36311
-1.28089 -1.36295
-1.28363 -1.36019
-1.28344 -1.36106
-1.28098 -1.3632
-1.2836 -1.36228
-1.28064 -1.36526
-1.28398 -1.36171
-1.28142 -1.36285
-1.2823 -1.36196
-1.28073 -1.36291
-1.28283 -1.36384
-1.28162 -1.3636
-1.28267 -1.36049
-1.28222 -1.36038
-1.28236 -1.36289
-1.28443 -1.35949
-1.28328 -1.35922
-1.28236 -1.35767
-1.28402 -1.36125
-1.28118 -1.35924
-1.28324 -1.36187
-1.28079 -1.35984
-1.28451 -1.35934
-1.28063 -1.36136
-1.28171 -1.36173
-1.28413 -1.35878
-1.28034 -1.36249
-1.28312 -1.35902
-1.28256 -1.35956
-1.27927 -1.3622
-1.28026 -1.36206
-1.27962 -1.3618
-1.27941 -1.3626
-1.28292 -1.35841
-1.27821 -1.36419
-1.28212 -1.36045
-1.27896 -1.36382
-1.2853 -1.35819
-1.27937 -1.36185
-1.28122 -1.36006
-1.28254 -1.3541
-1.27967 -1.36352
-1.2819 -1.35784
-1.28084 -1.35613
-1.28012 -1.36136
-1.28161 -1.35695
-1.28092 -1.35823
-1.28213 -1.35614
-1.28271 -1.3572
-1.28298 -1.3581
-1.28053 -1.35985
-1.2815 -1.35608
-1.28142 -1.35972
-1.28239 -1.35862
-1.28058 -1.35763
-1.28411 -1.35744
-1.27675 -1.35887
-1.28503 -1.35523
-1.27952 -1.35927
-1.28247 -1.3598
-1.28052 -1.35782
-1.28388 -1.35693
-1.28155 -1.35829
-1.28276 -1.35825
-1.28134 -1.35616
-1.28347 -1.35785
-1.28077 -1.35618
-1.28113 -1.35934
-1.28397 -1.35253
-1.28022 -1.35888
-1.28241 -1.35555
-1.28249 -1.35343
-1.28271 -1.35364
-1.28116 -1.35624
-1.28156 -1.35584
-1.28163 -1.35637
-1.28095 -1.35787
-1.28272 -1.35389
-1.27994 -1.35533
-1.28085 -1.35702
-1.28152 -1.35772
-1.28305 -1.35411
-1.28171 -1.35637
-1.28066 -1.35543
-1.28188 -1.35552
-1.2817 -1.35862
-1.28189 -1.35197
-1.28112 -1.35836
-1.28194 -1.35389
-1.28149 -1.35799
-1.2794 -1.35479
-1.28148 -1.35608
-1.28038 -1.35627
-1.2782 -1.35665
-1.27829 -1.35368
-1.27949 -1.3554
-1.28255 -1.35506
-1.27862 -1.35445
-1.27886 -1.35457
-1.28071 -1.35496
-1.27997 -1.35717
-1.28028 -1.35577
-1.27944 -1.35145
-1.28283 -1.35473
-1.28104 -1.35502
-1.28201 -1.35293
-1.28051 -1.35583
-1.27889 -1.35903
-1.28311 -1.35426
-1.27827 -1.35741
-1.28002 -1.35599
-1.28091 -1.35532
-1.28043 -1.35522
-1.28177 -1.35555
-1.28093 -1.35309
-1.2798 -1.35334
-1.27931 -1.35409
-1.28096 -1.35541
-1.28037 -1.35114
-1.27905 -1.35454
-1.28021 -1.35226
-1.27852 -1.35791
-1.2795 -1.35443
-1.28016 -1.35625
-1.28004 -1.35177
-1.28147 -1.3527
-1.27867 -1.35515
-1.28017 -1.35502
-1.28103 -1.35434
-1.28037 -1.35143
-1.28304 -1.35528
-1.27891 -1.35232
-1.28372 -1.3529
-1.27845 -1.35037
-1.28393 -1.35242
-1.27846 -1.35149
-1.28201 -1.35001
-1.28219 -1.35103
-1.27906 -1.3523
-1.28122 -1.35043
-1.27848 -1.35602
-1.28344 -1.34961
-1.27547 -1.35326
-1.28129 -1.35109
-1.27535 -1.35465
-1.27751 -1.35316
-1.27799 -1.35398
-1.27752 -1.35109
-1.27594 -1.35386
-1.27888 -1.35472
-1.28011 -1.34902
-1.28032 -1.35457
-1.27961 -1.35016
-1.27872 -1.3509
-1.27936 -1.35215
-1.27777 -1.35446
-1.2779 -1.351
-1.28187 -1.35363
-1.27938 -1.35273
-1.27756 -1.35283
-1.27344 -1.35142
-1.27899 -1.35202
-1.27475 -1.35218
-1.27636 -1.35369
-1.27627 -1.35362
-1.27835 -1.34752
-1.27694 -1.35162
-1.27815 -1.35204
-1.27743 -1.34966
-1.27896 -1.35095
-1.27504 -1.35201
-1.27825 -1.35025
-1.27842 -1.34817
-1.27434 -1.35294
-1.27858 -1.3496
-1.27862 -1.3512
-1.27795 -1.35266
-1.27599 -1.34819
-1.27821 -1.3524
-1.27752 -1.35181
-1.2777 -1.34796
-1.27552 -1.35174
-1.27791 -1.34891
-1.27813 -1.34885
-1.2786 -1.3488
-1.27444 -1.35296
-1.27671 -1.35182
-1.27938 -1.34873
-1.27854 -1.34891
-1.27651 -1.35318
-1.27981 -1.34818
-1.2756 -1.35076
-1.28071 -1.34913
-1.277 -1.35015
-1.27601 -1.3455
-1.27994 -1.34842
-1.27632 -1.35007
-1.27648 -1.34734
-1.27815 -1.34657
-1.27878 -1.34758
-1.2791 -1.34532
-1.27728 -1.3483
-1.27605 -1.35075
-1.2767 -1.34702
-1.27924 -1.34677
-1.27604 -1.34652
-1.27633 -1.35007
-1.27995 -1.34666
-1.27813 -1.34626
-1.27822 -1.34749
-1.27598 -1.35004
-1.27957 -1.34433
-1.27685 -1.34877
-1.27575 -1.3492
-1.27727 -1.34629
-1.27906 -1.347
-1.27576 -1.34893
-1.27856 -1.34664
-1.27729 -1.34692
-1.27804 -1.34874
-1.27592 -1.34636
-1.27698 -1.34801
-1.27537 -1.34926
-1.27856 -1.34466
-1.27679 -1.34512
-1.27826 -1.34627
-1.27615 -1.3487
-1.27812 -1.34402
-1.27927 -1.3446
-1.27936 -1.34495
-1.27666 -1.34939
-1.28026 -1.34353
-1.27736 -1.34714
-1.2786 -1.34491
-1.27889 -1.34927
-1.2798 -1.34689
-1.2779 -1.34453
-1.27643 -1.34594
-1.2773 -1.34867
-1.27743 -1.34427
-1.27852 -1.34374
-1.27849 -1.34749
-1.27503 -1.34861
-1.27448 -1.34557
-1.27818 -1.34193
-1.27423 -1.34597
-1.27782 -1.34133
-1.27569 -1.34619
-1.2765 -1.34508
-1.27765 -1.34617
-1.27293 -1.34592
-1.27573 -1.34566
-1.2762 -1.34257
-1.27657 -1.35012
-1.27435 -1.34754
-1.27592 -1.34369
-1.27637 -1.34717
-1.27468 -1.34495
-1.27713 -1.34226
-1.27573 -1.3484
-1.27456 -1.34565
-1.27623 -1.34784
-1.27449 -1.34249
-1.27594 -1.34405
-1.2749 -1.34505
-1.27578 -1.34351
-1.27251 -1.34635
-1.27586 -1.34386
-1.27632 -1.3423
-1.27263 -1.34441
-1.27517 -1.34337
-1.2752 -1.34199
-1.27219 -1.34568
-1.27244 -1.34686
-1.27516 -1.34291
-1.27299 -1.34193
-1.27405 -1.34354
-1.27398 -1.34137
-1.27537 -1.34226
-1.27125 -1.34361
-1.27358 -1.3414
-1.27278 -1.34573
-1.27259 -1.33958
-1.2737 -1.3431
-1.27397 -1.34209
-1.27416 -1.34308
-1.27013 -1.34549
-1.27498 -1.34155
-1.27254 -1.34453
-1.27155 -1.34025
-1.27237 -1.34492
-1.27201 -1.34148
-1.2715 -1.34543
-1.27396 -1.34353
-1.27078 -1.34472
-1.27167 -1.34296
-1.27402 -1.34129
-1.27359 -1.34306
-1.27365 -1.34018
-1.2749 -1.3423
-1.27327 -1.34169
-1.27342 -1.3428
-1.27414 -1.34088
-1.27244 -1.34139
-1.27363 -1.3429
-1.27347 -1.34091
-1.27249 -1.34427
-1.27392 -1.34174
-1.27349 -1.34129
-1.27514 -1.33935
-1.27279 -1.34335
-1.2755 -1.34377
-1.27341 -1.3417
-1.27081 -1.3428
-1.27581 -1.34023
-1.27511 -1.34445
-1.27363 -1.34111
-1.27142 -1.34506
-1.27265 -1.34381
-1.27351 -1.34305
-1.27259 -1.34625
-1.27447 -1.34139
-1.2729 -1.34236
-1.27197 -1.34498
-1.27208 -1.34278
-1.27409 -1.34272
-1.26863 -1.34427
-1.27089 -1.34254
-1.27303 -1.34456
-1.27215 -1.34203
-1.27163 -1.34431
-1.27172 -1.34403
-1.27017 -1.34156
-1.27117 -1.34113
-1.27014 -1.34471
-1.27045 -1.34202
-1.27121 -1.34266
-1.27038 -1.34319
-1.2694 -1.34173
-1.27423 -1.33999
-1.27095 -1.34218
-1.27121 -1.34104
-1.27238 -1.34048
-1.27248 -1.34341
-1.26998 -1.34051
-1.27194 -1.34344
-1.27117 -1.34076
-1.26968 -1.34343
-1.27418 -1.3386
-1.27146 -1.34791
-1.27213 -1.33934
-1.27342 -1.3396
-1.27516 -1.34153
-1.26899 -1.34248
-1.27237 -1.34123
-1.27255 -1.34234
-1.27253 -1.33953
-1.27188 -1.33946
-1.27107 -1.34059
-1.27115 -1.34334
-1.27403 -1.33627
-1.2698 -1.34095
-1.27164 -1.34085
-1.27185 -1.34099
-1.27377 -1.3373
-1.27285 -1.34262
-1.27131 -1.34164
-1.27074 -1.3384
-1.2715 -1.34297
-1.27252 -1.34052
-1.26975 -1.34215
-1.2722 -1.34074
-1.27138 -1.34366
-1.27198 -1.34156
-1.2698 -1.34291
-1.27469 -1.33826
-1.26849 -1.3419
-1.26886 -1.3422
-1.2703 -1.33898
-1.26916 -1.34479
-1.26916 -1.3373
-1.27199 -1.34197
-1.26872 -1.33882
-1.26878 -1.34198
-1.27062 -1.34034
-1.26944 -1.34209
-1.27167 -1.34179
-1.27043 -1.33881
-1.27096 -1.33984
-1.26921 -1.33937
-1.27187 -1.34038
-1.27357 -1.33789
-1.27009 -1.33819
-1.27201 -1.34055
-1.27207 -1.33916
-1.269 -1.3379
-1.26892 -1.34147
-1.27073 -1.33683
-1.27029 -1.33914
-1.2687 -1.34053
-1.2727 -1.33976
-1.26799 -1.34308
-1.26974 -1.33632
-1.27253 -1.33944
-1.27061 -1.34129
-1.26855 -1.33783
-1.27039 -1.33985
-1.26854 -1.34085
-1.27065 -1.3364
-1.26685 -1.33691
-1.27272 -1.3365
-1.26835 -1.33992
-1.27197 -1.33487
-1.26511 -1.33885
-1.27205 -1.33641
-1.26716 -1.33907
-1.27014 -1.3346
-1.26905 -1.33495
-1.26983 -1.33725
-1.26778 -1.33942
-1.26838 -1.33861
-1.26999 -1.33781
-1.27028 -1.33532
-1.26493 -1.34056
-1.26932 -1.33792
-1.27032 -1.33977
-1.27051 -1.33767
-1.26634 -1.33976
-1.27191 -1.33724
-1.26906 -1.33636
-1.27109 -1.33736
-1.26635 -1.33943
-1.27029 -1.3348
-1.26719 -1.33657
-1.26921 -1.33575
-1.26778 -1.33628
-1.27194 -1.33502
-1.2688 -1.33778
-1.2692 -1.33766
-1.26835 -1.33652
-1.26984 -1.33571
-1.26712 -1.33606
-1.26966 -1.33856
-1.26797 -1.33712
-1.26806 -1.3388
-1.26815 -1.33386
-1.26831 -1.33799
-1.26787 -1.338
-1.26891 -1.33861
-1.26604 -1.33713
-1.26962 -1.33996
-1.26744 -1.3364
-1.26883 -1.33978
-1.26729 -1.33497
-1.26807 -1.33542
-1.26853 -1.33799
-1.26714 -1.33583
-1.26843 -1.33699
-1.26524 -1.33881
-1.27048 -1.33374
-1.26733 -1.3368
-1.26837 -1.33684
-1.27136 -1.33751
-1.26911 -1.33507
-1.26841 -1.33542
-1.27171 -1.33517
-1.27109 -1.33678
-1.26974 -1.33293
-1.27059 -1.3368
-1.26984 -1.33612
-1.26884 -1.33579
-1.27053 -1.3339
-1.27123 -1.33484
-1.26976 -1.33579
-1.26889 -1.33431
-1.26967 -1.33518
-1.27167 -1.33247
-1.27113 -1.33223
-1.26777 -1.33423
-1.26852 -1.33555
-1.2714 -1.33487
-1.2706 -1.33725
-1.27056 -1.33334
-1.27295 -1.33316
-1.26858 -1.33574
-1.26847 -1.33598
-1.27272 -1.332
-1.27064 -1.33524
-1.26711 -1.33477
-1.27017 -1.33201
-1.26819 -1.33524
-1.26929 -1.33432
-1.26955 -1.33295
-1.26762 -1.33546
-1.26975 -1.33012
-1.26894 -1.33424
-1.26803 -1.33371
-1.26816 -1.33199
-1.26887 -1.33422
-1.27072 -1.33329
-1.26567 -1.33144
-1.26649 -1.33519
-1.26838 -1.33157
-1.26913 -1.33242
-1.26691 -1.33448
-1.26672 -1.33268
-1.26797 -1.33641
-1.26914 -1.33145
-1.26446 -1.33456
-1.26957 -1.33399
-1.26597 -1.33273
-1.26631 -1.33483
-1.27036 -1.32951
-1.26447 -1.33719
-1.26534 -1.33208
-1.26729 -1.33291
-1.26399 -1.33273
-1.2664 -1.33419
-1.26484 -1.33283
-1.26582 -1.33222
-1.26554 -1.33203
-1.26283 -1.33454
-1.26884 -1.32989
-1.26236 -1.33709
-1.26436 -1.33118
-1.26692 -1.33193
-1.26419 -1.33192
-1.26605 -1.33485
-1.26487 -1.33094
-1.26696 -1.33079
-1.26505 -1.33404
-1.26353 -1.33252
-1.2646 -1.33193
-1.26512 -1.33334
-1.26616 -1.33098
-1.26551 -1.33468
-1.26342 -1.33169
-1.26243 -1.33208
-1.26482 -1.33174
-1.26435 -1.33372
-1.26506 -1.33165
-1.26544 -1.331
-1.26232 -1.33306
-1.26374 -1.33246
-1.26245 -1.33274
-1.26495 -1.32943
-1.2641 -1.33421
-1.26361 -1.33242
-1.26518 -1.33122
-1.26383 -1.33318
-1.26184 -1.33633
-1.2643 -1.32996
-1.26005 -1.33529
-1.26377 -1.32963
-1.26235 -1.33568
-1.26113 -1.33297
-1.26439 -1.33454
-1.26088 -1.33239
-1.26288 -1.33666
