0 0
-0.0871657 -0.0819751
-0.17154 -0.16165
-0.252912 -0.238672
-0.331211 -0.313015
-0.406619 -0.385136
-0.478981 -0.454482
-0.548569 -0.521001
-0.615214 -0.58581
-0.678559 -0.646096
-0.737567 -0.70691
-0.796182 -0.762018
-0.849643 -0.815925
-0.900655 -0.86644
-0.948581 -0.914649
-0.99236 -0.960448
-1.0331 -1.00358
-1.07123 -1.04205
-1.10283 -1.08185
-1.13506 -1.11791
-1.16163 -1.1471
-1.18414 -1.17955
-1.20517 -1.20536
-1.22028 -1.23457
-1.23805 -1.25507
-1.24376 -1.27582
-1.2555 -1.29813
-1.26726 -1.31178
-1.2694 -1.32826
-1.27635 -1.34167
-1.28186 -1.35104
-1.27662 -1.35593
-1.27982 -1.35102
-1.27725 -1.3541
-1.28208 -1.35278
-1.28102 -1.3502
-1.27968 -1.35095
-1.28074 -1.35342
-1.27911 -1.35432
-1.27858 -1.34952
-1.27993 -1.3473
-1.28077 -1.35108
-1.27701 -1.3497
-1.28008 -1.34583
-1.28137 -1.34998
-1.2795 -1.34882
-1.28047 -1.34769
-1.28083 -1.34692
-1.27656 -1.35176
-1.28068 -1.34692
-1.2804 -1.34841
-1.27883 -1.34983
-1.28079 -1.34815
-1.28119 -1.34268
-1.27645 -1.3481
-1.28062 -1.34405
-1.27788 -1.34527
-1.27645 -1.34512
-1.27822 -1.34787
-1.27568 -1.34529
-1.27975 -1.34259
-1.27583 -1.3451
-1.27628 -1.34233
-1.2743 -1.34713
-1.27672 -1.34691
-1.27558 -1.34519
-1.27545 -1.34469
-1.27673 -1.34641
-1.27973 -1.34103
-1.2755 -1.34278
-1.27847 -1.34371
-1.27608 -1.34161
-1.2759 -1.34177
-1.27813 -1.34276
-1.27827 -1.34183
-1.27699 -1.34135
-1.27747 -1.34007
-1.2771 -1.34166
-1.27529 -1.34417
-1.27762 -1.34606
-1.27725 -1.34154
-1.27584 -1.34368
-1.27863 -1.34115
-1.27666 -1.34048
-1.27617 -1.34283
-1.27713 -1.33978
-1.27908 -1.33996
-1.27701 -1.33402
-1.27424 -1.34133
-1.27658 -1.34004
-1.27605 -1.33635
-1.27611 -1.34305
-1.2751 -1.33519
-1.27505 -1.33758
-1.2732 -1.33949
-1.2735 -1.34022
-1.27372 -1.33729
-1.27232 -1.33742
-1.27337 -1.33734
-1.27238 -1.33868
-1.27536 -1.33978
-1.27567 -1.33826
-1.2716 -1.34252
-1.27293 -1.34078
-1.27233 -1.33603
-1.27383 -1.34018
-1.27638 -1.33431
-1.27536 -1.33429
-1.27343 -1.33347
-1.27572 -1.33286
-1.27164 -1.33427
-1.27324 -1.33243
-1.27245 -1.33508
-1.27146 -1.33104
-1.27494 -1.33564
-1.27203 -1.33341
-1.2722 -1.33632
-1.27357 -1.32951
-1.27062 -1.33307
-1.27046 -1.3327
-1.26728 -1.3324
-1.27209 -1.33334
-1.26968 -1.33224
-1.26945 -1.33105
-1.27127 -1.33312
-1.26631 -1.33168
-1.27142 -1.32882
-1.26831 -1.32634
-1.26806 -1.33265
-1.26725 -1.32976
-1.26676 -1.33206
-1.26624 -1.33395
-1.268 -1.32906
-1.2664 -1.33096
-1.26875 -1.32994
-1.26707 -1.33069
-1.26879 -1.32838
-1.26924 -1.32793
-1.2681 -1.32874
-1.26737 -1.32807
-1.26973 -1.33045
-1.26473 -1.32878
-1.26613 -1.33268
-1.26786 -1.33022
-1.26569 -1.32589
-1.26797 -1.3281
-1.26649 -1.3267
-1.2664 -1.32865
-1.26452 -1.32708
-1.26344 -1.32827
-1.26364 -1.32727
-1.26305 -1.33023
-1.2621 -1.32846
-1.26508 -1.32782
-1.26208 -1.32539
-1.26232 -1.33057
-1.26011 -1.32765
-1.26248 -1.32624
-1.26229 -1.32463
-1.2645 -1.32259
-1.26383 -1.32294
-1.26285 -1.32299
-1.26716 -1.32353
-1.26787 -1.31928
-1.2644 -1.32439
-1.26635 -1.32114
-1.26345 -1.32349
-1.26522 -1.31923
-1.26608 -1.32194
-1.26528 -1.31883
-1.26631 -1.31822
-1.26309 -1.32329
-1.26488 -1.32057
-1.26315 -1.32104
-1.26536 -1.32297
-1.2661 -1.3172
-1.26617 -1.31727
-1.26147 -1.32114
-1.26697 -1.31489
-1.25966 -1.32231
-1.26483 -1.3185
-1.26626 -1.31711
-1.26415 -1.31991
-1.26418 -1.31766
-1.26524 -1.31781
-1.26041 -1.31951
-1.26822 -1.31515
-1.26672 -1.31526
-1.2652 -1.31541
-1.26367 -1.3172
-1.2643 -1.31711
-1.26386 -1.31495
-1.26681 -1.31712
-1.26115 -1.31746
-1.26471 -1.31404
-1.26277 -1.31662
-1.26544 -1.31447
-1.26533 -1.31266
-1.26423 -1.3193
-1.26284 -1.31535
-1.26394 -1.31367
-1.26474 -1.31278
-1.26669 -1.31372
-1.26233 -1.31361
-1.26781 -1.30785
-1.26605 -1.31105
-1.26704 -1.31048
-1.2671 -1.31109
-1.26535 -1.31043
-1.2676 -1.31313
-1.26355 -1.3098
-1.2647 -1.3088
-1.26834 -1.31114
-1.26328 -1.31202
-1.26358 -1.30653
-1.26408 -1.31048
-1.26572 -1.30892
-1.26177 -1.30837
-1.26345 -1.30977
-1.26263 -1.31146
-1.26465 -1.30698
-1.26327 -1.31017
-1.26185 -1.31115
-1.26245 -1.30765
-1.26195 -1.31144
-1.26216 -1.30397
-1.26454 -1.30396
-1.26325 -1.30698
-1.26137 -1.3071
-1.26298 -1.30592
-1.26117 -1.30707
-1.26184 -1.30728
-1.26412 -1.30779
-1.26238 -1.30852
-1.26049 -1.30614
-1.26412 -1.30899
-1.25979 -1.30898
-1.26073 -1.30347
-1.25887 -1.30783
-1.25943 -1.30754
-1.25833 -1.30461
-1.26116 -1.30588
-1.25591 -1.30826
-1.26187 -1.30575
-1.25546 -1.3113
-1.25742 -1.30432
-1.25931 -1.30417
-1.25951 -1.30673
-1.25785 -1.30301
-1.25855 -1.30262
-1.25616 -1.30625
-1.25866 -1.30452
-1.26015 -1.3041
-1.25567 -1.30459
-1.25742 -1.30585
-1.25749 -1.30204
-1.25591 -1.30611
-1.25639 -1.30529
-1.25765 -1.305
-1.25316 -1.30504
-1.25458 -1.30385
-1.25568 -1.30478
-1.25536 -1.30298
-1.25766 -1.3041
-1.25297 -1.3038
-1.25351 -1.30424
-1.25601 -1.30072
-1.25273 -1.30252
-1.25104 -1.3067
-1.25373 -1.30444
-1.25491 -1.30556
-1.25205 -1.30288
-1.25537 -1.30247
-1.25307 -1.30105
-1.25471 -1.30161
-1.25221 -1.30227
-1.25572 -1.29899
-1.25428 -1.30269
-1.25173 -1.30461
-1.25405 -1.29985
-1.25333 -1.30133
-1.25473 -1.30078
-1.25395 -1.30049
-1.25436 -1.29834
-1.25693 -1.29884
-1.25299 -1.29849
-1.25477 -1.29956
-1.25218 -1.3006
-1.254 -1.30225
-1.2533 -1.2983
-1.25055 -1.29981
-1.25282 -1.3026
-1.25212 -1.30008
-1.25271 -1.29828
-1.25163 -1.30002
-1.25201 -1.29949
-1.25436 -1.29501
-1.25348 -1.29901
-1.25466 -1.2959
-1.256 -1.29603
-1.25673 -1.29703
-1.25559 -1.29649
-1.25358 -1.29721
-1.25471 -1.29722
-1.25219 -1.29751
-1.25586 -1.29659
-1.25486 -1.29585
-1.25266 -1.29458
-1.25684 -1.29432
-1.25499 -1.29418
-1.25328 -1.30103
-1.25441 -1.2926
-1.25382 -1.29894
-1.25487 -1.29381
-1.25564 -1.29183
-1.25204 -1.29658
-1.25156 -1.29584
-1.25057 -1.29521
-1.2498 -1.29427
-1.25007 -1.29719
-1.25222 -1.2907
-1.25255 -1.29249
-1.25011 -1.29448
-1.25015 -1.29481
-1.25335 -1.29188
-1.24859 -1.29285
-1.25246 -1.28789
-1.25052 -1.29018
-1.24883 -1.29308
-1.25152 -1.28744
-1.25261 -1.29205
-1.24997 -1.28781
-1.24966 -1.29122
-1.24976 -1.29244
-1.25098 -1.29278
-1.2522 -1.28965
-1.25187 -1.29192
-1.2501 -1.29298
-1.25089 -1.28979
-1.2496 -1.29191
-1.2494 -1.28964
-1.2499 -1.29393
-1.25057 -1.28834
-1.24929 -1.2918
-1.24973 -1.28837
-1.25064 -1.28799
-1.24699 -1.28933
-1.24978 -1.29144
-1.24837 -1.2904
-1.25065 -1.28485
-1.24887 -1.28766
-1.24785 -1.28673
-1.24784 -1.28724
-1.2498 -1.28819
-1.24327 -1.29077
-1.24581 -1.28837
-1.2475 -1.28849
-1.24892 -1.28436
-1.24664 -1.28798
-1.24784 -1.28633
-1.24567 -1.28525
-1.24669 -1.28717
-1.24679 -1.28295
-1.2425 -1.28982
-1.2477 -1.28678
-1.24167 -1.28631
-1.24407 -1.28384
-1.24578 -1.28521
-1.24291 -1.2844
-1.24612 -1.28266
-1.24089 -1.28658
-1.24303 -1.2819
-1.24285 -1.28206
-1.24497 -1.28338
-1.24315 -1.28421
-1.24226 -1.28657
-1.24449 -1.28106
-1.2404 -1.28615
-1.24265 -1.28211
-1.24263 -1.28307
-1.2411 -1.28311
-1.24176 -1.28268
-1.244 -1.28262
-1.24068 -1.28527
-1.24157 -1.28205
-1.24238 -1.28317
-1.24101 -1.28282
-1.24612 -1.27918
-1.24139 -1.28114
-1.249 -1.27603
-1.2386 -1.28446
-1.2414 -1.2819
-1.23867 -1.28068
-1.24212 -1.28328
-1.2395 -1.28234
-1.24179 -1.28357
-1.2422 -1.278
-1.24019 -1.27814
-1.23903 -1.28326
-1.24195 -1.27874
-1.23787 -1.28164
-1.24435 -1.27841
-1.23667 -1.28005
-1.24212 -1.27373
-1.23635 -1.28287
-1.23831 -1.27916
-1.24201 -1.27856
-1.23913 -1.27898
-1.24265 -1.27763
-1.23707 -1.27795
-1.23758 -1.27953
-1.23689 -1.28248
-1.23868 -1.27974
-1.24096 -1.27594
-1.23649 -1.27761
-1.23771 -1.28001
-1.23901 -1.27591
-1.23725 -1.27862
-1.24147 -1.27498
-1.23452 -1.27775
-1.24067 -1.27317
-1.23747 -1.27842
-1.23732 -1.27406
-1.23816 -1.27924
-1.23904 -1.27557
-1.23764 -1.27718
-1.23629 -1.27906
-1.23564 -1.27831
-1.23908 -1.27469
-1.23641 -1.27545
-1.23802 -1.27411
-1.23478 -1.27473
-1.23755 -1.27659
-1.23715 -1.27615
-1.23531 -1.27334
-1.23224 -1.2716
-1.23667 -1.27299
-1.23364 -1.27422
-1.23609 -1.27426
-1.23441 -1.27266
-1.23518 -1.27424
-1.23493 -1.27506
-1.23534 -1.2723
-1.23267 -1.27383
-1.23747 -1.27013
-1.22986 -1.28042
-1.23598 -1.27102
-1.23519 -1.27291
-1.23255 -1.27093
-1.23423 -1.2734
-1.23281 -1.27357
-1.23394 -1.27338
-1.23281 -1.27437
-1.23337 -1.27282
-1.23225 -1.2724
-1.23339 -1.2722
-1.23571 -1.27306
-1.2317 -1.27348
-1.23539 -1.26886
-1.23017 -1.27508
-1.23325 -1.27039
-1.23148 -1.27341
-1.23203 -1.27354
-1.23394 -1.27214
-1.22778 -1.27318
-1.23535 -1.26534
-1.23408 -1.27027
-1.23057 -1.27146
-1.23169 -1.27111
-1.23161 -1.27065
-1.23628 -1.26962
-1.23218 -1.27088
-1.23357 -1.27017
-1.23279 -1.27074
-1.2342 -1.26984
-1.23218 -1.26854
-1.23193 -1.26951
-1.23119 -1.27025
-1.23139 -1.26947
-1.23362 -1.26462
-1.23139 -1.26972
-1.23174 -1.2673
-1.23311 -1.26879
-1.23329 -1.26682
-1.2323 -1.26819
-1.23131 -1.26721
-1.23161 -1.26781
-1.23306 -1.26654
-1.2319 -1.26936
-1.23158 -1.26995
-1.23377 -1.26554
-1.22991 -1.27141
-1.22961 -1.26722
-1.23277 -1.26818
-1.2312 -1.26636
-1.22939 -1.26735
-1.23319 -1.26458
-1.23263 -1.26442
-1.23178 -1.26624
-1.23152 -1.26161
-1.23202 -1.26677
-1.23205 -1.26296
-1.23047 -1.26716
-1.23214 -1.26399
-1.23078 -1.26249
-1.22897 -1.26641
-1.23331 -1.26074
-1.23008 -1.26441
-1.23396 -1.26211
-1.22932 -1.26257
-1.23133 -1.26346
-1.23268 -1.26575
-1.23263 -1.26347
-1.23192 -1.26525
-1.23083 -1.26479
-1.23195 -1.26269
-1.23121 -1.26336
-1.23203 -1.26414
-1.23175 -1.26382
-1.23149 -1.26446
-1.23278 -1.26253
-1.23087 -1.26207
-1.22977 -1.26635
-1.23049 -1.259
-1.2312 -1.2633
-1.22899 -1.26145
-1.22912 -1.2633
-1.23128 -1.25986
-1.228 -1.26279
-1.22664 -1.26493
-1.22583 -1.26411
-1.22866 -1.26097
-1.2273 -1.26143
-1.22615 -1.26528
-1.22941 -1.26103
-1.22415 -1.26348
-1.22547 -1.26421
-1.22683 -1.26249
-1.22573 -1.26328
-1.22602 -1.26418
-1.22568 -1.26381
-1.22543 -1.25911
-1.22595 -1.26687
-1.22568 -1.2648
-1.22812 -1.26202
-1.22724 -1.26382
-1.22397 -1.26875
-1.22784 -1.26284
-1.23036 -1.26032
-1.22605 -1.26229
-1.22576 -1.26469
-1.22651 -1.26049
-1.2246 -1.26337
-1.22465 -1.26239
-1.22699 -1.26153
-1.22405 -1.26379
-1.22524 -1.26317
-1.22441 -1.26142
-1.22772 -1.25897
-1.22392 -1.26295
-1.22722 -1.25797
-1.22397 -1.26107
-1.22791 -1.25895
-1.22252 -1.26265
-1.22705 -1.26021
-1.22489 -1.26354
-1.22538 -1.25797
-1.22323 -1.2627
-1.22573 -1.25683
-1.22494 -1.25864
-1.22356 -1.26213
-1.22492 -1.25734
-1.22404 -1.25828
-1.22619 -1.25732
-1.22249 -1.25896
-1.22348 -1.25773
-1.22614 -1.25373
-1.22404 -1.25775
-1.22597 -1.25701
-1.22601 -1.25332
-1.22664 -1.25164
-1.22871 -1.25266
-1.22888 -1.2521
-1.22508 -1.25389
-1.2247 -1.25148
-1.22625 -1.2522
-1.22687 -1.24993
-1.22357 -1.25827
-1.22581 -1.25092
-1.22468 -1.25652
-1.22225 -1.25764
-1.22353 -1.25245
-1.226 -1.25494
-1.22443 -1.25353
-1.22308 -1.25073
-1.22414 -1.2549
-1.22236 -1.25148
-1.22249 -1.25465
-1.22357 -1.25167
-1.2214 -1.25304
-1.22137 -1.2541
-1.2258 -1.25178
-1.22123 -1.25195
-1.22395 -1.24858
-1.22264 -1.25204
-1.22257 -1.25132
-1.22133 -1.24948
-1.22119 -1.25185
-1.22019 -1.25224
-1.21946 -1.25475
-1.22442 -1.25027
-1.21801 -1.2516
-1.21973 -1.25354
-1.22074 -1.25161
-1.22064 -1.25018
-1.21979 -1.25189
-1.21963 -1.24808
-1.22016 -1.25336
-1.22333 -1.24899
-1.22028 -1.25275
-1.22151 -1.25031
-1.22165 -1.24851
-1.22188 -1.25287
-1.22197 -1.24816
-1.22127 -1.25115
-1.2239 -1.24771
-1.22074 -1.25002
-1.21952 -1.24735
-1.21949 -1.25153
-1.21942 -1.25083
-1.21673 -1.2501
-1.22025 -1.24859
-1.22043 -1.25148
-1.21829 -1.24994
-1.21869 -1.24967
-1.21776 -1.25116
-1.21942 -1.24844
-1.21733 -1.25035
-1.21824 -1.24587
-1.21867 -1.24827
-1.21808 -1.24902
-1.2171 -1.24944
-1.21723 -1.25107
-1.21916 -1.24882
-1.21746 -1.25031
-1.21833 -1.24921
-1.22104 -1.24821
-1.21321 -1.24806
-1.21898 -1.24476
-1.21988 -1.24474
-1.22007 -1.2485
-1.21956 -1.2486
-1.215 -1.25058
-1.21905 -1.24486
-1.21491 -1.24949
-1.21791 -1.24735
-1.21719 -1.24887
-1.21751 -1.24549
-1.21918 -1.24391
-1.21697 -1.24662
-1.21834 -1.24274
-1.2137 -1.24639
-1.21756 -1.24466
-1.21403 -1.24792
-1.21457 -1.24373
-1.21723 -1.24194
-1.21523 -1.24453
-1.21685 -1.24307
-1.21741 -1.24479
-1.21914 -1.24042
-1.21486 -1.24263
-1.21577 -1.24304
-1.2154 -1.24253
-1.21514 -1.24316
-1.21697 -1.24127
-1.2128 -1.24612
-1.2156 -1.24175
-1.216 -1.24233
-1.21571 -1.24475
-1.21458 -1.24258
-1.21387 -1.24183
-1.21572 -1.23909
-1.21205 -1.24577
-1.21639 -1.23999
-1.216 -1.23802
-1.21468 -1.24301
-1.21695 -1.2387
-1.21049 -1.24036
-1.21371 -1.24377
-1.21243 -1.23676
-1.21475 -1.24027
-1.21466 -1.24054
-1.21407 -1.23998
-1.21488 -1.24127
-1.21191 -1.24133
-1.21488 -1.2407
-1.21633 -1.23607
-1.2132 -1.24265
-1.21228 -1.24
-1.2146 -1.23763
-1.2131 -1.24134
-1.21174 -1.23935
-1.21644 -1.23677
-1.21503 -1.2352
-1.21332 -1.2399
-1.21487 -1.23487
-1.21461 -1.23615
-1.21187 -1.23772
-1.21352 -1.23556
-1.21208 -1.24027
-1.21077 -1.23843
-1.21309 -1.23798
-1.21408 -1.23832
-1.21095 -1.2379
-1.21319 -1.2365
-1.21098 -1.24087
-1.21147 -1.23521
-1.21067 -1.23655
-1.21206 -1.2344
-1.21048 -1.23802
-1.21279 -1.23964
-1.21161 -1.23503
-1.2101 -1.23785
-1.21149 -1.23792
-1.21028 -1.23935
-1.20895 -1.23895
-1.21189 -1.2388
-1.21161 -1.23867
-1.21155 -1.23756
-1.20929 -1.24093
-1.21173 -1.23896
-1.21223 -1.23513
-1.20914 -1.23944
-1.20931 -1.23747
-1.20819 -1.23791
-1.21033 -1.23908
-1.20997 -1.23765
-1.2075 -1.24173
-1.21057 -1.23828
-1.2074 -1.24181
-1.21191 -1.2339
-1.21085 -1.2405
-1.21013 -1.23695
-1.2091 -1.23799
-1.21159 -1.23723
-1.21014 -1.23611
-1.21107 -1.23724
-1.20799 -1.23738
-1.20738 -1.23828
-1.20809 -1.23519
-1.20694 -1.2385
-1.20784 -1.23688
-1.20925 -1.23802
-1.20758 -1.23671
-1.20975 -1.23705
-1.20941 -1.23451
-1.20955 -1.23594
-1.20831 -1.2374
-1.20927 -1.23588
-1.20576 -1.239
-1.20929 -1.23303
-1.20491 -1.23589
-1.20766 -1.2341
-1.20601 -1.23406
-1.20526 -1.23692
-1.20586 -1.23724
-1.20478 -1.23846
-1.20396 -1.23598
-1.20631 -1.23416
-1.20428 -1.23543
-1.20861 -1.22974
-1.20597 -1.23655
-1.2073 -1.23486
-1.20869 -1.23178
-1.20501 -1.23312
-1.20789 -1.23332
-1.20376 -1.23476
-1.20693 -1.2349
-1.20982 -1.22956
-1.20414 -1.2325
-1.20684 -1.23356
-1.2076 -1.2291
-1.20404 -1.23398
-1.20544 -1.23452
-1.20682 -1.22895
-1.20582 -1.23269
-1.20706 -1.23069
-1.20407 -1.23372
-1.20797 -1.23011
-1.20858 -1.22948
-1.20501 -1.23263
-1.20643 -1.22924
-1.20527 -1.23419
-1.20808 -1.22957
-1.2048 -1.23305
-1.20486 -1.23289
-1.20616 -1.23267
-1.20821 -1.22815
-1.20327 -1.23245
-1.20596 -1.23091
-1.2061 -1.23126
-1.20778 -1.22916
-1.20417 -1.23188
-1.20861 -1.22763
-1.2056 -1.2323
-1.20481 -1.23252
-1.20762 -1.23008
-1.20589 -1.23007
-1.20921 -1.22687
-1.20565 -1.22775
-1.20459 -1.23011
-1.20438 -1.23159
-1.20591 -1.22948
-1.20674 -1.22752
-1.20424 -1.2288
-1.20971 -1.22898
-1.20443 -1.22811
-1.20822 -1.22642
-1.20629 -1.22871
-1.20374 -1.23174
-1.20749 -1.22314
-1.20303 -1.23017
-1.20552 -1.2262
-1.20503 -1.2271
-1.20154 -1.22867
-1.2067 -1.22396
-1.2035 -1.22469
-1.20161 -1.22567
-1.20379 -1.22229
-1.20399 -1.22652
-1.20635 -1.2224
-1.20136 -1.22486
-1.20212 -1.22811
-1.20391 -1.22493
-1.20485 -1.22389
-1.204 -1.22337
-1.20428 -1.22318
-1.20174 -1.22499
-1.20524 -1.22625
-1.20285 -1.22398
-1.20362 -1.22551
-1.20086 -1.22528
-1.20549 -1.22584
-1.20344 -1.22289
-1.20357 -1.22477
-1.20413 -1.22423
-1.20271 -1.22583
-1.2026 -1.22225
-1.20152 -1.22682
-1.2009 -1.22394
-1.20315 -1.22718
-1.19917 -1.22293
-1.19824 -1.22605
-1.19618 -1.22628
-1.19987 -1.22353
-1.19925 -1.22474
-1.20005 -1.22521
-1.19758 -1.22512
-1.19953 -1.22298
-1.19756 -1.226
-1.19865 -1.22559
-1.19712 -1.22353
-1.19722 -1.22579
-1.20029 -1.22351
-1.19876 -1.22524
-1.19841 -1.22218
-1.20013 -1.22399
-1.19693 -1.22533
-1.20024 -1.22233
-1.19498 -1.22854
-1.19674 -1.22477
-1.19535 -1.23008
-1.1984 -1.22359
-1.1983 -1.22437
-1.19797 -1.2251
-1.19706 -1.22467
-1.20173 -1.22405
-1.1984 -1.22651
-1.19804 -1.22546
-1.2 -1.22367
-1.1974 -1.22511
-1.20042 -1.22571
-1.19847 -1.2237
-1.1981 -1.22266
-1.19543 -1.22761
-1.19741 -1.22531
-1.19672 -1.22553
-1.1925 -1.22838
-1.19613 -1.22418
-1.19451 -1.22713
-1.19852 -1.22131
-1.19553 -1.22331
-1.19987 -1.21946
-1.19439 -1.22484
-1.19634 -1.22058
-1.19543 -1.22005
-1.19286 -1.2268
-1.19341 -1.22511
-1.1937 -1.2256
-1.1954 -1.22621
-1.1958 -1.22453
-1.1967 -1.22132
-1.19527 -1.22291
-1.19259 -1.22067
-1.19391 -1.22389
-1.19153 -1.22689
-1.1913 -1.22609
-1.19292 -1.22605
-1.19278 -1.22306
-1.192 -1.22118
-1.19145 -1.22475
-1.19327 -1.2226
-1.19194 -1.22487
-1.1898 -1.22376
-1.19152 -1.22215
-1.18891 -1.22814
-1.19269 -1.22494
-1.19248 -1.22247
-1.18997 -1.22624
-1.19147 -1.22324
-1.18887 -1.22736
-1.1925 -1.22205
-1.19049 -1.22593
-1.18987 -1.22443
-1.19303 -1.21747
-1.19379 -1.22399
-1.19205 -1.22021
-1.19477 -1.21992
-1.19048 -1.21941
-1.1899 -1.22072
-1.1894 -1.22432
-1.1879 -1.22179
-1.1894 -1.22119
-1.18664 -1.22274
-1.19187 -1.22094
-1.19035 -1.2223
-1.19081 -1.22155
-1.18879 -1.22267
-1.19307 -1.21894
-1.1875 -1.22191
-1.19033 -1.22182
-1.18802 -1.22117
-1.1906 -1.21753
-1.19069 -1.22338
-1.19088 -1.21733
-1.18969 -1.2217
-1.19102 -1.21745
-1.18908 -1.22029
-1.18893 -1.22157
-1.18821 -1.21958
-1.1879 -1.22072
-1.18648 -1.2208
-1.18806 -1.21826
-1.18651 -1.22232
-1.18625 -1.219
-1.18968 -1.2179
-1.1871 -1.22076
-1.18586 -1.21917
-1.18678 -1.22034
-1.1854 -1.22058
-1.18539 -1.22059
-1.18598 -1.21963
-1.1867 -1.21874
-1.18615 -1.22003
-1.19033 -1.21692
-1.18927 -1.22079
-1.18894 -1.21592
-1.1892 -1.21761
-1.18815 -1.21747
-1.18826 -1.21841
-1.1872 -1.21893
-1.18666 -1.22091
-1.18812 -1.21367
-1.1869 -1.22348
-1.18647 -1.21963
-1.18794 -1.21882
-1.18829 -1.2191
-1.18958 -1.21669
-1.18883 -1.21912
-1.18688 -1.21825
-1.18911 -1.21731
-1.18716 -1.21689
-1.18778 -1.21775
-1.1879 -1.2198
-1.18743 -1.21539
-1.18846 -1.21822
-1.18677 -1.21819
-1.18849 -1.21644
-1.1884 -1.21369
-1.18634 -1.21885
-1.18618 -1.21564
-1.18472 -1.22041
-1.18489 -1.21449
-1.18496 -1.21723
-1.18665 -1.21693
-1.18573 -1.2165
-1.18621 -1.21439
-1.18761 -1.21595
-1.18639 -1.21468
-1.18534 -1.21532
-1.18678 -1.21504
-1.18635 -1.21763
-1.18421 -1.21674
-1.18581 -1.21664
-1.1847 -1.21798
-1.18979 -1.21442
-1.18415 -1.21382
-1.18452 -1.21694
-1.18706 -1.21782
-1.18619 -1.21449
-1.18743 -1.21664
-1.18779 -1.21553
-1.18637 -1.21527
-1.18746 -1.21608
-1.18373 -1.21562
-1.18591 -1.21755
-1.1861 -1.21855
-1.18595 -1.21274
-1.18612 -1.22039
-1.18552 -1.21595
-1.18557 -1.2169
-1.18489 -1.21639
-1.1845 -1.21805
-1.18699 -1.21367
-1.18324 -1.2164
-1.18694 -1.21533
-1.18617 -1.21457
-1.18717 -1.21576
-1.18551 -1.21724
-1.18821 -1.21446
-1.18432 -1.21503
-1.18442 -1.21697
-1.18769 -1.21686
-1.18586 -1.21585
-1.18548 -1.2149
-1.18543 -1.21435
-1.19243 -1.21263
-1.18515 -1.21419
-1.18954 -1.21231
-1.18787 -1.21601
-1.18663 -1.21189
-1.18495 -1.21473
-1.18519 -1.21537
-1.1897 -1.21016
-1.18508 -1.21462
-1.18683 -1.21189
-1.1883 -1.212
-1.18861 -1.21296
-1.18532 -1.21534
-1.18866 -1.20867
-1.18469 -1.21509
-1.18648 -1.21305
-1.18685 -1.21142
-1.18353 -1.21415
-1.18376 -1.2148
-1.18586 -1.21491
-1.18558 -1.21163
-1.18618 -1.21254
-1.1857 -1.21324
-1.1862 -1.21005
-1.18332 -1.21408
-1.18649 -1.21091
-1.18531 -1.21269
-1.18568 -1.21015
-1.18331 -1.21143
-1.18439 -1.21339
-1.18439 -1.21315
-1.1837 -1.21084
-1.18324 -1.21488
-1.18191 -1.21354
-1.18304 -1.21084
-1.18475 -1.209
-1.18476 -1.21095
-1.18499 -1.2109
-1.18556 -1.20632
-1.18409 -1.21229
-1.18584 -1.20733
-1.18488 -1.20941
-1.18378 -1.20777
-1.18434 -1.21068
-1.18289 -1.20779
-1.1871 -1.20687
-1.18365 -1.20758
-1.18136 -1.21135
-1.18605 -1.20486
-1.18127 -1.21183
-1.18494 -1.20348
-1.17888 -1.21161
-1.18413 -1.20465
-1.1828 -1.20865
-1.18495 -1.20566
-1.18363 -1.20903
-1.18615 -1.20294
-1.18486 -1.20633
-1.18572 -1.20642
-1.18425 -1.20784
-1.1863 -1.20403
-1.18445 -1.20693
-1.18647 -1.20329
-1.18396 -1.20665
-1.18374 -1.20486
-1.18319 -1.20719
-1.18494 -1.20336
-1.18149 -1.20776
-1.18393 -1.20585
-1.18611 -1.20263
-1.18526 -1.20153
-1.183 -1.20656
-1.18466 -1.20167
-1.18342 -1.20424
-1.18554 -1.20061
-1.18086 -1.2073
-1.18364 -1.197
-1.18483 -1.20158
-1.18483 -1.20208
-1.18127 -1.20605
-1.18455 -1.20062
-1.18422 -1.2018
-1.18236 -1.20384
-1.18423 -1.19976
-1.18209 -1.2009
-1.18278 -1.20306
-1.18104 -1.20261
-1.18296 -1.20554
-1.18199 -1.20478
-1.18157 -1.19994
-1.17957 -1.20402
-1.18438 -1.20075
-1.18287 -1.20025
-1.18253 -1.19998
-1.18144 -1.20142
-1.18218 -1.20106
-1.18037 -1.20353
-1.18094 -1.20384
-1.18112 -1.20465
-1.17983 -1.20264
-1.17975 -1.20624
-1.1805 -1.20136
-1.18038 -1.20401
-1.17885 -1.20791
-1.17948 -1.20257
-1.17766 -1.2063
-1.17771 -1.2042
-1.17962 -1.20637
-1.17678 -1.20513
-1.17739 -1.20512
-1.17729 -1.20612
-1.17581 -1.20432
-1.17709 -1.20815
-1.17802 -1.20401
-1.17641 -1.20495
-1.17805 -1.20376
-1.17769 -1.20371
-1.17589 -1.20598
-1.17628 -1.20559
-1.17481 -1.20462
-1.17479 -1.20664
-1.177 -1.20496
-1.17516 -1.20267
-1.17564 -1.20638
-1.1752 -1.20616
-1.17775 -1.20082
-1.17611 -1.20345
-1.17649 -1.20519
-1.17573 -1.20444
-1.1796 -1.20127
-1.17431 -1.20767
-1.1801 -1.19919
-1.17566 -1.20813
-1.17789 -1.20321
-1.17667 -1.20402
-1.17723 -1.20019
-1.17595 -1.20598
-1.17909 -1.20049
-1.17419 -1.20637
-1.17734 -1.20308
-1.17592 -1.20616
-1.18 -1.1974
-1.17358 -1.20768
-1.17902 -1.20022
-1.17354 -1.20663
-1.17894 -1.20005
-1.17532 -1.20674
-1.17749 -1.20257
-1.17612 -1.20531
-1.17979 -1.20034
-1.17821 -1.20347
-1.17826 -1.2011
-1.17621 -1.20405
-1.17592 -1.20497
-1.17772 -1.20359
-1.17632 -1.20204
-1.17531 -1.20242
-1.17726 -1.20282
-1.17618 -1.19986
-1.17711 -1.20078
-1.17598 -1.20449
-1.17654 -1.19999
-1.17805 -1.20372
-1.17613 -1.20185
-1.17655 -1.2034
-1.17622 -1.20238
-1.17379 -1.20464
-1.17632 -1.20122
-1.17227 -1.20505
-1.17685 -1.20209
-1.17418 -1.20297
-1.17262 -1.20359
-1.17344 -1.2032
-1.17343 -1.20136
-1.17444 -1.20304
-1.17319 -1.20123
-1.1731 -1.2031
-1.17405 -1.20234
-1.17501 -1.20245
-1.17327 -1.20293
-1.1758 -1.20146
-1.17218 -1.20186
-1.17658 -1.20003
-1.17443 -1.19912
-1.17396 -1.20138
-1.17286 -1.19947
-1.17589 -1.19837
-1.17447 -1.20155
-1.174 -1.19781
-1.17386 -1.20322
-1.17511 -1.20188
-1.17591 -1.19858
-1.17521 -1.19958
-1.1743 -1.19906
-1.1727 -1.20136
-1.1734 -1.19954
-1.17362 -1.20435
-1.17454 -1.19836
-1.17342 -1.20199
-1.17534 -1.19787
-1.17523 -1.20187
-1.17474 -1.19884
-1.17577 -1.20125
-1.17451 -1.20142
-1.17404 -1.19899
-1.17427 -1.20426
-1.17294 -1.19641
-1.17683 -1.19843
-1.17386 -1.20085
-1.1721 -1.1974
-1.1751 -1.20119
-1.1714 -1.20194
-1.17383 -1.1995
-1.17257 -1.19814
-1.17006 -1.20151
-1.1747 -1.19778
-1.17286 -1.19945
-1.17547 -1.19648
-1.1718 -1.20067
-1.17518 -1.19717
-1.17216 -1.19718
-1.17318 -1.19708
-1.17087 -1.20111
-1.17198 -1.19717
-1.1719 -1.20191
-1.17338 -1.1979
-1.17186 -1.20165
-1.1721 -1.19735
-1.16957 -1.20204
-1.1717 -1.19713
-1.17007 -1.20099
-1.17185 -1.19952
-1.17069 -1.19865
-1.17398 -1.19685
-1.17275 -1.20032
-1.17211 -1.19685
-1.17244 -1.19962
-1.17301 -1.1973
-1.17098 -1.20026
-1.17217 -1.1966
-1.17084 -1.2006
-1.17229 -1.19743
-1.17381 -1.19767
-1.17208 -1.19976
-1.17417 -1.19506
-1.17215 -1.20006
-1.17163 -1.19721
-1.17151 -1.19694
-1.16843 -1.19888
-1.17298 -1.19593
-1.17176 -1.19603
-1.1739 -1.19392
-1.17177 -1.19506
-1.17324 -1.19434
-1.1719 -1.19666
-1.17237 -1.19483
-1.17393 -1.19355
-1.1735 -1.1951
-1.17581 -1.19104
-1.17248 -1.19374
-1.17358 -1.19395
-1.17254 -1.19752
-1.17109 -1.19539
-1.17132 -1.19732
-1.17359 -1.19665
-1.17154 -1.19606
-1.17381 -1.19397
-1.17143 -1.19347
-1.1737 -1.1914
-1.17101 -1.19502
-1.17065 -1.19426
-1.17343 -1.19348
-1.17056 -1.19735
-1.17145 -1.19566
-1.17492 -1.19445
-1.1718 -1.19569
-1.17386 -1.18993
-1.17244 -1.19397
-1.17166 -1.19276
-1.17063 -1.19491
-1.17281 -1.19418
-1.16902 -1.19634
-1.17285 -1.19399
-1.17187 -1.19177
-1.16995 -1.19485
-1.17327 -1.19249
-1.16809 -1.19492
-1.17254 -1.19189
-1.17039 -1.19521
-1.16904 -1.18943
-1.16822 -1.19493
-1.17275 -1.18763
-1.16902 -1.19441
-1.17034 -1.18934
-1.16876 -1.19182
-1.17293 -1.19192
-1.16945 -1.19043
-1.16891 -1.19059
-1.16853 -1.19153
-1.1709 -1.19027
-1.17041 -1.18972
-1.17135 -1.18995
-1.16686 -1.18924
-1.17273 -1.18877
-1.1709 -1.18893
-1.1718 -1.19106
-1.17052 -1.19005
-1.1709 -1.18762
-1.16816 -1.19414
-1.16891 -1.19258
-1.16676 -1.19374
-1.16602 -1.19239
-1.16795 -1.19092
-1.16869 -1.19208
-1.16654 -1.18763
-1.16802 -1.19195
-1.16733 -1.18966
-1.16645 -1.19258
-1.16736 -1.19059
-1.16455 -1.19445
-1.16448 -1.19267
-1.16388 -1.19519
-1.16605 -1.19149
-1.16521 -1.19107
-1.16524 -1.19241
-1.16807 -1.18891
-1.16661 -1.19198
-1.16717 -1.19193
-1.16676 -1.19226
-1.16775 -1.19086
-1.16543 -1.19143
-1.16749 -1.19175
-1.16831 -1.19226
-1.16701 -1.1902
-1.16537 -1.19115
-1.16605 -1.19004
-1.1631 -1.19319
-1.16828 -1.19177
-1.16205 -1.19312
-1.16467 -1.19046
-1.16477 -1.19111
-1.16249 -1.19558
-1.16354 -1.19204
-1.16676 -1.19085
-1.16347 -1.19361
-1.16703 -1.19129
-1.16783 -1.18937
-1.16511 -1.18952
-1.16384 -1.19314
-1.16407 -1.19275
-1.16327 -1.19213
-1.16387 -1.19066
-1.16357 -1.19048
-1.16471 -1.19236
-1.16559 -1.19016
-1.16732 -1.1887
-1.16545 -1.18672
-1.16578 -1.19198
-1.16739 -1.18824
-1.16508 -1.18993
-1.16725 -1.18633
-1.16278 -1.19058
-1.16828 -1.18757
-1.16435 -1.18715
-1.16599 -1.18473
-1.16468 -1.1903
-1.16435 -1.18629
-1.16224 -1.18963
-1.16593 -1.18575
-1.16485 -1.18873
-1.16744 -1.18646
-1.16477 -1.18775
-1.16369 -1.18838
-1.16699 -1.18671
-1.16566 -1.18998
-1.1676 -1.18736
-1.16812 -1.18936
-1.16636 -1.18738
-1.16632 -1.18815
-1.1685 -1.18886
-1.16639 -1.18949
-1.16565 -1.18744
-1.16532 -1.1878
-1.16692 -1.18902
-1.16412 -1.18694
-1.16945 -1.1854
-1.16593 -1.18915
-1.16935 -1.18579
-1.16436 -1.18822
-1.16697 -1.18938
-1.1665 -1.18751
-1.16606 -1.18508
-1.16559 -1.19038
-1.16718 -1.18536
-1.16448 -1.18715
-1.16502 -1.18648
-1.16658 -1.18556
-1.1639 -1.18709
-1.1663 -1.18805
-1.16626 -1.18536
-1.16535 -1.18982
-1.16312 -1.18666
-1.16403 -1.18926
-1.16388 -1.18541
-1.16224 -1.18928
-1.16348 -1.18631
-1.16318 -1.18794
-1.16196 -1.18845
-1.16081 -1.18813
-1.16115 -1.18463
-1.16269 -1.18542
-1.15986 -1.1904
-1.15943 -1.18735
-1.15865 -1.18955
-1.1605 -1.18554
-1.15819 -1.18862
-1.16028 -1.18532
-1.16068 -1.18752
-1.16336 -1.18274
-1.16048 -1.18713
-1.16123 -1.18228
-1.16281 -1.18207
-1.16008 -1.18559
-1.16138 -1.18542
-1.16322 -1.18311
-1.16018 -1.18671
-1.15868 -1.18626
-1.16478 -1.18457
-1.15905 -1.18582
-1.16066 -1.18282
-1.16031 -1.18747
-1.15999 -1.18479
-1.16007 -1.1848
-1.16094 -1.18345
-1.161 -1.18437
-1.16149 -1.18375
-1.16082 -1.18408
-1.15981 -1.18494
-1.16126 -1.18177
-1.15806 -1.18561
-1.16147 -1.18279
-1.1588 -1.18189
-1.1564 -1.18615
-1.16058 -1.1809
-1.15955 -1.18283
-1.15945 -1.18443
-1.15728 -1.18245
-1.15709 -1.18558
-1.15864 -1.18504
-1.15783 -1.18331
-1.15586 -1.1856
-1.15906 -1.18064
-1.15943 -1.18481
-1.15758 -1.18089
-1.15671 -1.18301
-1.15492 -1.18243
-1.1562 -1.18426
-1.15687 -1.18397
-1.15598 -1.18141
-1.15441 -1.18389
-1.15617 -1.18573
-1.15526 -1.18058
-1.15685 -1.18173
-1.15507 -1.18364
-1.15374 -1.18344
-1.15682 -1.18154
-1.1532 -1.1887
-1.15688 -1.17909
-1.15484 -1.18578
-1.15654 -1.18227
-1.15533 -1.1826
-1.15459 -1.18415
-1.15616 -1.18372
-1.15674 -1.1819
-1.15421 -1.18578
-1.15553 -1.18274
-1.1539 -1.18189
-1.15491 -1.18319
-1.15858 -1.18037
-1.15408 -1.18182
-1.15634 -1.18276
-1.15596 -1.17793
-1.15707 -1.18318
-1.15673 -1.17775
-1.15411 -1.18362
-1.15261 -1.18405
-1.15345 -1.18164
-1.1554 -1.18436
-1.15611 -1.18152
-1.157 -1.18092
-1.1558 -1.18274
-1.15771 -1.18011
-1.15551 -1.18029
-1.15464 -1.18269
-1.15376 -1.18056
-1.15422 -1.18146
-1.1537 -1.18312
-1.15538 -1.18026
-1.15483 -1.18053
-1.15355 -1.18296
-1.15756 -1.17662
-1.15396 -1.18221
-1.15407 -1.18282
-1.15423 -1.17958
-1.15481 -1.18112
-1.15516 -1.17854
-1.15636 -1.17507
-1.15484 -1.17888
-1.15707 -1.1773
-1.15672 -1.17723
-1.15621 -1.17964
-1.15746 -1.17464
-1.15404 -1.18121
-1.15487 -1.17709
-1.1551 -1.18422
-1.15306 -1.17636
-1.15704 -1.18231
-1.15649 -1.17686
-1.15821 -1.17903
-1.15767 -1.1748
-1.15734 -1.18
-1.15697 -1.17244
-1.15458 -1.1802
-1.15529 -1.17531
-1.15311 -1.18017
-1.15873 -1.1758
-1.15617 -1.17668
-1.1567 -1.17183
-1.15727 -1.17667
-1.15725 -1.17539
-1.15782 -1.17381
-1.15603 -1.17616
-1.15715 -1.17268
-1.15534 -1.1769
-1.15411 -1.1755
-1.15353 -1.17988
-1.15786 -1.17337
-1.15432 -1.17786
-1.15572 -1.17446
-1.15487 -1.17417
-1.15569 -1.17714
-1.15577 -1.17296
-1.15538 -1.17505
-1.15273 -1.1758
-1.15524 -1.1744
-1.15482 -1.17542
-1.1518 -1.17756
-1.15238 -1.17702
-1.15405 -1.17348
-1.15451 -1.17533
-1.15554 -1.17457
-1.15314 -1.17584
-1.15478 -1.17215
-1.15553 -1.17541
-1.15554 -1.17497
-1.15142 -1.17663
-1.15625 -1.17363
-1.15727 -1.17663
-1.15286 -1.17518
-1.15617 -1.17366
-1.15028 -1.17645
-1.1571 -1.1721
-1.15276 -1.17503
-1.15547 -1.17069
-1.15477 -1.17204
-1.15424 -1.17333
-1.156 -1.17429
-1.15476 -1.17211
-1.15251 -1.17377
-1.15628 -1.17449
-1.15297 -1.17193
-1.15287 -1.17468
-1.15239 -1.17147
-1.15371 -1.17151
-1.15663 -1.17112
-1.15415 -1.17007
-1.15496 -1.17183
-1.15506 -1.17166
-1.15458 -1.17425
-1.15337 -1.17196
-1.15213 -1.17724
-1.15451 -1.17463
-1.15249 -1.17567
-1.1545 -1.17733
-1.15503 -1.17327
-1.15583 -1.17266
-1.15235 -1.17467
-1.15588 -1.17125
-1.15434 -1.176
-1.15176 -1.17358
-1.1548 -1.17232
-1.15228 -1.17514
-1.15341 -1.17047
-1.15463 -1.17291
-1.15525 -1.17036
-1.15116 -1.17473
-1.1533 -1.1724
-1.15376 -1.17325
-1.15153 -1.17647
-1.15358 -1.17228
-1.15207 -1.17362
-1.15684 -1.17052
-1.15572 -1.17107
-1.15486 -1.1691
-1.1536 -1.17421
-1.15579 -1.16847
-1.15495 -1.17098
-1.15269 -1.16996
-1.15239 -1.17059
-1.15298 -1.16863
-1.15193 -1.17254
-1.15353 -1.17054
-1.15375 -1.17004
-1.15208 -1.16838
-1.15359 -1.17182
-1.15373 -1.17136
-1.15225 -1.17076
-1.15329 -1.1706
-1.15311 -1.17326
-1.15165 -1.17246
-1.15351 -1.16807
-1.15303 -1.17043
-1.1534 -1.17126
-1.15336 -1.16804
-1.15317 -1.17107
-1.15351 -1.17162
-1.15318 -1.16824
-1.15389 -1.16951
-1.15026 -1.17185
-1.15257 -1.16843
-1.15078 -1.16924
-1.153 -1.17082
-1.14862 -1.1682
-1.15414 -1.16935
-1.15026 -1.16932
-1.15201 -1.17014
-1.1526 -1.16865
-1.15177 -1.16832
-1.15307 -1.17059
-1.14828 -1.17004
-1.14965 -1.1726
-1.1489 -1.17322
-1.15014 -1.17038
-1.15081 -1.17227
-1.14969 -1.16901
-1.152 -1.1707
-1.1505 -1.16971
-1.15132 -1.17301
-1.15161 -1.16667
-1.14823 -1.17069
-1.14936 -1.17053
-1.14863 -1.17259
-1.15004 -1.16991
-1.14713 -1.175
-1.14844 -1.1719
-1.14867 -1.17465
-1.14829 -1.16975
-1.14961 -1.17239
-1.15037 -1.1699
-1.14943 -1.16978
-1.1482 -1.1719
-1.15227 -1.16942
-1.14717 -1.17207
-1.14832 -1.17273
-1.14756 -1.1708
-1.14647 -1.17408
-1.14752 -1.16979
-1.14972 -1.17072
-1.14703 -1.16772
-1.14716 -1.17407
-1.14934 -1.17187
-1.14919 -1.16861
-1.1463 -1.17281
-1.14701 -1.1719
-1.14801 -1.17062
-1.14409 -1.17431
-1.14657 -1.17077
-1.14695 -1.17253
-1.14575 -1.17176
-1.14497 -1.17377
-1.14679 -1.17099
-1.14614 -1.17048
-1.1475 -1.17175
-1.14707 -1.17023
-1.14859 -1.16879
-1.14439 -1.1719
-1.14776 -1.17186
-1.14758 -1.16861
-1.14766 -1.17194
-1.14525 -1.17181
-1.14903 -1.16643
-1.14634 -1.1718
-1.14736 -1.169
-1.14905 -1.16726
-1.14687 -1.16961
-1.14789 -1.17017
-1.14807 -1.16859
-1.14735 -1.1714
-1.14924 -1.16849
-1.14541 -1.17111
-1.15 -1.16694
-1.14901 -1.16963
-1.14681 -1.17006
-1.14902 -1.16797
-1.14803 -1.17005
-1.1479 -1.16829
-1.14583 -1.16706
-1.14795 -1.1684
-1.14843 -1.16864
-1.14785 -1.1663
-1.14927 -1.1661
-1.14718 -1.16802
-1.14852 -1.16434
-1.14882 -1.16688
-1.14763 -1.16723
-1.14911 -1.16692
-1.14652 -1.16732
-1.14805 -1.16624
-1.14363 -1.17036
-1.14693 -1.16538
-1.1454 -1.16596
-1.14935 -1.16599
-1.14665 -1.1653
-1.14547 -1.1657
-1.14939 -1.16009
-1.1476 -1.16352
-1.14811 -1.16525
-1.14619 -1.16531
-1.14759 -1.16555
-1.14656 -1.1638
-1.1473 -1.16734
-1.14836 -1.16232
-1.14676 -1.16555
-1.14581 -1.16409
-1.14946 -1.163
-1.14532 -1.16581
-1.14734 -1.16149
-1.14634 -1.16469
-1.14472 -1.1658
-1.14754 -1.16442
-1.14535 -1.16385
-1.14543 -1.16466
-1.14728 -1.16327
-1.14638 -1.16386
-1.14566 -1.16393
-1.14547 -1.16427
-1.14688 -1.1627
-1.14638 -1.16757
-1.14431 -1.16466
-1.14743 -1.16298
-1.14463 -1.16672
-1.14636 -1.16303
-1.14791 -1.16294
-1.14363 -1.16501
-1.14558 -1.16162
-1.14692 -1.16325
-1.1438 -1.16495
-1.14853 -1.16335
-1.14413 -1.16618
-1.14556 -1.16361
-1.14517 -1.16479
-1.14424 -1.16811
-1.1469 -1.15953
-1.142 -1.1657
-1.14754 -1.16084
-1.1447 -1.16392
-1.14612 -1.16162
-1.14512 -1.16118
-1.14639 -1.16083
-1.14425 -1.16292
-1.14402 -1.16536
-1.1427 -1.16398
-1.14442 -1.16452
-1.14466 -1.16315
-1.14113 -1.16657
-1.14386 -1.16391
-1.14163 -1.16499
-1.14493 -1.16407
-1.14329 -1.1645
-1.14187 -1.16669
-1.14357 -1.16373
-1.14409 -1.16552
-1.14215 -1.16564
-1.14399 -1.16585
-1.14215 -1.16534
-1.14559 -1.16541
-1.1441 -1.16048
-1.14103 -1.16461
-1.14413 -1.1618
-1.14305 -1.16335
-1.14354 -1.16499
-1.1447 -1.1615
-1.14079 -1.16416
-1.14439 -1.164
-1.14435 -1.16116
-1.14171 -1.16294
-1.14268 -1.16287
-1.14314 -1.1643
-1.1447 -1.15951
-1.14394 -1.1601
-1.14317 -1.16204
-1.14393 -1.16095
-1.14304 -1.16118
-1.14478 -1.15924
-1.14223 -1.16038
-1.14542 -1.15694
-1.13961 -1.16461
-1.14335 -1.15933
-1.14038 -1.16239
-1.14239 -1.1591
-1.14194 -1.1627
-1.14104 -1.16009
-1.1416 -1.16178
-1.14194 -1.16205
-1.1406 -1.16017
-1.14218 -1.1612
-1.14563 -1.15788
-1.14126 -1.16015
-1.14316 -1.15843
-1.1391 -1.16318
-1.14193 -1.1577
-1.14018 -1.1613
-1.13969 -1.16066
-1.14055 -1.15786
-1.14261 -1.1592
-1.1416 -1.16113
-1.14653 -1.15726
-1.14092 -1.16017
-1.14284 -1.16108
-1.14111 -1.16107
-1.14221 -1.15774
-1.13931 -1.16255
-1.14015 -1.1592
-1.13998 -1.16161
-1.13943 -1.16218
-1.13981 -1.15883
-1.14299 -1.16002
-1.13991 -1.16094
-1.14263 -1.155
-1.13763 -1.16623
-1.1427 -1.15637
-1.13812 -1.16203
-1.14171 -1.1622
-1.14009 -1.15945
-1.13834 -1.1626
-1.14038 -1.15931
-1.13995 -1.16215
-1.14076 -1.15781
-1.13871 -1.16096
-1.13944 -1.15996
-1.13633 -1.16061
-1.13842 -1.15779
-1.13712 -1.16173
-1.13753 -1.16064
-1.13851 -1.15849
-1.13602 -1.1626
-1.1385 -1.15728
-1.13684 -1.15945
-1.13643 -1.16204
-1.13697 -1.16129
-1.13984 -1.15783
-1.13569 -1.16176
-1.13798 -1.15844
-1.1352 -1.15907
-1.13775 -1.15891
-1.13332 -1.16047
-1.13565 -1.15901
-1.13548 -1.16086
-1.13512 -1.16031
-1.13335 -1.16054
-1.1355 -1.1606
-1.1349 -1.16169
-1.13483 -1.16034
-1.13604 -1.15985
-1.13648 -1.15814
-1.13509 -1.16167
-1.13671 -1.15783
-1.13657 -1.15821
-1.13421 -1.16026
-1.13632 -1.15862
-1.1347 -1.16009
-1.13616 -1.16086
-1.13677 -1.15946
-1.13323 -1.1632
-1.13727 -1.15845
-1.13336 -1.16295
-1.13631 -1.15817
-1.13428 -1.16297
-1.13209 -1.16175
-1.13511 -1.16221
-1.13501 -1.16177
-1.13643 -1.15815
-1.13165 -1.16172
-1.13723 -1.15872
-1.13358 -1.16026
-1.13677 -1.15895
-1.13284 -1.15973
-1.13515 -1.16006
-1.13342 -1.16102
-1.13718 -1.15787
-1.13311 -1.16242
-1.13423 -1.16189
-1.13284 -1.16109
-1.13335 -1.16236
-1.13248 -1.15959
-1.1305 -1.16215
-1.1329 -1.15899
-1.13638 -1.15714
-1.13141 -1.16022
-1.13825 -1.15743
-1.13491 -1.15775
-1.13321 -1.16057
-1.13417 -1.16042
-1.13446 -1.15662
-1.13468 -1.16019
-1.13375 -1.15757
-1.13321 -1.16043
-1.13366 -1.158
-1.13226 -1.16139
-1.13263 -1.15691
-1.13193 -1.16269
-1.13358 -1.16107
-1.13116 -1.15751
-1.13261 -1.15922
-1.13422 -1.15687
-1.13217 -1.15747
-1.13124 -1.15672
-1.13402 -1.15895
-1.13024 -1.15873
-1.13167 -1.15731
-1.13061 -1.16366
-1.13086 -1.15945
-1.13152 -1.15778
-1.1334 -1.15703
-1.12873 -1.1618
-1.1352 -1.15526
-1.13275 -1.1602
-1.1351 -1.15522
-1.13352 -1.15851
-1.13318 -1.15631
-1.13195 -1.15764
-1.13327 -1.15801
-1.13095 -1.15923
-1.13011 -1.15937
-1.13257 -1.15882
-1.13056 -1.16038
-1.13137 -1.15867
-1.13141 -1.15872
-1.13341 -1.15685
-1.13316 -1.15879
-1.13205 -1.15862
-1.13205 -1.15873
-1.13337 -1.15825
-1.13162 -1.16049
-1.13338 -1.15525
-1.13286 -1.15967
-1.13254 -1.15773
-1.1336 -1.15595
-1.13192 -1.15982
-1.13353 -1.15697
-1.13043 -1.15926
-1.13295 -1.1582
-1.13192 -1.15857
-1.13343 -1.15621
-1.13054 -1.15921
