0 0
-0.00868725 -0.00809404
-0.0163226 -0.0145091
-0.0225408 -0.0190941
-0.0277596 -0.0224172
-0.0307882 -0.0232179
-0.0334029 -0.0233108
-0.0370324 -0.0253057
-0.0388768 -0.0260446
-0.0410187 -0.0269208
-0.044654 -0.0289729
-0.0492137 -0.0318052
-0.0526606 -0.0336591
-0.054418 -0.034593
-0.0583275 -0.0371428
-0.0602519 -0.0374153
-0.064197 -0.0399575
-0.068404 -0.0430752
-0.0723643 -0.0457423
-0.0762862 -0.0477547
-0.0801233 -0.0497758
-0.0839083 -0.0522906
-0.0878551 -0.0549216
-0.0916695 -0.0572008
-0.0928086 -0.0568788
-0.0845735 -0.0486473
-0.0829457 -0.0469949
-0.0832258 -0.046702
-0.0857679 -0.0482769
-0.0887213 -0.0499739
-0.091748 -0.0515266
-0.0917355 -0.0515442
-0.0918821 -0.0519003
-0.0919098 -0.0519848
-0.0918224 -0.0518059
-0.0918301 -0.0516562
-0.0918411 -0.0518145
-0.0918593 -0.0519907
-0.0918734 -0.0518958
-0.0917888 -0.0516669
-0.0917813 -0.0516443
-0.0918214 -0.0518468
-0.0918307 -0.0519222
-0.09183 -0.0517538
-0.0917983 -0.0516086
-0.0918503 -0.051715
-0.0918898 -0.0519251
-0.0918326 -0.0519179
-0.0918059 -0.0517089
-0.0918383 -0.0517555
-0.0893053 -0.0498583
-0.0887257 -0.0495496
-0.0886659 -0.0494169
-0.0886348 -0.0492578
-0.0887336 -0.0494343
-0.0888194 -0.049713
-0.0888128 -0.0496957
-0.0887876 -0.0495261
-0.0887467 -0.0494566
-0.0887834 -0.0495885
-0.0888015 -0.0497123
-0.08873 -0.0496342
-0.0886958 -0.0494669
-0.0887461 -0.0494989
-0.0888219 -0.0496802
-0.0888573 -0.049715
-0.0887858 -0.0495777
-0.0887318 -0.0495693
-0.0887855 -0.049773
-0.0888308 -0.0498947
-0.0888848 -0.049843
-0.0888972 -0.049712
-0.0888694 -0.0496931
-0.0888642 -0.0498147
-0.0888306 -0.0498895
-0.088791 -0.0497932
-0.0887919 -0.0496773
-0.0888547 -0.0497475
-0.088909 -0.0498984
-0.0888873 -0.049898
-0.08885 -0.0497532
-0.0888063 -0.0496861
-0.0888058 -0.049808
-0.0888349 -0.0498958
-0.0888123 -0.0498099
-0.0888122 -0.0496887
-0.0888552 -0.0497147
-0.0888679 -0.0498364
-0.0888531 -0.049864
-0.088791 -0.0497525
-0.088743 -0.049667
-0.088791 -0.0497515
-0.088829 -0.0498696
-0.0888059 -0.0498366
-0.0887806 -0.049708
-0.0887736 -0.0496916
-0.0888186 -0.0498095
-0.0888613 -0.0498625
-0.0888235 -0.0497762
-0.0887823 -0.0496763
-0.0887851 -0.0497096
-0.0887968 -0.0498175
-0.0888297 -0.0498268
-0.0887976 -0.0497266
-0.0887601 -0.0496705
-0.0888144 -0.049758
-0.0888231 -0.049862
-0.0888339 -0.0498129
-0.0888641 -0.0497052
-0.0888356 -0.0497218
-0.0888507 -0.049837
-0.0888213 -0.0498584
-0.0887712 -0.0497443
-0.0887947 -0.0496822
-0.0887833 -0.0497661
-0.0888 -0.0498244
-0.0888045 -0.0497673
-0.0887784 -0.0496982
-0.0888212 -0.0497012
-0.0888387 -0.0497599
-0.0888295 -0.0497846
-0.0888095 -0.0497474
-0.0888036 -0.0498086
-0.0888223 -0.04981
-0.0888684 -0.0498639
-0.0888652 -0.0499017
-0.0888542 -0.0498596
-0.0888411 -0.0498035
-0.0888617 -0.0498386
-0.088889 -0.0499238
-0.088861 -0.0499114
-0.0888212 -0.0498208
-0.0888147 -0.0498021
-0.0888612 -0.0498983
-0.0888967 -0.0499432
-0.0889115 -0.049873
-0.0889164 -0.0498131
-0.0888966 -0.0498677
-0.088891 -0.049944
-0.0888692 -0.0498979
-0.088846 -0.0498115
-0.0888623 -0.0498334
-0.0888785 -0.0499215
-0.0888731 -0.0499085
-0.0888907 -0.0498296
-0.0889155 -0.0498375
-0.0889194 -0.0499003
-0.0889168 -0.0498956
-0.0888881 -0.0498374
-0.0888626 -0.0498352
-0.0888524 -0.0498732
-0.088831 -0.0498613
-0.0888364 -0.0498255
-0.0888511 -0.0498453
-0.0888466 -0.0498828
-0.0888643 -0.0498547
-0.0888822 -0.0498261
-0.0888657 -0.0498601
-0.0888566 -0.049895
-0.0888351 -0.0498618
-0.0888173 -0.0498129
-0.0888431 -0.0498424
-0.0888455 -0.0498947
-0.0888317 -0.0498813
-0.0888497 -0.04982
-0.0888727 -0.0498252
-0.0888922 -0.0498842
-0.0889027 -0.0498977
-0.0888345 -0.0498497
-0.0888033 -0.0498007
-0.0888453 -0.0498359
-0.0888557 -0.0499043
-0.0888964 -0.0498954
-0.0888682 -0.0498272
-0.0888123 -0.0498088
-0.0888572 -0.049874
-0.0888363 -0.0499207
-0.0888394 -0.0498715
-0.0888609 -0.0497965
-0.0888206 -0.0498371
-0.088866 -0.0499326
-0.0888577 -0.0499316
-0.0888214 -0.0498338
-0.0888767 -0.0498018
-0.0888651 -0.0499204
-0.0888585 -0.0499867
-0.0888613 -0.0498986
-0.0888313 -0.0498026
-0.0888964 -0.049874
-0.0889095 -0.0500052
-0.0888587 -0.0499746
-0.0888417 -0.0498258
-0.0888387 -0.0498162
-0.0888917 -0.0499686
-0.0889106 -0.0500166
-0.0888633 -0.0498972
-0.088874 -0.0498016
-0.0889346 -0.0499048
-0.088961 -0.0500314
-0.0889559 -0.0499784
-0.0888906 -0.0498248
-0.0888612 -0.0498256
-0.0889352 -0.0499824
-0.088981 -0.0500129
-0.0890042 -0.0498878
-0.0890292 -0.0498251
-0.0889814 -0.0499067
-0.0889276 -0.0499867
-0.0888877 -0.0499163
-0.0888323 -0.0498014
-0.0888434 -0.0498104
-0.0888995 -0.0499143
-0.0889005 -0.0499441
-0.0888938 -0.049855
-0.0888964 -0.0497961
-0.0888977 -0.0498511
-0.0889112 -0.0499354
-0.0888764 -0.0499171
-0.0888292 -0.0498185
-0.0888308 -0.0497964
-0.0888613 -0.0498981
-0.0888788 -0.0499478
-0.0888636 -0.0498711
-0.0888586 -0.0498001
-0.088882 -0.0498438
-0.088892 -0.049928
-0.0888727 -0.0499142
-0.0888266 -0.0498196
-0.0888025 -0.0497946
-0.0888477 -0.0498769
-0.0888848 -0.0499273
-0.0888728 -0.0498752
-0.088858 -0.0498023
-0.0888359 -0.04983
-0.088839 -0.0499157
-0.0888531 -0.0499077
-0.0888338 -0.0498263
-0.0888543 -0.0498143
-0.0888709 -0.0498904
-0.0888447 -0.0499149
-0.0888578 -0.049852
-0.0888493 -0.0498135
-0.0888435 -0.0498562
-0.0888568 -0.0498902
-0.0888207 -0.049855
-0.0888331 -0.0498199
-0.0888483 -0.0498393
-0.088837 -0.0498605
-0.0888531 -0.0498422
-0.0888266 -0.0498395
-0.0888243 -0.0498439
-0.0888554 -0.0498365
-0.0888486 -0.049837
-0.0888606 -0.0498516
-0.0888348 -0.0498581
-0.0888068 -0.0498346
-0.0888454 -0.0498215
-0.0888476 -0.0498556
-0.0888463 -0.0498756
-0.0888467 -0.0498449
-0.0888223 -0.0498192
-0.0888405 -0.0498483
-0.0888535 -0.0498739
-0.0888429 -0.0498548
-0.0888332 -0.0498216
-0.0888305 -0.0498374
-0.0888273 -0.049862
-0.088848 -0.0498548
-0.0888556 -0.0498345
-0.088831 -0.0498326
-0.0888374 -0.0498456
-0.0888386 -0.0498587
-0.0888369 -0.0498507
-0.088856 -0.0498294
-0.088835 -0.0498323
-0.0888367 -0.0498566
-0.088835 -0.0498671
-0.0888217 -0.0498405
-0.0888717 -0.0498187
-0.0888753 -0.0498604
-0.088855 -0.049905
-0.0888305 -0.0498625
-0.0888043 -0.0498094
-0.0888641 -0.0498475
-0.0888777 -0.0499313
-0.088849 -0.049907
-0.0888434 -0.0498176
-0.088815 -0.0498289
-0.0888583 -0.0499265
-0.0888731 -0.0499328
-0.0888504 -0.0498412
-0.0888644 -0.0498116
-0.0888355 -0.0498907
-0.0888374 -0.0499302
-0.0888558 -0.0498619
-0.0888298 -0.0498035
-0.0888463 -0.0498361
-0.0888521 -0.0499004
-0.0888312 -0.0498928
-0.0888381 -0.0498206
-0.0888319 -0.0498033
-0.0888467 -0.0498651
-0.0888656 -0.0499183
-0.088834 -0.0498774
-0.0888331 -0.0498029
-0.0888625 -0.0498308
-0.0888635 -0.0499258
-0.0888444 -0.0499277
-0.0888187 -0.0498298
-0.0888387 -0.0498069
-0.0889112 -0.0499027
-0.0889409 -0.0499521
-0.0889082 -0.0498831
-0.0888617 -0.0498004
-0.0888356 -0.0498394
-0.0888462 -0.0499207
-0.0888576 -0.0499046
-0.0888377 -0.0498193
-0.0888485 -0.0498066
-0.0888849 -0.0498962
-0.088899 -0.049938
-0.0888918 -0.0498651
-0.0888662 -0.0498069
-0.0888571 -0.0498659
-0.0888544 -0.0499386
-0.0888534 -0.049887
-0.0889138 -0.0498165
-0.0889566 -0.0498676
-0.0889655 -0.049939
-0.0889352 -0.0499044
-0.0888624 -0.0498216
-0.0888592 -0.0498395
-0.0888416 -0.0499036
-0.0888329 -0.0498809
-0.0888647 -0.0498169
-0.0888627 -0.0498392
-0.0888875 -0.0498939
-0.0888967 -0.0498828
-0.08884 -0.0498233
-0.0888318 -0.0498167
-0.0888397 -0.0498717
-0.0888488 -0.049882
-0.0889039 -0.0498337
-0.0889245 -0.0498203
-0.0889238 -0.0498697
-0.0889103 -0.0499057
-0.0888522 -0.0498625
-0.0888338 -0.0498035
-0.0888476 -0.0498453
-0.0888454 -0.0499129
-0.088853 -0.0498849
-0.0888489 -0.0498164
-0.0888699 -0.0498359
-0.0888842 -0.049899
-0.0888617 -0.0498963
-0.0888384 -0.0498299
-0.0888151 -0.0498154
-0.0888175 -0.0498591
-0.088852 -0.0498678
-0.0888629 -0.0498508
-0.0888519 -0.0498343
-0.0888389 -0.0498318
-0.0888245 -0.0498397
-0.0888416 -0.0498592
-0.0888352 -0.0498606
-0.0888138 -0.0498284
-0.0888228 -0.0498171
-0.0888352 -0.0498569
-0.0888563 -0.0498854
-0.0888656 -0.0498531
-0.0888477 -0.0498195
-0.0888318 -0.0498412
-0.0888205 -0.0498782
-0.0888289 -0.0498642
-0.0888441 -0.0498275
-0.0888525 -0.0498304
-0.0888599 -0.0498575
-0.0888409 -0.0498641
-0.0888322 -0.0498459
-0.0888227 -0.0498266
-0.088812 -0.0498298
-0.0888278 -0.0498456
-0.0888312 -0.0498621
-0.0888433 -0.0498499
-0.0888864 -0.049831
-0.0888934 -0.0498435
-0.0888783 -0.0498646
-0.0888502 -0.0498605
-0.088818 -0.0498276
-0.088853 -0.0498288
-0.0888912 -0.0498538
-0.0888975 -0.0498576
-0.0888756 -0.0498452
-0.0888265 -0.0498443
-0.0887956 -0.0498403
-0.0888287 -0.0498205
-0.088894 -0.0498449
-0.0888874 -0.0498923
-0.0888706 -0.0498761
-0.0888337 -0.0498103
-0.0888317 -0.0498302
-0.0888922 -0.0499297
-0.0888598 -0.0499328
-0.0888495 -0.0498343
-0.0888759 -0.0498184
-0.0888698 -0.0499373
-0.0889027 -0.0499684
-0.0888919 -0.0498693
-0.0888424 -0.0498042
-0.0888659 -0.0498794
-0.0888447 -0.0499524
-0.0888391 -0.0498932
-0.0888592 -0.0498007
-0.0888274 -0.0498206
-0.0888606 -0.0499028
-0.0888573 -0.0499175
-0.0888095 -0.0498393
-0.088859 -0.0497881
-0.088884 -0.0498598
-0.088896 -0.0499383
-0.0889034 -0.0499002
-0.08884 -0.0498131
-0.0888539 -0.0498174
-0.0888841 -0.0499169
-0.0888485 -0.0499398
-0.0888591 -0.0498448
-0.0888617 -0.0498059
-0.0888876 -0.0498898
-0.0889221 -0.0499374
-0.0888678 -0.0498783
-0.0888364 -0.049809
-0.0888305 -0.0498429
-0.0888211 -0.0499017
-0.0888629 -0.0498722
-0.08886 -0.049829
-0.0888351 -0.0498383
-0.0888329 -0.0498634
-0.0888099 -0.0498527
-0.0888428 -0.049832
-0.0888652 -0.0498504
-0.0888606 -0.04986
-0.0888773 -0.0498427
-0.0888434 -0.0498354
-0.0888443 -0.0498615
-0.0888359 -0.0498623
-0.0888095 -0.0498295
-0.0888452 -0.0498213
-0.0888566 -0.0498645
-0.0888743 -0.0498847
-0.0888859 -0.0498456
-0.088843 -0.0498209
-0.0888405 -0.0498513
-0.0888326 -0.0498866
-0.0888233 -0.0498556
-0.0888552 -0.0498136
-0.0888403 -0.0498492
-0.0888325 -0.0498869
-0.0888311 -0.0498599
-0.0888392 -0.0498206
-0.0889166 -0.0498576
-0.0889136 -0.0498986
-0.0888868 -0.049866
-0.0888588 -0.0498166
-0.088815 -0.0498508
-0.0888484 -0.0498937
-0.0888677 -0.0498572
-0.0888681 -0.049824
-0.0888753 -0.0498507
-0.0888385 -0.0498953
-0.0888165 -0.0498644
-0.0888419 -0.0498087
-0.0888463 -0.049827
-0.0888752 -0.0498825
-0.0888829 -0.0498926
-0.0888239 -0.049835
-0.0888292 -0.0497948
-0.0888477 -0.0498451
-0.0888491 -0.0499217
-0.0888561 -0.049894
-0.0888241 -0.0498098
-0.0888515 -0.0498232
-0.0889059 -0.0499446
-0.0888609 -0.0499796
-0.0888473 -0.0498649
-0.0888624 -0.0498045
-0.0888879 -0.0499223
-0.0889426 -0.0500094
-0.0889039 -0.0499311
-0.088845 -0.0498039
-0.0888587 -0.0498322
-0.0888746 -0.0499561
-0.0889267 -0.0499546
-0.0889331 -0.0498499
-0.0888821 -0.0497923
-0.0888895 -0.04986
-0.0888608 -0.0499538
-0.088832 -0.0499248
-0.0888247 -0.0498091
-0.0888152 -0.0497935
-0.0888809 -0.0499348
-0.0888969 -0.050025
-0.0888567 -0.0499331
-0.0888661 -0.0498043
-0.0888919 -0.0498832
-0.0889201 -0.050067
-0.0889041 -0.0500566
-0.088846 -0.0498693
-0.0888878 -0.0498252
-0.08898 -0.0500322
-0.0889796 -0.0501387
-0.0889301 -0.0499998
-0.0888791 -0.0498271
-0.0889102 -0.0499293
-0.0889582 -0.0501371
-0.0889395 -0.0501012
-0.0888778 -0.0498841
-0.0888561 -0.0498407
-0.088918 -0.050046
-0.0889478 -0.050116
-0.0889249 -0.0499586
-0.0888881 -0.0498141
-0.0888859 -0.0498937
-0.088883 -0.0500272
-0.0888809 -0.0499763
-0.0888603 -0.0498293
-0.0888163 -0.0497865
-0.0888616 -0.0498874
-0.0888767 -0.0499656
-0.0888462 -0.0499049
-0.0888479 -0.0497897
-0.0888313 -0.049804
-0.0888642 -0.0499269
-0.088881 -0.049973
-0.0888311 -0.0498826
-0.0888639 -0.0497893
-0.0888974 -0.049862
-0.0888953 -0.0499812
-0.0889 -0.0499517
-0.0888352 -0.0498269
-0.0888217 -0.0497942
-0.0888629 -0.0498899
-0.0888561 -0.049955
-0.0888514 -0.0498907
-0.0888344 -0.0497935
-0.0888416 -0.0498103
-0.0888932 -0.0499049
-0.0888789 -0.0499431
-0.0888223 -0.0498679
-0.0888077 -0.0497789
-0.0888443 -0.0498273
-0.088925 -0.0499594
-0.0889531 -0.0499743
-0.0889013 -0.049859
-0.0888705 -0.0497923
-0.0888697 -0.0498963
-0.0888755 -0.0500229
-0.0888691 -0.0499592
-0.0888449 -0.049813
-0.0888887 -0.0498379
-0.0889613 -0.0500215
-0.0889374 -0.0500672
-0.0888928 -0.0499127
-0.0888479 -0.0498027
-0.0888614 -0.049939
-0.0889298 -0.0501056
-0.0889205 -0.0500277
-0.0889206 -0.0498506
-0.088941 -0.0498688
-0.0889324 -0.0500641
-0.0889026 -0.0500935
-0.088857 -0.0499091
-0.0888556 -0.0498126
-0.0889044 -0.0499566
-0.0889303 -0.0500821
-0.0888851 -0.0499899
-0.0888831 -0.049924
-0.0889323 -0.0499539
-0.088981 -0.050108
-0.0889872 -0.0501197
-0.0889508 -0.0499819
-0.0888955 -0.0499128
-0.088929 -0.0500095
-0.0889607 -0.0500902
-0.088944 -0.0500236
-0.0889191 -0.0499165
-0.0888895 -0.0499347
-0.0889202 -0.0500173
-0.0889693 -0.0500222
-0.0889803 -0.049963
-0.088985 -0.0499324
-0.088955 -0.0499553
-0.0889225 -0.0499859
-0.0889032 -0.0499804
-0.0888681 -0.0499502
-0.0888631 -0.0499204
-0.0888826 -0.0499389
-0.0889099 -0.049994
-0.088928 -0.050003
-0.0889183 -0.0499519
-0.0889149 -0.0499207
-0.0888998 -0.0499656
-0.0888917 -0.0500162
-0.0889016 -0.0499866
-0.0889262 -0.0499257
-0.0889784 -0.0499403
-0.0889945 -0.0500083
-0.0889711 -0.0500249
-0.0889288 -0.04996
-0.0889022 -0.0499156
-0.0889125 -0.0499558
-0.0889132 -0.050013
-0.0889154 -0.0499928
-0.0889192 -0.0499301
-0.0889664 -0.0499336
-0.089054 -0.0499963
-0.0890658 -0.0500293
-0.0890301 -0.0499837
-0.088958 -0.0499278
-0.0888774 -0.049935
-0.0888992 -0.049978
-0.0889115 -0.049992
-0.0889071 -0.0499602
-0.0889238 -0.0499242
-0.0888997 -0.0499471
-0.0889041 -0.0500019
-0.0888997 -0.0500076
-0.0888669 -0.0499485
-0.0888872 -0.0499135
-0.088913 -0.0499828
-0.0889263 -0.0500515
-0.0889209 -0.050007
-0.0888895 -0.0499199
-0.0888937 -0.0499465
-0.088904 -0.050051
-0.0889078 -0.0500497
-0.0889132 -0.0499516
-0.0889223 -0.0499284
-0.0889474 -0.0500147
-0.0889294 -0.0500565
-0.0889023 -0.0499863
-0.0888927 -0.049913
-0.0888814 -0.0499515
-0.0889051 -0.050016
-0.0889024 -0.0500017
-0.0888747 -0.0499369
-0.0888994 -0.0499197
-0.0889247 -0.0499709
-0.0889283 -0.0500031
-0.0889102 -0.0499715
-0.0888681 -0.0499231
-0.0888749 -0.0499273
-0.088927 -0.0499727
-0.0889662 -0.0499914
-0.0889745 -0.049967
-0.0889529 -0.0499364
-0.0889232 -0.0499356
-0.0889136 -0.0499621
-0.0889131 -0.0499828
-0.0888871 -0.0499651
-0.0888753 -0.0499197
-0.0889228 -0.0499274
-0.0889912 -0.0500039
-0.0890244 -0.0500388
-0.0890027 -0.0499771
-0.0889455 -0.0499119
-0.0889177 -0.0499673
-0.0889329 -0.0500615
-0.088932 -0.0500317
-0.0889495 -0.049931
-0.0889914 -0.0499396
-0.0889912 -0.0500616
-0.088965 -0.0500998
-0.0889188 -0.0499894
-0.0888752 -0.0499032
-0.0889085 -0.0500022
-0.0889291 -0.0501204
-0.0889189 -0.0500661
-0.0889465 -0.0499359
-0.0889734 -0.0499545
-0.0889941 -0.0500934
-0.088975 -0.050118
-0.0888966 -0.0499828
-0.0888751 -0.0498969
-0.0889278 -0.050002
-0.0889742 -0.0501065
-0.0889704 -0.0500513
-0.0889165 -0.0499287
-0.0888955 -0.0499226
-0.0889178 -0.0500506
-0.0889232 -0.0500955
-0.0888956 -0.0499901
-0.0888665 -0.0499023
-0.0889017 -0.0499814
-0.0889454 -0.0501011
-0.0889538 -0.0500622
-0.0889466 -0.0499426
-0.0889152 -0.0499291
-0.0889217 -0.0500447
-0.08892 -0.0500764
-0.0889174 -0.0499793
-0.0889398 -0.0499154
-0.088952 -0.0499763
-0.088949 -0.050056
-0.0888966 -0.0500172
-0.0888623 -0.0499249
-0.0888687 -0.0499223
-0.088894 -0.0500078
-0.0889235 -0.0500275
-0.0889124 -0.0499654
-0.0889057 -0.0499251
-0.0889239 -0.0499657
-0.0889144 -0.0500154
-0.0889012 -0.0499796
-0.0888908 -0.0499293
-0.0888952 -0.04995
-0.0889373 -0.0499932
-0.0889505 -0.0499816
-0.088926 -0.0499463
-0.0889107 -0.0499548
-0.0888924 -0.049985
-0.0888825 -0.0499767
-0.0889059 -0.0499372
-0.0889125 -0.0499565
-0.088887 -0.0500094
-0.0888865 -0.0499887
-0.0888854 -0.0499274
-0.0889385 -0.0499526
-0.0889999 -0.0500432
-0.0889522 -0.0500422
-0.0889202 -0.0499505
-0.0889024 -0.0499242
-0.0888934 -0.0500287
-0.0889231 -0.0500666
-0.0888946 -0.0499767
-0.0888757 -0.0499122
-0.088916 -0.0499753
-0.0889225 -0.0500577
-0.0889334 -0.0500181
-0.0889118 -0.0499274
-0.0888712 -0.0499161
-0.0889012 -0.0499974
-0.0888996 -0.0500438
-0.0888978 -0.0499791
-0.0888988 -0.0499048
-0.0888851 -0.0499385
-0.0889292 -0.0500416
-0.0889036 -0.0500532
-0.0888717 -0.0499553
-0.0889087 -0.0499026
-0.0889202 -0.0500113
-0.0889405 -0.0501079
-0.0889277 -0.0500408
-0.0888718 -0.0499238
-0.0889085 -0.0499501
-0.0889368 -0.0500867
-0.0889012 -0.0500937
-0.0889102 -0.0499631
-0.0889016 -0.0499108
-0.0889184 -0.0500049
-0.088968 -0.0500749
-0.0889082 -0.0500172
-0.08887 -0.0499149
-0.088889 -0.0499108
-0.0888828 -0.0500057
-0.0889231 -0.05004
-0.0889015 -0.0499763
-0.0888497 -0.0499045
-0.0889224 -0.0499307
-0.0889501 -0.0500355
-0.0889463 -0.0500558
-0.0889421 -0.0499606
-0.0888524 -0.0498948
-0.0888844 -0.0499587
-0.0889469 -0.0500591
-0.0889332 -0.0500437
-0.0889597 -0.0499346
-0.08892 -0.0499048
-0.0889113 -0.0500166
-0.0889374 -0.050099
-0.0888823 -0.0500271
-0.0888993 -0.0499081
-0.0889304 -0.0499544
-0.0889425 -0.0501276
-0.0889561 -0.0501401
-0.0888953 -0.0499844
-0.0889 -0.0499151
-0.0889598 -0.0500695
-0.0889442 -0.0501823
-0.088946 -0.0500764
-0.0889441 -0.0499292
-0.0889734 -0.0499767
-0.0890186 -0.0501415
-0.0889605 -0.0501481
-0.0888975 -0.0499866
-0.0889249 -0.0500155
-0.0889788 -0.0501614
-0.0890295 -0.0502613
-0.0889925 -0.0501761
-0.0889284 -0.0500387
-0.0889834 -0.0501846
-0.0890412 -0.0503275
-0.0890989 -0.0503194
-0.0891363 -0.0502023
-0.089109 -0.0501669
-0.0891389 -0.0503619
-0.0855007 -0.0475426
-0.0802565 -0.0436007
-0.0755199 -0.0401748
-0.0745375 -0.0395757
-0.0745722 -0.0396277
-0.0731726 -0.0387391
-0.071647 -0.0377388
-0.0716584 -0.0377428
-0.0716417 -0.0377933
-0.0716226 -0.0378187
-0.0716621 -0.0379308
-0.0716432 -0.0378877
-0.0716581 -0.0379007
-0.0716795 -0.0379456
-0.0716666 -0.0379536
-0.0716557 -0.0379157
-0.071655 -0.03789
-0.0716996 -0.037994
-0.0717247 -0.0380325
-0.0717147 -0.0380263
-0.0716926 -0.0379907
-0.0717385 -0.0380529
-0.0717485 -0.0380886
-0.0717555 -0.0381218
-0.0717483 -0.0381009
-0.0717226 -0.0380535
-0.0717411 -0.0380591
-0.0717766 -0.0381172
-0.0717806 -0.0381378
-0.0717748 -0.0380909
-0.0717465 -0.0380465
-0.0717423 -0.038084
-0.0717593 -0.0381427
-0.0717497 -0.0381268
-0.0717509 -0.0380615
-0.0717713 -0.0380645
-0.0704314 -0.0372055
-0.0691224 -0.0363989
-0.0691015 -0.0363429
-0.0690741 -0.0362921
-0.0690589 -0.0363336
-0.06906 -0.0363886
-0.0690763 -0.0363654
-0.0690819 -0.0363086
-0.0690831 -0.0363057
-0.069078 -0.0363552
-0.0690553 -0.0363732
-0.0690549 -0.0363287
-0.0690705 -0.0362954
-0.0690868 -0.0363202
-0.0690959 -0.036359
-0.0690631 -0.036356
-0.0690354 -0.0363132
-0.0690522 -0.0362941
-0.0690895 -0.0363302
-0.0691147 -0.0363668
-0.0690943 -0.0363514
-0.0690514 -0.0363054
-0.0690455 -0.0363036
-0.0690954 -0.0364308
-0.0691113 -0.0364523
-0.0691045 -0.0364107
-0.0691028 -0.0363803
-0.0691229 -0.0364893
-0.0691309 -0.0365354
-0.0691244 -0.0365206
-0.0691074 -0.0365388
-0.0691126 -0.0365405
-0.0691644 -0.0366773
-0.0691881 -0.0366942
-0.0692174 -0.0366461
-0.0691978 -0.0366157
-0.0691683 -0.0366503
-0.0691606 -0.0366891
-0.0691379 -0.0366593
-0.0691713 -0.0366132
-0.0692202 -0.0366343
-0.0692159 -0.0366839
-0.0692086 -0.0366801
-0.0691622 -0.0366276
-0.0691311 -0.0366125
-0.0691543 -0.0366518
-0.069151 -0.0366747
-0.0691689 -0.0366427
-0.0692035 -0.0366175
-0.0691934 -0.0366462
-0.0691915 -0.0366692
-0.069161 -0.0366499
-0.069115 -0.0366135
-0.0691594 -0.0366244
-0.0691833 -0.0366609
-0.0692043 -0.0366629
-0.0692123 -0.0366309
-0.0691414 -0.0366198
-0.0691391 -0.0366526
-0.0691916 -0.0367483
-0.0691938 -0.0367248
-0.0692451 -0.0366998
-0.0692284 -0.0367235
-0.0692039 -0.0367554
-0.0691985 -0.0367372
-0.0691658 -0.0366982
-0.0692088 -0.0367063
-0.0692357 -0.036754
-0.0692177 -0.0367609
-0.0692263 -0.0367155
-0.0692025 -0.0367001
-0.0692002 -0.0367412
-0.0692074 -0.0367662
-0.0691742 -0.0367265
-0.0691913 -0.0366935
-0.0692218 -0.0367316
-0.0692279 -0.0367712
-0.0692291 -0.0367453
-0.0691879 -0.0366989
-0.0691744 -0.0367142
-0.0691948 -0.0367566
-0.0692116 -0.0367498
-0.0692379 -0.036711
-0.0692279 -0.0367132
-0.0691974 -0.0367447
-0.0691819 -0.036741
-0.0691813 -0.0367091
-0.0692029 -0.0367083
-0.0692182 -0.0367355
-0.069205 -0.0367353
-0.0691877 -0.0367133
-0.0691846 -0.0367097
-0.0691852 -0.0367272
-0.069195 -0.0367237
-0.0692002 -0.0367121
-0.0691896 -0.0367186
-0.0691943 -0.0367284
-0.0691853 -0.0367186
-0.0691896 -0.0367064
-0.0691994 -0.0367225
-0.0691827 -0.0367374
-0.0691953 -0.03672
-0.0691971 -0.0367029
-0.0691981 -0.0367232
-0.0692079 -0.036744
-0.0691795 -0.0367285
-0.0691938 -0.0367013
-0.0692153 -0.036715
-0.0692065 -0.0367493
-0.0692122 -0.0367374
-0.0691722 -0.0367023
-0.0691814 -0.0367017
-0.0692492 -0.0367385
-0.0692707 -0.0367542
-0.0692986 -0.0367284
-0.0692622 -0.0367056
-0.0692044 -0.0367178
-0.0692126 -0.0367403
-0.069196 -0.0367304
-0.069214 -0.0367055
-0.0692443 -0.0367058
-0.0692322 -0.0367353
-0.0692337 -0.0367483
-0.069204 -0.0367231
-0.0691808 -0.0366964
-0.06919 -0.0367076
-0.0691893 -0.0367467
-0.0691942 -0.0367437
-0.0691942 -0.0367066
-0.0691952 -0.0366974
-0.0692085 -0.0367351
-0.0692022 -0.0367601
-0.0691941 -0.0367294
-0.0691931 -0.0366946
-0.0691932 -0.0367126
-0.0691954 -0.0367568
-0.0691834 -0.0367507
-0.0691877 -0.0367053
-0.0692189 -0.0367006
-0.0692506 -0.0367455
-0.0692499 -0.0367683
-0.0692118 -0.0367326
-0.0691823 -0.036689
-0.0691932 -0.0367113
-0.0692331 -0.0367618
-0.0692592 -0.0367582
-0.0692422 -0.0367136
-0.0692222 -0.0367017
-0.0692141 -0.0367428
-0.0692048 -0.0367643
-0.0692118 -0.0367288
-0.0691948 -0.0366929
-0.0691851 -0.036719
-0.0692148 -0.0367591
-0.0692302 -0.0367467
-0.0692679 -0.0367104
-0.0692874 -0.0367169
-0.0692377 -0.0367532
-0.0692006 -0.0367468
-0.0691732 -0.036706
-0.0691786 -0.0367005
-0.069238 -0.0367394
-0.069244 -0.0367541
-0.0692185 -0.0367223
-0.0692014 -0.0366979
-0.0691753 -0.0367239
-0.0691902 -0.0367455
-0.0692116 -0.0367211
-0.0692145 -0.0367032
-0.0692433 -0.0367239
-0.0692458 -0.0367531
-0.0692229 -0.036739
-0.069215 -0.0366975
-0.0691911 -0.0367047
-0.069197 -0.0367482
-0.0692204 -0.0367525
-0.0692176 -0.0367124
-0.0692289 -0.0366978
-0.0692225 -0.0367414
-0.0691972 -0.036774
-0.0691972 -0.0367364
-0.0692167 -0.0366914
-0.0692404 -0.0367266
-0.0692465 -0.0367893
-0.0692197 -0.0367743
-0.0691926 -0.0367016
-0.0692467 -0.0367012
-0.0693264 -0.0367884
-0.069341 -0.0368181
-0.0693167 -0.0367535
-0.0692481 -0.0366941
-0.0692063 -0.0367413
-0.0692236 -0.0368077
-0.06921 -0.0367711
-0.0692097 -0.0367014
-0.0692315 -0.0367086
-0.0692324 -0.0367793
-0.0692305 -0.0367908
-0.0692108 -0.0367269
-0.0691728 -0.0366865
-0.0691842 -0.0367227
-0.0692077 -0.0367718
-0.0692057 -0.0367557
-0.0692122 -0.0367036
-0.0691926 -0.0366913
-0.0691826 -0.0367327
-0.069206 -0.0367658
-0.0691948 -0.03674
-0.0692097 -0.0366949
-0.0692337 -0.0367005
-0.0692122 -0.0367587
-0.0692061 -0.0367748
-0.0691812 -0.0367216
-0.0691754 -0.0366856
-0.0692318 -0.0367255
-0.0692351 -0.0367867
-0.0692144 -0.0367663
-0.0691965 -0.0366984
-0.0691685 -0.0366922
-0.0692042 -0.0367557
-0.0692253 -0.0367806
-0.069213 -0.0367318
-0.069228 -0.0366921
-0.0692206 -0.036717
-0.0692159 -0.0367638
-0.0692096 -0.0367505
-0.0691799 -0.0367035
-0.0691816 -0.0366904
-0.0692154 -0.0367254
-0.0692318 -0.0367538
-0.0692206 -0.0367364
-0.0692022 -0.0367039
-0.0691833 -0.0366961
-0.0692022 -0.036726
-0.0692249 -0.0367517
-0.0691987 -0.0367363
-0.069179 -0.0366946
-0.0691841 -0.0366927
-0.0692218 -0.0367453
-0.0692823 -0.036773
-0.0692864 -0.0367417
-0.0692626 -0.0366996
-0.0692338 -0.0367158
-0.0691979 -0.0367748
-0.0691992 -0.0367668
-0.0692048 -0.0367065
-0.0692236 -0.0366993
-0.0692524 -0.0367594
-0.0692229 -0.0367923
-0.0691948 -0.0367407
-0.0678421 -0.0357558
-0.0665821 -0.0350627
-0.0666136 -0.0351156
-0.066607 -0.0351005
-0.0665822 -0.0350452
-0.0665845 -0.0350317
-0.0665756 -0.0350751
-0.0665827 -0.0351022
-0.0665796 -0.035069
-0.06658 -0.0350343
-0.0666192 -0.0350452
-0.0666234 -0.0350911
-0.0665953 -0.0350985
-0.0665665 -0.0350514
-0.0665539 -0.0350257
-0.0666134 -0.0350641
-0.0666624 -0.0351102
-0.0666454 -0.0350931
-0.0666154 -0.0350427
-0.0665752 -0.0350373
-0.0665729 -0.0350877
-0.0666031 -0.0350992
-0.0666022 -0.0350579
-0.0666007 -0.0350395
-0.0666032 -0.0350671
-0.0665793 -0.0350935
-0.0665843 -0.0350706
-0.0665897 -0.0350404
-0.066564 -0.0350511
-0.0665778 -0.0350726
-0.0665757 -0.0350683
-0.0665799 -0.0350532
-0.0666155 -0.0350523
-0.0665888 -0.0350608
-0.066571 -0.0350589
-0.0665732 -0.0350566
-0.0665607 -0.0350587
-0.0666066 -0.0350564
-0.0666247 -0.0350538
-0.0666002 -0.0350631
-0.0665929 -0.0350722
-0.0665557 -0.0350591
-0.0665635 -0.0350421
-0.0665984 -0.0350524
-0.0665881 -0.0350809
-0.0665856 -0.0350751
-0.0665693 -0.0350454
-0.0665681 -0.0350433
-0.0666014 -0.0350723
-0.0665994 -0.0350859
-0.0665858 -0.0350577
-0.0665742 -0.0350385
-0.066561 -0.0350555
-0.0665829 -0.0350762
-0.0666009 -0.0350703
-0.0666047 -0.0350491
-0.0666108 -0.0350491
-0.0665933 -0.0350635
-0.0665828 -0.0350706
-0.0665724 -0.0350571
-0.0665648 -0.0350427
-0.0665992 -0.0350459
-0.0666374 -0.0350684
-0.0666519 -0.0350844
-0.0666306 -0.035065
-0.0665803 -0.0350379
-0.0665663 -0.0350425
-0.0665902 -0.03508
-0.0666154 -0.035089
-0.0666405 -0.0350543
-0.0666276 -0.03504
-0.0665996 -0.0350721
-0.0665814 -0.0351036
-0.0665606 -0.0350739
-0.0665929 -0.0350304
-0.0666262 -0.0350559
-0.0666231 -0.035109
-0.0666062 -0.0351072
-0.0665558 -0.0350465
-0.0665653 -0.0350264
-0.0666041 -0.0350838
-0.0666076 -0.0351248
-0.0666155 -0.0350855
-0.0665839 -0.0350281
-0.0665772 -0.0350489
-0.0665986 -0.0351113
-0.0665804 -0.035118
-0.0665953 -0.0350533
-0.0666395 -0.0350317
-0.0666707 -0.0350967
-0.0666883 -0.0351424
-0.0666417 -0.0351018
-0.0665844 -0.0350265
-0.0666125 -0.0350474
-0.066663 -0.0351334
-0.0667051 -0.0351416
-0.0667101 -0.035074
-0.066655 -0.0350373
-0.0666191 -0.0350938
-0.0665948 -0.035142
-0.0665784 -0.0350954
-0.0665909 -0.0350317
-0.066601 -0.0350574
-0.0666078 -0.0351243
-0.0665962 -0.0351192
-0.0665786 -0.0350537
-0.0665863 -0.0350325
-0.0665982 -0.0350855
-0.0665992 -0.0351168
-0.0665904 -0.035078
-0.0665752 -0.0350331
-0.0665764 -0.0350484
-0.066584 -0.0350899
-0.0665805 -0.0350877
-0.0665851 -0.0350511
-0.0665987 -0.0350401
-0.0666103 -0.0350643
-0.0666129 -0.0350829
-0.066582 -0.035068
-0.0665624 -0.0350432
-0.06657 -0.0350422
-0.06659 -0.0350623
-0.0666175 -0.0350754
-0.0665992 -0.0350661
-0.0665715 -0.0350471
-0.0665736 -0.0350427
-0.0665788 -0.0350629
-0.0665972 -0.035077
-0.0665909 -0.0350628
-0.0665623 -0.0350396
-0.0665725 -0.0350451
-0.0665894 -0.0350749
-0.066603 -0.0350792
-0.0666234 -0.0350538
-0.0666178 -0.0350456
-0.0666089 -0.03507
-0.0666003 -0.0350845
-0.0665774 -0.0350596
-0.0665709 -0.0350354
-0.066588 -0.0350594
-0.066603 -0.0350849
-0.0666338 -0.0350708
-0.0666632 -0.03505
-0.0666456 -0.0350639
-0.066613 -0.0350841
-0.0665749 -0.0350646
-0.0665632 -0.0350369
-0.0666216 -0.0350575
-0.0666536 -0.0350941
-0.0666433 -0.0350811
-0.0666138 -0.0350438
-0.0665647 -0.0350482
-0.0665704 -0.0350847
-0.0665911 -0.0350839
-0.0665948 -0.0350472
-0.0666101 -0.0350463
-0.0665915 -0.0350818
-0.0665746 -0.0350912
-0.0665782 -0.0350553
-0.0665711 -0.0350357
-0.0665815 -0.035064
-0.0665826 -0.0350862
-0.0665746 -0.0350718
-0.066583 -0.0350416
-0.0665881 -0.035047
-0.0665885 -0.0350713
-0.0665802 -0.0350785
-0.0665651 -0.0350608
-0.0665696 -0.0350383
-0.0665872 -0.0350488
-0.0665975 -0.0350764
-0.066586 -0.0350855
-0.0665609 -0.0350559
-0.0665659 -0.0350312
-0.0665909 -0.0350599
-0.0666046 -0.0350996
-0.0665938 -0.0350905
-0.0665602 -0.0350396
-0.0665689 -0.0350365
-0.0665965 -0.0350904
-0.0666054 -0.0351141
-0.0665969 -0.0350707
-0.0665649 -0.0350271
-0.0665709 -0.0350612
-0.0665961 -0.0351101
-0.0665996 -0.0350966
-0.0665964 -0.0350426
-0.0665776 -0.035035
-0.0665761 -0.035082
-0.0665884 -0.0351028
-0.0665858 -0.0350688
-0.066584 -0.03503
-0.0665817 -0.0350479
-0.0665799 -0.0350891
-0.0665835 -0.0350903
-0.0665762 -0.0350509
-0.0665894 -0.0350285
-0.0666093 -0.0350634
-0.0666078 -0.0351026
-0.066595 -0.0350869
-0.0665642 -0.0350363
-0.066566 -0.03503
-0.0665948 -0.0350861
-0.0666002 -0.0351152
-0.0666067 -0.0350735
-0.0666002 -0.0350286
-0.0666022 -0.0350608
-0.0666055 -0.0351182
-0.066576 -0.0351067
-0.0665708 -0.0350419
-0.0665907 -0.0350342
-0.0666132 -0.0351018
-0.0666225 -0.0351276
-0.0665833 -0.0350744
-0.0665652 -0.0350259
-0.0665869 -0.035064
-0.0665963 -0.0351202
-0.0666081 -0.0350982
-0.0665853 -0.035042
-0.0665673 -0.0350372
-0.0665915 -0.03509
-0.0665819 -0.0351034
-0.0665887 -0.0350597
-0.0665874 -0.0350342
-0.0665799 -0.035063
-0.0666095 -0.0350938
-0.066598 -0.035076
-0.0665855 -0.0350426
-0.066577 -0.0350416
-0.0665603 -0.0350709
-0.0665966 -0.035075
-0.0666248 -0.035058
-0.0666405 -0.0350533
-0.0666398 -0.0350602
-0.0665878 -0.0350709
-0.0665653 -0.0350568
-0.0665742 -0.0350469
-0.0665892 -0.0350552
-0.0666237 -0.0350629
-0.0666003 -0.0350635
-0.0665644 -0.0350552
-0.0665673 -0.0350523
-0.0665679 -0.0350539
-0.0666082 -0.0350594
-0.0666173 -0.0350605
-0.0665828 -0.0350628
-0.0665739 -0.0350549
-0.0665631 -0.0350462
-0.0665814 -0.0350547
-0.0666139 -0.0350661
-0.0665999 -0.0350664
-0.066594 -0.0350513
-0.0665998 -0.0350508
-0.0665847 -0.0350648
-0.0665901 -0.0350678
-0.0665727 -0.0350517
-0.0665607 -0.0350442
-0.0666007 -0.035061
-0.0666139 -0.0350727
-0.0666257 -0.0350639
-0.0666188 -0.0350497
-0.066574 -0.0350575
-0.0665697 -0.0350653
-0.0665756 -0.0350583
-0.0665752 -0.0350493
-0.0665937 -0.035055
-0.0665734 -0.0350636
-0.0665638 -0.0350562
-0.0665927 -0.0350526
-0.0665971 -0.0350586
-0.0666144 -0.0350637
-0.0666056 -0.0350582
-0.0665729 -0.035055
-0.0665771 -0.0350559
-0.0665727 -0.0350561
-0.0665812 -0.0350522
-0.0666059 -0.0350572
-0.0665984 -0.0350707
-0.0666052 -0.0350609
-0.0666137 -0.0350494
-0.0665937 -0.0350576
-0.066592 -0.0350729
-0.0665698 -0.0350652
-0.0665687 -0.0350414
-0.066621 -0.0350509
-0.0666319 -0.0350849
-0.0666281 -0.0350854
-0.0665969 -0.0350485
-0.0665532 -0.0350382
-0.0665792 -0.0350718
-0.0665879 -0.0350913
-0.06659 -0.0350649
-0.0665929 -0.0350335
-0.0665619 -0.0350572
-0.0665785 -0.0350909
-0.0665942 -0.0350781
-0.0666027 -0.0350451
-0.0666392 -0.0350463
-0.0666204 -0.0350849
-0.0665969 -0.035094
-0.0665829 -0.0350559
-0.0665524 -0.0350275
-0.0665988 -0.0350586
-0.0666276 -0.0351019
-0.0666214 -0.0350891
-0.0666348 -0.0350446
-0.0665967 -0.0350399
-0.0665921 -0.0350865
-0.0665895 -0.0351051
-0.0665595 -0.0350631
-0.0666011 -0.0350292
-0.0666239 -0.0350713
-0.0666184 -0.0351204
-0.0666072 -0.0350932
-0.0665524 -0.0350367
-0.0665711 -0.0350407
-0.0666046 -0.0351034
-0.0665913 -0.0351159
-0.066599 -0.0350594
-0.0665675 -0.0350297
-0.0665719 -0.0350731
-0.0666082 -0.0351112
-0.0665847 -0.0350829
-0.0665844 -0.0350357
-0.0665777 -0.0350447
-0.0665656 -0.0350883
-0.0665991 -0.0350914
-0.066596 -0.0350549
-0.0665869 -0.0350364
-0.0665939 -0.0350577
-0.0665717 -0.0350853
-0.0665728 -0.0350731
-0.066583 -0.0350416
-0.0665772 -0.0350408
-0.0665937 -0.035066
-0.0665961 -0.0350871
-0.0665791 -0.0350674
-0.0665908 -0.0350383
-0.0665824 -0.035046
-0.0665732 -0.0350787
-0.0665818 -0.0350842
-0.0665712 -0.0350528
-0.0665987 -0.0350386
-0.0666206 -0.0350619
-0.066601 -0.0350923
-0.0665791 -0.0350741
-0.066556 -0.0350383
-0.0665663 -0.0350402
-0.0666087 -0.0350721
-0.0666173 -0.0350901
-0.0665909 -0.0350643
-0.0665678 -0.0350354
-0.0665605 -0.0350421
-0.0665837 -0.0350772
-0.0665982 -0.0350847
-0.0665809 -0.0350563
-0.0665683 -0.0350326
-0.0665843 -0.0350524
-0.0665938 -0.0350936
-0.0665961 -0.0350861
-0.0665838 -0.0350437
-0.0665637 -0.0350327
-0.0665929 -0.0350764
-0.0665991 -0.035108
-0.0665859 -0.0350734
-0.0665824 -0.0350272
-0.0665623 -0.0350494
-0.0665983 -0.0351063
-0.0666282 -0.0351029
-0.0666351 -0.0350546
-0.0666536 -0.0350381
-0.0666116 -0.0350815
-0.0665905 -0.0351106
-0.0665908 -0.0350682
-0.0665942 -0.0350314
-0.0666533 -0.0350578
-0.0666529 -0.035103
-0.0666047 -0.0350956
-0.0665771 -0.0350427
-0.0665459 -0.0350288
-0.0665829 -0.0350666
-0.0666211 -0.0350934
-0.0666026 -0.0350729
-0.0665989 -0.0350393
-0.0665725 -0.0350426
-0.0665679 -0.0350695
-0.0665888 -0.0350768
-0.0665726 -0.035058
-0.0665881 -0.0350411
-0.0666041 -0.0350522
-0.0666034 -0.0350744
-0.0666071 -0.0350755
-0.0665728 -0.0350555
-0.0665566 -0.0350388
-0.066571 -0.0350495
-0.0665875 -0.0350747
-0.0666016 -0.0350754
-0.0665861 -0.0350546
-0.0665659 -0.035041
-0.0665677 -0.0350554
-0.0665843 -0.0350756
-0.0665969 -0.0350733
-0.0665851 -0.035051
-0.0665718 -0.0350408
-0.0665636 -0.0350571
-0.0665793 -0.0350754
-0.0665945 -0.0350727
-0.0665803 -0.0350476
-0.0665838 -0.0350382
-0.0665746 -0.0350624
-0.0665788 -0.0350898
-0.0665863 -0.0350729
-0.0665659 -0.0350361
-0.0665828 -0.0350393
-0.0665953 -0.0350902
-0.0665899 -0.0351121
-0.0665965 -0.0350621
-0.0665799 -0.0350278
-0.0665838 -0.0350688
-0.066599 -0.0351285
-0.0665789 -0.0351057
-0.0666006 -0.0350376
-0.0666275 -0.0350479
-0.0666247 -0.0351225
-0.0666131 -0.0351402
-0.0665663 -0.0350674
-0.0665678 -0.0350246
-0.0666146 -0.0350843
-0.0666223 -0.0351436
-0.0666047 -0.0351073
-0.0665674 -0.0350313
-0.0665649 -0.0350424
-0.0666083 -0.0351104
-0.0666312 -0.0351215
-0.066623 -0.0350671
-0.0666032 -0.0350301
-0.0665826 -0.0350651
-0.0665789 -0.0351014
-0.066589 -0.0350802
-0.0665853 -0.0350411
-0.0666048 -0.0350443
-0.0666232 -0.035074
-0.0666071 -0.0350841
-0.0665945 -0.0350638
-0.0665599 -0.0350414
-0.0665465 -0.0350434
-0.0665876 -0.0350559
-0.0666191 -0.0350752
-0.066627 -0.0350769
-0.0666033 -0.0350538
-0.0665529 -0.0350325
-0.0665663 -0.0350503
-0.0666202 -0.0350981
-0.0666532 -0.0350981
-0.0666874 -0.0350552
-0.0666683 -0.0350419
-0.0666309 -0.0350988
-0.066619 -0.0351399
-0.0665889 -0.0350855
-0.0666214 -0.0350291
-0.0666936 -0.0350857
-0.0666998 -0.0351763
-0.0666677 -0.0351586
-0.066614 -0.0350595
-0.0665808 -0.0350387
-0.0666132 -0.0351462
-0.0666303 -0.035194
-0.0666213 -0.0351107
-0.0666395 -0.0350374
-0.0666551 -0.0350954
-0.0666423 -0.0351862
-0.0666132 -0.03516
-0.066564 -0.0350494
-0.0665722 -0.0350317
-0.066633 -0.035129
-0.0666414 -0.0351793
-0.0666042 -0.0351099
-0.0665621 -0.0350207
-0.0665648 -0.0350526
-0.066629 -0.0351565
-0.066653 -0.0351702
-0.0666168 -0.0350791
-0.0665906 -0.0350209
-0.0665885 -0.0350994
-0.0666133 -0.0351934
-0.0666224 -0.035153
-0.0665977 -0.0350504
-0.0666105 -0.0350527
-0.0666361 -0.0351746
-0.0666207 -0.0352167
-0.0666146 -0.0351139
-0.0665936 -0.0350338
-0.0666019 -0.0351122
-0.0666381 -0.0352197
-0.0666055 -0.0351818
-0.0666115 -0.0350603
-0.0666418 -0.0350558
-0.0666393 -0.035174
-0.0666443 -0.0352129
-0.0665858 -0.0351115
-0.0665679 -0.0350262
-0.0666263 -0.035094
-0.0666324 -0.0351958
-0.0666279 -0.0351678
-0.0665885 -0.0350535
-0.0665737 -0.035037
-0.0666269 -0.0351382
-0.0666242 -0.0351862
-0.0665982 -0.0351069
-0.0665813 -0.0350244
-0.0665848 -0.0350744
-0.0666244 -0.0351625
-0.0666188 -0.035146
-0.0665791 -0.0350526
-0.0665771 -0.0350324
-0.0665975 -0.0351132
-0.0666248 -0.035148
-0.0666375 -0.0350897
-0.0666021 -0.0350312
-0.0665802 -0.0350612
-0.0665852 -0.0351121
-0.0665948 -0.0350962
-0.0666364 -0.0350493
-0.0666585 -0.03505
-0.0666435 -0.0350842
-0.0666197 -0.0350853
-0.0665798 -0.0350576
-0.0665663 -0.0350422
-0.0665905 -0.0350567
-0.0666037 -0.0350651
-0.0666254 -0.0350651
-0.0666173 -0.0350661
-0.0665883 -0.0350628
-0.0665857 -0.0350509
-0.0665709 -0.0350471
-0.0665751 -0.0350703
-0.0665839 -0.0350793
-0.0665747 -0.0350567
-0.0665968 -0.0350406
-0.0666052 -0.0350663
-0.0665922 -0.0350954
-0.0665842 -0.0350735
-0.0665627 -0.0350387
-0.0665723 -0.0350491
-0.0665957 -0.0350919
-0.0665912 -0.0350918
-0.0665959 -0.0350501
-0.0665839 -0.0350402
-0.0665742 -0.0350745
-0.0665802 -0.0350899
-0.0665758 -0.0350591
-0.0666157 -0.0350414
-0.0666562 -0.0350691
-0.066661 -0.0350921
-0.0666415 -0.0350716
-0.0665861 -0.0350391
-0.066579 -0.0350488
-0.0666163 -0.0350751
-0.066661 -0.035074
-0.0666907 -0.0350573
-0.0666492 -0.0350553
-0.0665972 -0.0350702
-0.0665649 -0.0350653
-0.0665642 -0.0350442
-0.0666035 -0.0350452
-0.0666163 -0.0350695
-0.0665979 -0.0350775
-0.0665689 -0.0350545
-0.0665564 -0.0350351
-0.0665892 -0.0350535
-0.0666127 -0.0350861
-0.0665993 -0.0350795
-0.0665693 -0.0350399
-0.0665555 -0.0350317
-0.0665884 -0.0350758
-0.0666183 -0.0351055
-0.0666116 -0.0350735
-0.066594 -0.0350317
-0.0665859 -0.0350551
-0.0665939 -0.0351168
-0.0665941 -0.0351126
-0.0665791 -0.0350474
-0.0665717 -0.0350298
-0.0665972 -0.0351033
-0.0666072 -0.0351495
-0.0666019 -0.0350958
-0.0666112 -0.0350322
-0.0666165 -0.0350684
-0.0666264 -0.035151
-0.0666122 -0.0351447
-0.0665757 -0.0350561
-0.0665733 -0.0350251
-0.0665992 -0.0351082
-0.0666215 -0.0351628
-0.0666324 -0.0351107
-0.0666299 -0.0350363
-0.0666263 -0.0350512
-0.066614 -0.0351336
-0.0665873 -0.0351463
-0.0665715 -0.0350662
-0.0665945 -0.0350201
-0.0666454 -0.0350797
-0.0666534 -0.0351522
-0.0666067 -0.0351322
-0.0665552 -0.0350389
-0.0665731 -0.0350191
-0.0666608 -0.0351098
-0.0667124 -0.0351682
-0.0666884 -0.0351219
-0.0666179 -0.0350299
-0.0665748 -0.0350319
-0.0666095 -0.0351316
-0.0666466 -0.0351661
-0.0666427 -0.0350917
-0.0666329 -0.0350222
-0.0666216 -0.0350648
-0.0666178 -0.0351649
-0.0666109 -0.0351704
-0.0665705 -0.0350662
-0.0665726 -0.0350148
-0.0666299 -0.0351155
-0.066652 -0.0352277
-0.0666358 -0.035189
-0.0665898 -0.035058
-0.0665822 -0.0350526
-0.0666572 -0.0352251
-0.0666696 -0.0353122
-0.0666469 -0.0351954
-0.0666435 -0.035071
-0.0666492 -0.0351688
-0.0666997 -0.0353703
-0.0666754 -0.0353592
-0.0666249 -0.035164
-0.0666659 -0.0351172
-0.0667085 -0.0353332
-0.066723 -0.0354532
-0.0666854 -0.0353127
-0.0666295 -0.0351271
-0.0666819 -0.0352042
-0.0667227 -0.0354302
-0.0666945 -0.0354235
-0.0666554 -0.0351982
-0.0666461 -0.0351114
-0.0667261 -0.0352962
-0.0667545 -0.0354291
-0.0666927 -0.0353195
-0.0666201 -0.0351028
-0.066622 -0.0351237
-0.0667155 -0.0353428
-0.0667533 -0.0353835
-0.0667052 -0.0352144
-0.0666628 -0.0350748
-0.0666586 -0.0351845
-0.0666823 -0.0353695
-0.066682 -0.0353307
-0.0666165 -0.0351299
-0.0666265 -0.0350844
-0.0667049 -0.0352774
-0.0667092 -0.035395
-0.0666786 -0.0352746
-0.0666157 -0.0350909
-0.0666174 -0.0351429
-0.0667039 -0.0353595
-0.0667041 -0.0353832
-0.0666719 -0.0351969
-0.0666418 -0.0350837
-0.0666492 -0.035234
-0.0667019 -0.0353921
-0.0666814 -0.0353064
-0.0666799 -0.0351189
-0.0667262 -0.0351199
-0.0667282 -0.0353007
-0.0667117 -0.035354
-0.0666404 -0.035189
-0.0665879 -0.0350512
-0.0666639 -0.0351503
-0.0667107 -0.0352904
-0.0666938 -0.0352545
-0.066649 -0.0350925
-0.0665963 -0.0350382
-0.0666128 -0.0351542
-0.0666402 -0.0352319
-0.0666064 -0.0351508
-0.0665931 -0.0350306
-0.0666198 -0.0350454
-0.0666529 -0.0351562
-0.06666 -0.0351952
-0.0665962 -0.0351039
-0.0665517 -0.0350109
-0.0665848 -0.0350584
-0.0666404 -0.0351775
-0.0666561 -0.0351869
-0.0666092 -0.0350822
-0.0665737 -0.0350198
-0.0665963 -0.0351057
-0.0666232 -0.0352093
-0.0666264 -0.0351667
-0.0666004 -0.0350522
-0.0665935 -0.0350443
-0.0666251 -0.0351601
-0.0666203 -0.0352074
-0.0666046 -0.0351146
-0.0665779 -0.035025
-0.0665826 -0.0350764
-0.0666235 -0.0351752
-0.0666202 -0.0351632
-0.0666233 -0.0350644
-0.0666216 -0.0350294
-0.066606 -0.035102
-0.0666119 -0.0351553
-0.0665836 -0.0351059
-0.0665783 -0.0350282
-0.0666207 -0.0350417
-0.0666275 -0.0351102
-0.0666227 -0.035128
-0.0665886 -0.0350709
-0.0665594 -0.0350232
-0.0665786 -0.035046
-0.0665868 -0.0350956
-0.066585 -0.0350991
-0.066575 -0.0350519
-0.0665683 -0.0350267
-0.0666009 -0.0350497
-0.0666181 -0.03509
-0.066597 -0.035097
-0.0665704 -0.0350528
-0.0665482 -0.0350206
-0.0665723 -0.0350468
-0.0666146 -0.0351074
-0.0665914 -0.0351118
-0.0665704 -0.0350512
-0.0665664 -0.0350193
-0.0665895 -0.0350821
-0.0666325 -0.0351503
-0.0666003 -0.0351162
-0.0665655 -0.0350349
-0.0665823 -0.0350404
-0.066604 -0.0351413
-0.0666335 -0.035167
-0.0666163 -0.0350857
-0.0665677 -0.0350261
-0.066592 -0.0350846
-0.0666038 -0.0351655
-0.0666134 -0.0351313
-0.0666315 -0.0350457
-0.0665987 -0.0350484
-0.0666318 -0.0351995
-0.0666228 -0.0352223
-0.066591 -0.0351519
-0.0666205 -0.0351
-0.0666192 -0.0351367
-0.0666281 -0.0351935
-0.0666252 -0.0351835
-0.0665798 -0.0351237
-0.0665958 -0.0350988
-0.066617 -0.0351378
-0.0666235 -0.0351843
-0.0666235 -0.0351703
-0.0665878 -0.0351192
-0.0665837 -0.0350989
-0.0666142 -0.0351461
-0.0666232 -0.0351959
-0.0666209 -0.0351725
-0.0666144 -0.0351133
-0.066612 -0.0351102
-0.0666278 -0.0351782
-0.0666254 -0.0352104
-0.0665965 -0.0351563
-0.0665975 -0.0350971
-0.0666231 -0.0351337
-0.066633 -0.0352097
-0.0666329 -0.0352055
-0.0665999 -0.0351297
-0.0666106 -0.035101
-0.0666638 -0.0351675
-0.0666607 -0.0352227
-0.0666472 -0.0351806
-0.0665981 -0.0351007
-0.0666034 -0.0351107
-0.0667124 -0.0351939
-0.066759 -0.0352239
-0.0667799 -0.0351675
-0.0667421 -0.0351073
-0.066656 -0.0351366
-0.0666718 -0.035201
-0.06667 -0.035192
-0.0666887 -0.0351291
-0.0667673 -0.0351154
-0.0667461 -0.0351748
-0.0667159 -0.0352152
-0.0666643 -0.0351714
-0.0665837 -0.0351012
-0.0666175 -0.0351108
-0.0666505 -0.0351827
-0.066661 -0.0352023
-0.0666801 -0.0351477
-0.0666387 -0.0351066
-0.0666314 -0.0351367
-0.0666322 -0.0351877
-0.0665975 -0.0351768
-0.0666022 -0.0351179
-0.0665995 -0.0351049
-0.0666091 -0.0351506
-0.0666387 -0.0351811
-0.0666221 -0.035157
-0.0666228 -0.0351155
-0.0666291 -0.0351154
-0.0666071 -0.0351491
-0.0666071 -0.035163
-0.0665976 -0.035142
-0.0666065 -0.0351145
-0.0666702 -0.0351187
-0.0666924 -0.0351552
-0.066667 -0.0351779
-0.0666234 -0.0351512
-0.0665739 -0.0351029
-0.0666185 -0.0351083
-0.0667032 -0.0351787
-0.0667154 -0.0352161
-0.0666908 -0.0351635
-0.0666293 -0.0351007
-0.0666043 -0.0351345
-0.0666438 -0.0352282
-0.0666333 -0.0352277
-0.0666237 -0.0351356
-0.0666405 -0.0351093
-0.066664 -0.0352094
-0.0666853 -0.0352801
-0.0666531 -0.0352133
-0.0666127 -0.0351104
-0.0666164 -0.0351421
-0.0666495 -0.0352738
-0.066666 -0.0352828
-0.0666469 -0.0351668
-0.0666345 -0.0351118
-0.0666472 -0.0352111
-0.0666513 -0.0353099
-0.0666447 -0.035247
-0.0666419 -0.0351281
-0.0666395 -0.0351423
-0.0666629 -0.0352766
-0.066647 -0.0353067
-0.0666227 -0.0351869
-0.0666799 -0.0351176
-0.0667297 -0.0352098
-0.066741 -0.0353144
-0.0666977 -0.0352673
-0.0666064 -0.0351308
-0.0666229 -0.0351207
-0.0666952 -0.035249
-0.0667156 -0.0352906
-0.066712 -0.0351984
-0.0666488 -0.0351097
-0.0666239 -0.0351488
-0.0666446 -0.035242
-0.0666219 -0.0352287
-0.0666105 -0.0351323
-0.0665992 -0.0350956
-0.0666171 -0.0351634
-0.0666593 -0.0352225
-0.0666422 -0.0351902
-0.0666269 -0.0351142
-0.0666231 -0.0351011
-0.0666174 -0.0351738
-0.0666359 -0.0352174
-0.0666096 -0.0351695
-0.0665838 -0.0350977
-0.0666188 -0.0351145
-0.0666499 -0.0352065
-0.0666672 -0.0352311
-0.0666519 -0.0351577
-0.0666089 -0.0350972
-0.0666091 -0.0351483
-0.0666226 -0.0352346
-0.0666251 -0.0352139
-0.0666368 -0.0351262
-0.066633 -0.0351102
-0.0666402 -0.0351921
-0.0666291 -0.035237
-0.0665979 -0.0351709
-0.0666113 -0.0350984
-0.0666482 -0.035134
-0.0666812 -0.0352145
-0.0666766 -0.0352155
-0.0666243 -0.0351386
-0.0665973 -0.0350929
-0.0666056 -0.0351465
-0.0666259 -0.0352048
-0.0666455 -0.0351788
-0.0666386 -0.0351179
-0.0666473 -0.0351108
-0.0666534 -0.0351662
-0.0666205 -0.0351966
-0.0665977 -0.0351522
-0.0665826 -0.035099
-0.0666097 -0.0351198
-0.0666645 -0.0351783
-0.0666494 -0.0351905
-0.0666076 -0.0351387
-0.0665833 -0.0350962
-0.066589 -0.0351308
-0.0666483 -0.0351833
-0.0666681 -0.0351781
-0.0666415 -0.0351288
-0.0666246 -0.0351072
-0.0666019 -0.0351455
-0.0666069 -0.035178
-0.0666118 -0.035154
-0.0665956 -0.0351122
-0.0666102 -0.0351147
