0 0
-0.0526314 -0.0495243
-0.104272 -0.0982108
-0.154837 -0.145883
-0.204446 -0.192781
-0.252962 -0.238751
-0.300306 -0.283834
-0.346578 -0.327609
-0.391997 -0.371242
-0.436317 -0.413297
-0.479383 -0.454933
-0.521393 -0.495062
-0.562513 -0.534773
-0.602358 -0.573376
-0.640772 -0.610753
-0.679163 -0.648386
-0.715669 -0.683142
-0.75068 -0.717745
-0.784993 -0.752264
-0.818934 -0.784097
-0.849425 -0.817483
-0.882028 -0.846945
-0.910653 -0.877423
-0.939492 -0.907544
-0.96747 -0.934639
-0.993218 -0.962248
-1.01941 -0.987035
-1.04085 -1.0131
-1.06546 -1.03841
-1.08657 -1.05982
-1.10559 -1.08388
-1.10738 -1.08191
-1.1066 -1.08423
-1.10634 -1.0832
-1.10694 -1.08174
-1.10577 -1.08429
-1.10818 -1.08296
-1.10232 -1.08475
-1.10793 -1.08079
-1.10433 -1.08528
-1.10571 -1.08446
-1.10536 -1.08259
-1.10629 -1.08348
-1.10442 -1.08261
-1.10545 -1.08324
-1.10504 -1.08284
-1.10583 -1.08455
-1.10471 -1.0822
-1.10499 -1.08397
-1.10469 -1.08123
-1.1041 -1.08372
-1.10525 -1.08211
-1.10368 -1.08597
-1.10518 -1.07996
-1.10621 -1.08378
-1.10308 -1.08439
-1.1054 -1.08105
-1.10444 -1.08462
-1.1042 -1.0837
-1.10431 -1.08249
-1.10415 -1.08381
-1.10535 -1.08156
-1.1036 -1.08334
-1.1039 -1.08428
-1.10593 -1.08146
-1.10325 -1.08302
-1.1037 -1.08337
-1.10567 -1.08125
-1.1037 -1.08548
-1.10349 -1.08316
-1.10442 -1.08294
-1.10126 -1.0849
-1.10552 -1.08325
-1.10368 -1.08296
-1.10204 -1.08619
-1.10476 -1.08148
-1.10401 -1.0854
-1.10333 -1.08373
-1.10291 -1.08372
-1.10217 -1.08446
-1.10625 -1.08319
-1.10297 -1.08534
-1.10263 -1.08334
-1.10299 -1.08464
-1.10628 -1.08196
-1.10302 -1.08519
-1.10409 -1.08262
-1.10265 -1.08311
-1.1046 -1.08305
-1.10406 -1.08464
-1.10422 -1.08382
-1.10422 -1.08152
-1.10238 -1.08409
-1.10218 -1.08484
-1.10495 -1.08161
-1.10133 -1.08431
-1.10159 -1.08366
-1.10271 -1.0814
-1.10213 -1.08586
-1.10273 -1.08128
-1.10392 -1.08303
-1.10117 -1.08497
-1.10257 -1.0815
-1.10496 -1.08231
-1.10108 -1.08493
-1.10429 -1.08211
-1.10379 -1.08277
-1.10357 -1.08171
-1.10319 -1.08375
-1.1032 -1.08078
-1.10306 -1.08275
-1.10562 -1.08109
-1.10162 -1.08183
-1.10466 -1.08176
-1.10358 -1.08164
-1.10215 -1.08085
-1.10515 -1.08007
-1.10323 -1.08142
-1.10223 -1.0824
-1.10395 -1.07987
-1.1032 -1.08221
-1.1049 -1.08067
-1.10144 -1.08273
-1.10456 -1.07917
-1.10317 -1.0815
-1.10391 -1.08217
-1.10248 -1.08015
-1.10247 -1.08091
-1.1026 -1.08258
-1.1032 -1.07946
-1.10199 -1.08243
-1.10351 -1.07847
-1.10256 -1.08339
-1.10279 -1.07931
-1.10312 -1.08243
-1.10059 -1.08159
-1.10523 -1.08031
-1.10159 -1.08174
-1.10364 -1.08042
-1.10098 -1.08358
-1.10422 -1.07998
-1.10176 -1.08177
-1.10141 -1.08149
-1.10237 -1.07988
-1.10105 -1.08281
-1.10283 -1.07894
-1.10305 -1.08384
-1.10194 -1.08053
-1.1007 -1.08283
-1.10292 -1.08194
-1.10148 -1.0794
-1.10075 -1.08333
-1.10109 -1.08155
-1.10304 -1.08151
-1.10072 -1.08124
-1.10057 -1.08133
-1.10206 -1.08149
-1.10143 -1.08333
-1.10318 -1.07766
-1.09876 -1.08522
-1.1024 -1.08029
-1.10428 -1.07952
-1.10049 -1.08243
-1.10234 -1.08073
-1.1031 -1.08032
-1.10236 -1.08168
-1.10189 -1.081
-1.10241 -1.08091
-1.10249 -1.08014
-1.1021 -1.08155
-1.10265 -1.0809
-1.10318 -1.08004
-1.10178 -1.07988
-1.10264 -1.08124
-1.1034 -1.07817
-1.10178 -1.08144
-1.10313 -1.07934
-1.10244 -1.07962
-1.10288 -1.08009
-1.1008 -1.07938
-1.10279 -1.07998
-1.10089 -1.08032
-1.1025 -1.08009
-1.10221 -1.07825
-1.10172 -1.07929
-1.10267 -1.08063
-1.10277 -1.08017
-1.10112 -1.08057
-1.10191 -1.07846
-1.10238 -1.0801
-1.10082 -1.08055
-1.10201 -1.07905
-1.1021 -1.07849
-1.09916 -1.08359
-1.10498 -1.07686
-1.10193 -1.08027
-1.10023 -1.08106
-1.10417 -1.07777
-1.09988 -1.08158
-1.10281 -1.07862
-1.10242 -1.08044
-1.10042 -1.08065
-1.10263 -1.07947
-1.10162 -1.08064
-1.10118 -1.08
-1.10293 -1.07868
-1.10081 -1.08118
-1.10379 -1.07807
-1.10277 -1.08083
-1.10294 -1.08012
-1.10259 -1.07812
-1.10318 -1.08069
-1.10311 -1.07852
-1.10263 -1.07973
-1.10171 -1.0809
-1.10276 -1.07774
-1.1015 -1.08088
-1.10336 -1.07776
-1.09846 -1.08181
-1.10414 -1.07728
-1.10011 -1.08125
-1.10142 -1.07842
-1.10144 -1.07831
-1.10195 -1.08178
-1.10231 -1.07799
-1.10125 -1.07985
-1.10047 -1.07835
-1.10077 -1.08077
-1.1019 -1.07908
-1.10215 -1.07941
-1.10296 -1.07831
-1.10031 -1.07955
-1.10329 -1.0792
-1.10205 -1.07893
-1.10069 -1.08094
-1.10255 -1.07767
-1.10196 -1.07877
-1.10043 -1.07891
-1.10293 -1.07832
-1.1002 -1.0804
-1.10101 -1.07893
-1.1025 -1.07769
-1.10061 -1.07956
-1.1018 -1.08028
-1.10082 -1.07837
-1.10169 -1.07821
-1.1013 -1.07975
-1.0997 -1.07816
-1.10137 -1.07881
-1.09941 -1.07929
-1.10149 -1.07939
-1.0999 -1.07842
-1.1015 -1.07945
-1.10036 -1.08078
-1.10253 -1.07769
-1.09964 -1.07883
-1.09959 -1.08005
-1.10078 -1.08094
-1.10125 -1.07796
-1.10113 -1.08003
-1.10128 -1.0779
-1.10018 -1.08088
-1.10057 -1.07994
-1.10307 -1.07645
-1.09834 -1.08157
-1.10303 -1.07828
-1.09854 -1.07835
-1.10005 -1.08021
-1.10078 -1.07841
-1.10045 -1.07843
-1.09981 -1.07879
-1.09999 -1.0795
-1.10081 -1.0778
-1.10009 -1.07979
-1.09951 -1.07722
-1.09944 -1.07986
-1.10162 -1.07788
-1.09854 -1.08021
-1.10109 -1.07681
-1.09944 -1.08048
-1.10108 -1.07853
-1.10077 -1.07842
-1.09947 -1.08004
-1.10106 -1.07889
-1.10053 -1.0786
-1.10001 -1.07878
-1.10119 -1.07864
-1.10109 -1.0786
-1.09983 -1.07993
-1.10016 -1.07954
-1.09994 -1.07691
-1.09979 -1.08125
-1.10037 -1.07759
-1.1008 -1.07973
-1.09917 -1.07878
-1.09881 -1.08061
-1.10103 -1.07682
-1.09813 -1.08051
-1.10038 -1.07895
-1.09746 -1.0809
-1.10117 -1.07776
-1.09886 -1.08115
-1.10021 -1.07876
-1.0979 -1.08087
-1.10049 -1.07787
-1.09835 -1.07909
-1.09861 -1.07922
-1.10014 -1.0788
-1.09917 -1.07952
-1.09764 -1.07787
-1.10142 -1.08028
-1.09808 -1.07886
-1.10001 -1.07769
-1.09911 -1.08055
-1.1003 -1.0777
-1.09794 -1.07897
-1.09952 -1.07742
-1.09809 -1.07998
-1.10004 -1.07816
-1.09813 -1.07982
-1.09909 -1.07859
-1.09928 -1.07609
-1.10013 -1.07786
-1.09682 -1.08061
-1.10108 -1.07491
-1.09805 -1.08066
-1.09811 -1.07698
-1.0986 -1.07956
-1.09966 -1.07771
-1.09646 -1.07907
-1.10022 -1.07873
-1.09754 -1.08003
-1.09859 -1.07658
-1.09609 -1.07926
-1.09854 -1.07848
-1.09865 -1.07777
-1.09735 -1.07903
-1.09941 -1.07721
-1.1004 -1.07833
-1.09822 -1.07871
-1.09811 -1.07763
-1.09893 -1.07787
-1.10051 -1.07682
-1.09886 -1.07895
-1.09954 -1.07631
-1.09803 -1.07753
-1.1001 -1.07708
-1.09776 -1.07769
-1.09846 -1.07903
-1.10101 -1.07632
-1.09877 -1.0782
-1.09867 -1.07739
-1.09928 -1.07863
-1.09766 -1.07739
-1.09893 -1.07683
-1.09981 -1.07838
-1.09892 -1.07797
-1.09969 -1.07698
-1.09876 -1.07884
-1.09905 -1.07696
-1.09826 -1.07777
-1.10018 -1.0758
-1.09826 -1.07946
-1.09972 -1.07646
-1.0993 -1.07765
-1.10047 -1.0759
-1.0994 -1.08087
-1.09942 -1.07502
-1.10019 -1.07907
-1.09799 -1.07653
-1.09867 -1.07759
-1.09968 -1.07758
-1.09752 -1.07682
-1.0993 -1.0774
-1.09673 -1.07715
-1.09807 -1.07848
-1.09989 -1.07606
-1.09686 -1.07668
-1.0991 -1.07799
-1.09992 -1.07704
-1.09796 -1.07808
-1.09965 -1.07573
-1.09996 -1.07818
-1.09786 -1.07749
-1.09944 -1.07669
-1.1 -1.07766
-1.09754 -1.07806
-1.09865 -1.07675
-1.1008 -1.07584
-1.09766 -1.0784
-1.0991 -1.07623
-1.0983 -1.07773
-1.09879 -1.07761
-1.0983 -1.07794
-1.09894 -1.07672
-1.09856 -1.0766
-1.09875 -1.07742
-1.09926 -1.07821
-1.10022 -1.07549
-1.09883 -1.07952
-1.09897 -1.07598
-1.09734 -1.07719
-1.09924 -1.07594
-1.09784 -1.0795
-1.10079 -1.07544
-1.097 -1.07788
-1.10003 -1.07714
-1.09718 -1.07799
-1.09901 -1.07864
-1.09783 -1.07566
-1.09825 -1.07789
-1.09724 -1.07884
-1.1 -1.07468
-1.09794 -1.07851
-1.09837 -1.07924
-1.09825 -1.07536
-1.09832 -1.07735
-1.09854 -1.07657
-1.09772 -1.07699
-1.09922 -1.07544
-1.09848 -1.07733
-1.09897 -1.07671
-1.0988 -1.07686
-1.09577 -1.07798
-1.09957 -1.07508
-1.09796 -1.07686
-1.09653 -1.07585
-1.09841 -1.07664
-1.09788 -1.07657
-1.09846 -1.07719
-1.09867 -1.07771
-1.09923 -1.07464
-1.09728 -1.07711
-1.09667 -1.07887
-1.0998 -1.07289
-1.09748 -1.07697
-1.09648 -1.0775
-1.09742 -1.07629
-1.09739 -1.07551
-1.09728 -1.07661
-1.0958 -1.07822
-1.09862 -1.07533
-1.09553 -1.07661
-1.09689 -1.0761
-1.0973 -1.07721
-1.09565 -1.07649
-1.09777 -1.07559
-1.09673 -1.07641
-1.09477 -1.07763
-1.0989 -1.07633
-1.09474 -1.07722
-1.09712 -1.07542
-1.0956 -1.07827
-1.09577 -1.07412
-1.09532 -1.07742
-1.09709 -1.07577
-1.09574 -1.07696
-1.0962 -1.07527
-1.09457 -1.07683
-1.09725 -1.07633
-1.09604 -1.07642
-1.09701 -1.07541
-1.09615 -1.0766
-1.09519 -1.07537
-1.09626 -1.07622
-1.09629 -1.07537
-1.09532 -1.07549
-1.09489 -1.07667
-1.09788 -1.07251
-1.09507 -1.07795
-1.09632 -1.07554
-1.09596 -1.07474
-1.0955 -1.07704
-1.09536 -1.07466
-1.09707 -1.07585
-1.09437 -1.07682
-1.09832 -1.07496
-1.09302 -1.07762
-1.09589 -1.07473
-1.09628 -1.07618
-1.09608 -1.07638
-1.09564 -1.07601
-1.0967 -1.07608
-1.09271 -1.07551
-1.09777 -1.07585
-1.09408 -1.07574
-1.09521 -1.07539
-1.09446 -1.07472
-1.09472 -1.07567
-1.09523 -1.07573
-1.0947 -1.0742
-1.0953 -1.07579
-1.09356 -1.07613
-1.09482 -1.0744
-1.09195 -1.076
-1.09475 -1.07464
-1.09426 -1.077
-1.09271 -1.07525
-1.09436 -1.07414
-1.09338 -1.0748
-1.09437 -1.07579
-1.09436 -1.07634
-1.09305 -1.07516
-1.09464 -1.07529
-1.09499 -1.07541
-1.09369 -1.07551
-1.09502 -1.07439
-1.0924 -1.07715
-1.09706 -1.07295
-1.09172 -1.07686
-1.09605 -1.07449
-1.094 -1.07548
-1.09624 -1.0757
-1.09317 -1.07585
-1.09621 -1.07421
-1.09321 -1.07663
-1.09559 -1.07329
-1.09361 -1.07682
-1.09493 -1.07259
-1.09452 -1.07588
-1.09562 -1.07473
-1.09311 -1.07535
-1.09521 -1.07485
-1.09376 -1.07596
-1.09473 -1.07401
-1.09357 -1.07429
-1.09545 -1.07576
-1.09345 -1.07535
-1.09315 -1.07468
-1.09657 -1.07449
-1.09284 -1.07465
-1.09307 -1.07565
-1.09526 -1.07363
-1.09256 -1.07513
-1.09339 -1.07421
-1.09432 -1.07505
-1.09329 -1.07538
-1.09522 -1.07323
-1.09308 -1.07607
-1.09418 -1.07597
-1.09358 -1.07199
-1.09255 -1.0767
-1.09358 -1.07415
-1.09373 -1.07462
-1.09251 -1.07524
-1.0938 -1.07601
-1.09189 -1.07499
-1.09542 -1.07318
-1.09358 -1.07596
-1.09319 -1.07369
-1.09334 -1.07515
-1.09376 -1.07403
-1.09355 -1.07431
-1.09312 -1.07514
-1.09458 -1.07441
-1.09348 -1.0737
-1.09317 -1.07475
-1.09353 -1.07367
-1.09204 -1.07281
-1.09286 -1.07622
-1.09355 -1.07295
-1.09371 -1.07473
-1.09252 -1.0739
-1.09378 -1.07334
-1.09387 -1.07474
-1.09264 -1.07451
-1.09457 -1.0726
-1.09326 -1.0725
-1.09251 -1.07623
-1.09596 -1.07063
-1.09226 -1.07378
-1.09471 -1.07465
-1.09242 -1.07207
-1.09434 -1.07388
-1.09411 -1.07308
-1.09239 -1.07278
-1.09444 -1.0751
-1.09401 -1.07317
-1.09454 -1.07215
-1.09358 -1.0754
-1.093 -1.07331
-1.09574 -1.07105
-1.09144 -1.07408
-1.09691 -1.07421
-1.09363 -1.07221
-1.09658 -1.07243
-1.09297 -1.0742
-1.09396 -1.07036
-1.09441 -1.07411
-1.09468 -1.07215
-1.09309 -1.07308
-1.09464 -1.0725
-1.09373 -1.072
-1.09385 -1.07416
-1.09483 -1.07158
-1.0935 -1.07231
-1.09383 -1.07436
-1.09328 -1.07281
-1.09307 -1.07312
-1.09475 -1.07333
-1.09438 -1.07298
-1.09184 -1.07284
-1.09476 -1.07238
-1.0925 -1.07302
-1.0927 -1.07359
-1.09329 -1.07106
-1.09257 -1.07387
-1.0937 -1.07025
-1.0912 -1.07555
-1.09685 -1.0703
-1.08959 -1.0744
-1.0952 -1.06982
-1.09224 -1.0739
-1.09511 -1.07171
-1.0932 -1.07304
-1.09338 -1.07111
-1.09411 -1.07088
-1.09383 -1.07309
-1.09338 -1.07069
-1.0932 -1.07197
-1.09295 -1.07218
-1.09465 -1.06992
-1.09321 -1.07189
-1.09473 -1.07009
-1.09362 -1.07204
-1.09323 -1.0713
-1.0927 -1.07111
-1.09489 -1.07309
-1.09384 -1.06908
-1.09197 -1.07291
-1.09516 -1.07046
-1.09277 -1.07184
-1.0932 -1.07043
-1.09202 -1.07146
-1.09334 -1.07141
-1.09516 -1.0709
-1.09334 -1.07092
-1.09067 -1.07493
-1.09592 -1.06659
-1.09184 -1.07304
-1.09475 -1.07069
-1.09139 -1.07168
-1.09509 -1.06905
-1.0936 -1.0734
-1.09425 -1.06871
-1.09101 -1.07344
-1.09603 -1.06923
-1.09239 -1.07149
-1.09357 -1.06991
-1.09311 -1.07161
-1.09593 -1.07024
-1.09117 -1.07226
-1.09483 -1.06871
-1.09353 -1.07284
-1.09358 -1.06981
-1.09251 -1.0726
-1.09293 -1.07064
-1.09444 -1.07081
-1.09423 -1.07144
-1.09164 -1.07128
-1.09403 -1.07147
-1.09258 -1.07093
-1.0925 -1.0717
-1.09401 -1.06912
-1.09411 -1.07085
-1.09225 -1.07138
-1.09448 -1.06826
-1.09196 -1.07293
-1.0945 -1.06808
-1.09227 -1.07147
-1.09328 -1.07158
-1.09321 -1.0674
-1.09176 -1.07133
-1.09523 -1.06877
-1.09177 -1.07098
-1.09562 -1.06795
-1.09146 -1.0723
-1.09581 -1.0681
-1.092 -1.0695
-1.09288 -1.06898
-1.09318 -1.06979
-1.09416 -1.06777
-1.09238 -1.07225
-1.09245 -1.06713
-1.09297 -1.07138
-1.09139 -1.06815
-1.09442 -1.06998
-1.09105 -1.07048
-1.09618 -1.06719
-1.09049 -1.07124
-1.09471 -1.06835
-1.09215 -1.06938
-1.09209 -1.06824
-1.09243 -1.07027
-1.09269 -1.06712
-1.09307 -1.07001
-1.09273 -1.06939
-1.0942 -1.06749
-1.09083 -1.06963
-1.09309 -1.06903
-1.09321 -1.06799
-1.08932 -1.07011
-1.09465 -1.06767
-1.0913 -1.07033
-1.09209 -1.06756
-1.0923 -1.06947
-1.09252 -1.06896
-1.09347 -1.06908
-1.09275 -1.06725
-1.09206 -1.07052
-1.09398 -1.06811
-1.09266 -1.06853
-1.0927 -1.06955
-1.09331 -1.06814
-1.09179 -1.06843
-1.09476 -1.06758
-1.09142 -1.07064
-1.0935 -1.06673
-1.09262 -1.06929
-1.09355 -1.06884
-1.09308 -1.06901
-1.09455 -1.06642
-1.09196 -1.07131
-1.09457 -1.06672
-1.09264 -1.06947
-1.09262 -1.06789
-1.09337 -1.06839
-1.09342 -1.06688
-1.09201 -1.06972
-1.09301 -1.06702
-1.09411 -1.06963
-1.09192 -1.06787
-1.09182 -1.06867
-1.09173 -1.06814
-1.09504 -1.06867
-1.08944 -1.07073
-1.09655 -1.06643
-1.09143 -1.06871
-1.09273 -1.06976
-1.09377 -1.06677
-1.09334 -1.06806
-1.09144 -1.06852
-1.09398 -1.06898
-1.09301 -1.06771
-1.09226 -1.06783
-1.09421 -1.06784
-1.09306 -1.06732
-1.09141 -1.06931
-1.09264 -1.06569
-1.09255 -1.06757
-1.09208 -1.06737
-1.09235 -1.0678
-1.09235 -1.06785
-1.09413 -1.06782
-1.09192 -1.06869
-1.09157 -1.06637
-1.09201 -1.06907
-1.09142 -1.06907
-1.0947 -1.06477
-1.08989 -1.06884
-1.09217 -1.06739
-1.09121 -1.06757
-1.09253 -1.06792
-1.09091 -1.06629
-1.09364 -1.06803
-1.09179 -1.0671
-1.09074 -1.06796
-1.09265 -1.06585
-1.09193 -1.06823
-1.09207 -1.06669
-1.09207 -1.06669
-1.09137 -1.06787
-1.09111 -1.06625
-1.09167 -1.06729
-1.09138 -1.06793
-1.09204 -1.06698
-1.09211 -1.0674
-1.08821 -1.06981
-1.09247 -1.06569
-1.09059 -1.06609
-1.0905 -1.07037
-1.09141 -1.06704
-1.09146 -1.06691
-1.09135 -1.06849
-1.09094 -1.0656
-1.08999 -1.06982
-1.09187 -1.06692
-1.09217 -1.067
-1.08967 -1.06851
-1.09107 -1.06633
-1.09217 -1.06769
-1.09024 -1.06624
-1.09247 -1.06697
-1.08987 -1.06743
-1.09032 -1.06683
-1.09201 -1.06425
-1.08796 -1.06953
-1.09506 -1.06207
-1.08958 -1.06832
-1.09095 -1.06469
-1.09109 -1.06712
-1.09095 -1.06653
-1.09127 -1.06659
-1.09141 -1.06599
-1.08965 -1.06856
-1.0921 -1.06429
-1.09156 -1.06633
-1.09057 -1.06773
-1.0889 -1.06539
-1.09045 -1.06706
-1.09013 -1.06444
-1.08976 -1.06733
-1.09019 -1.06748
-1.0908 -1.06566
-1.0897 -1.06628
-1.08828 -1.06706
-1.08969 -1.06676
-1.09082 -1.06475
-1.08751 -1.06892
-1.08951 -1.06616
-1.09047 -1.06686
-1.08739 -1.06734
-1.09009 -1.06576
-1.089 -1.06766
-1.08885 -1.06592
-1.08894 -1.06791
-1.09022 -1.06707
-1.09026 -1.06534
-1.0872 -1.06902
-1.08976 -1.0639
-1.08817 -1.06815
-1.09034 -1.06591
-1.08797 -1.06968
-1.09281 -1.06327
-1.08668 -1.06915
-1.09066 -1.06444
-1.08785 -1.0665
-1.09053 -1.06772
-1.08978 -1.06447
-1.08878 -1.06793
-1.09122 -1.06554
-1.08869 -1.06702
-1.08961 -1.06748
-1.08898 -1.0654
-1.08902 -1.06766
-1.09328 -1.06236
-1.08629 -1.06987
-1.09019 -1.06491
-1.09019 -1.06617
-1.08707 -1.06936
-1.09051 -1.06206
-1.0887 -1.06923
-1.08941 -1.06662
-1.08852 -1.0662
-1.08932 -1.0666
-1.08752 -1.06752
-1.09035 -1.06498
-1.08842 -1.06597
-1.08872 -1.06682
-1.08789 -1.06578
-1.08869 -1.06692
-1.08959 -1.06568
-1.08878 -1.06758
-1.08534 -1.06637
-1.09073 -1.06377
-1.08694 -1.06872
-1.08894 -1.06434
-1.09031 -1.06712
-1.08665 -1.06545
-1.0908 -1.06561
-1.08779 -1.06713
-1.08774 -1.06551
-1.08859 -1.0656
-1.08865 -1.06478
-1.08748 -1.06662
-1.08835 -1.066
-1.08782 -1.06512
-1.08769 -1.06624
-1.08832 -1.06542
-1.08676 -1.0697
-1.0895 -1.06319
-1.08426 -1.06786
-1.08986 -1.06265
-1.08687 -1.0668
-1.08877 -1.06485
-1.08662 -1.06598
-1.08881 -1.06454
-1.08616 -1.06689
-1.08869 -1.06366
-1.08853 -1.06528
-1.08675 -1.06549
-1.08784 -1.06444
-1.08758 -1.06522
-1.08577 -1.06608
-1.08928 -1.06448
-1.08874 -1.06346
-1.08583 -1.06723
-1.08779 -1.06335
-1.08873 -1.06637
-1.08824 -1.06427
-1.08692 -1.06621
-1.08924 -1.06221
-1.08779 -1.06608
-1.0886 -1.06573
-1.08736 -1.06262
-1.08673 -1.06576
-1.08911 -1.0622
-1.08715 -1.06563
-1.08854 -1.0629
-1.08722 -1.06436
-1.08759 -1.0639
-1.0879 -1.06369
-1.08843 -1.06284
-1.08733 -1.06464
-1.08789 -1.06396
-1.08742 -1.06323
-1.08866 -1.06267
-1.08578 -1.06573
-1.09024 -1.0606
-1.08525 -1.06618
-1.08822 -1.0636
-1.08846 -1.0621
-1.08786 -1.06367
-1.08685 -1.06294
-1.0892 -1.06186
-1.08619 -1.0661
-1.08898 -1.06147
-1.08722 -1.06336
-1.08765 -1.06166
-1.08767 -1.06308
-1.08614 -1.06502
-1.08913 -1.06074
-1.08817 -1.06573
-1.08803 -1.06219
-1.08697 -1.06449
-1.08961 -1.06138
-1.08732 -1.06506
-1.08775 -1.06226
-1.08992 -1.06274
-1.08654 -1.06384
-1.08725 -1.06361
-1.0883 -1.06286
-1.08686 -1.06433
-1.08705 -1.06288
-1.08814 -1.06181
-1.08769 -1.06499
-1.08607 -1.06406
-1.08816 -1.06251
-1.08707 -1.06404
-1.08725 -1.06439
-1.09039 -1.06186
-1.08494 -1.06506
-1.08885 -1.06207
-1.0863 -1.06343
-1.08723 -1.06302
-1.08734 -1.06324
-1.0892 -1.06237
-1.08572 -1.0651
-1.08819 -1.06137
-1.08869 -1.06337
-1.08602 -1.06422
-1.08862 -1.06084
-1.08672 -1.06446
-1.08863 -1.06266
-1.08743 -1.06414
-1.08657 -1.06359
-1.08841 -1.06172
-1.08607 -1.06418
-1.08752 -1.06514
-1.08831 -1.06173
-1.08625 -1.06719
-1.08902 -1.06038
-1.08649 -1.06676
-1.08963 -1.06319
-1.08769 -1.06178
-1.08741 -1.06648
-1.08751 -1.06328
-1.08806 -1.06297
-1.08866 -1.064
-1.08685 -1.06399
-1.08691 -1.06602
-1.08921 -1.06246
-1.08564 -1.06723
-1.08875 -1.06191
-1.08649 -1.06615
-1.088 -1.06356
-1.08802 -1.06465
-1.08751 -1.06272
-1.08722 -1.06513
-1.08655 -1.06505
-1.08877 -1.0637
-1.08592 -1.06418
-1.08735 -1.06436
-1.0869 -1.06346
-1.08486 -1.06659
-1.08862 -1.06495
-1.08526 -1.06288
-1.08815 -1.06557
-1.08663 -1.06407
-1.08727 -1.0639
-1.08759 -1.06322
-1.08566 -1.06468
-1.0891 -1.06385
-1.08581 -1.06357
-1.08769 -1.06408
-1.08595 -1.06338
-1.08939 -1.0634
-1.08685 -1.06276
-1.08755 -1.06383
-1.08674 -1.06321
-1.08705 -1.06363
-1.08575 -1.06271
-1.08723 -1.063
-1.08822 -1.06165
-1.0862 -1.06335
-1.08884 -1.06342
-1.08516 -1.06342
-1.08845 -1.0606
-1.08631 -1.06429
-1.08728 -1.06362
-1.0865 -1.06288
-1.0878 -1.06301
-1.0872 -1.06418
-1.08679 -1.06269
-1.08714 -1.06166
-1.08618 -1.06523
-1.08554 -1.06408
-1.08717 -1.0634
-1.08648 -1.06255
-1.08726 -1.06221
-1.08594 -1.06374
-1.08521 -1.06273
-1.08592 -1.06374
-1.08831 -1.05995
-1.08388 -1.06465
-1.08802 -1.06167
-1.08409 -1.0641
-1.08845 -1.06038
-1.0844 -1.06361
-1.08624 -1.06152
-1.08641 -1.06229
-1.08901 -1.06011
-1.08404 -1.06423
-1.08817 -1.05987
-1.08456 -1.06451
-1.08867 -1.05951
-1.08418 -1.06307
-1.08623 -1.06234
-1.0878 -1.05866
-1.08295 -1.06519
-1.08699 -1.05951
-1.08661 -1.06088
-1.08545 -1.06321
-1.08557 -1.0592
-1.085 -1.06288
-1.08638 -1.06176
-1.08533 -1.06123
-1.08577 -1.06321
-1.08672 -1.06007
-1.08693 -1.06058
-1.08635 -1.06132
-1.08607 -1.05956
-1.08534 -1.0624
-1.08696 -1.0601
-1.08558 -1.06166
-1.08524 -1.06146
-1.08846 -1.05936
-1.08608 -1.06094
-1.08628 -1.06291
-1.08681 -1.05954
-1.088 -1.06195
-1.08724 -1.0602
-1.08679 -1.06132
-1.08893 -1.06024
-1.08546 -1.06052
-1.08612 -1.06002
-1.08536 -1.06235
-1.08709 -1.05868
-1.08581 -1.06097
-1.08462 -1.06208
-1.08714 -1.05875
-1.08604 -1.06126
-1.0857 -1.06089
-1.08718 -1.06085
-1.08584 -1.05912
-1.08506 -1.06138
-1.08502 -1.05978
-1.08682 -1.06018
-1.08398 -1.06445
-1.08748 -1.05831
-1.08469 -1.06119
-1.0875 -1.06255
-1.08511 -1.06028
-1.08693 -1.05956
-1.08645 -1.06059
-1.08433 -1.06223
-1.08887 -1.05944
-1.08716 -1.06169
-1.08644 -1.0598
-1.08621 -1.06257
-1.08799 -1.05752
-1.08632 -1.06134
-1.08629 -1.06237
-1.08991 -1.05941
-1.0858 -1.0608
-1.08502 -1.06062
-1.08961 -1.05844
-1.08494 -1.06345
-1.08927 -1.05666
-1.0873 -1.06077
-1.08557 -1.06241
-1.08951 -1.05877
-1.08757 -1.05955
-1.08637 -1.06119
-1.08771 -1.05921
-1.08558 -1.06114
-1.08943 -1.06045
-1.08406 -1.06046
-1.09007 -1.05968
-1.08302 -1.06247
-1.09013 -1.0601
-1.08573 -1.06062
-1.08766 -1.061
-1.0867 -1.05999
-1.08621 -1.06263
-1.08582 -1.05765
-1.08743 -1.06197
-1.08586 -1.05977
-1.08693 -1.0603
-1.08628 -1.0633
-1.08695 -1.05807
-1.08657 -1.06134
-1.08563 -1.0622
-1.08395 -1.0608
-1.0878 -1.06048
-1.08502 -1.06109
-1.08373 -1.06114
-1.08641 -1.06071
-1.08518 -1.06108
-1.08488 -1.05922
-1.08537 -1.0625
-1.08656 -1.05833
-1.08484 -1.06175
-1.0852 -1.06085
-1.08609 -1.05913
-1.08441 -1.06151
-1.08614 -1.0572
-1.08375 -1.06293
-1.08751 -1.05749
-1.08347 -1.06305
-1.08771 -1.05897
-1.08384 -1.06062
-1.08467 -1.06064
-1.08645 -1.05905
-1.08381 -1.06008
-1.08522 -1.06069
-1.08529 -1.06068
-1.08482 -1.06017
-1.08407 -1.06236
-1.08549 -1.0588
-1.08441 -1.06076
-1.08319 -1.06059
-1.08593 -1.06156
-1.08492 -1.05997
-1.0846 -1.05854
-1.08528 -1.06258
-1.0847 -1.05905
-1.08371 -1.06172
-1.08468 -1.0598
-1.08351 -1.0613
-1.08584 -1.05935
-1.08232 -1.0617
-1.08571 -1.06098
-1.08379 -1.06239
-1.08471 -1.0612
-1.08524 -1.05984
-1.08366 -1.06208
-1.08474 -1.06137
-1.08478 -1.05952
-1.08482 -1.06131
-1.08341 -1.06409
-1.08515 -1.05984
-1.08289 -1.06077
-1.083 -1.06243
-1.08335 -1.06185
-1.08609 -1.06042
-1.08377 -1.06156
-1.08425 -1.06103
-1.08528 -1.06187
-1.0846 -1.05987
-1.08529 -1.06141
-1.08303 -1.06182
-1.08487 -1.06005
-1.0832 -1.06225
-1.08568 -1.05985
-1.08246 -1.06232
-1.08462 -1.06048
-1.0823 -1.0605
-1.08513 -1.06084
-1.08477 -1.05971
-1.08245 -1.06096
-1.08465 -1.06219
-1.08406 -1.05976
-1.0846 -1.06205
-1.08417 -1.05967
-1.08531 -1.06164
-1.08412 -1.06006
-1.08344 -1.06294
-1.0849 -1.05924
-1.0832 -1.06336
-1.08463 -1.05959
-1.08241 -1.06192
-1.08417 -1.06225
-1.08496 -1.05968
-1.08388 -1.06177
-1.08354 -1.0607
-1.08457 -1.06095
-1.08431 -1.06081
-1.08392 -1.05981
-1.08427 -1.05953
-1.0826 -1.06267
-1.08579 -1.05875
-1.08356 -1.0601
-1.0842 -1.05986
-1.0843 -1.05949
-1.08431 -1.06048
-1.085 -1.06048
-1.08396 -1.0576
-1.08529 -1.05858
-1.08274 -1.06085
-1.08545 -1.05957
-1.08487 -1.0574
-1.08422 -1.05863
-1.08308 -1.06133
-1.08571 -1.05667
-1.08332 -1.06019
-1.08392 -1.05866
-1.08345 -1.0591
-1.08303 -1.05904
-1.08408 -1.05829
-1.08395 -1.05919
-1.08454 -1.05972
-1.08398 -1.05891
-1.08287 -1.05885
-1.08333 -1.05816
-1.08326 -1.05994
-1.08314 -1.05921
-1.08552 -1.05734
-1.08215 -1.06145
-1.08582 -1.05954
-1.08279 -1.05767
-1.08386 -1.06254
-1.08536 -1.05726
-1.08419 -1.05954
-1.08345 -1.05939
-1.08467 -1.05987
-1.08361 -1.0595
-1.08368 -1.05962
-1.08419 -1.05897
-1.08516 -1.05887
-1.08297 -1.05877
-1.08308 -1.05983
-1.08325 -1.05918
-1.08316 -1.05968
-1.08389 -1.05905
-1.08543 -1.06026
-1.08314 -1.05782
-1.08287 -1.06095
-1.0859 -1.05638
-1.0822 -1.06049
-1.08512 -1.05904
-1.08456 -1.05886
-1.08449 -1.05668
-1.0829 -1.06071
-1.08465 -1.05872
-1.08671 -1.05807
-1.08285 -1.05923
-1.08365 -1.05863
-1.08601 -1.05728
-1.08331 -1.05964
-1.08438 -1.05917
-1.0833 -1.05635
-1.08501 -1.05885
-1.08311 -1.05848
-1.08386 -1.05945
-1.08583 -1.05679
-1.08217 -1.06058
-1.08387 -1.05861
-1.0843 -1.0569
-1.08235 -1.06035
-1.08488 -1.05655
-1.08399 -1.05901
-1.08467 -1.05994
-1.08347 -1.05761
-1.08315 -1.05822
-1.08362 -1.05974
-1.08477 -1.06007
-1.08571 -1.05549
-1.08247 -1.06184
-1.08515 -1.05755
-1.08316 -1.05668
-1.08325 -1.06057
-1.08548 -1.05651
-1.08167 -1.06006
-1.08522 -1.05692
-1.08345 -1.0586
-1.08387 -1.05971
-1.08357 -1.05614
-1.08363 -1.05873
-1.08384 -1.05824
-1.08408 -1.05819
-1.08351 -1.05703
-1.08487 -1.05894
-1.08196 -1.05851
-1.08464 -1.05712
-1.08418 -1.05864
-1.08147 -1.05915
-1.08501 -1.05599
-1.08302 -1.05931
-1.08348 -1.05582
-1.08238 -1.05921
-1.08367 -1.05646
-1.08348 -1.05956
-1.08308 -1.05762
-1.08288 -1.05707
-1.08202 -1.05909
-1.08466 -1.05601
-1.08399 -1.0583
-1.08146 -1.0594
-1.08495 -1.05679
-1.0821 -1.05958
-1.08219 -1.05779
-1.08401 -1.05737
-1.08241 -1.05864
-1.08214 -1.05683
-1.08282 -1.0597
-1.0823 -1.05787
-1.08138 -1.0577
-1.08219 -1.05811
-1.08362 -1.05824
-1.08257 -1.05903
-1.08233 -1.05817
-1.08069 -1.05778
-1.08186 -1.05828
-1.08294 -1.05701
-1.07956 -1.05831
-1.08106 -1.0574
-1.08291 -1.06044
-1.08124 -1.0563
-1.08091 -1.05829
-1.0797 -1.05778
-1.08289 -1.0579
-1.08149 -1.05738
-1.08201 -1.0577
-1.07973 -1.0584
-1.08272 -1.0566
-1.0836 -1.05829
-1.08039 -1.05736
-1.08226 -1.05925
-1.082 -1.05558
-1.08088 -1.05815
-1.08244 -1.05561
-1.08061 -1.0583
-1.08202 -1.05482
-1.08042 -1.0589
-1.08178 -1.05782
-1.08267 -1.05664
-1.07996 -1.05816
-1.08094 -1.05795
-1.08067 -1.05688
-1.08301 -1.0562
-1.07831 -1.05851
-1.08276 -1.05429
-1.08129 -1.05688
-1.08025 -1.05533
-1.08279 -1.05772
-1.08039 -1.05526
-1.08208 -1.05843
-1.08136 -1.05447
-1.07937 -1.05801
-1.08205 -1.05536
-1.08096 -1.05515
-1.07925 -1.05739
-1.08064 -1.0588
-1.08262 -1.05224
-1.08022 -1.05813
-1.08266 -1.05501
-1.08073 -1.05684
-1.08137 -1.05693
-1.08169 -1.05535
-1.08055 -1.05526
-1.08183 -1.05634
-1.08112 -1.05648
-1.08138 -1.05465
-1.08081 -1.05726
-1.0822 -1.056
-1.08014 -1.0577
-1.08195 -1.05589
-1.08015 -1.05711
-1.08127 -1.05679
-1.08008 -1.05714
-1.08156 -1.05634
-1.08051 -1.05669
-1.07984 -1.05719
-1.08238 -1.05529
-1.07872 -1.05773
-1.08206 -1.05488
-1.08029 -1.05794
-1.08079 -1.05506
-1.07936 -1.05763
-1.08163 -1.05317
-1.07976 -1.05775
-1.08042 -1.05611
-1.08071 -1.05396
-1.08018 -1.05714
-1.08121 -1.05542
-1.08005 -1.05551
-1.08021 -1.05565
-1.07814 -1.05655
-1.08234 -1.05485
-1.07779 -1.05615
-1.08006 -1.05589
-1.08149 -1.05554
-1.07986 -1.05502
-1.08034 -1.05741
-1.08053 -1.05578
-1.08023 -1.05544
-1.08063 -1.0545
-1.08007 -1.05657
-1.08125 -1.05566
-1.08053 -1.05458
-1.08113 -1.05735
-1.0803 -1.05379
-1.08103 -1.05604
-1.07951 -1.05438
-1.0804 -1.05619
-1.08199 -1.05514
-1.07998 -1.05584
-1.08239 -1.0546
-1.08081 -1.0554
-1.08136 -1.05494
-1.07958 -1.05493
-1.08272 -1.05424
-1.07985 -1.05708
-1.08079 -1.05644
-1.08285 -1.05164
-1.07952 -1.05643
-1.08116 -1.05489
-1.08218 -1.05556
-1.07983 -1.05497
-1.08206 -1.05348
-1.08116 -1.05532
-1.08032 -1.05456
-1.08206 -1.05452
-1.08087 -1.05609
-1.08068 -1.05452
-1.08215 -1.05252
-1.07893 -1.05809
-1.08296 -1.05109
-1.07931 -1.05621
-1.08188 -1.05414
-1.08037 -1.05501
-1.08183 -1.05447
-1.08045 -1.05196
-1.083 -1.05424
-1.07812 -1.05505
-1.08298 -1.05419
-1.08043 -1.05326
-1.08 -1.05449
-1.08206 -1.0542
-1.08081 -1.05381
-1.08027 -1.05511
-1.08134 -1.05238
-1.08136 -1.05363
-1.07873 -1.05618
-1.08153 -1.05277
-1.08081 -1.05572
-1.08135 -1.05181
-1.08001 -1.05686
-1.08111 -1.05337
-1.08213 -1.05479
-1.08072 -1.05359
-1.07887 -1.05383
-1.08308 -1.05148
-1.08005 -1.05484
-1.08009 -1.05209
-1.07891 -1.05462
-1.0831 -1.05166
-1.07827 -1.05351
-1.08049 -1.05456
-1.0804 -1.05465
-1.08085 -1.0501
-1.07776 -1.05643
-1.08317 -1.05284
-1.07904 -1.05395
-1.08076 -1.05236
-1.07964 -1.05526
-1.08286 -1.05146
-1.07961 -1.05428
-1.0793 -1.05409
-1.08277 -1.05211
-1.07985 -1.05368
-1.0817 -1.05344
-1.08033 -1.05353
-1.08052 -1.05456
-1.08143 -1.05259
-1.07818 -1.05404
-1.08255 -1.05413
-1.07946 -1.05248
-1.08081 -1.05593
-1.08088 -1.05208
-1.07927 -1.05466
-1.08001 -1.0532
-1.08072 -1.05393
-1.08001 -1.05341
-1.0798 -1.05327
-1.08077 -1.05357
-1.07907 -1.05457
-1.07992 -1.05247
-1.08075 -1.05397
-1.07887 -1.05362
-1.08075 -1.05356
-1.08053 -1.05291
-1.07755 -1.05435
-1.08245 -1.05193
-1.07831 -1.05384
-1.07797 -1.05392
-1.08216 -1.05082
-1.07875 -1.05302
-1.07874 -1.05413
-1.08209 -1.04953
-1.07817 -1.05499
-1.0821 -1.05061
-1.07831 -1.05258
-1.08103 -1.05274
-1.08116 -1.05202
-1.07815 -1.05359
-1.08163 -1.05101
-1.07958 -1.05411
-1.08152 -1.05324
-1.08063 -1.05147
-1.07863 -1.05458
-1.0815 -1.05116
-1.07847 -1.05407
-1.08205 -1.05052
-1.07913 -1.05399
-1.07958 -1.05041
-1.07812 -1.05457
-1.08339 -1.04869
-1.07772 -1.05485
-1.0826 -1.04952
-1.07862 -1.0542
-1.08139 -1.05044
-1.0814 -1.05188
-1.08224 -1.05183
-1.0793 -1.053
-1.08128 -1.05099
-1.08182 -1.05133
-1.07784 -1.05291
-1.08317 -1.05063
-1.07856 -1.05102
-1.08222 -1.05177
-1.08044 -1.0525
-1.08021 -1.05198
-1.08047 -1.0501
-1.07944 -1.0526
-1.08276 -1.05018
-1.0785 -1.05232
-1.08174 -1.05049
-1.08022 -1.05074
-1.07969 -1.05228
-1.08104 -1.05073
-1.07951 -1.05141
-1.07989 -1.05321
-1.08189 -1.0499
-1.07775 -1.05348
-1.07954 -1.04994
-1.08011 -1.05332
-1.08113 -1.05039
-1.07938 -1.05311
-1.07876 -1.0491
-1.08048 -1.05369
-1.08032 -1.04979
-1.07767 -1.05297
-1.08265 -1.05107
-1.07857 -1.05148
-1.07967 -1.05216
-1.08004 -1.05066
-1.07911 -1.04987
-1.07917 -1.05323
-1.0803 -1.04945
-1.07864 -1.05176
-1.08131 -1.05094
-1.07767 -1.05141
-1.08111 -1.05197
-1.0798 -1.05061
-1.08096 -1.05127
-1.07979 -1.05127
-1.0803 -1.05141
-1.07971 -1.04958
-1.07936 -1.05191
-1.07907 -1.05101
-1.08079 -1.04937
-1.07866 -1.05371
-1.08064 -1.05098
-1.08094 -1.0511
-1.0782 -1.05224
-1.08176 -1.04987
-1.0792 -1.05361
-1.07948 -1.05335
-1.08243 -1.0485
-1.07776 -1.05475
-1.08036 -1.05061
-1.07981 -1.05359
-1.0817 -1.04911
-1.07845 -1.05295
-1.08153 -1.05084
-1.07962 -1.05134
-1.08073 -1.05057
-1.07857 -1.05243
-1.08067 -1.04958
-1.0807 -1.05036
-1.07863 -1.05219
-1.0818 -1.04889
-1.07912 -1.05105
-1.0821 -1.05056
-1.07997 -1.05104
-1.07943 -1.05073
-1.08066 -1.04881
-1.08075 -1.05093
-1.08041 -1.04972
-1.07958 -1.04956
-1.08005 -1.05276
-1.0808 -1.04837
-1.08051 -1.05087
-1.07822 -1.05106
-1.08168 -1.04949
-1.0805 -1.05045
-1.07916 -1.05061
-1.07965 -1.04946
-1.07961 -1.05156
-1.08066 -1.0497
-1.07913 -1.05038
-1.07891 -1.05111
-1.07969 -1.0492
-1.08024 -1.05036
-1.08134 -1.05087
-1.07987 -1.0498
-1.08076 -1.04878
-1.07905 -1.05143
-1.08121 -1.04872
-1.07972 -1.04898
-1.08185 -1.05038
-1.08074 -1.05103
-1.07988 -1.05147
-1.08203 -1.04574
-1.07865 -1.0519
-1.08141 -1.04898
-1.08016 -1.0486
-1.08197 -1.04923
-1.07871 -1.04913
-1.08084 -1.04902
-1.07975 -1.04838
-1.08085 -1.0482
-1.07871 -1.04851
-1.07894 -1.04948
-1.08017 -1.04825
-1.07921 -1.04799
-1.07922 -1.04834
-1.07865 -1.05038
-1.08029 -1.04724
-1.07907 -1.04886
-1.07976 -1.04845
-1.08089 -1.04599
-1.08009 -1.04896
-1.07962 -1.04824
-1.08086 -1.04809
-1.08064 -1.04742
-1.0801 -1.048
-1.08149 -1.04747
-1.08017 -1.04844
-1.08148 -1.04676
-1.08013 -1.04877
-1.08185 -1.04811
-1.07992 -1.04761
-1.08184 -1.04762
-1.08039 -1.04768
-1.08195 -1.04685
-1.08014 -1.04864
-1.08212 -1.04706
-1.08036 -1.04702
-1.08127 -1.04776
-1.08271 -1.0463
-1.07986 -1.0489
-1.08303 -1.04433
-1.0821 -1.048
-1.08084 -1.04794
-1.08291 -1.04503
-1.07956 -1.04924
-1.08296 -1.04563
-1.08088 -1.04762
-1.08103 -1.04705
-1.08223 -1.0478
-1.08089 -1.04627
-1.08025 -1.0484
-1.08147 -1.04625
-1.08071 -1.0484
-1.08178 -1.047
-1.08109 -1.04691
-1.08073 -1.04779
-1.07902 -1.04729
-1.08123 -1.04668
-1.08021 -1.04743
-1.07937 -1.04884
-1.08092 -1.04679
-1.0796 -1.04824
-1.07979 -1.04913
-1.0806 -1.04539
-1.07878 -1.0494
-1.08141 -1.04634
-1.07847 -1.04857
-1.08057 -1.04614
-1.07918 -1.04892
-1.07797 -1.04744
-1.07937 -1.04656
-1.07842 -1.04704
-1.07856 -1.04679
-1.07863 -1.04943
-1.0787 -1.04428
-1.0772 -1.04881
-1.07874 -1.04773
-1.07884 -1.04562
-1.0786 -1.04785
-1.07723 -1.05028
-1.08036 -1.04504
-1.07741 -1.04789
-1.07805 -1.04641
-1.07734 -1.04812
-1.07931 -1.04626
-1.07668 -1.04742
-1.07835 -1.04784
-1.07843 -1.04582
-1.07683 -1.04964
-1.07871 -1.04502
-1.07948 -1.04807
-1.07487 -1.04805
-1.07894 -1.04496
-1.07767 -1.049
-1.07688 -1.04707
-1.07839 -1.04591
-1.07719 -1.04739
-1.07821 -1.04763
-1.07748 -1.04774
-1.0782 -1.04662
-1.07618 -1.04953
-1.07819 -1.0463
-1.07625 -1.04843
-1.07575 -1.0479
-1.07773 -1.04695
-1.07598 -1.05052
-1.07464 -1.04583
-1.07786 -1.04538
-1.07491 -1.04984
-1.07714 -1.04682
-1.07483 -1.04796
-1.07772 -1.04737
-1.07441 -1.04604
-1.0775 -1.04951
-1.0755 -1.04627
-1.07463 -1.04776
-1.0762 -1.048
-1.07681 -1.04713
-1.07486 -1.04835
-1.07611 -1.04567
-1.07562 -1.04635
-1.07692 -1.04846
-1.07434 -1.04471
-1.07546 -1.04815
-1.07675 -1.04651
-1.07588 -1.0463
-1.07483 -1.04772
-1.07695 -1.0454
-1.07481 -1.0487
-1.07577 -1.04554
-1.07653 -1.04641
-1.07498 -1.04643
-1.07475 -1.04667
-1.07522 -1.04637
-1.07703 -1.04614
-1.0745 -1.04694
-1.07637 -1.04859
-1.07479 -1.04724
-1.07583 -1.04506
-1.07527 -1.04796
-1.07608 -1.04606
-1.07606 -1.04825
-1.07435 -1.04562
-1.07554 -1.04828
-1.07644 -1.04638
-1.07437 -1.04744
-1.07569 -1.04542
-1.07462 -1.04809
-1.07615 -1.04563
-1.07498 -1.04922
-1.07665 -1.04575
-1.07428 -1.0469
-1.07511 -1.04686
-1.0761 -1.04884
-1.0749 -1.04618
-1.07227 -1.04748
-1.07744 -1.04652
-1.07293 -1.04762
-1.07544 -1.04677
-1.07506 -1.04854
-1.07406 -1.04453
-1.07442 -1.04877
-1.07474 -1.04494
-1.07278 -1.04855
-1.07592 -1.04671
-1.07362 -1.04593
-1.07374 -1.04717
-1.07398 -1.04746
-1.07373 -1.04604
-1.07377 -1.04507
-1.07513 -1.04575
-1.07183 -1.04883
-1.07693 -1.04474
-1.07405 -1.04684
-1.07571 -1.04701
-1.07278 -1.04755
-1.0769 -1.04294
-1.07485 -1.04641
-1.07403 -1.0459
-1.07557 -1.04614
-1.07357 -1.04583
-1.07592 -1.04437
-1.07424 -1.04596
-1.07483 -1.04529
-1.07458 -1.04569
-1.07465 -1.04622
-1.07596 -1.04366
-1.07293 -1.04624
-1.07559 -1.04612
-1.07633 -1.04331
-1.07323 -1.04697
-1.07371 -1.04574
-1.07689 -1.04343
-1.07482 -1.04722
-1.07625 -1.04386
-1.07494 -1.04639
-1.07562 -1.04401
-1.07559 -1.04566
-1.07511 -1.04409
-1.07497 -1.04569
-1.07553 -1.04606
-1.07612 -1.04302
-1.07363 -1.04601
-1.07586 -1.04399
-1.07537 -1.04429
-1.07447 -1.04802
-1.07547 -1.0434
-1.07447 -1.04561
-1.07646 -1.04385
-1.07458 -1.0458
-1.07452 -1.04571
-1.07549 -1.04351
-1.07491 -1.04606
-1.0766 -1.04389
-1.0746 -1.04605
-1.07432 -1.04438
-1.07643 -1.04486
-1.07449 -1.04567
-1.07455 -1.04428
-1.07453 -1.04374
-1.07467 -1.04513
-1.07419 -1.04599
-1.07442 -1.04375
-1.07452 -1.04516
-1.07343 -1.04297
-1.0749 -1.04484
-1.07407 -1.04558
-1.07296 -1.04484
-1.07456 -1.04326
-1.07389 -1.04537
-1.07433 -1.04369
-1.07361 -1.04508
-1.07473 -1.04461
-1.07476 -1.04273
-1.07291 -1.04598
-1.07419 -1.04484
-1.07438 -1.04225
-1.07243 -1.04709
-1.07444 -1.04311
-1.07493 -1.04481
-1.07358 -1.04554
-1.07377 -1.04313
-1.07438 -1.04326
-1.07348 -1.0459
-1.07374 -1.04531
-1.07412 -1.044
-1.07225 -1.04507
-1.07564 -1.04335
-1.07234 -1.04481
-1.07222 -1.0457
-1.07551 -1.0441
-1.07263 -1.04466
-1.07314 -1.04732
-1.075 -1.04223
-1.07379 -1.04503
-1.07245 -1.04481
-1.07408 -1.04444
-1.07478 -1.04416
-1.07183 -1.04465
-1.07332 -1.04242
-1.07341 -1.04597
-1.07331 -1.04358
-1.07216 -1.04346
-1.07237 -1.04355
-1.07325 -1.04512
-1.07415 -1.04509
-1.0722 -1.04293
-1.07342 -1.04442
-1.07354 -1.04478
-1.07245 -1.04501
-1.0731 -1.04386
-1.07419 -1.04497
-1.07167 -1.04384
-1.07323 -1.04427
-1.07145 -1.04423
-1.07129 -1.04431
-1.07394 -1.04239
-1.07145 -1.04598
-1.07188 -1.04303
-1.07395 -1.04314
-1.07171 -1.04506
-1.07233 -1.04405
-1.07354 -1.04279
-1.07234 -1.04348
-1.07174 -1.04503
-1.07244 -1.0442
-1.0724 -1.04267
-1.07198 -1.04604
-1.0716 -1.04193
-1.07255 -1.0442
-1.07268 -1.04244
-1.07258 -1.04473
-1.07312 -1.04392
-1.07437 -1.04171
-1.07138 -1.04684
-1.07336 -1.04223
-1.07302 -1.04291
-1.07193 -1.04555
-1.0726 -1.04287
-1.07265 -1.04491
-1.07254 -1.04266
-1.07237 -1.04507
-1.07222 -1.04373
-1.07139 -1.04485
-1.07278 -1.04334
-1.07107 -1.04492
-1.0704 -1.04471
-1.07301 -1.04334
-1.07185 -1.04347
-1.07135 -1.04561
-1.07207 -1.04378
-1.07205 -1.04402
-1.07151 -1.04434
-1.0724 -1.04363
-1.06997 -1.04465
-1.07413 -1.04364
-1.07154 -1.04487
-1.07291 -1.04142
-1.07036 -1.0455
-1.07401 -1.04271
-1.07058 -1.04412
-1.07264 -1.04317
-1.07063 -1.04569
-1.07173 -1.04236
-1.07278 -1.04223
-1.0705 -1.04518
-1.0736 -1.04239
-1.07167 -1.04393
-1.07129 -1.04286
-1.07185 -1.04378
-1.07353 -1.04194
-1.07028 -1.0457
-1.07226 -1.04183
-1.07144 -1.0429
-1.071 -1.04342
-1.07283 -1.04336
-1.07141 -1.04185
-1.07147 -1.04349
-1.07126 -1.04357
-1.07235 -1.04066
-1.06946 -1.04551
-1.07387 -1.04174
-1.07039 -1.04144
-1.07133 -1.045
-1.0708 -1.0407
-1.07046 -1.04442
-1.073 -1.04196
