0 0
-0.171408 -0.16138
-0.331324 -0.313505
-0.47845 -0.453976
-0.61466 -0.584739
-0.738373 -0.704985
-0.84736 -0.813612
-0.945407 -0.911719
-1.02972 -0.997386
-1.09583 -1.07704
-1.15302 -1.136
-1.19684 -1.19205
-1.22689 -1.23558
-1.24722 -1.27244
-1.25745 -1.30678
-1.26902 -1.32962
-1.27444 -1.34822
-1.27825 -1.35879
-1.28063 -1.37669
-1.27768 -1.39316
-1.28191 -1.39852
-1.27525 -1.40867
-1.28039 -1.41276
-1.27851 -1.41669
-1.27615 -1.42344
-1.26681 -1.40879
-1.27955 -1.42665
-1.27603 -1.4193
-1.2755 -1.4293
-1.27456 -1.42865
-1.27362 -1.43606
-1.28105 -1.41973
-1.2814 -1.4203
-1.28379 -1.41813
-1.28921 -1.41077
-1.28973 -1.41301
-1.28585 -1.41043
-1.29038 -1.40476
-1.29341 -1.40029
-1.29322 -1.39661
-1.29084 -1.39563
-1.29224 -1.3937
-1.29296 -1.39304
-1.29338 -1.39463
-1.29467 -1.39491
-1.2904 -1.39598
-1.29514 -1.38835
-1.28944 -1.39416
-1.29491 -1.38787
-1.29269 -1.38531
-1.29407 -1.38235
-1.29761 -1.38082
-1.29521 -1.37959
-1.29393 -1.3805
-1.29533 -1.38092
-1.29754 -1.38086
-1.29125 -1.37531
-1.29313 -1.3751
-1.29145 -1.37573
-1.29026 -1.37221
-1.29207 -1.37465
-1.2943 -1.36656
-1.28476 -1.37822
-1.2912 -1.37015
-1.29045 -1.36405
-1.28998 -1.36532
-1.28807 -1.36113
-1.29259 -1.36094
-1.28831 -1.36397
-1.29199 -1.35841
-1.28899 -1.36038
-1.28842 -1.35893
-1.28634 -1.35499
-1.29118 -1.35044
-1.28392 -1.35299
-1.28376 -1.35458
-1.28023 -1.35178
-1.28492 -1.34992
-1.28202 -1.3478
-1.28269 -1.35157
-1.283 -1.35326
-1.28168 -1.34986
-1.28198 -1.34868
-1.28313 -1.34577
-1.28455 -1.34649
-1.27996 -1.34937
-1.2813 -1.34067
-1.27934 -1.34053
-1.28237 -1.34029
-1.28028 -1.33967
-1.27842 -1.341
-1.2744 -1.33936
-1.27586 -1.33834
-1.27336 -1.33826
-1.276 -1.33288
-1.2695 -1.33099
-1.27404 -1.32998
-1.26686 -1.33036
-1.26991 -1.32744
-1.2717 -1.32364
-1.26497 -1.32492
-1.26211 -1.32378
-1.26049 -1.32394
-1.26084 -1.3202
-1.25946 -1.31969
-1.25698 -1.31393
-1.25671 -1.31568
-1.25719 -1.31052
-1.25784 -1.30856
-1.25769 -1.30935
-1.25788 -1.31028
-1.25596 -1.31286
-1.25293 -1.30929
-1.255 -1.30546
-1.25344 -1.30516
-1.25577 -1.30233
-1.25792 -1.29985
-1.25544 -1.29778
-1.25548 -1.30462
-1.2536 -1.30198
-1.25119 -1.30049
-1.24826 -1.30155
-1.24849 -1.29974
-1.24807 -1.29847
-1.2504 -1.29556
-1.25152 -1.29739
-1.24631 -1.3014
-1.25012 -1.29411
-1.24842 -1.29506
-1.2462 -1.29321
-1.24725 -1.29364
-1.24622 -1.29244
-1.24175 -1.29443
-1.24327 -1.29423
-1.24074 -1.29407
-1.24295 -1.29096
-1.24471 -1.28662
-1.24723 -1.28375
-1.24517 -1.29012
-1.24333 -1.28337
-1.24148 -1.28706
-1.24469 -1.28437
-1.23994 -1.28062
-1.2406 -1.28295
-1.24034 -1.27868
-1.24222 -1.27944
-1.2381 -1.28297
-1.23857 -1.28212
-1.24102 -1.28227
-1.23802 -1.27606
-1.23372 -1.28178
-1.23229 -1.27917
-1.22917 -1.2808
-1.23111 -1.27976
-1.23366 -1.27634
-1.23061 -1.27444
-1.23113 -1.27474
-1.23089 -1.27217
-1.23001 -1.27292
-1.23099 -1.27439
-1.22672 -1.27781
-1.22731 -1.2751
-1.2253 -1.27564
-1.22565 -1.27449
-1.22559 -1.27253
-1.22712 -1.26795
-1.22473 -1.27132
-1.224 -1.27042
-1.21863 -1.27438
-1.23087 -1.26711
-1.21968 -1.27664
-1.2259 -1.268
-1.22035 -1.27148
-1.22203 -1.26668
-1.21755 -1.26794
-1.22133 -1.27069
-1.22051 -1.26865
-1.22105 -1.26916
-1.21637 -1.27115
-1.22267 -1.26527
-1.21926 -1.2629
-1.22207 -1.26314
-1.22178 -1.26287
-1.22387 -1.25861
-1.21669 -1.26391
-1.22241 -1.26102
-1.21977 -1.25914
-1.22084 -1.25543
-1.21832 -1.25938
-1.21657 -1.26114
-1.21488 -1.26289
-1.21755 -1.26022
-1.21537 -1.25779
-1.21584 -1.25955
-1.21175 -1.25562
-1.21396 -1.25645
-1.215 -1.25318
-1.21525 -1.2513
-1.21329 -1.25454
-1.21236 -1.25132
-1.21377 -1.25089
-1.21182 -1.25011
-1.21028 -1.2508
-1.21227 -1.24568
-1.21398 -1.24401
-1.20883 -1.24742
-1.21023 -1.24756
-1.20937 -1.24835
-1.21172 -1.2494
-1.20418 -1.25083
-1.20745 -1.24695
-1.21044 -1.24395
-1.20635 -1.24306
-1.20886 -1.2447
-1.20827 -1.24412
-1.20723 -1.24186
-1.20317 -1.24291
-1.2067 -1.2431
-1.20487 -1.24058
-1.20586 -1.23998
-1.20507 -1.23976
-1.20437 -1.24224
-1.20386 -1.24059
-1.20337 -1.24318
-1.20292 -1.24161
-1.20028 -1.24265
-1.20222 -1.23997
-1.1995 -1.24177
-1.20311 -1.23762
-1.19725 -1.23978
-1.2022 -1.237
-1.19712 -1.23784
-1.19879 -1.24161
-1.19722 -1.24005
-1.19537 -1.24027
-1.19719 -1.24
-1.19601 -1.24372
-1.19989 -1.23596
-1.19863 -1.23535
-1.1971 -1.23522
-1.19781 -1.23375
-1.19759 -1.23402
-1.19632 -1.23272
-1.195 -1.22882
-1.19416 -1.23414
-1.19438 -1.23111
-1.19348 -1.23123
-1.19245 -1.22886
-1.19618 -1.22549
-1.19343 -1.22966
-1.19369 -1.23106
-1.19669 -1.22706
-1.19128 -1.23124
-1.19234 -1.23093
-1.19033 -1.22311
-1.18968 -1.22698
-1.1917 -1.22247
-1.18803 -1.22584
-1.18912 -1.22343
-1.18731 -1.2259
-1.18456 -1.22607
-1.18467 -1.22668
-1.18744 -1.22405
-1.18673 -1.22509
-1.18417 -1.22332
-1.18443 -1.22366
-1.18147 -1.22228
-1.18169 -1.22001
-1.18438 -1.22105
-1.18283 -1.22337
-1.181 -1.22181
-1.17995 -1.22205
-1.1754 -1.22414
-1.16206 -1.19637
-1.15275 -1.17849
-1.14982 -1.18385
-1.15204 -1.18133
-1.14899 -1.18055
-1.1501 -1.17998
-1.14907 -1.17422
-1.14818 -1.18222
-1.1457 -1.17487
-1.14343 -1.18467
-1.14615 -1.17724
-1.14552 -1.17656
-1.14621 -1.18022
-1.14826 -1.17458
-1.15293 -1.17106
-1.14644 -1.17776
-1.14912 -1.17465
-1.14438 -1.17625
-1.14753 -1.17355
-1.14557 -1.17334
-1.14882 -1.17232
-1.14784 -1.17281
-1.1474 -1.17161
-1.14392 -1.1714
-1.14337 -1.17094
-1.14252 -1.16711
-1.14045 -1.17051
-1.14512 -1.16721
-1.14276 -1.16919
-1.14159 -1.16902
-1.1429 -1.17021
-1.14281 -1.16824
-1.14066 -1.17173
-1.13888 -1.16875
-1.14034 -1.16921
-1.14187 -1.1669
-1.14372 -1.166
-1.14042 -1.16894
-1.13876 -1.16755
-1.14056 -1.16825
-1.13801 -1.16609
-1.13461 -1.1679
-1.13609 -1.16531
-1.13429 -1.16436
-1.13596 -1.16383
-1.13668 -1.16433
-1.13667 -1.16344
-1.13774 -1.16247
-1.13184 -1.16629
-1.13218 -1.16319
-1.13187 -1.16253
-1.13523 -1.16213
-1.13516 -1.16055
-1.13736 -1.15666
-1.13492 -1.1612
-1.13482 -1.15971
-1.13512 -1.15562
-1.1344 -1.15913
-1.13301 -1.16007
-1.13557 -1.15543
-1.12876 -1.16216
-1.13335 -1.15277
-1.13313 -1.15179
-1.13044 -1.15502
-1.13085 -1.15377
-1.1316 -1.15338
-1.13356 -1.1547
-1.13069 -1.15814
-1.13264 -1.16021
-1.1335 -1.15193
-1.1278 -1.15904
-1.13195 -1.15282
-1.12941 -1.15482
-1.1288 -1.15455
-1.12727 -1.1571
-1.12612 -1.15605
-1.12888 -1.15684
-1.12887 -1.15277
-1.12442 -1.15691
-1.12714 -1.15526
-1.12442 -1.15564
-1.12823 -1.15489
-1.12314 -1.15826
-1.12454 -1.15591
-1.10211 -1.13554
-1.0898 -1.1047
-1.08963 -1.10861
-1.08767 -1.10712
-1.08548 -1.10412
-1.088 -1.10238
-1.08532 -1.10442
-1.08592 -1.10387
-1.08244 -1.10534
-1.08701 -1.10041
-1.08072 -1.10694
-1.08607 -1.10163
-1.08242 -1.10504
-1.0841 -1.1034
-1.0835 -1.10031
-1.08292 -1.10134
-1.08074 -1.10397
-1.08239 -1.10034
-1.07857 -1.10316
-1.08015 -1.10052
-1.07782 -1.10315
-1.07999 -1.09924
-1.0815 -1.10151
-1.08081 -1.09861
-1.08151 -1.1021
-1.08286 -1.09593
-1.08013 -1.10373
-1.08184 -1.09779
-1.07711 -1.10113
-1.07979 -1.10017
-1.07873 -1.1
-1.07938 -1.0989
-1.07827 -1.09821
-1.07736 -1.09996
-1.07861 -1.09701
-1.07795 -1.0996
-1.07827 -1.10156
-1.08023 -1.09795
-1.07906 -1.10064
-1.07703 -1.1022
-1.07836 -1.09971
-1.07413 -1.10499
-1.07976 -1.09863
-1.07684 -1.10152
-1.07609 -1.10326
-1.07807 -1.09928
-1.07755 -1.09976
-1.07824 -1.09695
-1.08141 -1.09552
-1.07787 -1.09798
-1.07633 -1.09744
-1.07572 -1.09655
-1.07811 -1.09724
-1.07338 -1.09978
-1.0758 -1.09742
-1.0748 -1.09917
-1.0752 -1.09644
-1.07784 -1.09308
-1.07525 -1.09148
-1.07589 -1.09531
-1.07682 -1.09059
-1.07548 -1.09404
-1.07525 -1.09545
-1.07463 -1.09472
-1.07312 -1.0964
-1.07165 -1.09965
-1.07293 -1.09645
-1.07211 -1.09779
-1.06866 -1.10167
-1.07399 -1.09292
-1.07061 -1.09856
-1.07283 -1.09749
-1.07084 -1.09764
-1.06999 -1.09737
-1.07079 -1.0951
-1.06861 -1.09783
-1.06977 -1.09521
-1.06958 -1.09702
-1.07037 -1.09668
-1.07084 -1.09599
-1.06803 -1.09483
-1.06942 -1.09324
-1.07001 -1.09416
-1.06974 -1.09194
-1.06968 -1.09139
-1.06994 -1.09349
-1.06983 -1.09272
-1.06736 -1.0943
-1.0673 -1.09223
-1.07013 -1.08994
-1.06795 -1.09138
-1.06777 -1.09136
-1.0685 -1.09021
-1.06637 -1.09554
-1.06914 -1.09393
-1.06884 -1.09046
-1.06947 -1.0915
-1.06658 -1.08799
-1.06775 -1.09014
-1.06402 -1.09021
-1.06666 -1.09406
-1.06699 -1.08909
-1.06451 -1.09208
-1.06259 -1.09375
-1.06589 -1.08638
-1.03613 -1.07041
-1.02169 -1.02085
-1.02206 -1.02794
-1.02204 -1.02299
-1.01888 -1.02566
-1.01898 -1.02518
-1.01912 -1.02389
-1.01664 -1.02832
-1.01711 -1.02577
-1.01919 -1.02489
-1.01878 -1.02611
-1.01923 -1.02407
-1.01842 -1.0257
-1.02157 -1.02526
-1.01947 -1.02272
-1.01663 -1.02657
-1.01756 -1.02181
-1.01924 -1.02346
-1.01707 -1.02674
-1.01772 -1.02405
-1.0162 -1.02484
-1.01563 -1.02734
-1.01807 -1.02028
-1.01443 -1.02441
-1.01421 -1.02257
-1.01566 -1.02174
-1.01552 -1.02449
-1.01829 -1.02163
-1.0165 -1.02399
-1.0177 -1.02218
-1.01517 -1.02354
-1.01387 -1.02474
-1.01534 -1.025
-1.0152 -1.02446
-1.0143 -1.02675
-1.0134 -1.02608
-1.01249 -1.02593
-1.01396 -1.02389
-1.01284 -1.02493
-1.01282 -1.02648
-1.01186 -1.02892
-1.0151 -1.02367
-1.0131 -1.02606
-1.01472 -1.0225
-1.01348 -1.02316
-1.01485 -1.01944
-1.01345 -1.02244
-1.01367 -1.02115
-1.01231 -1.02495
-1.013 -1.02351
-1.01215 -1.02424
-1.01136 -1.02735
-1.01382 -1.02248
-1.00981 -1.02584
-1.01035 -1.02582
-1.01224 -1.02106
-1.01343 -1.02398
-1.00982 -1.02174
-1.01166 -1.02195
-1.0108 -1.01933
-1.00918 -1.0197
-1.00902 -1.02321
-1.01076 -1.02399
-1.00993 -1.02242
-1.00912 -1.02024
-1.00817 -1.02411
-1.00982 -1.02449
-1.00968 -1.01996
-1.00926 -1.02367
-1.01084 -1.01896
-1.00958 -1.02269
-1.00888 -1.0207
-1.01059 -1.01975
-1.00757 -1.02427
-1.01014 -1.02399
-1.00872 -1.02055
-1.00791 -1.02379
-1.01038 -1.02138
-1.00987 -1.02167
-1.00475 -1.02454
-1.01007 -1.01889
-1.00593 -1.02241
-1.00662 -1.02207
-1.0087 -1.0205
-1.00589 -1.02261
-1.00677 -1.02256
-1.01019 -1.0188
-1.00776 -1.02097
-1.00861 -1.01924
-1.00747 -1.02034
-1.00728 -1.02027
-1.0071 -1.01987
-1.00569 -1.02169
-1.00702 -1.01761
-1.00537 -1.02177
-1.00699 -1.01742
-1.00423 -1.01941
-1.00474 -1.02199
-1.00527 -1.01868
-1.00542 -1.01852
-1.00097 -1.02334
-1.00335 -1.01798
-1.0044 -1.01788
-0.998937 -1.02159
-1.00446 -1.01702
-1.00456 -1.01789
-1.00422 -1.01635
-1.00346 -1.01687
-1.00364 -1.01544
-1.00005 -1.01693
-1.00034 -1.01981
-1.00122 -1.01705
-1.00027 -1.02177
-1.00491 -1.01535
-1.00166 -1.01973
-1.00235 -1.01879
-1.00121 -1.01592
-1.0027 -1.01742
-1.00004 -1.01896
-1.00083 -1.01914
-1.00118 -1.01806
-1.00133 -1.01872
-1.00215 -1.0158
-1.00147 -1.01967
-1.00112 -1.01618
-1.00197 -1.0172
-1.00111 -1.01765
-1.00329 -1.01409
-0.999137 -1.01651
-1.00238 -1.01507
-0.998507 -1.01587
-1.00099 -1.01277
-0.999025 -1.01373
-1.0006 -1.01237
-0.999349 -1.01117
-0.998959 -1.01456
-0.999337 -1.01009
-0.998854 -1.01264
-0.997483 -1.01458
-1.00051 -1.01179
-0.998738 -1.01305
-0.998932 -1.01767
-1.00006 -1.01089
-0.998123 -1.01394
-0.997125 -1.01364
-1.00112 -1.00725
-0.997586 -1.01375
-0.997163 -1.00913
-0.999363 -1.00911
-0.998637 -1.0148
-0.998462 -1.01032
-0.997847 -1.01109
-0.99472 -1.01381
-0.998518 -1.00983
-0.993215 -1.01198
-0.993663 -1.01165
-0.994997 -1.01136
-0.994538 -1.01051
-0.995654 -1.01118
-0.996177 -1.00922
-0.996842 -1.01034
-0.995078 -1.0087
-0.99469 -1.01178
-0.996823 -1.01179
-0.996033 -1.01166
-0.997394 -1.01146
-0.997595 -1.01255
-0.997072 -1.01029
-0.997078 -1.00764
-0.996517 -1.00868
-0.997159 -1.00597
-0.994906 -1.00939
-0.99557 -1.00659
-0.995347 -1.00987
-0.99274 -1.00957
-0.995674 -1.00729
-0.994334 -1.01105
-0.994017 -1.01206
-0.995163 -1.00805
-0.99338 -1.01154
-0.992858 -1.01071
-0.992434 -1.00733
-0.990821 -1.00718
-0.99443 -1.00505
-0.990102 -1.00764
-0.990944 -1.00728
-0.993039 -1.00654
-0.992965 -1.00659
-0.991917 -1.00681
-0.993054 -1.00669
-0.994763 -1.00476
-0.990419 -1.00937
-0.994632 -1.005
-0.99229 -1.00616
-0.989849 -1.00794
-0.993077 -1.00569
-0.990346 -1.00672
-0.993992 -1.00456
-0.994849 -1.00161
-0.990099 -1.00786
-0.993768 -1.00295
-0.992064 -1.00654
-0.992542 -1.00597
-0.992376 -1.00571
-0.99232 -1.00626
-0.992532 -1.00296
-0.990673 -1.00758
-0.990284 -1.00533
-0.992395 -1.00557
-0.990908 -1.00584
-0.987968 -1.00571
-0.991753 -1.00341
-0.990985 -1.00411
-0.990948 -1.00598
-0.991805 -1.00492
-0.991769 -1.00457
-0.99057 -1.00479
-0.991349 -1.00553
-0.989335 -1.00254
-0.987218 -1.00604
-0.988623 -1.00632
-0.989413 -1.00263
-0.98667 -1.00676
-0.986976 -1.00574
-0.990775 -1.00354
-0.987423 -1.00651
-0.989407 -1.00483
-0.988447 -1.00106
-0.986532 -1.0058
-0.988786 -1.00101
-0.988081 -1.00356
-0.986337 -1.00679
-0.989298 -1.00298
-0.987857 -1.00568
-0.988493 -1.00481
-0.986904 -1.00412
-0.98639 -1.00437
-0.987062 -1.00147
-0.985988 -1.00374
-0.987823 -1.00419
-0.986445 -1.00454
-0.987153 -1.00213
-0.984031 -1.00534
-0.986456 -1.00171
-0.982804 -1.00458
-0.985132 -1.00452
-0.98717 -1.00267
-0.983528 -1.00388
-0.984122 -1.00283
-0.983579 -1.00344
-0.982916 -1.00097
-0.981689 -1.00313
-0.984513 -1.00238
-0.96402 -0.980232
-0.944142 -0.948814
-0.945226 -0.95033
-0.94344 -0.951262
-0.944082 -0.951023
-0.944322 -0.950058
-0.944342 -0.950567
-0.943659 -0.952283
-0.944134 -0.948307
-0.942186 -0.951428
-0.942609 -0.950341
-0.942703 -0.947917
-0.940547 -0.951037
-0.942379 -0.950068
-0.941547 -0.950825
-0.940623 -0.948629
-0.942565 -0.950264
-0.941475 -0.950391
-0.939593 -0.94916
-0.940868 -0.948171
-0.939138 -0.949325
-0.938646 -0.951837
-0.938965 -0.949336
-0.940033 -0.949779
-0.939578 -0.950723
-0.940483 -0.949913
-0.939095 -0.951702
-0.940073 -0.951111
-0.940627 -0.951019
-0.939603 -0.948748
-0.939807 -0.948611
-0.93819 -0.949179
-0.937659 -0.948969
-0.938402 -0.951114
-0.940143 -0.951245
-0.939779 -0.94964
-0.940138 -0.948509
-0.93798 -0.951689
-0.940385 -0.948577
-0.938358 -0.947128
-0.936606 -0.949502
-0.936799 -0.949537
-0.93894 -0.947909
-0.939195 -0.94752
-0.938884 -0.948842
-0.93882 -0.947158
-0.937127 -0.949496
-0.939727 -0.948199
-0.938426 -0.948773
-0.937138 -0.948435
-0.937521 -0.947568
-0.938024 -0.945853
-0.93525 -0.950003
-0.935259 -0.947585
-0.933986 -0.949053
-0.934706 -0.948383
-0.932947 -0.951305
-0.934476 -0.945573
-0.936163 -0.94985
-0.934248 -0.945293
-0.935955 -0.948266
-0.938286 -0.94497
-0.934228 -0.951173
-0.938971 -0.945227
-0.937576 -0.947047
-0.937175 -0.949166
-0.937453 -0.947549
-0.935439 -0.947987
-0.936214 -0.945995
-0.933832 -0.951578
-0.936107 -0.94653
-0.935369 -0.947129
-0.933332 -0.948873
-0.935004 -0.946588
-0.935072 -0.947334
-0.934035 -0.94665
-0.933895 -0.946674
-0.934197 -0.946375
-0.934426 -0.94426
-0.933211 -0.945573
-0.931408 -0.946023
-0.932331 -0.943912
-0.933381 -0.944121
-0.931605 -0.943742
-0.932318 -0.94565
-0.931471 -0.946523
-0.932057 -0.947313
-0.93188 -0.947478
-0.932423 -0.946206
-0.931188 -0.946889
-0.932393 -0.946274
-0.932615 -0.944021
-0.930175 -0.948226
-0.931088 -0.944693
-0.930749 -0.946776
-0.930852 -0.945343
-0.930878 -0.950623
-0.932995 -0.945337
-0.931684 -0.948374
-0.930893 -0.949624
-0.93525 -0.942471
-0.930764 -0.947374
-0.93151 -0.945237
-0.932278 -0.944061
-0.932358 -0.945666
-0.931101 -0.945399
-0.932067 -0.945605
-0.932624 -0.94821
-0.93309 -0.943384
-0.929412 -0.946418
-0.928548 -0.945207
-0.931589 -0.943526
-0.930194 -0.944972
-0.927745 -0.946088
-0.929794 -0.945493
-0.928982 -0.942578
-0.926657 -0.94782
-0.929187 -0.943522
-0.92764 -0.942284
-0.926683 -0.945158
-0.925925 -0.945399
-0.926274 -0.944327
-0.927357 -0.944474
-0.925159 -0.944016
-0.926072 -0.944128
-0.926952 -0.942328
-0.927775 -0.943201
-0.92691 -0.944985
-0.92884 -0.941692
-0.926954 -0.944552
-0.926419 -0.945164
-0.928426 -0.940909
-0.929733 -0.940641
-0.926824 -0.943576
-0.931154 -0.938568
-0.930027 -0.939795
-0.927757 -0.94185
-0.927552 -0.940668
-0.927582 -0.942301
-0.927292 -0.941993
-0.927516 -0.938882
-0.926804 -0.941598
-0.92442 -0.942725
-0.925929 -0.940013
-0.925867 -0.942622
-0.926133 -0.940518
-0.926069 -0.943069
-0.925517 -0.941528
-0.925579 -0.941111
-0.923171 -0.942094
-0.925806 -0.942868
-0.924659 -0.942532
-0.925333 -0.941928
-0.926065 -0.942676
-0.924958 -0.940043
-0.9251 -0.941753
-0.923449 -0.941205
-0.9079 -0.924773
-0.895009 -0.901601
-0.894798 -0.903721
-0.895493 -0.9038
-0.894353 -0.903822
-0.894715 -0.902737
-0.896322 -0.901414
-0.894477 -0.902801
-0.893476 -0.90469
-0.892843 -0.902499
-0.894545 -0.902267
-0.893253 -0.904523
-0.892084 -0.902527
-0.89433 -0.904362
-0.894118 -0.904446
-0.892489 -0.902834
-0.893104 -0.903495
-0.891694 -0.903457
-0.890846 -0.904503
-0.889435 -0.903629
-0.890637 -0.904063
-0.890878 -0.902178
-0.89137 -0.901736
-0.891176 -0.904923
-0.890019 -0.904145
-0.892357 -0.903695
-0.89086 -0.902007
-0.891978 -0.902
-0.889672 -0.902887
-0.890797 -0.903215
-0.889564 -0.905033
-0.892006 -0.899285
-0.890006 -0.902264
-0.888728 -0.905044
-0.891649 -0.901724
-0.887136 -0.902681
-0.890528 -0.902638
-0.890426 -0.902687
-0.888786 -0.904658
-0.890779 -0.902418
-0.889363 -0.901558
-0.889173 -0.90376
-0.888104 -0.903344
-0.89035 -0.903192
-0.887995 -0.902754
-0.88901 -0.900255
-0.886114 -0.905564
-0.886949 -0.901953
-0.887268 -0.902299
-0.886515 -0.903819
-0.887723 -0.902961
-0.886013 -0.904758
-0.886792 -0.900706
-0.888091 -0.90281
-0.886374 -0.902567
-0.888218 -0.900957
-0.887576 -0.902244
-0.885375 -0.904179
-0.887407 -0.900334
-0.886092 -0.901264
-0.887321 -0.903107
-0.885034 -0.901869
-0.884826 -0.901717
-0.885483 -0.901179
-0.884193 -0.903253
-0.887291 -0.900451
-0.885612 -0.901228
-0.883974 -0.902978
-0.886178 -0.901099
-0.885846 -0.89993
-0.885222 -0.901694
-0.885781 -0.900609
-0.886818 -0.901914
-0.885083 -0.90282
-0.88727 -0.899681
-0.887502 -0.901315
-0.886729 -0.901082
-0.887009 -0.902177
-0.886625 -0.902097
-0.886073 -0.903176
-0.887193 -0.900627
-0.885138 -0.9022
-0.887246 -0.898995
-0.885478 -0.902392
-0.887772 -0.898712
-0.88567 -0.900802
-0.886167 -0.900986
-0.883956 -0.901134
-0.885525 -0.900349
-0.886582 -0.899969
-0.884405 -0.902467
-0.88649 -0.902661
-0.886895 -0.900466
-0.887278 -0.902494
-0.885874 -0.901936
-0.886747 -0.900836
-0.885107 -0.900789
-0.885442 -0.900751
-0.884545 -0.902581
-0.886135 -0.901435
-0.885233 -0.903084
-0.888775 -0.901229
-0.885477 -0.900893
-0.885007 -0.902854
-0.886804 -0.899337
-0.884849 -0.901517
-0.885525 -0.901042
-0.884899 -0.902228
-0.884713 -0.903811
-0.868347 -0.881653
-0.849339 -0.854783
-0.85092 -0.854836
-0.848814 -0.857872
-0.849233 -0.856979
-0.849155 -0.85742
-0.849064 -0.856676
-0.849493 -0.857637
-0.848949 -0.856733
-0.847458 -0.857447
-0.847489 -0.85869
-0.849145 -0.856252
-0.846117 -0.860603
-0.848047 -0.857273
-0.84655 -0.860974
-0.846687 -0.856915
-0.847358 -0.858041
-0.846572 -0.8578
-0.846285 -0.857188
-0.844244 -0.859044
-0.845514 -0.855614
-0.843059 -0.856365
-0.844047 -0.855773
-0.843213 -0.856991
-0.844213 -0.855464
-0.844003 -0.857243
-0.844242 -0.856798
-0.843462 -0.856834
-0.844114 -0.856517
-0.844966 -0.858031
-0.843811 -0.858212
-0.844409 -0.856248
-0.843498 -0.856245
-0.842455 -0.856159
-0.841521 -0.857545
-0.842543 -0.855318
-0.841747 -0.855899
-0.84254 -0.856518
-0.841504 -0.858646
-0.843566 -0.853571
-0.841639 -0.859729
-0.841056 -0.858142
-0.842249 -0.855957
-0.841307 -0.855577
-0.841354 -0.856087
-0.825517 -0.83728
-0.807409 -0.812524
-0.809594 -0.811401
-0.808538 -0.81312
-0.807683 -0.814032
-0.809108 -0.809211
-0.807251 -0.813397
-0.80747 -0.811588
-0.808001 -0.81186
-0.807506 -0.81321
-0.806358 -0.813721
-0.806012 -0.812731
-0.807868 -0.812016
-0.804567 -0.81362
-0.805958 -0.812357
-0.805479 -0.812967
-0.806352 -0.813084
-0.807144 -0.81413
-0.806573 -0.810947
-0.806451 -0.814981
-0.807423 -0.811166
-0.804416 -0.813748
-0.806745 -0.812815
-0.806186 -0.812453
-0.804972 -0.813234
-0.806238 -0.811666
-0.804716 -0.81323
-0.806486 -0.810505
-0.80474 -0.814062
-0.805368 -0.810778
-0.804616 -0.812089
-0.803437 -0.811277
-0.803215 -0.812845
-0.802558 -0.810651
-0.802809 -0.810353
-0.802078 -0.813867
-0.803092 -0.809964
-0.802468 -0.81076
-0.80389 -0.813047
-0.803731 -0.809328
-0.804092 -0.813127
-0.804948 -0.809845
-0.803067 -0.812271
-0.803357 -0.812222
-0.802298 -0.810044
-0.802261 -0.812213
-0.802171 -0.81121
-0.801207 -0.810854
-0.803661 -0.810404
-0.801518 -0.810944
-0.802052 -0.810314
-0.801333 -0.81109
-0.80197 -0.811065
-0.800753 -0.810613
-0.800308 -0.809894
-0.801175 -0.810851
-0.79951 -0.810532
-0.801071 -0.80982
-0.800582 -0.809572
-0.801057 -0.80974
-0.801604 -0.81175
-0.800371 -0.810856
-0.801456 -0.809718
-0.800535 -0.809408
-0.801985 -0.81021
-0.799563 -0.810419
-0.802189 -0.809973
-0.799169 -0.811463
-0.800555 -0.810882
-0.800623 -0.809055
-0.79927 -0.811656
-0.799354 -0.811642
-0.800071 -0.810643
-0.800252 -0.810428
-0.799521 -0.811359
-0.800382 -0.809677
-0.800572 -0.810588
-0.80017 -0.810575
-0.800354 -0.810788
-0.801722 -0.807743
-0.799976 -0.811204
-0.800276 -0.810478
-0.800051 -0.810156
-0.799874 -0.80826
-0.799368 -0.810388
-0.799553 -0.80892
-0.798665 -0.809633
-0.799073 -0.808948
-0.79923 -0.80849
-0.796973 -0.809923
-0.79943 -0.808701
-0.798154 -0.810187
-0.79999 -0.808752
-0.798244 -0.811019
-0.80058 -0.808772
-0.797984 -0.811483
-0.799164 -0.809747
-0.799044 -0.809011
-0.799711 -0.809597
-0.798793 -0.809945
-0.797964 -0.810098
-0.79888 -0.808208
-0.798686 -0.810232
-0.798689 -0.808171
-0.798987 -0.809701
-0.798551 -0.810182
-0.799003 -0.809931
-0.799775 -0.80908
-0.799758 -0.809638
-0.798137 -0.811099
-0.798462 -0.809639
-0.797674 -0.80964
-0.798988 -0.808101
-0.797108 -0.81067
-0.797344 -0.80798
-0.797476 -0.809385
-0.797349 -0.80982
-0.798236 -0.808311
-0.797814 -0.809777
-0.797034 -0.810256
-0.799549 -0.807126
-0.79797 -0.809512
-0.798974 -0.809513
-0.798117 -0.809697
-0.799077 -0.808155
-0.797837 -0.809519
-0.798656 -0.810191
-0.798619 -0.806626
-0.797524 -0.810482
-0.799087 -0.808229
-0.798141 -0.81011
-0.799359 -0.808472
-0.797162 -0.809427
-0.799317 -0.807565
-0.797383 -0.808941
-0.798973 -0.80787
-0.797286 -0.809619
-0.798503 -0.808679
-0.798514 -0.809426
-0.798514 -0.807707
-0.797679 -0.809631
-0.799171 -0.80951
-0.798083 -0.809991
-0.798119 -0.809815
-0.79925 -0.808041
-0.797759 -0.810406
-0.798856 -0.807941
-0.797494 -0.810334
-0.797626 -0.808717
-0.79751 -0.807685
-0.798227 -0.811231
-0.797974 -0.808194
-0.798048 -0.809597
-0.797025 -0.809372
-0.796018 -0.808597
-0.796753 -0.807667
-0.795873 -0.809119
-0.795598 -0.807568
-0.79474 -0.808207
-0.796273 -0.807384
-0.794913 -0.808819
-0.797098 -0.808972
-0.796221 -0.80767
-0.796832 -0.808317
-0.796752 -0.809177
-0.796498 -0.809162
-0.797334 -0.807363
-0.796388 -0.808956
-0.795365 -0.809393
-0.797249 -0.808687
-0.796072 -0.808016
-0.797643 -0.806884
-0.797178 -0.810472
-0.796521 -0.809404
-0.79675 -0.809555
-0.79792 -0.807247
-0.798406 -0.808981
-0.797311 -0.809142
-0.797901 -0.808787
-0.795417 -0.809924
-0.798112 -0.806569
-0.79713 -0.808343
-0.79597 -0.809451
-0.797151 -0.808916
-0.796541 -0.808789
-0.796796 -0.807495
-0.797239 -0.808378
-0.798 -0.807707
-0.796394 -0.809674
-0.798218 -0.806829
-0.797464 -0.807978
-0.796408 -0.810315
-0.797929 -0.806914
-0.797577 -0.808436
-0.796737 -0.808276
-0.797923 -0.806613
-0.79571 -0.80897
-0.79699 -0.807846
-0.795986 -0.807949
-0.795162 -0.809055
-0.79663 -0.808089
-0.796096 -0.806398
-0.796127 -0.808298
-0.795508 -0.808311
-0.797958 -0.807303
-0.795863 -0.808631
-0.797711 -0.807549
-0.794825 -0.809084
-0.797076 -0.806404
-0.795257 -0.809558
-0.794785 -0.80689
-0.795529 -0.808497
-0.796493 -0.806025
-0.794716 -0.80794
-0.794697 -0.809466
-0.796881 -0.80563
-0.795713 -0.809681
-0.797775 -0.8092
-0.796539 -0.808594
-0.797299 -0.808747
-0.796186 -0.809665
-0.79836 -0.806859
-0.795898 -0.809999
-0.796494 -0.807462
-0.795721 -0.809146
-0.795438 -0.808381
-0.796057 -0.80891
-0.795966 -0.806846
-0.794476 -0.808269
-0.795773 -0.809054
-0.793526 -0.808314
-0.79376 -0.807085
-0.794627 -0.807245
-0.793306 -0.807262
-0.793839 -0.807273
-0.79274 -0.808618
-0.793685 -0.80699
-0.793367 -0.807866
-0.793305 -0.80767
-0.792562 -0.80774
-0.793286 -0.807333
-0.794296 -0.807764
-0.793118 -0.808486
-0.794264 -0.807051
-0.793557 -0.806218
-0.793833 -0.807208
-0.793615 -0.808345
-0.794301 -0.808503
-0.794621 -0.806485
-0.792969 -0.809041
-0.79494 -0.806339
-0.796704 -0.809352
-0.794012 -0.807246
-0.795588 -0.809205
-0.796043 -0.807689
-0.794953 -0.809794
-0.795983 -0.808624
-0.79574 -0.807659
-0.794052 -0.808074
-0.795066 -0.808351
-0.794278 -0.80893
-0.793295 -0.807096
-0.794778 -0.808371
-0.792938 -0.808478
-0.792072 -0.808541
-0.794696 -0.806471
-0.793033 -0.809675
-0.79275 -0.806286
-0.794236 -0.808394
-0.793136 -0.808478
-0.792229 -0.807567
-0.793468 -0.80832
-0.793778 -0.805835
-0.793941 -0.808241
-0.792755 -0.808113
-0.793548 -0.808042
-0.794445 -0.808196
-0.795447 -0.809216
-0.793984 -0.807538
-0.796025 -0.807896
-0.79439 -0.808087
-0.794562 -0.808311
-0.79468 -0.808785
-0.796221 -0.806651
-0.792694 -0.81047
-0.793481 -0.807492
-0.794178 -0.808013
-0.79396 -0.809284
-0.792938 -0.806325
-0.792053 -0.809835
-0.792331 -0.808415
-0.792709 -0.804987
-0.792666 -0.808654
-0.792587 -0.807759
-0.793605 -0.808882
-0.793528 -0.80865
-0.7929 -0.808066
-0.794664 -0.808545
-0.794661 -0.806735
-0.793428 -0.809156
-0.794045 -0.806941
-0.793339 -0.808794
-0.792958 -0.807742
-0.793643 -0.806485
-0.791188 -0.807691
-0.792674 -0.807196
-0.793167 -0.809327
-0.794728 -0.805904
-0.79254 -0.809308
-0.795035 -0.807632
-0.794927 -0.807752
-0.794655 -0.80807
-0.794538 -0.806796
-0.793536 -0.809132
-0.794892 -0.807078
-0.792894 -0.809278
-0.794609 -0.806924
-0.792256 -0.808105
-0.792278 -0.808049
-0.792722 -0.806594
-0.792599 -0.80811
-0.793982 -0.807437
-0.791481 -0.809422
-0.794596 -0.806665
-0.792182 -0.809856
-0.793384 -0.807219
-0.793155 -0.808113
-0.793527 -0.805569
-0.792689 -0.80842
-0.792265 -0.807305
-0.793135 -0.807142
-0.794357 -0.810197
-0.792406 -0.806063
-0.793176 -0.807665
-0.793111 -0.807155
-0.793001 -0.80762
-0.792669 -0.809015
-0.79243 -0.807033
-0.793833 -0.807077
-0.792649 -0.806847
-0.792235 -0.808892
-0.793481 -0.80847
-0.792333 -0.807708
-0.792041 -0.808225
-0.780382 -0.791557
-0.762425 -0.770383
-0.764216 -0.768971
-0.764545 -0.768837
-0.762925 -0.771243
-0.763967 -0.769629
-0.7644 -0.771278
-0.764562 -0.769962
-0.763977 -0.770865
-0.764451 -0.771523
-0.763684 -0.771693
-0.763796 -0.770059
-0.763648 -0.771103
-0.763288 -0.770851
-0.764925 -0.77104
-0.763559 -0.771286
-0.764746 -0.770199
-0.76331 -0.772456
-0.764594 -0.770667
-0.76403 -0.772389
-0.763886 -0.770115
-0.762978 -0.77214
-0.763339 -0.769005
-0.763153 -0.771188
-0.761957 -0.771531
-0.76391 -0.769545
-0.762737 -0.771005
-0.762617 -0.771509
-0.763387 -0.77011
-0.762807 -0.771782
-0.763591 -0.770479
-0.763458 -0.771487
-0.763916 -0.771852
-0.764374 -0.769936
-0.763553 -0.773017
-0.764913 -0.769991
-0.762676 -0.77194
-0.764554 -0.77069
-0.763698 -0.770595
-0.76288 -0.772285
-0.764953 -0.768862
-0.763148 -0.772547
-0.762662 -0.771299
-0.762325 -0.770673
-0.764152 -0.769523
-0.761784 -0.769424
-0.762668 -0.772597
-0.763321 -0.769713
-0.762873 -0.770524
-0.762378 -0.769715
-0.762502 -0.770377
-0.761149 -0.770765
-0.761978 -0.769305
-0.761183 -0.772029
-0.762728 -0.768299
-0.762104 -0.771279
-0.762142 -0.77042
-0.762702 -0.770862
-0.7621 -0.770375
-0.762371 -0.770875
-0.762355 -0.77088
-0.762699 -0.770086
-0.761342 -0.769562
-0.761626 -0.771987
-0.760992 -0.769927
-0.762897 -0.769541
-0.76087 -0.770805
-0.76217 -0.770307
-0.762674 -0.770553
-0.761367 -0.769935
-0.762833 -0.770631
-0.762061 -0.768345
-0.762678 -0.770692
-0.761293 -0.771048
-0.761972 -0.77023
-0.761169 -0.771221
-0.762426 -0.768063
-0.760983 -0.772317
-0.761343 -0.76897
-0.761847 -0.771223
-0.76254 -0.770196
-0.762126 -0.770929
-0.761846 -0.771685
-0.762335 -0.770125
-0.761832 -0.770612
-0.762855 -0.769799
-0.761003 -0.771892
-0.762568 -0.767991
-0.760958 -0.771511
-0.762167 -0.768899
-0.761191 -0.770136
-0.760548 -0.770006
-0.761165 -0.768578
-0.761436 -0.769608
-0.759554 -0.771452
-0.761086 -0.77012
-0.760879 -0.771106
-0.760821 -0.768993
-0.761964 -0.77062
-0.759664 -0.770026
-0.761927 -0.769974
-0.760131 -0.770148
-0.762826 -0.769542
-0.759703 -0.769658
-0.760373 -0.770839
-0.761415 -0.769997
-0.761886 -0.768706
-0.761544 -0.770893
-0.761617 -0.768198
-0.763068 -0.771418
-0.760308 -0.770521
-0.763205 -0.768935
-0.761147 -0.770617
-0.761292 -0.770213
-0.761029 -0.77018
-0.76046 -0.769175
-0.761526 -0.770688
-0.759569 -0.770602
-0.762628 -0.767633
-0.760271 -0.770398
-0.759551 -0.770692
-0.760148 -0.770471
-0.761401 -0.769212
-0.759515 -0.768895
-0.76088 -0.769535
-0.760153 -0.76999
-0.759257 -0.770535
-0.759607 -0.76965
-0.760081 -0.770318
-0.759268 -0.771512
-0.76052 -0.769841
-0.759652 -0.770234
-0.761177 -0.771295
-0.7596 -0.769441
-0.761235 -0.771542
-0.761143 -0.770151
-0.759612 -0.771086
-0.759967 -0.770636
-0.759965 -0.769405
-0.759494 -0.769968
-0.759336 -0.769791
-0.757567 -0.769256
-0.759443 -0.768456
-0.756592 -0.771755
-0.758643 -0.769058
-0.758552 -0.769408
-0.758789 -0.770155
-0.757807 -0.770452
-0.759404 -0.768937
-0.759334 -0.769255
-0.758995 -0.770263
-0.758092 -0.769388
-0.759088 -0.770723
-0.759986 -0.768819
-0.75757 -0.770654
-0.760224 -0.767433
-0.758338 -0.770559
-0.760038 -0.767509
-0.7585 -0.770075
-0.759833 -0.768935
-0.758192 -0.769687
-0.759811 -0.76881
-0.757957 -0.769514
-0.758072 -0.770072
-0.760196 -0.767519
-0.758633 -0.770546
-0.758722 -0.769301
-0.757307 -0.770036
-0.758811 -0.768472
-0.7568 -0.770924
-0.759997 -0.767608
-0.756931 -0.771185
-0.759055 -0.768736
-0.758295 -0.769388
-0.75975 -0.769568
-0.75725 -0.768495
-0.759282 -0.769444
-0.757822 -0.770322
-0.757868 -0.769474
-0.759098 -0.768575
-0.758106 -0.769054
-0.758569 -0.769501
-0.757978 -0.76936
-0.759489 -0.767987
-0.756944 -0.770105
-0.759151 -0.76946
-0.758158 -0.770074
-0.759177 -0.768775
-0.75816 -0.771275
-0.758478 -0.768678
-0.758103 -0.769507
-0.758773 -0.76783
-0.75712 -0.769767
-0.757876 -0.770009
-0.757054 -0.769893
-0.757188 -0.768127
-0.758495 -0.768923
-0.757644 -0.768892
-0.758857 -0.77039
-0.757474 -0.769271
-0.760308 -0.767963
-0.756762 -0.770946
-0.759922 -0.767325
-0.758503 -0.772094
-0.758424 -0.768091
-0.759135 -0.768791
-0.758479 -0.769181
-0.757983 -0.768606
-0.758297 -0.769175
-0.757394 -0.769951
-0.759356 -0.767743
-0.757997 -0.770328
-0.75901 -0.76806
-0.758376 -0.768376
-0.756752 -0.771716
-0.758553 -0.766183
-0.756454 -0.771131
-0.758046 -0.767678
-0.75653 -0.769197
-0.756915 -0.767758
-0.757251 -0.769833
-0.757456 -0.767426
-0.757254 -0.769131
-0.757658 -0.769036
-0.758614 -0.768035
-0.757249 -0.768866
-0.757539 -0.76894
-0.756219 -0.769144
-0.757014 -0.768204
-0.756603 -0.768035
-0.756917 -0.767791
-0.75628 -0.769313
-0.756349 -0.768529
-0.75696 -0.769057
-0.758123 -0.768558
-0.758218 -0.767255
-0.75781 -0.769808
-0.758664 -0.767223
-0.758582 -0.769762
-0.758353 -0.768673
-0.758943 -0.768075
-0.758081 -0.769176
-0.758175 -0.767767
-0.756589 -0.767991
-0.757823 -0.767119
-0.75558 -0.768037
-0.756327 -0.767995
-0.757474 -0.769297
-0.756827 -0.767575
-0.757355 -0.769275
-0.757783 -0.76868
-0.759253 -0.767203
-0.757166 -0.770873
-0.758992 -0.768043
-0.759821 -0.7685
-0.758374 -0.769606
-0.758376 -0.77022
-0.758895 -0.767752
-0.758907 -0.770521
-0.759567 -0.767012
-0.75841 -0.769937
-0.758338 -0.768873
-0.757843 -0.768973
-0.756534 -0.770394
-0.758488 -0.768064
-0.756998 -0.769607
-0.758007 -0.768067
-0.756807 -0.769369
-0.758423 -0.76812
-0.756827 -0.770316
-0.758052 -0.767793
-0.757088 -0.769425
-0.757938 -0.769408
-0.758122 -0.768849
-0.757699 -0.769733
-0.756567 -0.769427
-0.75707 -0.76898
-0.756965 -0.768503
-0.756644 -0.769449
-0.756926 -0.767462
-0.757069 -0.768427
-0.75629 -0.770696
-0.758207 -0.766476
-0.75668 -0.76956
-0.757323 -0.769801
-0.756386 -0.768698
-0.757749 -0.769211
-0.757552 -0.768799
-0.756787 -0.769245
-0.757646 -0.766906
-0.756234 -0.769342
-0.756181 -0.768376
-0.756533 -0.768522
-0.754517 -0.768624
-0.755883 -0.768588
-0.756154 -0.767484
-0.755 -0.769723
-0.755277 -0.766886
-0.755119 -0.768684
-0.755504 -0.768721
-0.754382 -0.768441
-0.756789 -0.768115
-0.754855 -0.767767
-0.755547 -0.768642
-0.75592 -0.768205
-0.755242 -0.769448
-0.757552 -0.766268
-0.755523 -0.769774
-0.755999 -0.769138
-0.756133 -0.769292
-0.755541 -0.768343
-0.756581 -0.767099
-0.755632 -0.769975
-0.754704 -0.767753
-0.754927 -0.769077
-0.755082 -0.767868
-0.754143 -0.768054
-0.753727 -0.768145
-0.754349 -0.767608
-0.75336 -0.768509
-0.753413 -0.767936
-0.754522 -0.766927
-0.75386 -0.767963
-0.753796 -0.768857
-0.755741 -0.767185
-0.753522 -0.768331
-0.755353 -0.768436
-0.754936 -0.768378
-0.754656 -0.767666
-0.753607 -0.767783
-0.754856 -0.768052
-0.7544 -0.767921
-0.753325 -0.767892
-0.754594 -0.768951
-0.75392 -0.767744
-0.754585 -0.768292
-0.753727 -0.769167
-0.755229 -0.767272
-0.753864 -0.768178
-0.754248 -0.76832
-0.753731 -0.76864
-0.754048 -0.768673
-0.754298 -0.768226
-0.755054 -0.768259
-0.753376 -0.767686
-0.754413 -0.768062
-0.75376 -0.767797
-0.753086 -0.767232
-0.754426 -0.768671
-0.753903 -0.767652
-0.753533 -0.768298
-0.754236 -0.768528
-0.754208 -0.767518
-0.75494 -0.767349
-0.753757 -0.76813
-0.754421 -0.767304
-0.753444 -0.768048
-0.754114 -0.767476
-0.754133 -0.768138
-0.753238 -0.767543
-0.753867 -0.767033
-0.753673 -0.768743
-0.753158 -0.766937
-0.753453 -0.766794
-0.740269 -0.750538
-0.723305 -0.730549
-0.723785 -0.731625
-0.723333 -0.731112
-0.724116 -0.729904
-0.721788 -0.733376
-0.723087 -0.731461
-0.722676 -0.731142
-0.722764 -0.731379
-0.722384 -0.731412
-0.72303 -0.732036
-0.7216 -0.73182
-0.723346 -0.730598
-0.722452 -0.733854
-0.723591 -0.731874
-0.723389 -0.731698
-0.723331 -0.73233
-0.722912 -0.731175
-0.72439 -0.731581
-0.723756 -0.731301
-0.721956 -0.733537
-0.724121 -0.730388
-0.723003 -0.731115
-0.722706 -0.731781
-0.72259 -0.731019
-0.721981 -0.731124
-0.72263 -0.731847
-0.722932 -0.730054
-0.721983 -0.731594
-0.722078 -0.731863
-0.723277 -0.731057
-0.721846 -0.732343
-0.724266 -0.730666
-0.723977 -0.73087
-0.723309 -0.732528
-0.724986 -0.731566
-0.723234 -0.732601
-0.724029 -0.732043
-0.723556 -0.731761
-0.723707 -0.730761
-0.722939 -0.730838
-0.724138 -0.731562
-0.723923 -0.730719
-0.722897 -0.731459
-0.723141 -0.73338
-0.723821 -0.729788
-0.724759 -0.731145
-0.723187 -0.733822
-0.72532 -0.730269
-0.723438 -0.732657
-0.723995 -0.731835
-0.725059 -0.730456
-0.722445 -0.732766
-0.724779 -0.730521
-0.723157 -0.731713
-0.723126 -0.732048
-0.723427 -0.731034
-0.723437 -0.730809
-0.723512 -0.731361
-0.722602 -0.730676
-0.723539 -0.73026
-0.722897 -0.73153
-0.722968 -0.731291
-0.723374 -0.73184
-0.723265 -0.730542
-0.724004 -0.73188
-0.723601 -0.730881
-0.723608 -0.731037
-0.723402 -0.730717
-0.723653 -0.731002
-0.722709 -0.731973
-0.723066 -0.731387
-0.723138 -0.73089
-0.722698 -0.731486
-0.723143 -0.731181
-0.721505 -0.730727
-0.72343 -0.730544
-0.721617 -0.732131
-0.722752 -0.730841
-0.72228 -0.731193
-0.722213 -0.730827
-0.722872 -0.730894
-0.722558 -0.731621
-0.72275 -0.731965
-0.722123 -0.731368
-0.723 -0.730991
-0.723466 -0.732241
-0.722621 -0.730659
-0.724114 -0.732392
-0.722821 -0.732194
-0.7233 -0.730942
-0.722802 -0.731562
-0.722354 -0.731921
-0.723116 -0.729895
-0.722719 -0.732381
-0.722567 -0.731534
-0.723372 -0.730595
-0.722745 -0.73194
-0.72297 -0.731436
-0.722982 -0.730303
-0.723161 -0.732058
-0.72307 -0.731384
-0.723561 -0.73055
-0.723611 -0.731406
-0.723144 -0.731487
-0.722261 -0.731483
-0.723585 -0.730381
-0.72142 -0.731533
-0.724085 -0.730495
-0.72184 -0.731363
-0.722817 -0.731131
-0.722675 -0.730793
-0.723233 -0.730873
-0.722123 -0.731186
-0.72279 -0.731346
-0.723099 -0.730971
-0.724104 -0.731241
-0.722737 -0.730702
-0.723189 -0.73177
-0.722401 -0.731423
-0.723421 -0.730433
-0.722403 -0.731
-0.722581 -0.730855
-0.723055 -0.730167
-0.722088 -0.732935
-0.722962 -0.730662
-0.722285 -0.731614
-0.724071 -0.730419
-0.723091 -0.731603
-0.722846 -0.730846
-0.72301 -0.730857
-0.721999 -0.731659
-0.723691 -0.730668
-0.721274 -0.731974
-0.72263 -0.730762
-0.722379 -0.732196
-0.722419 -0.731135
-0.722346 -0.731792
-0.723772 -0.730935
-0.722428 -0.732091
-0.72284 -0.730878
-0.722076 -0.732205
-0.722058 -0.731563
-0.722974 -0.731333
-0.722392 -0.730244
-0.721986 -0.731356
-0.721267 -0.732231
-0.721412 -0.731312
-0.721036 -0.73044
-0.72053 -0.731833
-0.719709 -0.731822
-0.721248 -0.729781
-0.720292 -0.731113
-0.720069 -0.731688
-0.721297 -0.730677
-0.720227 -0.731321
-0.72128 -0.731367
-0.720887 -0.731231
-0.720959 -0.731924
-0.722723 -0.730362
-0.721111 -0.731937
-0.721691 -0.731
-0.721968 -0.731279
-0.721074 -0.7309
-0.72287 -0.731788
-0.720824 -0.731276
-0.722381 -0.731941
-0.721599 -0.73192
-0.719887 -0.73237
-0.722319 -0.730637
-0.721458 -0.73196
-0.719447 -0.732354
-0.72179 -0.731166
-0.720461 -0.731718
-0.720777 -0.731992
-0.720451 -0.731536
-0.721126 -0.73125
-0.720721 -0.731166
-0.721363 -0.731791
-0.719973 -0.731903
-0.72153 -0.731132
-0.720886 -0.731822
-0.72127 -0.731698
-0.720851 -0.732397
-0.721731 -0.731287
-0.721119 -0.732138
-0.721951 -0.730957
-0.721889 -0.731762
-0.72083 -0.732126
-0.72181 -0.731568
-0.722184 -0.731376
-0.719704 -0.732012
-0.722475 -0.730695
-0.721235 -0.730233
-0.720015 -0.732852
-0.722581 -0.729918
-0.720145 -0.733207
-0.72148 -0.731504
-0.721648 -0.730941
-0.721415 -0.731991
-0.721688 -0.732961
-0.721273 -0.730804
-0.721527 -0.730697
-0.720954 -0.732067
-0.722356 -0.731373
-0.720766 -0.73044
-0.721128 -0.73073
-0.721243 -0.730984
-0.72072 -0.73179
-0.722312 -0.729664
-0.720743 -0.731813
-0.720674 -0.73217
-0.722459 -0.729353
-0.719841 -0.732644
-0.721795 -0.730244
-0.720599 -0.731483
-0.721772 -0.731149
-0.721339 -0.73058
-0.720728 -0.731089
-0.720724 -0.730569
-0.720904 -0.731111
-0.720793 -0.730693
-0.72089 -0.731998
-0.721002 -0.731397
-0.721207 -0.730506
-0.720737 -0.731428
-0.721036 -0.730684
-0.720149 -0.731194
-0.720921 -0.730883
-0.719506 -0.730406
-0.720523 -0.731262
-0.719867 -0.731442
-0.71943 -0.730546
-0.720624 -0.731164
-0.720274 -0.731237
-0.719757 -0.731552
-0.72007 -0.729922
-0.71958 -0.731919
-0.720532 -0.729905
-0.720079 -0.730921
-0.720456 -0.731311
-0.720493 -0.731838
-0.720217 -0.730844
-0.720997 -0.731376
-0.720004 -0.732091
-0.721032 -0.729277
-0.720268 -0.731612
-0.720997 -0.730403
-0.719588 -0.732293
-0.719675 -0.730874
-0.720261 -0.731476
-0.71992 -0.730774
-0.720583 -0.730067
-0.719247 -0.731041
-0.719416 -0.730959
-0.719267 -0.730513
-0.719188 -0.731006
-0.718918 -0.731926
-0.719173 -0.730908
-0.719453 -0.730978
-0.719096 -0.729716
-0.718546 -0.730961
-0.718213 -0.730659
-0.719239 -0.730632
-0.719045 -0.731145
-0.71816 -0.731049
-0.720636 -0.72906
