0 0
-0.0526318 -0.0495243
-0.104273 -0.0982163
-0.154835 -0.145888
-0.204437 -0.192771
-0.252958 -0.238761
-0.300298 -0.283829
-0.34657 -0.32761
-0.391985 -0.371251
-0.436314 -0.413297
-0.479405 -0.454948
-0.521357 -0.495041
-0.56251 -0.534799
-0.602381 -0.573355
-0.640767 -0.610775
-0.679167 -0.648362
-0.715591 -0.683056
-0.75072 -0.717742
-0.785104 -0.752301
-0.818869 -0.783999
-0.849443 -0.817512
-0.882018 -0.846922
-0.910782 -0.877455
-0.939326 -0.907699
-0.968243 -0.934249
-0.99272 -0.962303
-1.01932 -0.986989
-1.04059 -1.01344
-1.0664 -1.03802
-1.08607 -1.06089
-1.10549 -1.08407
-1.10677 -1.08303
-1.10671 -1.08416
-1.10689 -1.08396
-1.10574 -1.08269
-1.10525 -1.08314
-1.10811 -1.08242
-1.10332 -1.08336
-1.10732 -1.08174
-1.10589 -1.0847
-1.10555 -1.08396
-1.10713 -1.08193
-1.105 -1.0828
-1.10654 -1.08412
-1.10475 -1.08314
-1.1061 -1.0825
-1.10528 -1.08438
-1.10539 -1.08143
-1.10501 -1.08554
-1.10729 -1.08042
-1.10473 -1.0846
-1.10609 -1.08194
-1.10542 -1.08318
-1.10599 -1.08429
-1.10668 -1.08073
-1.10652 -1.08352
-1.10468 -1.08296
-1.10549 -1.08072
-1.10613 -1.08088
-1.10425 -1.08495
-1.1059 -1.08031
-1.10318 -1.08356
-1.10666 -1.08062
-1.10548 -1.08287
-1.10372 -1.08147
-1.10468 -1.08237
-1.10463 -1.0813
-1.10571 -1.08166
-1.10471 -1.08277
-1.10365 -1.08025
-1.10413 -1.08494
-1.10631 -1.0797
-1.10496 -1.08153
-1.10189 -1.08462
-1.10475 -1.08002
-1.10279 -1.08236
-1.10556 -1.08063
-1.10281 -1.08263
-1.10336 -1.08042
-1.10442 -1.08198
-1.10272 -1.08222
-1.10356 -1.08092
-1.10343 -1.08368
-1.10498 -1.08062
-1.10261 -1.08214
-1.10343 -1.08216
-1.10418 -1.08143
-1.10286 -1.08402
-1.10325 -1.08016
-1.10447 -1.08326
-1.10243 -1.08034
-1.10567 -1.08227
-1.1016 -1.08384
-1.10413 -1.08105
-1.10344 -1.08197
-1.10297 -1.08096
-1.10461 -1.08217
-1.10237 -1.08188
-1.10352 -1.08012
-1.10267 -1.08174
-1.10142 -1.08399
-1.10477 -1.07945
-1.10144 -1.08225
-1.10268 -1.08253
-1.10571 -1.08161
-1.10082 -1.08386
-1.10433 -1.08057
-1.10269 -1.08109
-1.10384 -1.08326
-1.10383 -1.08093
-1.1037 -1.07996
-1.10256 -1.08215
-1.10499 -1.07973
-1.10132 -1.0828
-1.10384 -1.07964
-1.10339 -1.08039
-1.10262 -1.08347
-1.10547 -1.07925
-1.1017 -1.08279
-1.1035 -1.07986
-1.104 -1.0801
-1.10178 -1.08088
-1.10482 -1.0808
-1.10189 -1.07927
-1.10283 -1.08168
-1.10247 -1.07972
-1.10179 -1.07995
-1.10427 -1.08064
-1.10122 -1.08068
-1.10386 -1.07924
-1.10202 -1.08092
-1.10116 -1.08145
-1.10337 -1.07935
-1.10171 -1.07924
-1.10152 -1.0806
-1.1039 -1.08101
-1.10304 -1.07817
-1.10183 -1.08079
-1.10108 -1.08075
-1.10326 -1.0786
-1.10154 -1.0782
-1.1018 -1.08297
-1.10282 -1.0767
-1.10093 -1.08051
-1.10339 -1.07997
-1.10141 -1.07909
-1.10158 -1.07924
-1.10323 -1.0798
-1.10166 -1.07985
-1.10264 -1.07918
-1.10116 -1.07974
-1.10217 -1.07921
-1.103 -1.07986
-1.10164 -1.07905
-1.10328 -1.08078
-1.10243 -1.07822
-1.10217 -1.08046
-1.10151 -1.07818
-1.10183 -1.08095
-1.10345 -1.07758
-1.10179 -1.07865
-1.10292 -1.08096
-1.10215 -1.07918
-1.10415 -1.07639
-1.10127 -1.08083
-1.10225 -1.07862
-1.10335 -1.0782
-1.0993 -1.08162
-1.10436 -1.0753
-1.10172 -1.07998
-1.10318 -1.07943
-1.10235 -1.07658
-1.10373 -1.0788
-1.0998 -1.07933
-1.10342 -1.07753
-1.10299 -1.07874
-1.10161 -1.07619
-1.10322 -1.08029
-1.10043 -1.07731
-1.1015 -1.07851
-1.10233 -1.07712
-1.10357 -1.07616
-1.09941 -1.07976
-1.1022 -1.07697
-1.10118 -1.07773
-1.10205 -1.07932
-1.10089 -1.07552
-1.10128 -1.07784
-1.10169 -1.07865
-1.10257 -1.07842
-1.10056 -1.0769
-1.10181 -1.07915
-1.10247 -1.07619
-1.10063 -1.07863
-1.1024 -1.07777
-1.10114 -1.07773
-1.10095 -1.07835
-1.10422 -1.07634
-1.09946 -1.07899
-1.10203 -1.08047
-1.1026 -1.07551
-1.1007 -1.07976
-1.10225 -1.07757
-1.10032 -1.07808
-1.10188 -1.07875
-1.10305 -1.07434
-1.09932 -1.08174
-1.10269 -1.07654
-1.10049 -1.07813
-1.09997 -1.07837
-1.10145 -1.07928
-1.1003 -1.07788
-1.10036 -1.07762
-1.10008 -1.07979
-1.10155 -1.0764
-1.09946 -1.07758
-1.10026 -1.08043
-1.10193 -1.07677
-1.09915 -1.07888
-1.10134 -1.07833
-1.10089 -1.07931
-1.10188 -1.07619
-1.0973 -1.07996
-1.10225 -1.0776
-1.09885 -1.07899
-1.10072 -1.07821
-1.10071 -1.07778
-1.09953 -1.07989
-1.10056 -1.0771
-1.09892 -1.0806
-1.10036 -1.07692
-1.10067 -1.0791
-1.09774 -1.07979
-1.10139 -1.07747
-1.09864 -1.08002
-1.09918 -1.07934
-1.10087 -1.07733
-1.10005 -1.07887
-1.09746 -1.07898
-1.10016 -1.07703
-1.10052 -1.07931
-1.09824 -1.07844
-1.10078 -1.0793
-1.10048 -1.07789
-1.10043 -1.07615
-1.09713 -1.08214
-1.10061 -1.07716
-1.10057 -1.0766
-1.09745 -1.08123
-1.10143 -1.0753
-1.09962 -1.08008
-1.10014 -1.07584
-1.09998 -1.07605
-1.09979 -1.07973
-1.09997 -1.07753
-1.10038 -1.07717
-1.10163 -1.07575
-1.09858 -1.0795
-1.10033 -1.07538
-1.09832 -1.07773
-1.10094 -1.07674
-1.10012 -1.07766
-1.09932 -1.0773
-1.10099 -1.0753
-1.09699 -1.07938
-1.10058 -1.07628
-1.10103 -1.07575
-1.09463 -1.08018
-1.10089 -1.07521
-1.10031 -1.0769
-1.09756 -1.07818
-1.10088 -1.07559
-1.09765 -1.07793
-1.09772 -1.07744
-1.10041 -1.07676
-1.0993 -1.07539
-1.09689 -1.07882
-1.09914 -1.07672
-1.09875 -1.07481
-1.09761 -1.07887
-1.09983 -1.07401
-1.09694 -1.07991
-1.09856 -1.07351
-1.09788 -1.07812
-1.09784 -1.07824
-1.0991 -1.07464
-1.0983 -1.07888
-1.09715 -1.07664
-1.09787 -1.07472
-1.09921 -1.07764
-1.0978 -1.07694
-1.0978 -1.07616
-1.09949 -1.0762
-1.09812 -1.07657
-1.09734 -1.07682
-1.10104 -1.07459
-1.09638 -1.07591
-1.09971 -1.07604
-1.09588 -1.07881
-1.09991 -1.07415
-1.09889 -1.07635
-1.09595 -1.07811
-1.10111 -1.07457
-1.0984 -1.07681
-1.09496 -1.07752
-1.10145 -1.07495
-1.09762 -1.07587
-1.09658 -1.07798
-1.09955 -1.07406
-1.09679 -1.07669
-1.09962 -1.07609
-1.09649 -1.07696
-1.09821 -1.07662
-1.09842 -1.07494
-1.09552 -1.07752
-1.09747 -1.07503
-1.09631 -1.07603
-1.09961 -1.07348
-1.09495 -1.07975
-1.09986 -1.07427
-1.0977 -1.07514
-1.09666 -1.07603
-1.09807 -1.07595
-1.09763 -1.07561
-1.09786 -1.07773
-1.09941 -1.07353
-1.09697 -1.07646
-1.09772 -1.07509
-1.09671 -1.07556
-1.0985 -1.0766
-1.09746 -1.07661
-1.09851 -1.07685
-1.09677 -1.07445
-1.09881 -1.07676
-1.09857 -1.07417
-1.09681 -1.07755
-1.09795 -1.07536
-1.09758 -1.07713
-1.09835 -1.07388
-1.09533 -1.07904
-1.09845 -1.07313
-1.09668 -1.07562
-1.0982 -1.07704
-1.09649 -1.07495
-1.0975 -1.07607
-1.0979 -1.07453
-1.09727 -1.07593
-1.09836 -1.07423
-1.09752 -1.07568
-1.09615 -1.07494
-1.09759 -1.07447
-1.09812 -1.07434
-1.09806 -1.07682
-1.09871 -1.07261
-1.09669 -1.07598
-1.09813 -1.0744
-1.09628 -1.07434
-1.09761 -1.07449
-1.09741 -1.07464
-1.09882 -1.07513
-1.09791 -1.07583
-1.09776 -1.07513
-1.09864 -1.07439
-1.09672 -1.07602
-1.09971 -1.07292
-1.09767 -1.07522
-1.09775 -1.07367
-1.09799 -1.0738
-1.09753 -1.07583
-1.09783 -1.07353
-1.09915 -1.07128
-1.09727 -1.07425
-1.09685 -1.07452
-1.09871 -1.07261
-1.09712 -1.07348
-1.09806 -1.07407
-1.09692 -1.07139
-1.0962 -1.0747
-1.09858 -1.07538
-1.09738 -1.07113
-1.09792 -1.07504
-1.09736 -1.07371
-1.09705 -1.07307
-1.09791 -1.07422
-1.09815 -1.07282
-1.09783 -1.07303
-1.09464 -1.07558
-1.09955 -1.07005
-1.09503 -1.07521
-1.09875 -1.07221
-1.09733 -1.07378
-1.09705 -1.07386
-1.09765 -1.07244
-1.09658 -1.07346
-1.09708 -1.07441
-1.09868 -1.07119
-1.09509 -1.07458
-1.09863 -1.07354
-1.09504 -1.07252
-1.09864 -1.07346
-1.09538 -1.07232
-1.09629 -1.07304
-1.09547 -1.07206
-1.09711 -1.07311
-1.09551 -1.07411
-1.09624 -1.07247
-1.09709 -1.07332
-1.0957 -1.07314
-1.09625 -1.07265
-1.09755 -1.07397
-1.09613 -1.07276
-1.09739 -1.07245
-1.09627 -1.07466
-1.09603 -1.07073
-1.09712 -1.07281
-1.09628 -1.0734
-1.09677 -1.07309
-1.09742 -1.07218
-1.09547 -1.07299
-1.10027 -1.06887
-1.0947 -1.07718
-1.09839 -1.06946
-1.09581 -1.07335
-1.09969 -1.07151
-1.09353 -1.07451
-1.09835 -1.07067
-1.09496 -1.07327
-1.09709 -1.07133
-1.09721 -1.07288
-1.09744 -1.0712
-1.09602 -1.07221
-1.09809 -1.07095
-1.09542 -1.07392
-1.09752 -1.07002
-1.0954 -1.07221
-1.09615 -1.0719
-1.09769 -1.07182
-1.09527 -1.07239
-1.09819 -1.07187
-1.09524 -1.07193
-1.09716 -1.07261
-1.09618 -1.07209
-1.09535 -1.07277
-1.09662 -1.07101
-1.09685 -1.0733
-1.09541 -1.07287
-1.09714 -1.07064
-1.09538 -1.07304
-1.09725 -1.07103
-1.09618 -1.07312
-1.09761 -1.07017
-1.09495 -1.07311
-1.09852 -1.07046
-1.09614 -1.07262
-1.09705 -1.07061
-1.09649 -1.07204
-1.09643 -1.07172
-1.09762 -1.07161
-1.09592 -1.07158
-1.09859 -1.06967
-1.09531 -1.07153
-1.09741 -1.0697
-1.0964 -1.07278
-1.09603 -1.06947
-1.09688 -1.07133
-1.09667 -1.0704
-1.09547 -1.07101
-1.09821 -1.06888
-1.09446 -1.07283
-1.0967 -1.0702
-1.09628 -1.07076
-1.09637 -1.07083
-1.09632 -1.07134
-1.0965 -1.071
-1.0966 -1.07091
-1.09558 -1.07046
-1.09869 -1.07282
-1.09578 -1.06949
-1.09497 -1.07324
-1.09878 -1.06661
-1.0964 -1.07365
-1.0968 -1.06973
-1.09653 -1.07009
-1.0959 -1.07212
-1.09727 -1.06991
-1.09527 -1.07077
-1.09688 -1.07017
-1.09694 -1.07118
-1.09508 -1.07124
-1.09702 -1.069
-1.09647 -1.07077
-1.09597 -1.07247
-1.09737 -1.06812
-1.09415 -1.07282
-1.09675 -1.06907
-1.09682 -1.07184
-1.09513 -1.07044
-1.09621 -1.07164
-1.09605 -1.07047
-1.09494 -1.07036
-1.09581 -1.06971
-1.09491 -1.07181
-1.09812 -1.07096
-1.0951 -1.0697
-1.09494 -1.07022
-1.09655 -1.07123
-1.09539 -1.06925
-1.09649 -1.06845
-1.09438 -1.07133
-1.09699 -1.07057
-1.09664 -1.06831
-1.09591 -1.07092
-1.0966 -1.06852
-1.09547 -1.06976
-1.09494 -1.07142
-1.09612 -1.06819
-1.09695 -1.06991
-1.09359 -1.06963
-1.09687 -1.07025
-1.09548 -1.06871
-1.09553 -1.07004
-1.09641 -1.06863
-1.09534 -1.07075
-1.09386 -1.06919
-1.09819 -1.06827
-1.09296 -1.07229
-1.0983 -1.06811
-1.09306 -1.07161
-1.09727 -1.06803
-1.09515 -1.07068
-1.09543 -1.06895
-1.09515 -1.06949
-1.09526 -1.07196
-1.09783 -1.0667
-1.09376 -1.07069
-1.09622 -1.06886
-1.0963 -1.06824
-1.09497 -1.0704
-1.09318 -1.07018
-1.09785 -1.0679
-1.09384 -1.06929
-1.09383 -1.07103
-1.09662 -1.069
-1.09573 -1.06774
-1.09436 -1.07294
-1.096 -1.06719
-1.09296 -1.06893
-1.09554 -1.0706
-1.09627 -1.06612
-1.09383 -1.07146
-1.09584 -1.06847
-1.09649 -1.06948
-1.09349 -1.06894
-1.09428 -1.06967
-1.09617 -1.06641
-1.0946 -1.07052
-1.0954 -1.0676
-1.09516 -1.07059
-1.09541 -1.06781
-1.09574 -1.06918
-1.09589 -1.06634
-1.09457 -1.0689
-1.09512 -1.06941
-1.09645 -1.06689
-1.09353 -1.07117
-1.09812 -1.06478
-1.09335 -1.06977
-1.09515 -1.06978
-1.09656 -1.06646
-1.09466 -1.06909
-1.09464 -1.0676
-1.09516 -1.06694
-1.09446 -1.06792
-1.09454 -1.06992
-1.09636 -1.0651
-1.09426 -1.06835
-1.09313 -1.06867
-1.09673 -1.06553
-1.09508 -1.06856
-1.0923 -1.06922
-1.09477 -1.0654
-1.0954 -1.06913
-1.09368 -1.06795
-1.09539 -1.06706
-1.09314 -1.0689
-1.09623 -1.06518
-1.09397 -1.06751
-1.09446 -1.06775
-1.09393 -1.06697
-1.0947 -1.068
-1.09442 -1.06701
-1.09404 -1.06699
-1.09377 -1.06914
-1.09702 -1.06476
-1.09234 -1.07043
-1.09577 -1.06545
-1.09443 -1.06838
-1.09537 -1.06637
-1.0947 -1.06727
-1.09383 -1.06828
-1.09708 -1.06633
-1.09359 -1.06676
-1.09432 -1.06602
-1.09458 -1.06759
-1.09359 -1.0665
-1.09415 -1.06836
-1.09432 -1.06558
-1.09318 -1.0681
-1.0942 -1.06544
-1.09501 -1.06634
-1.09411 -1.06727
-1.09499 -1.06782
-1.09234 -1.0675
-1.09601 -1.0658
-1.09273 -1.06828
-1.09448 -1.0651
-1.09256 -1.06816
-1.09423 -1.06545
-1.09346 -1.06746
-1.09416 -1.06576
-1.09266 -1.06823
-1.09561 -1.06652
-1.09218 -1.06716
-1.09524 -1.06649
-1.09381 -1.06678
-1.09358 -1.06691
-1.09268 -1.06674
-1.0931 -1.06692
-1.09435 -1.06577
-1.0935 -1.0672
-1.09394 -1.0662
-1.09521 -1.0672
-1.09373 -1.06589
-1.09445 -1.06774
-1.09316 -1.06627
-1.09333 -1.06586
-1.09286 -1.06769
-1.09403 -1.06701
-1.09421 -1.06706
-1.09244 -1.06703
-1.09367 -1.06774
-1.09467 -1.06411
-1.09179 -1.06863
-1.0942 -1.06681
-1.09283 -1.06587
-1.09223 -1.06881
-1.09361 -1.06688
-1.09266 -1.06633
-1.09284 -1.06806
-1.09199 -1.06604
-1.09237 -1.06965
-1.09396 -1.06565
-1.09204 -1.06735
-1.09279 -1.06854
-1.09343 -1.06601
-1.0923 -1.06798
-1.09302 -1.06584
-1.09149 -1.06668
-1.09259 -1.06718
-1.09174 -1.06666
-1.09215 -1.06718
-1.09419 -1.06527
-1.09173 -1.06881
-1.09142 -1.06636
-1.09198 -1.06675
-1.09245 -1.06591
-1.09214 -1.06667
-1.08997 -1.06706
-1.093 -1.06634
-1.09111 -1.06584
-1.09167 -1.06647
-1.09286 -1.06745
-1.09078 -1.06554
-1.0934 -1.06543
-1.09087 -1.06897
-1.09302 -1.06443
-1.09095 -1.06894
-1.09105 -1.06519
-1.09165 -1.06738
-1.09092 -1.06675
-1.09229 -1.06463
-1.09004 -1.06948
-1.09111 -1.06568
-1.09432 -1.06454
-1.08931 -1.06803
-1.09279 -1.06556
-1.09175 -1.06478
-1.09088 -1.06753
-1.09239 -1.0652
-1.09124 -1.06519
-1.09031 -1.06637
-1.09324 -1.06589
-1.09323 -1.06493
-1.08887 -1.06518
-1.093 -1.06542
-1.09101 -1.06692
-1.0928 -1.06435
-1.09089 -1.06466
-1.09251 -1.0651
-1.09091 -1.06725
-1.09344 -1.06276
-1.09214 -1.06649
-1.09046 -1.06456
-1.09337 -1.06453
-1.09268 -1.06559
-1.09272 -1.06468
-1.09105 -1.06525
-1.09122 -1.06406
-1.09309 -1.06357
-1.09121 -1.06801
-1.09235 -1.06287
-1.09177 -1.06285
-1.09188 -1.06706
-1.08966 -1.0644
-1.09232 -1.06142
-1.09154 -1.0662
-1.09199 -1.06343
-1.08867 -1.0649
-1.09192 -1.06484
-1.09286 -1.06225
-1.08852 -1.06549
-1.0911 -1.06659
-1.09194 -1.06129
-1.09202 -1.06407
-1.09041 -1.06545
-1.0923 -1.06365
-1.09195 -1.06312
-1.09281 -1.06436
-1.09 -1.06489
-1.09362 -1.06289
-1.09188 -1.06341
-1.09055 -1.06391
-1.09276 -1.06405
-1.09182 -1.06282
-1.09196 -1.0653
-1.09133 -1.06298
-1.09184 -1.06324
-1.092 -1.0651
-1.09262 -1.06186
-1.09212 -1.06472
-1.09084 -1.06483
-1.09077 -1.06257
-1.09262 -1.06405
-1.09115 -1.0632
-1.0921 -1.0653
-1.0902 -1.06404
-1.09314 -1.06226
-1.09066 -1.06671
-1.09247 -1.0627
-1.09234 -1.06386
-1.09146 -1.06406
-1.09288 -1.06413
-1.09153 -1.06271
-1.09223 -1.06299
-1.09125 -1.06351
-1.09274 -1.06356
-1.09152 -1.0646
-1.09367 -1.06192
-1.09065 -1.06371
-1.09351 -1.06278
-1.09319 -1.06188
-1.09023 -1.06413
-1.09278 -1.06223
-1.09287 -1.06208
-1.09167 -1.06242
-1.09229 -1.06263
-1.09151 -1.06166
-1.09241 -1.06235
-1.08901 -1.06443
-1.09495 -1.05869
-1.08829 -1.06532
-1.09245 -1.06156
-1.09166 -1.06118
-1.09172 -1.06333
-1.09196 -1.0626
-1.09139 -1.06283
-1.09216 -1.06086
-1.09004 -1.06468
-1.0922 -1.06064
-1.09231 -1.06374
-1.08964 -1.06277
-1.0913 -1.06136
-1.09139 -1.06381
-1.09175 -1.06283
-1.09056 -1.06179
-1.0909 -1.06268
-1.09187 -1.06196
-1.09043 -1.06296
-1.09008 -1.06328
-1.09161 -1.06283
-1.09152 -1.06127
-1.09075 -1.0639
-1.09039 -1.06271
-1.09175 -1.06292
-1.0917 -1.06108
-1.08992 -1.06269
-1.09145 -1.06394
-1.08761 -1.06272
-1.09245 -1.06158
-1.09141 -1.06218
-1.08954 -1.06387
-1.09184 -1.06013
-1.08975 -1.06352
-1.09168 -1.06136
-1.0904 -1.06461
-1.09297 -1.05922
-1.08908 -1.06337
-1.09275 -1.06126
-1.08986 -1.06228
-1.09118 -1.06054
-1.09099 -1.06199
-1.09124 -1.06236
-1.09142 -1.06216
-1.09195 -1.05927
-1.08937 -1.06336
-1.09166 -1.06106
-1.09049 -1.06341
-1.09236 -1.06019
-1.09096 -1.06175
-1.09158 -1.06221
-1.09092 -1.06069
-1.09142 -1.06105
-1.09065 -1.06307
-1.09149 -1.06175
-1.09049 -1.06191
-1.09256 -1.06089
-1.09153 -1.06214
-1.09067 -1.06289
-1.09215 -1.06199
-1.09037 -1.06164
-1.09307 -1.06045
-1.09062 -1.06281
-1.09294 -1.06126
-1.09037 -1.0626
-1.09084 -1.06042
-1.09099 -1.06306
-1.09251 -1.06047
-1.09094 -1.06268
-1.09202 -1.06025
-1.09279 -1.06244
-1.09103 -1.0623
-1.091 -1.06081
-1.09132 -1.06207
-1.08997 -1.06165
-1.08923 -1.06214
-1.09382 -1.05963
-1.0899 -1.06203
-1.08925 -1.06196
-1.0934 -1.05906
-1.09169 -1.06331
-1.09169 -1.0602
-1.0924 -1.06064
-1.09077 -1.06099
-1.09202 -1.06
-1.09064 -1.05955
-1.09166 -1.06112
-1.09256 -1.05974
-1.08956 -1.06169
-1.091 -1.06104
-1.09183 -1.05707
-1.09092 -1.06188
-1.09025 -1.0604
-1.094 -1.05921
-1.09022 -1.06145
-1.09322 -1.0592
-1.09128 -1.05966
-1.09242 -1.06078
-1.09137 -1.05996
-1.09232 -1.06017
-1.09206 -1.05822
-1.09098 -1.0622
-1.09278 -1.05889
-1.09131 -1.06062
-1.09276 -1.06033
-1.0912 -1.05934
-1.09131 -1.06028
-1.0911 -1.0607
-1.09255 -1.05936
-1.09137 -1.05924
-1.09079 -1.06024
-1.0911 -1.05959
-1.09106 -1.05902
-1.09193 -1.0591
-1.09087 -1.05949
-1.09125 -1.06044
-1.0917 -1.05876
-1.09202 -1.0584
-1.08977 -1.05984
-1.09126 -1.06059
-1.09146 -1.05916
-1.09107 -1.05978
-1.09002 -1.05994
-1.0926 -1.05865
-1.08877 -1.05973
-1.0915 -1.06006
-1.09119 -1.05874
-1.09042 -1.05942
-1.08912 -1.0607
-1.09086 -1.0586
-1.09013 -1.05962
-1.08962 -1.06057
-1.09043 -1.05892
-1.08966 -1.05823
-1.08921 -1.06125
-1.09011 -1.05758
-1.08901 -1.05977
-1.09024 -1.06014
-1.08832 -1.05962
-1.08906 -1.0607
-1.0899 -1.05758
-1.08888 -1.06055
-1.08816 -1.06049
-1.09112 -1.06034
-1.09018 -1.0587
-1.08868 -1.06078
-1.08861 -1.06094
-1.08828 -1.05831
-1.08894 -1.06252
-1.08754 -1.05866
-1.09032 -1.0607
-1.08806 -1.05944
-1.0885 -1.05916
-1.08769 -1.06098
-1.08959 -1.05951
-1.08765 -1.05967
-1.08899 -1.0603
-1.08726 -1.06032
-1.08912 -1.05718
-1.08672 -1.06251
-1.08981 -1.05854
-1.08617 -1.06064
-1.08873 -1.05868
-1.08829 -1.05924
-1.08692 -1.06015
-1.08796 -1.06036
-1.08923 -1.05847
-1.087 -1.06286
-1.08778 -1.05771
-1.08722 -1.05859
-1.08502 -1.06163
-1.09073 -1.05859
-1.08532 -1.06104
-1.08781 -1.05993
-1.08755 -1.0574
-1.08708 -1.06195
-1.08671 -1.05914
-1.08831 -1.05856
-1.08725 -1.0603
-1.08522 -1.06117
-1.0892 -1.05778
-1.08644 -1.06155
-1.08673 -1.05892
-1.0891 -1.05838
-1.08669 -1.0613
-1.088 -1.059
-1.08821 -1.05982
-1.08742 -1.05884
-1.08549 -1.06071
-1.08839 -1.05713
-1.08746 -1.05947
-1.0851 -1.06061
-1.08913 -1.05714
-1.08556 -1.0614
-1.08789 -1.05832
-1.08661 -1.05983
-1.08613 -1.05832
-1.08939 -1.05942
-1.08393 -1.06037
-1.08822 -1.05892
-1.08698 -1.05726
-1.08713 -1.05964
-1.08764 -1.05862
-1.08597 -1.05863
-1.08613 -1.05909
-1.08653 -1.05922
-1.08764 -1.05872
-1.0872 -1.05727
-1.08481 -1.05943
-1.08881 -1.05875
-1.08527 -1.05892
-1.08759 -1.0582
-1.08663 -1.05837
-1.08627 -1.05886
-1.08576 -1.05946
-1.08651 -1.05719
-1.08734 -1.05768
-1.08727 -1.05936
-1.08607 -1.05936
-1.08829 -1.05544
-1.08551 -1.06026
-1.08834 -1.05709
-1.08799 -1.05636
-1.08719 -1.05845
-1.08817 -1.06056
-1.08683 -1.0565
-1.08839 -1.05704
-1.08804 -1.05829
-1.08602 -1.05802
-1.08805 -1.05776
-1.08743 -1.05798
-1.08647 -1.05652
-1.08919 -1.06032
-1.08691 -1.05752
-1.08894 -1.05597
-1.08664 -1.06069
-1.0884 -1.05539
-1.08497 -1.05898
-1.08954 -1.0574
-1.08639 -1.05875
-1.0881 -1.05645
-1.0868 -1.05926
-1.08975 -1.05365
-1.08537 -1.06
-1.08742 -1.05903
-1.08889 -1.05742
-1.08755 -1.05746
-1.08587 -1.05726
-1.08974 -1.05916
-1.08711 -1.0565
-1.08573 -1.06085
-1.08894 -1.05484
-1.0875 -1.05838
-1.08692 -1.05903
-1.08725 -1.05679
-1.08683 -1.05835
-1.0889 -1.05761
-1.0859 -1.0579
-1.08761 -1.05669
-1.0857 -1.06036
-1.08508 -1.0591
-1.08898 -1.05794
-1.08747 -1.05654
-1.08451 -1.0615
-1.08727 -1.05652
-1.08717 -1.05772
-1.08642 -1.05899
-1.08652 -1.05897
-1.08727 -1.05604
-1.08681 -1.05808
-1.08644 -1.05849
-1.08522 -1.05758
-1.08737 -1.05694
-1.08522 -1.05854
-1.08872 -1.05621
-1.08581 -1.05858
-1.08717 -1.05691
-1.08627 -1.05935
-1.0873 -1.05672
-1.08614 -1.05943
-1.08604 -1.05765
-1.08849 -1.05674
-1.0845 -1.05709
-1.08828 -1.05831
-1.08626 -1.05787
-1.08616 -1.05689
-1.08843 -1.05801
-1.08623 -1.05693
-1.08684 -1.05821
-1.08762 -1.05875
-1.08737 -1.05657
-1.08464 -1.05985
-1.08789 -1.05535
-1.08547 -1.05961
-1.08749 -1.05669
-1.0862 -1.05625
-1.08673 -1.05821
-1.08674 -1.05662
-1.08507 -1.05788
-1.08657 -1.05744
-1.08833 -1.05554
-1.08499 -1.05848
-1.08741 -1.05649
-1.08575 -1.05756
-1.08698 -1.0548
-1.0866 -1.05781
-1.08549 -1.05678
-1.0861 -1.05647
-1.08661 -1.05553
-1.08714 -1.05744
-1.08552 -1.05687
-1.08782 -1.05562
-1.08512 -1.0571
-1.08801 -1.05594
-1.08452 -1.05691
-1.0885 -1.05479
-1.08395 -1.0589
-1.08683 -1.0545
-1.08566 -1.05731
-1.08523 -1.05526
-1.08501 -1.05623
-1.08519 -1.05644
-1.08579 -1.05777
-1.08549 -1.0541
-1.08566 -1.05613
-1.08401 -1.05871
-1.08612 -1.05395
-1.08401 -1.05717
-1.08564 -1.05469
-1.08525 -1.05613
-1.08386 -1.05724
-1.08659 -1.05335
-1.08441 -1.05732
-1.0873 -1.05541
-1.08403 -1.05695
-1.08303 -1.05494
-1.08548 -1.05561
-1.08398 -1.05586
-1.08551 -1.05517
-1.08507 -1.05505
-1.08289 -1.05617
-1.08636 -1.05593
-1.08453 -1.05629
-1.0852 -1.05458
-1.08489 -1.05492
-1.08682 -1.05598
-1.08498 -1.05514
-1.08412 -1.05513
-1.0851 -1.05325
-1.08569 -1.05507
-1.08406 -1.05575
-1.08557 -1.05353
-1.08573 -1.05371
-1.08583 -1.05389
-1.08421 -1.05522
-1.08638 -1.05412
-1.08568 -1.05284
-1.08441 -1.05583
-1.08615 -1.05352
-1.08419 -1.05353
-1.08526 -1.05366
-1.08554 -1.0534
-1.08521 -1.05492
-1.08576 -1.05264
-1.08708 -1.05251
-1.08471 -1.05567
-1.08608 -1.05308
-1.08306 -1.055
-1.08708 -1.05264
-1.08449 -1.0548
-1.08608 -1.05298
-1.08482 -1.05466
-1.08487 -1.05336
-1.08626 -1.05243
-1.08473 -1.05578
-1.08574 -1.05199
-1.08529 -1.05396
-1.08527 -1.05417
-1.08718 -1.05169
-1.0851 -1.0544
-1.08527 -1.0535
-1.0875 -1.05204
-1.08433 -1.05463
-1.08667 -1.05464
-1.08718 -1.05059
-1.08451 -1.05552
-1.08524 -1.05186
-1.08632 -1.05411
-1.08797 -1.05338
-1.08513 -1.05318
-1.08574 -1.0521
-1.08653 -1.05376
-1.08634 -1.05261
-1.08686 -1.05365
-1.08564 -1.0531
-1.08725 -1.05294
-1.08596 -1.05345
-1.0871 -1.05192
-1.08584 -1.05403
-1.08674 -1.05201
-1.08621 -1.05372
-1.08498 -1.05357
-1.08755 -1.05181
-1.08471 -1.05562
-1.08525 -1.05296
-1.08729 -1.05259
-1.08397 -1.05357
-1.08561 -1.05358
-1.08691 -1.05533
-1.08617 -1.05077
-1.08491 -1.0549
-1.08598 -1.05317
-1.08515 -1.05235
-1.08593 -1.05308
-1.08547 -1.05367
-1.08586 -1.0533
-1.08821 -1.05307
-1.0846 -1.05367
-1.08676 -1.05362
-1.08542 -1.05214
-1.08463 -1.05321
-1.08646 -1.05234
-1.08448 -1.05395
-1.08541 -1.05252
-1.08624 -1.05262
-1.08355 -1.05565
-1.08838 -1.05047
-1.08323 -1.05388
-1.0846 -1.05294
-1.08474 -1.05433
-1.08588 -1.05024
-1.08374 -1.05747
-1.08527 -1.05006
-1.08446 -1.05422
-1.08348 -1.05217
-1.0843 -1.05343
-1.08551 -1.0505
-1.08202 -1.05535
-1.08642 -1.05107
-1.08273 -1.05371
-1.08502 -1.05067
-1.0838 -1.05397
-1.08562 -1.05106
-1.08235 -1.05424
-1.08512 -1.05202
-1.08519 -1.05198
-1.08296 -1.05355
-1.08417 -1.05205
-1.08502 -1.05128
-1.08267 -1.05447
-1.08566 -1.05049
-1.08308 -1.05327
-1.08334 -1.05371
-1.08497 -1.05075
-1.08282 -1.05388
-1.08615 -1.05211
-1.08516 -1.05217
-1.08254 -1.05291
-1.08745 -1.05135
-1.08327 -1.05355
-1.08615 -1.05201
-1.08452 -1.05262
-1.08504 -1.05168
-1.08539 -1.05166
-1.08414 -1.05279
-1.08483 -1.05079
-1.08466 -1.05403
-1.08572 -1.05042
-1.08427 -1.05354
-1.08422 -1.05277
-1.08621 -1.05151
-1.08588 -1.05083
-1.08468 -1.05445
-1.08511 -1.05104
-1.08701 -1.05128
-1.081 -1.05453
-1.08582 -1.05092
-1.08587 -1.04994
-1.08349 -1.05432
-1.08593 -1.05034
-1.08467 -1.05118
-1.08389 -1.05105
-1.08583 -1.0515
-1.08589 -1.05015
-1.08319 -1.05155
-1.08558 -1.04985
-1.08383 -1.05018
-1.08523 -1.0523
-1.08468 -1.05011
-1.08605 -1.05177
-1.08376 -1.04958
-1.08626 -1.05203
-1.0843 -1.05002
-1.08578 -1.05061
-1.08426 -1.05019
-1.08417 -1.05042
-1.08694 -1.04915
-1.08401 -1.05173
-1.08567 -1.05067
-1.08535 -1.04885
-1.08438 -1.05086
-1.08596 -1.04943
-1.08438 -1.04972
-1.08406 -1.05359
-1.08724 -1.04712
-1.08596 -1.04959
-1.08369 -1.05363
-1.08832 -1.04686
-1.08466 -1.05198
-1.08486 -1.04965
-1.0862 -1.04943
-1.08492 -1.05012
-1.08433 -1.05236
-1.08575 -1.04826
-1.08654 -1.05076
-1.0844 -1.05128
-1.0861 -1.04853
-1.08565 -1.05154
-1.08535 -1.05153
-1.08613 -1.04954
-1.08517 -1.04978
-1.08481 -1.04995
-1.08621 -1.05121
-1.08571 -1.04809
-1.08369 -1.05093
-1.08756 -1.05046
-1.08469 -1.0501
-1.08605 -1.0508
-1.08612 -1.04918
-1.08536 -1.05033
-1.08687 -1.04947
-1.08296 -1.05034
-1.08589 -1.04915
-1.08642 -1.05222
-1.08581 -1.04776
-1.08596 -1.05072
-1.08541 -1.04987
-1.08606 -1.0492
-1.08542 -1.05035
-1.08478 -1.05026
-1.08586 -1.04715
-1.08483 -1.05008
-1.0856 -1.04896
-1.08728 -1.04922
-1.0833 -1.04993
-1.08729 -1.04896
-1.08398 -1.05023
-1.08505 -1.04877
-1.08526 -1.04951
-1.08523 -1.04998
-1.08544 -1.04843
-1.085 -1.04978
-1.08497 -1.04918
-1.08605 -1.04968
-1.08565 -1.04787
-1.08389 -1.04937
-1.08455 -1.05048
-1.08666 -1.04749
-1.08403 -1.05053
-1.08642 -1.04726
-1.08315 -1.05089
-1.08695 -1.04761
-1.0822 -1.05035
-1.08394 -1.05032
-1.08674 -1.04627
-1.08282 -1.05183
-1.08434 -1.0478
-1.08495 -1.04941
-1.08407 -1.05051
-1.08434 -1.04879
-1.08403 -1.05052
-1.08596 -1.04864
-1.08286 -1.05128
-1.08489 -1.04843
-1.08404 -1.05156
-1.08488 -1.0493
-1.0824 -1.04943
-1.08422 -1.05013
-1.08456 -1.04909
-1.08248 -1.04901
-1.08357 -1.05105
-1.08408 -1.04729
-1.08419 -1.05033
-1.08449 -1.05045
-1.08356 -1.05094
-1.08494 -1.04798
-1.0818 -1.05043
-1.08425 -1.04916
-1.08256 -1.04977
-1.08381 -1.04958
-1.08321 -1.04898
-1.08285 -1.05063
-1.08469 -1.04837
-1.08339 -1.05063
-1.08258 -1.04889
-1.08436 -1.0488
-1.0828 -1.04907
-1.08319 -1.04984
-1.08162 -1.05059
-1.08431 -1.04732
-1.08266 -1.05147
-1.0847 -1.04933
-1.08316 -1.04806
-1.08142 -1.0518
-1.08531 -1.04787
-1.08279 -1.05044
-1.0843 -1.04721
-1.08291 -1.0518
-1.0831 -1.04842
-1.08413 -1.04984
-1.08327 -1.04835
-1.08406 -1.04988
-1.08205 -1.04933
-1.08328 -1.05205
-1.08422 -1.04789
-1.08302 -1.0488
-1.08251 -1.04998
-1.08389 -1.04946
-1.08201 -1.05113
-1.08461 -1.04772
-1.08156 -1.0519
-1.08427 -1.04641
-1.08298 -1.0519
-1.08301 -1.05003
-1.08385 -1.04835
-1.08326 -1.04942
-1.08213 -1.04937
-1.08351 -1.04981
-1.08304 -1.04824
-1.08227 -1.04867
-1.08156 -1.05059
-1.08262 -1.04802
-1.08292 -1.04963
-1.08286 -1.04786
-1.08348 -1.04962
-1.08136 -1.04933
-1.08341 -1.04877
-1.08378 -1.04827
-1.08163 -1.05057
-1.08322 -1.04843
-1.08261 -1.04988
-1.0826 -1.04999
-1.08239 -1.04646
-1.08331 -1.04942
-1.08206 -1.04936
-1.08441 -1.04779
-1.08062 -1.04995
-1.08408 -1.04757
-1.08159 -1.05046
-1.08349 -1.04677
-1.08191 -1.04913
-1.08409 -1.04758
-1.07998 -1.05042
-1.08536 -1.04502
-1.08294 -1.04986
-1.0808 -1.04862
-1.08339 -1.04695
-1.08354 -1.04968
-1.0817 -1.04796
-1.0843 -1.0462
-1.08023 -1.05088
-1.0848 -1.04646
-1.08322 -1.04946
-1.08312 -1.04917
-1.08322 -1.04665
-1.08261 -1.04772
-1.08323 -1.04659
-1.08204 -1.04884
-1.08448 -1.04723
-1.08342 -1.04811
-1.08229 -1.04769
-1.08274 -1.04654
-1.08459 -1.04676
-1.08109 -1.04986
-1.08543 -1.04677
-1.08292 -1.04621
-1.08254 -1.04837
-1.08144 -1.0469
-1.08402 -1.04795
-1.08193 -1.04685
-1.08337 -1.0471
-1.07985 -1.04916
-1.08401 -1.04565
-1.08065 -1.04698
-1.08077 -1.04881
-1.08447 -1.04567
-1.08102 -1.04829
-1.08297 -1.04816
-1.08252 -1.04641
-1.08142 -1.04786
-1.08245 -1.04772
-1.08364 -1.04644
-1.0817 -1.04822
-1.08283 -1.04687
-1.0838 -1.04568
-1.07997 -1.0476
-1.08224 -1.04631
-1.08336 -1.0463
-1.08225 -1.04719
-1.08277 -1.047
-1.08244 -1.04642
-1.08246 -1.04744
-1.08275 -1.04696
-1.08122 -1.04785
-1.08337 -1.04571
-1.08305 -1.04611
-1.07895 -1.04793
-1.08398 -1.04612
-1.0819 -1.04756
-1.08237 -1.04739
-1.08134 -1.04768
-1.08342 -1.04559
-1.08316 -1.04666
-1.08129 -1.04734
-1.08159 -1.04884
-1.08435 -1.04539
-1.08019 -1.04637
-1.08295 -1.04693
-1.08282 -1.04646
-1.08118 -1.04745
-1.08286 -1.04554
-1.08264 -1.04731
-1.08175 -1.04496
-1.08097 -1.04723
-1.08219 -1.04694
-1.08211 -1.04739
-1.08121 -1.04622
-1.08325 -1.04684
-1.0807 -1.04719
-1.08178 -1.04504
-1.08219 -1.04626
-1.08178 -1.04883
-1.08211 -1.04566
-1.08258 -1.04643
-1.0806 -1.04821
-1.0804 -1.04568
-1.08315 -1.04699
-1.08058 -1.04631
-1.08094 -1.04693
-1.08119 -1.04594
-1.07909 -1.04771
-1.08119 -1.04673
-1.08055 -1.04797
-1.08107 -1.04614
-1.07903 -1.04793
-1.08 -1.04689
-1.08023 -1.04558
-1.08101 -1.04638
-1.07965 -1.04752
-1.08136 -1.04591
-1.07951 -1.04587
-1.08147 -1.04703
-1.08122 -1.04663
-1.07978 -1.04601
-1.07917 -1.04817
-1.08139 -1.04482
-1.08064 -1.04829
-1.08124 -1.04648
-1.07915 -1.04557
-1.08022 -1.04683
-1.07962 -1.04693
-1.08059 -1.0475
-1.08003 -1.04382
-1.07876 -1.04698
-1.07944 -1.04685
-1.08182 -1.04565
-1.07875 -1.04625
-1.0807 -1.04617
-1.0804 -1.0467
-1.08006 -1.04759
-1.07826 -1.04633
-1.08344 -1.04424
-1.07864 -1.04793
-1.08054 -1.04461
-1.07982 -1.0474
-1.08138 -1.04527
-1.07933 -1.04684
-1.0803 -1.04731
-1.08009 -1.04451
-1.08082 -1.04629
-1.0806 -1.04625
-1.08 -1.04592
-1.08063 -1.04809
-1.08021 -1.04601
-1.08124 -1.04616
-1.08001 -1.04572
-1.08064 -1.04725
-1.08297 -1.04561
-1.07892 -1.04796
-1.08166 -1.0461
-1.0805 -1.04472
-1.07946 -1.0479
-1.08194 -1.04545
-1.07995 -1.04608
-1.08037 -1.0468
-1.08041 -1.04667
-1.07986 -1.04543
-1.08152 -1.04624
-1.08019 -1.04662
-1.0802 -1.04461
-1.08017 -1.04773
-1.08088 -1.04536
-1.08002 -1.04717
-1.081 -1.04428
-1.07995 -1.04819
-1.08065 -1.04484
-1.08198 -1.04597
-1.07882 -1.04693
-1.08145 -1.04452
-1.08067 -1.04713
-1.08126 -1.04546
-1.08054 -1.04624
-1.08021 -1.04674
-1.08146 -1.04498
-1.07959 -1.04567
-1.08054 -1.04566
-1.08152 -1.04496
-1.08065 -1.04662
-1.0801 -1.0458
-1.08098 -1.04614
-1.08037 -1.04623
-1.07995 -1.04625
-1.08029 -1.04634
-1.07922 -1.04523
-1.0809 -1.04648
-1.07789 -1.04722
-1.0811 -1.04605
-1.08036 -1.0448
-1.07847 -1.04711
-1.07891 -1.04709
-1.07869 -1.04491
-1.0801 -1.04606
-1.07784 -1.04657
-1.07752 -1.04641
-1.08002 -1.04392
-1.07893 -1.04671
-1.078 -1.04817
-1.08161 -1.04369
-1.07768 -1.04697
-1.07979 -1.04671
-1.08035 -1.04472
-1.07821 -1.04608
-1.08092 -1.04531
-1.07659 -1.0465
-1.08047 -1.04514
-1.07899 -1.04558
-1.07953 -1.04595
-1.07807 -1.0452
-1.08072 -1.04687
-1.07907 -1.04543
-1.07874 -1.04569
-1.08046 -1.04459
-1.07878 -1.04643
-1.08048 -1.04518
-1.08039 -1.04526
-1.0771 -1.04636
-1.08179 -1.04409
-1.07915 -1.04658
-1.0786 -1.04517
-1.07978 -1.04452
-1.07956 -1.04487
-1.08015 -1.04646
-1.07957 -1.04314
-1.07701 -1.04667
-1.08061 -1.04363
-1.0794 -1.04749
-1.08066 -1.04388
-1.07764 -1.04565
-1.08218 -1.04415
-1.07824 -1.04543
-1.07871 -1.04354
-1.08044 -1.04577
-1.07936 -1.04427
-1.07804 -1.04481
-1.07885 -1.04437
-1.07888 -1.04446
-1.07959 -1.04434
-1.07887 -1.04667
-1.07995 -1.04352
-1.0811 -1.04244
-1.07641 -1.04617
-1.08076 -1.04415
-1.0799 -1.04263
-1.07939 -1.04391
-1.07835 -1.04495
-1.08011 -1.04287
-1.07989 -1.04391
-1.07843 -1.04263
-1.07842 -1.04668
-1.08049 -1.04225
-1.07799 -1.04532
-1.08003 -1.04345
-1.08033 -1.04491
-1.07921 -1.04249
-1.07797 -1.04406
-1.07871 -1.04474
-1.07868 -1.04399
-1.08042 -1.04313
-1.07788 -1.04353
-1.07865 -1.04532
-1.07829 -1.04345
-1.07874 -1.04496
-1.08146 -1.04238
-1.07911 -1.04409
-1.08037 -1.04277
-1.07811 -1.04328
-1.08107 -1.04414
-1.07897 -1.04522
-1.07944 -1.04245
-1.07745 -1.04456
-1.08134 -1.04267
-1.07775 -1.04364
-1.08031 -1.04339
-1.07987 -1.04282
-1.07975 -1.04334
-1.07886 -1.04385
-1.08067 -1.04391
-1.07887 -1.04287
-1.08005 -1.04404
-1.07885 -1.044
-1.07993 -1.04156
-1.07974 -1.04446
-1.07848 -1.04264
-1.07909 -1.04507
-1.081 -1.04254
-1.07927 -1.04382
-1.07883 -1.04263
-1.07872 -1.04448
-1.08027 -1.04405
-1.07901 -1.04178
-1.07806 -1.04406
-1.07855 -1.04239
-1.08 -1.04301
-1.07937 -1.04269
-1.07968 -1.04517
-1.07936 -1.04179
-1.07983 -1.04333
-1.07954 -1.04249
-1.07761 -1.04503
-1.07994 -1.04258
-1.07975 -1.04178
-1.07782 -1.04763
-1.07952 -1.04066
-1.07786 -1.04535
-1.08075 -1.04222
-1.07965 -1.04487
-1.07668 -1.04385
-1.0798 -1.04316
-1.0777 -1.04381
-1.07734 -1.0442
-1.07961 -1.04117
-1.07736 -1.04536
-1.07926 -1.04253
-1.07811 -1.04403
-1.07676 -1.04396
-1.0786 -1.04371
-1.07863 -1.0417
-1.07699 -1.04389
-1.07724 -1.04367
-1.07928 -1.04303
-1.07884 -1.04301
-1.07656 -1.04354
-1.07929 -1.04343
-1.07659 -1.04371
-1.07832 -1.04341
-1.07667 -1.0436
-1.0798 -1.04176
-1.0762 -1.04456
-1.0772 -1.04309
-1.0793 -1.04159
-1.07457 -1.04602
-1.07879 -1.04138
-1.0781 -1.04307
-1.07679 -1.043
-1.07757 -1.04388
-1.08016 -1.04108
-1.07623 -1.04413
-1.07637 -1.04411
-1.07864 -1.03969
-1.07721 -1.0448
-1.07811 -1.04346
-1.076 -1.04418
-1.07745 -1.04279
-1.07733 -1.04276
-1.07703 -1.04318
-1.07699 -1.04331
-1.07772 -1.0421
-1.07607 -1.04456
-1.07653 -1.04171
-1.07953 -1.04215
-1.07473 -1.04491
-1.07777 -1.041
-1.07625 -1.04284
-1.0763 -1.04293
-1.07553 -1.04338
-1.07831 -1.04275
-1.07617 -1.04124
-1.07793 -1.04338
-1.07616 -1.04348
-1.07696 -1.04208
-1.0771 -1.04301
-1.07703 -1.04228
-1.07557 -1.04351
-1.0779 -1.04128
-1.07785 -1.04193
-1.07571 -1.04322
-1.07673 -1.0432
-1.0765 -1.04098
-1.07624 -1.04332
-1.07666 -1.04126
-1.07608 -1.0441
-1.07809 -1.04024
-1.07527 -1.04551
-1.07584 -1.0409
-1.07665 -1.04199
-1.07519 -1.04331
-1.07584 -1.04164
-1.07773 -1.04223
-1.07414 -1.0426
-1.07386 -1.04433
-1.07616 -1.04147
-1.07605 -1.04139
-1.07382 -1.0429
-1.07594 -1.04124
-1.07413 -1.04288
-1.07777 -1.04236
-1.07326 -1.04412
-1.07617 -1.04093
-1.07599 -1.04255
-1.07449 -1.04278
-1.07587 -1.0401
-1.07568 -1.04316
-1.07487 -1.0426
-1.07593 -1.0418
-1.07427 -1.04214
-1.07711 -1.04176
-1.07439 -1.04239
-1.076 -1.04091
-1.07565 -1.04457
-1.07801 -1.03831
-1.07414 -1.04373
-1.07667 -1.04171
-1.07639 -1.04202
-1.07566 -1.04178
-1.07509 -1.04138
-1.07575 -1.04285
-1.07641 -1.03993
-1.0748 -1.04166
-1.07561 -1.04219
-1.07585 -1.04243
-1.07598 -1.04068
-1.07455 -1.04235
-1.07647 -1.04143
-1.0757 -1.04088
-1.07593 -1.04231
-1.07366 -1.04268
-1.0776 -1.03994
-1.07325 -1.04371
-1.07625 -1.03986
-1.07392 -1.04251
-1.0755 -1.04137
-1.07482 -1.04192
-1.07336 -1.04352
-1.0754 -1.03971
-1.07522 -1.04227
-1.07439 -1.04221
-1.07538 -1.04286
-1.07449 -1.04179
-1.07535 -1.04035
-1.07338 -1.04555
-1.07621 -1.04034
-1.07423 -1.04157
-1.07442 -1.04286
-1.07575 -1.04131
-1.07445 -1.04273
-1.07544 -1.04144
-1.07284 -1.04295
-1.07547 -1.04131
-1.07448 -1.04231
-1.07417 -1.04127
-1.07527 -1.04138
-1.07448 -1.04388
-1.07554 -1.03961
-1.07416 -1.04336
-1.07476 -1.03966
-1.07434 -1.04143
-1.07719 -1.042
-1.07303 -1.04277
-1.07609 -1.03916
-1.07345 -1.04366
-1.07632 -1.04054
-1.07388 -1.03983
-1.07672 -1.04048
-1.07335 -1.04298
-1.07674 -1.04094
-1.07514 -1.04078
-1.07554 -1.04242
-1.07562 -1.04045
-1.07425 -1.04083
-1.07489 -1.04247
-1.07411 -1.04161
-1.07768 -1.03713
-1.07333 -1.04415
-1.07557 -1.03891
-1.07572 -1.04024
-1.07446 -1.04116
-1.0744 -1.04111
-1.07807 -1.03945
-1.07253 -1.04248
-1.07602 -1.03939
-1.07468 -1.04002
-1.07598 -1.03966
-1.07523 -1.03995
-1.07362 -1.03967
-1.07665 -1.03929
-1.07242 -1.04145
-1.07591 -1.03915
-1.07487 -1.03995
-1.07325 -1.04096
-1.07499 -1.03876
-1.07446 -1.03876
-1.07368 -1.0409
-1.07466 -1.03928
-1.07575 -1.03863
-1.07246 -1.04092
-1.07783 -1.03993
-1.07307 -1.03926
-1.07367 -1.04072
-1.07564 -1.03714
-1.07267 -1.04096
-1.07669 -1.03895
-1.07279 -1.04021
-1.07383 -1.04041
-1.07522 -1.03838
-1.07302 -1.04059
-1.07278 -1.04083
-1.07613 -1.03908
-1.07435 -1.03977
-1.07493 -1.04025
-1.07589 -1.03985
-1.07293 -1.04042
-1.07506 -1.03904
-1.07562 -1.03927
-1.07426 -1.0408
-1.07339 -1.03973
-1.07396 -1.03868
-1.07401 -1.04022
-1.07312 -1.04039
-1.07413 -1.03741
-1.07448 -1.04123
-1.07342 -1.04158
-1.07593 -1.03624
-1.07246 -1.04253
-1.07454 -1.03726
-1.07338 -1.04222
-1.07602 -1.03636
-1.07233 -1.04285
-1.07332 -1.03814
-1.07553 -1.03892
-1.07418 -1.03981
-1.07258 -1.0408
-1.0756 -1.03764
-1.07158 -1.0416
-1.07618 -1.0376
-1.07048 -1.04157
-1.07623 -1.03559
-1.07214 -1.04172
-1.07498 -1.03696
-1.07445 -1.04053
-1.074 -1.03951
-1.07344 -1.03854
-1.07484 -1.03928
-1.07373 -1.039
-1.07304 -1.03885
-1.07359 -1.03936
-1.07392 -1.03916
-1.07472 -1.03862
-1.07423 -1.03995
-1.07344 -1.03841
-1.07411 -1.03929
-1.07328 -1.03889
-1.07317 -1.04051
-1.07665 -1.03683
-1.07273 -1.04001
-1.07401 -1.03778
-1.07346 -1.04141
-1.07373 -1.03711
-1.07464 -1.039
-1.07379 -1.03972
-1.07344 -1.03843
-1.07242 -1.03857
-1.0746 -1.03873
-1.07491 -1.0385
-1.07387 -1.03818
-1.07474 -1.04001
-1.07484 -1.03788
-1.07461 -1.04005
-1.07398 -1.0378
-1.0749 -1.03669
-1.07356 -1.04082
-1.07588 -1.03566
-1.07338 -1.0408
-1.07454 -1.03789
-1.07591 -1.03665
-1.07335 -1.03797
-1.07228 -1.03904
-1.07531 -1.03616
-1.07538 -1.03806
-1.07418 -1.03838
-1.07368 -1.03696
-1.07437 -1.03835
-1.077 -1.03708
-1.07271 -1.0391
-1.07565 -1.03631
-1.07422 -1.037
-1.07539 -1.04054
-1.0741 -1.03645
-1.07558 -1.03738
-1.07325 -1.03811
-1.07571 -1.0372
-1.07432 -1.0378
-1.07249 -1.03912
-1.07628 -1.03643
-1.07348 -1.03784
-1.07495 -1.03874
-1.07386 -1.0368
-1.07481 -1.03783
-1.07501 -1.03861
-1.07463 -1.03722
-1.07578 -1.03781
-1.07243 -1.0387
-1.07727 -1.03706
